-1.328662242456012610e+00
-1.921431776078669440e+00
-4.871580181089811834e-01
-9.973123216798388535e-01
-1.502144283145220971e+00
-3.120507123884389555e-01
-1.566701863908787073e+00
-1.149896622747686337e+00
-1.223449727593416192e+00
-4.971859112624559263e-01
-9.853554198391405450e-01
-1.491781988862462605e+00
-2.138866118179285625e+00
-1.433912921770930549e+00
9.032681026607032315e-01
7.349840221363441728e-01
2.230904649266550743e-01
1.086277757084681994e+00
1.140408146982772042e-01
1.267964924373124136e+00
7.805530902115032088e-01
1.928703129085742596e-01
1.663865182030071166e+00
4.198886807768953400e-01
2.539250364712090757e+00
1.796718139457925245e+00
4.259171039846230133e-01
9.079852696123077438e-01
6.311946217017045946e-01
1.849471152551143360e+00
7.632161248431896805e-01
1.355453359197773544e-01
-5.804147470542602161e-01
-1.201765587350815068e+00
-1.349013994207509448e+00
2.117768606966571543e+00
2.273227638579635723e+00
1.045591596308376836e+00
1.155582299018785397e+00
1.510381308549427981e+00
1.849581084590756541e+00
6.758873316876322646e-01
7.409728460347471124e-01
4.076467933093319562e-01
1.156713213972266230e+00
-2.793211920617555410e-01
-1.110229084033791169e+00
-1.741380380686901042e+00
-8.370382349375140585e-01
-1.060934825053716724e+00
8.967409204189711325e-01
1.613509489722690926e+00
2.016785760173329667e+00
1.153649872861256531e+00
8.259091911757467930e-01
1.776869544876559459e+00
1.680568536576858119e+00
1.034449572443691512e+00
3.499441040091229027e-01
-8.942736038338490179e-01
2.115774365978958294e+00
8.926319583216471010e-01
1.370794970449370265e+00
2.144810777106602728e+00
1.240654419191913549e+00
3.510514046096677720e-01
6.329324244466629779e-01
1.902220423478903077e+00
-2.028520961871898010e-01
-5.728177026234027025e-02
-8.464539761055813738e-01
-1.743721677631331346e+00
3.780712632787159855e-01
-1.330390003881269489e+00
-1.611114071102992540e-02
-1.800625351552856301e+00
-1.951692664783348796e-01
-1.402665275651738153e+00
1.524847679379246479e-01
-1.730232264452033597e+00
-6.203222473604705911e-01
-1.570921160412388495e+00
-1.440373747337564403e+00
-1.165384469978028026e+00
-1.613733707181289834e+00
6.798777757560257040e-01
-2.522653077388770093e-02
8.706119022883207492e-01
3.330377539975941659e-01
-1.086513821259149637e-02
-2.112350124522023087e+00
-9.514913449105725229e-01
-6.948284257845451783e-01
-8.549844944271589586e-01
-4.870929061329190013e-01
1.202635745891709185e-01
-1.864196569603296272e+00
-3.302544509401167394e-01
-9.624258294896382848e-01
-3.589593114400677631e-01
5.311905882720338035e-01
1.268299495640812236e+00
1.205671335793654153e+00
2.412473306505117598e+00
1.715334634271190151e+00
-1.131836407179555692e+00
-1.256556351252388293e+00
-8.641746476140877986e-01
-2.241179957794449784e+00
-6.239607697036317902e-01
4.033159205531509084e-01
1.992966103713608383e+00
8.935718624306164815e-01
1.816612055800808090e-01
1.017160836234184407e+00
1.817956360540695204e+00
8.717584175224545318e-01
5.566438102610544725e-01
1.039438940909257481e+00
1.606694535344130426e+00
7.509515961902185621e-01
1.566681380970995852e+00
4.584645384661099055e-01
4.357189873881390785e-01
2.111514898362022219e+00
-1.795922442658126394e+00
-5.619381046563902693e-01
-4.876785640150269607e-01
-8.744341886125981400e-01
-1.082012671594652753e+00
-1.252438564062438697e+00
-6.669724321410249734e-01
-7.919753133230299502e-01
-2.409376100206716664e+00
-1.780632430848381409e+00
-2.629997558127872281e-02
1.037131381929663476e-01
5.034671388211844345e-01
-8.375815906623440554e-01
-2.328013899147954868e-01
7.178394132281793460e-01
-8.167756169251694232e-02
5.949610375121408001e-01
1.167193759880666981e+00
1.045335496658795993e+00
-8.972999815301685445e-02
-1.475005341424830752e+00
-2.983559839851589457e-01
-1.552185266101159034e+00
-1.707566242311377991e+00
-5.883368823854333574e-01
-1.033472619007083093e+00
5.044432226325206159e-01
3.490146698845055795e-01
-1.371132728199239592e+00
1.249864993335202623e+00
1.171663748440801234e+00
3.783223698377183863e-01
9.238994592493366964e-01
2.263970861310556693e+00
-9.214189027231310947e-01
3.635518825241956797e-02
-9.247521032145477049e-01
1.552895796769409031e-01
5.324773179765385223e-02
-2.093879818544989835e+00
-1.833496459726884353e+00
-1.968357484907074406e+00
-1.103186276025895474e+00
-1.390950303165790602e+00
1.280685121744207233e-01
-1.360997491583772145e+00
-1.266194109523847144e-01
-9.510194777654136233e-01
-2.089491982515269353e+00
-1.217697185184592357e+00
3.789563677822862520e-01
8.223496241634569159e-01
-3.206150181484986872e-01
-2.289340653207718734e-01
1.633429217565658398e+00
2.056797745405868127e+00
1.559886767818796649e-01
1.807387351076233717e+00
9.541107387253278116e-01
1.589507769974340512e+00
2.797991407221420701e+00
-1.550971795848419266e-01
1.188862264317517070e+00
-3.774280448902622709e-02
6.912339153906030820e-01
1.038433246789790543e+00
1.533059628325217361e+00
1.098320362985194087e+00
8.189036670927799522e-01
-8.439646482704403763e-01
-1.194310336845403109e+00
-1.504884227261923169e+00
-3.005206437422525134e-01
-5.751030760691139276e-01
9.829946739677598577e-01
1.168287531350234554e+00
1.081397483639061630e+00
1.605607846681673667e+00
2.013063056353848745e-01
1.386044284804061055e+00
4.536384650019020803e-01
1.700428843008334079e+00
1.844004115334408445e+00
1.391209709662945215e+00
-2.851582066473135058e-02
-1.280693483187111958e+00
-4.303626617792946085e-01
-6.778783998997384153e-01
-2.795238740314622827e-01
-2.022623331469131092e-01
-1.453927588323620235e-01
1.722242175756393268e+00
-2.500446824076794083e-01
-4.538716199356995773e-01
1.599360649502986176e+00
2.370533396047528996e+00
2.463821568008603968e+00
1.290145228751141460e+00
2.035865260636378959e+00
1.147751749597893944e+00
1.301735728126158786e+00
4.752290910286847136e-01
1.311216863011212652e+00
1.906769211314896628e+00
4.326633931255183807e-01
3.226917866315324623e+00
1.251907384890063923e+00
1.235589479666915791e+00
-9.695886183914304013e-02
-1.539230229547305040e+00
-4.774865156069463268e-01
-2.581022267307100826e+00
-1.275027346885872381e+00
-9.493220703508754577e-01
2.924195393800050891e-01
-2.193420882594121935e+00
-1.084286592978937369e+00
-7.983743807370025092e-01
-3.814986146698379210e-01
-9.513852004633238657e-02
-1.041115057655832787e+00
-1.253472498659934375e+00
-1.199674745647711926e+00
-4.248093375005299599e-01
3.465260303829007515e-01
1.109882563789772902e+00
1.164179684537736126e+00
1.254527675468449566e+00
5.929788324474132288e-01
-1.212084967812231184e+00
-1.154036712870498471e+00
-1.657949574788944336e+00
4.958352988827310348e-01
-1.279659186918717051e+00
-1.964323539032709398e+00
-1.042634340666315218e+00
-1.173113521903770939e+00
-1.416174722580431755e+00
-7.539956226354156410e-01
8.151974013941694075e-01
4.808162446220457520e-01
6.241516440150080003e-01
-1.872341986510779321e-01
1.039909751839300567e+00
-1.257238123756776460e+00
-1.943774121038501335e+00
-2.346136090016197606e-01
-1.530138882766145958e+00
3.526449582703485852e-01
-1.979005242892531546e+00
-1.871763314931377264e+00
5.602536608376773586e-02
-8.803801094250230941e-01
-8.199697766566873547e-01
-5.619284273077829184e-01
4.201221267794412739e-01
-2.066648734966983092e+00
-8.330060801792555925e-01
-1.632265247278775977e+00
-1.496480454912174185e+00
-6.282741254889117055e-01
-1.957803636557845728e+00
-8.856649601592000431e-01
-8.449953631019110345e-01
2.779365645083345937e-01
1.903955945475325873e+00
1.832082005560033977e-01
9.155417554243420186e-01
5.100186356406467558e-01
1.678951502225197290e+00
1.370814631675405071e+00
-2.374227202155048122e-01
1.575341604931525641e+00
-1.504168525976683490e-01
7.924417853924572430e-01
1.100551711596126525e+00
2.358401094747273330e-01
-6.703845830115495730e-02
1.311327541624989657e+00
-2.656392325200251925e-02
-5.781450942982502283e-01
-8.111901268636740880e-01
9.124684505007731872e-01
-1.694856161255014371e+00
1.616252140138827897e+00
1.268256701569875133e+00
1.710141911317110797e+00
5.774668395226723039e-01
1.406736809966164126e+00
3.662439960213774715e-01
9.650937863471144018e-01
1.978050411809650022e+00
-1.627314120444141032e-01
1.448836615889097734e+00
5.544455464024868885e-01
-1.124232995517691291e+00
-9.172988923610546630e-01
-1.361246767447497064e+00
-4.088020460014232249e-01
4.242668013804941074e-01
6.454113643669885381e-01
1.900430051052879765e+00
1.220932254904811831e-01
-2.131581544970646558e-01
5.325084526538399476e-01
-2.160164956991691199e+00
-1.845696518402524688e+00
3.921704768934501928e-01
-9.894076272948179041e-01
-3.987165415824349690e-01
-1.146414652955451752e+00
-2.691101539114950647e-01
-5.818051499097958157e-01
-5.488286841728325927e-01
-1.361113239596202895e+00
-3.124206732285761401e-01
-8.874134669898504635e-01
-1.488304636676000214e+00
-7.903316891186635829e-01
3.491482965073433586e-01
1.156776726051357507e+00
1.024458428687852418e+00
1.276299259287834165e+00
3.951249528997634597e-01
1.832813985032703874e+00
2.627509433815558459e+00
1.276277747541669116e+00
5.858388491149187915e-01
7.950768052340732028e-01
1.279962060724231465e+00
1.756316858838642858e+00
1.403186442412189372e+00
2.429054234072859586e+00
1.607902475624517047e+00
-2.547770555023100014e-01
-2.105275450587576369e+00
-9.915870377731828000e-01
-1.142459659956685192e+00
-1.020361446222310731e+00
2.983515983979412312e-01
2.088720924946770197e+00
4.388459066406361631e-01
1.138197091088715807e+00
1.310862098797604958e-01
1.637179687704496400e+00
9.264111007210362736e-02
8.277360052510773780e-01
1.563156387013603599e+00
1.350248365334239198e+00
-8.930925111932608296e-01
-2.153396062034774072e+00
-5.886482228950212781e-01
-1.254975670313426717e+00
-8.166965681375267794e-01
8.214803892596173052e-01
9.212198498731157814e-01
2.543693096915088159e+00
6.206909739395836123e-01
1.393961085062213723e+00
-9.949148285585992513e-01
-2.059094565302415525e+00
-4.504141110754296129e-01
-1.641548363035845171e+00
-1.196428008224047490e+00
-3.931979132919987130e-01
-3.426644966788882085e-01
-1.338678963579876369e+00
4.466060934712845487e-01
-1.140375922412461662e+00
-1.317594709309002798e+00
-1.634096647587723883e+00
-1.348163721817936977e+00
-1.648750652505358572e-01
-1.611035990248836702e+00
1.092101778470405460e+00
-4.978246633780101238e-01
1.172964154441102469e+00
8.737914579682690697e-01
1.960646874120147931e+00
2.304119892317666007e+00
3.976768942813105889e-01
4.932021815447794610e-01
1.062891605646229642e+00
2.317001874284669860e+00
1.597799882431245599e+00
1.472675131288544659e+00
3.901483807444163787e-01
2.134679201900941958e-01
2.412803636047113898e-01
-1.401787564892498672e+00
-4.514983875596768614e-01
-6.504053762158711338e-01
-2.116384895926537446e-01
-1.944484505121908846e+00
7.977045201536417940e-01
1.174414364036946656e+00
7.078312208247975468e-01
1.608344969730300722e+00
1.035588166527553255e+00
1.257465250198029239e+00
1.617992227909803127e+00
8.699877145241161625e-01
2.296212757359883838e+00
9.530487635201470020e-01
-4.788420918938660620e-01
-7.905438874206318633e-01
-1.847300496395538616e-01
-6.015914380897848801e-01
-2.279058731607650934e+00
1.100368527562071597e+00
1.441823414882691612e+00
5.928738420614356741e-01
3.098066912623069769e-01
1.584872722114958998e+00
-2.264560072546735192e+00
-2.667257680213248161e+00
-1.155844399728156446e-03
-1.642219958528213564e+00
-2.164546305202266652e+00
-1.184089472150088529e+00
-3.782816701448508123e-01
-1.048834594205238391e+00
-5.068378108621564015e-01
-1.430424709308264708e+00
-8.252686242815920892e-01
-1.850044111428882365e+00
-3.432182349967640711e-01
-5.392118607947603559e-01
-5.827249569954412456e-01
1.302263415586180084e+00
2.104556641465605171e+00
-7.898844704128125116e-01
1.189978263372168943e-01
3.599032874660277326e-01
1.492485570611212342e+00
2.031114773190651590e+00
7.904717431150634077e-01
1.100153857125325096e+00
-2.080104810295484441e-01
1.325183463612344736e+00
6.193160083785390624e-01
5.443162811576571780e-01
4.548696095001543149e-01
9.731446280256446091e-01
-2.163903094952146500e+00
-2.113379952913941651e+00
-1.419322870384378543e+00
-1.178991451723150119e+00
-2.069338608146741976e+00
4.801001662884456511e-01
6.427031677809764698e-01
8.560582354089661949e-01
1.320933176620586291e+00
2.033231765575475247e+00
-3.432909436275435322e-01
1.479931095133991459e+00
1.452109011565455354e+00
1.596445748177981017e+00
-5.821234543695803509e-01
-2.370290972882683533e+00
-1.153054660928146458e+00
-1.287537408293512264e+00
-1.660201583294710348e+00
-1.237779690292781121e+00
8.717635406619383964e-02
1.119400765877018866e+00
4.454134964826862442e-01
-7.535776659480291073e-01
-1.120715608169753352e-02
9.320461296754614100e-01
1.398027722998480549e+00
2.847189082142764782e-02
2.377811347070200920e+00
1.861734952908983276e+00
1.173359022843744714e+00
8.947337042772720572e-01
1.238442451690427104e+00
3.349080217908225743e-01
1.169752528112995016e+00
-4.897771183969694686e-01
-1.186994385301503030e-01
2.020442542944939301e+00
1.839235779388945557e+00
1.161711955311274025e+00
-1.312668428316444036e+00
-1.288896709729557832e+00
-1.786829902513359380e+00
-1.099198369000311981e+00
-1.134725444214540913e+00
-9.729283369154926309e-01
-1.429456167286458967e+00
-9.504277067121488232e-01
-7.344890586588366244e-01
-3.652746172461108776e-01
-1.318918741426659658e+00
-1.038015261713808535e+00
-1.439356467254215621e+00
-7.108244349353736169e-01
-5.979899411984207491e-01
8.290398535925715962e-01
6.810046006791290463e-01
7.819874395716688298e-01
1.242692838586052062e+00
4.410146004181347834e-02
-1.143951772755389173e+00
3.698163244949905781e-01
9.891498650645225155e-02
-8.694313652359750844e-01
-6.273602938461797507e-03
-9.056374357960746968e-01
-1.849365496775109197e+00
-1.047488565623169388e+00
-1.276321756764372761e+00
-1.458097686066977428e+00
9.206802655807806435e-01
1.067736846101041248e+00
1.170308159217570365e+00
5.241906550261149489e-01
1.139662128031745603e+00
-1.882193237387268514e-01
-1.360299550400428936e+00
-1.547409048909305973e+00
-8.939922023401329909e-01
-7.232088599803024875e-01
2.601923964863262384e+00
7.389115816916302926e-01
1.769212204242792685e+00
1.275032767810309275e+00
6.979212067591323843e-01
9.235483436337067475e-01
8.517227313998400051e-01
1.647097687154164936e+00
8.814841000210945632e-01
1.739965246571182789e+00
-7.102713185913067662e-01
2.323450541530735602e+00
7.263492485313065572e-01
1.317380174749533506e+00
-3.128637147993313938e-01
-2.097555731835878845e+00
1.970640680004871470e-01
-1.921560492735860048e+00
-1.322473597452479055e+00
-1.048425408548400606e+00
-1.119925349920996460e+00
-1.045940228387338689e+00
-2.515174106198048154e-01
-1.642485410468476070e+00
-3.706130227774067087e-01
-1.190034158111956897e+00
-5.499239148108481245e-02
-1.062534386968055911e+00
-9.802780856447483870e-01
-1.443505734611088442e+00
2.612148726083097117e+00
4.568553034376421351e-02
6.415026900967171208e-01
1.181170523184032151e+00
7.059600557257145192e-01
-7.622815731166461273e-01
-9.796518837475931551e-01
-7.635769601215225411e-01
-5.134111598739938831e-01
-4.963486009825754941e-01
-2.013356585541313137e+00
-2.022137727363717552e-01
-4.409268848802209151e-01
-1.371436633056507093e+00
-1.439439742633550345e+00
1.285508422280404517e+00
4.602682556682794468e-01
1.097940428309251537e+00
5.347091292010581753e-01
1.153989929224250588e+00
-2.008417970326186186e+00
8.030344583278514747e-02
-4.804354830918429187e-01
-6.357802833426517974e-01
-2.388030954882493173e+00
-6.547789477981369455e-01
-2.445343091269570390e+00
-1.239836620945561352e+00
-9.478849396803399330e-01
-2.077286081111211047e+00
1.073509797659784049e-01
-4.431589552697298151e-01
-1.165571335881069981e+00
-6.858877233851168320e-02
-2.046561944019865464e+00
-1.868339625936430659e+00
-9.943834108020171980e-01
-3.889446341863791456e-01
-1.341765827276875545e+00
-2.285828340268413861e+00
2.504534553567592248e-01
1.469052685025925120e+00
1.267572701213851794e+00
1.761885680381239938e+00
-1.137911405445790614e-01
2.568875124206350113e-01
1.357197261473994665e+00
3.640621982984029170e-01
6.770510264659779232e-02
2.435880383356365808e-01
-3.265528334036327252e-01
9.621823086778341638e-01
2.062654751608881121e+00
2.038878991156409803e+00
-1.486730817004149330e-01
-1.222331124725851703e+00
-2.756393742589250628e+00
-1.034360433009443581e-01
-6.642990953072522853e-01
-1.809628815760521148e-01
4.595326992285868606e-01
1.194960108964225887e-01
9.735868531961595629e-01
6.880612670055179514e-01
1.468976119419132642e+00
1.597810291283670026e+00
1.506311026306291101e+00
5.070243034366342938e-01
-1.805148254275312780e-01
1.821735251512379694e+00
-1.176217053793956691e+00
-7.046026499349611338e-01
-6.651962235502257847e-01
-1.733752144649204352e-01
-1.137246230358471610e+00
1.067616939122223219e+00
1.135209564728245857e+00
1.472234736306164971e+00
2.333214218386009176e+00
-5.256679448074197403e-02
1.847778270111155141e+00
2.724356704201615909e-01
1.246800282127177528e+00
1.840876597010944637e+00
-4.253469722440483824e-01
1.814324993170800093e+00
1.723618281294026833e+00
9.160067134803856481e-01
2.856374460676684990e-01
1.761639397726254330e+00
-2.558892129462586595e-02
1.370708524457043165e+00
3.553933646501996613e-01
-4.344188238814705727e-02
-5.347233150169958815e-01
-4.958989716410799886e-01
-1.648976753467866985e+00
-1.085303917531644124e+00
-8.930033849153382608e-01
-9.327795692734067723e-01
-8.737011454085916728e-01
-6.746166290428055046e-01
-7.550065167391607490e-01
-2.005749637275541453e+00
5.538878473320361095e-01
-7.877370518229342977e-01
-1.343698369938823189e+00
-4.819218005699315022e-01
-5.504925528608385354e-01
-1.120607432792507518e+00
5.425157319480884421e-01
1.866106055117803031e+00
2.189851784328979534e+00
1.168200647984347640e-01
1.113353447803260066e+00
-8.535654183337537670e-01
-1.628731631489951370e-01
-1.333818610617045319e+00
-4.366761584701078780e-01
-2.741956932450340112e-02
-9.801142058915515154e-01
-8.037367539574749031e-01
-5.125465805096462990e-01
1.271672658538358647e-02
-5.223179669724440366e-01
1.052966140662295658e+00
8.957782742388005204e-01
7.304998474336257264e-01
2.057645207757171413e+00
1.053639620296781709e+00
-5.384555217909379188e-01
-2.483034371064098966e-01
-4.555521497395872421e-01
3.317473025123918173e-01
-1.768890339179796101e-01
-1.689631195201326541e+00
-1.478108475496070273e+00
3.942190061831118975e-02
-6.038019242784884444e-01
-1.132521000245691356e+00
-5.340217550722099471e-01
-1.218754939998781595e+00
-1.356653241065414850e+00
-2.202814867158469969e+00
-1.305009183035623854e+00
-2.375342661681000500e+00
-9.165493093022005766e-01
-5.417805175450022270e-01
-2.185724044483678519e+00
-7.992102720611324873e-01
1.255374693078848303e+00
1.497169764110273249e-01
2.803186468169047707e-01
9.550325427247967625e-01
1.744742724250359256e+00
-1.919237963088937793e-01
1.663118733346259148e+00
8.892919679075527162e-01
1.524295481935247665e+00
4.926124610956355010e-01
3.798138006564723002e-01
1.625801416286075218e+00
1.028149863677062070e+00
1.485032230998905245e+00
7.351353943744933783e-01
3.185250705588575926e-01
-9.822698369685600728e-02
-2.872220142421044287e+00
-1.287674498763609510e+00
-2.469658989315425490e+00
1.443903572428602455e+00
1.090150881427166984e+00
1.309860401128899010e+00
1.510607585220055338e+00
8.152230574851364597e-01
3.441897687150566876e-01
4.678374862644114618e-01
1.181671839416273961e+00
3.139679849967726977e-01
9.929174838863299435e-01
-2.846638968947817760e-01
-1.692004417449288756e-02
-3.099925396669864774e-01
-1.253402479666783531e+00
-1.550957901321559085e+00
1.331520070924841814e+00
1.253120862773790201e+00
-1.879820251929260611e-01
8.854435149732520216e-01
1.539801985119076067e+00
-1.267502239893522731e+00
-1.477980813600744181e+00
-7.516021805492433261e-01
-1.242005636726970952e+00
-2.538735029443695002e-01
-1.006538812369854208e+00
-8.180181658977887516e-01
-1.256285073662844365e+00
-1.636480083196775182e-01
-6.660956118948033744e-01
-1.721201390145343568e+00
-7.722330545019867598e-01
-1.570603074361138995e+00
-1.037242114548343030e+00
-1.490533828800094884e+00
1.009990075591932657e+00
1.975386357281601057e+00
-3.282179351552894087e-01
1.193518899219643270e+00
4.899592786341079309e-01
1.554914890666703631e+00
1.454242896872247837e+00
6.258955127538006202e-01
1.185275210774617172e+00
2.029286010397226558e-01
7.794954602785434394e-01
4.643968463576326755e-01
1.445662137661227309e+00
9.882040902484549028e-01
-1.007286870316102867e+00
-9.117735494612910774e-01
-7.702677104063586633e-01
-8.530732165161269975e-01
-7.777024240424486035e-01
-1.292390951030312429e+00
1.318498430102637675e+00
4.644243204334166375e-01
1.326089708989276694e+00
-4.099490956312319412e-01
1.023689184635296678e+00
-4.316245711251762707e-01
2.958665176375554484e-01
1.091290093528417993e+00
-2.611951637091527445e-01
1.483539976089641277e+00
-1.808171087468044558e+00
5.456745218102923012e-01
-7.950994605098039569e-01
-1.251329056826260500e+00
-4.943121602150757354e-01
1.253071332023142803e+00
2.652022979649848455e-01
4.255088702096484488e-01
8.108388142168929669e-01
4.036503985676739292e-01
1.996825315147559898e+00
1.133153191036633034e+00
1.812882299295508481e-01
1.134028382187948214e+00
2.728056032935339381e+00
1.424175785097797631e+00
9.856150411551515278e-01
1.943593223827371652e+00
2.407516212592943905e-01
2.373737718162421961e-01
1.321783752270433210e+00
8.834464958317246319e-01
4.655867809276204028e-01
1.983343051034510029e+00
1.905928791880523221e+00
-2.207572374366646439e-01
1.342336406546798422e+00
-3.754154002916191279e-01
-1.472037618365620748e+00
-1.548065497577442162e-01
-2.314425091149810987e-01
-1.899199727158238371e+00
-1.921227689804044347e+00
-4.882331450915746718e-01
-7.857416620898274306e-01
-1.265533348658565371e+00
-9.958977275372185023e-01
-1.398425917466189050e+00
-2.821532907730157635e-01
-1.985590730942006665e+00
1.907959701840676425e+00
1.899524029655321744e+00
5.397521108316483129e-01
2.695961854774950872e-01
9.633827959099462435e-01
-1.204543807847842762e+00
-8.756735129353550029e-01
3.297612659764181942e-02
-1.426390272536882442e+00
-4.935699501384041010e-01
-4.626714904157619435e-01
-1.611941892428565115e+00
-2.113363668794113082e+00
-1.219047340354218800e+00
-1.865921242125965218e+00
1.831781887417191168e+00
2.474157354809380926e-01
1.818193876227097938e+00
8.494839778426326315e-01
4.179924069135539932e-01
-4.147196746428596370e-01
-8.318360972242735407e-01
-1.952356948968497541e+00
1.101452761468543429e+00
2.886175189860262780e-01
-1.061164480817815114e+00
-9.776686835935056719e-01
-6.302357965474714163e-01
-4.893673581359545555e-01
-1.767068561285729089e+00
-1.754068567947455470e-01
-1.676362977482961147e+00
-1.661633323890447711e+00
-3.047893654604794111e-01
-2.001405459716490309e+00
-6.219650721796385895e-01
-6.982417009896934035e-01
-9.023892052422983756e-01
-1.694046582058458927e+00
-1.052287711359099598e+00
1.990825636826407674e+00
1.781863868162507858e+00
1.143600095773555037e+00
4.314144345968227157e-01
-1.543576197922029714e-01
1.543369149121682993e+00
1.248949366982721632e+00
8.835212886884812322e-01
1.531901966110146951e+00
-1.825901968268259790e-01
-6.341234717729844483e-01
1.905549138106645390e+00
1.258554244178016424e+00
-4.247911302286158097e-01
1.364882991511423782e+00
-1.392216579219335060e+00
6.257342713899347597e-01
-6.136729266895102342e-02
3.730543333977749398e-01
1.248603626837856417e-01
9.117127711802105461e-01
1.373570325731398256e+00
1.032646422280616205e+00
1.764824469228673642e+00
7.042564782736268070e-01
1.076648037408148184e+00
9.849735280438102203e-01
2.498376833910430861e+00
9.728688613977186650e-01
-2.000555112517936607e-01
-3.807625642471982319e-01
-1.188646148800600155e+00
-8.000034944250005164e-01
-1.225098432682436345e+00
-6.333552292147944796e-01
1.205422144288026187e+00
1.244843954715971535e+00
1.091617900414930009e+00
5.584584133322707533e-01
9.225520284260714243e-01
7.329290971962025836e-01
1.671176276514000802e+00
8.801765780471682010e-01
2.807531936061895106e+00
9.938877816629705375e-01
9.860403116813871716e-01
1.941008362053286973e-01
1.377902094205506689e+00
5.170476450312249117e-01
7.555070829245187358e-01
1.612353610685266947e+00
1.023270900410373052e+00
-6.734263782016958189e-02
2.396926553475577037e+00
2.565393816676933003e+00
-2.997640583140487314e-01
-2.516840354550421210e+00
-1.455190201117442239e-01
-3.057188233884370332e-01
-2.647558001307434239e+00
-1.041844937242530467e+00
-7.205873044811530459e-01
-1.638807199284328942e+00
-2.461524477176102454e-01
-2.583163608259851252e+00
-1.219876768567378811e+00
-1.913398824003037957e+00
-8.247674035814025473e-01
-1.530275861402178528e+00
-8.173003986804177057e-01
1.391914304116947498e+00
8.036561746756423208e-01
8.818018314206064190e-01
1.919989577757282184e+00
7.584392635335370780e-01
-1.239189720117283677e+00
-4.972708407138056730e-01
-2.225354228926246236e+00
-3.195395282655679736e-01
-2.084154163140935712e+00
-2.031942377226350960e+00
-1.033474346101410202e+00
-1.063581444507518681e+00
-1.609380138769942015e+00
-1.354141086148621387e+00
1.266978954862764128e+00
2.291713304639386273e+00
1.977497167392339161e-01
2.221500191288372505e+00
1.132561324605288799e+00
2.518445005251606084e-01
-9.738081256937665131e-01
-1.406135693401081799e+00
-1.017944534053035310e+00
-1.204715290760260960e-01
7.399235949797571266e-01
2.184361364156066188e+00
1.944749508071750066e+00
1.730514678616063895e+00
8.785077406015930901e-01
1.418403106590749641e+00
6.223884982865752757e-01
-1.407899315769919113e+00
7.251422000180411942e-01
5.318238699466018016e-01
5.512564721874280149e-01
-1.572443564832983753e-01
1.839422757998163238e+00
1.086315969355436284e+00
1.071723053077038301e+00
-1.787957082366515849e+00
-1.135639689658051621e+00
-1.200689212759117108e+00
-1.396182368333604096e+00
-1.251931802269337091e-01
-1.279458486665481010e+00
9.846930250907757198e-01
-7.642027025101859605e-01
-3.912944616941714804e-01
-8.263382081314514238e-01
4.333753494194509948e-01
-7.840379599299855951e-01
6.237534213171822550e-01
-1.194026396387235955e+00
7.280990578372024125e-01
5.185315318536416473e-01
9.739898978581739142e-01
8.652758522776344829e-01
3.275399611099888197e+00
1.607291270091285140e+00
-2.249495984630284884e+00
-1.156566904390630812e+00
-1.058020981018049422e+00
-1.427190429216572465e+00
-1.410373992981599045e+00
-4.460802680688533695e-01
-1.283872624441703580e+00
-1.151209707679679006e+00
-1.192288290088389324e+00
5.041788843276906462e-02
9.480721961978050283e-01
4.966958710010285216e-01
1.607825519898280042e+00
2.424210363952927771e+00
6.381447767793317905e-01
-6.881030155408307536e-03
2.717333427561081649e-01
-6.623637435897644643e-02
-1.023856228690394055e-01
-1.000365355553776148e+00
-6.342809597554415202e-01
-2.994319758764444339e-01
-6.833350817451009362e-01
-6.747849298496153558e-01
-4.502071400153710989e-01
-2.005857153218610023e+00
-1.143867812649245419e+00
-2.286229163510635320e+00
-2.094553309016169429e-01
-2.431675045655077305e+00
-6.598009277715259913e-01
-1.127427103127403463e+00
-5.920211304918627793e-01
-2.236296063889004149e+00
-1.736740886446639376e+00
2.042469305751952291e+00
-9.486197191658995997e-02
-5.568086254209365649e-01
1.303652880957174576e+00
1.496246734202443029e+00
9.135574413280588280e-01
2.029166825947348762e+00
6.757545714507884327e-01
1.921372189078242698e+00
2.672740175642028815e-01
2.467366955008566620e+00
3.304505207509810027e+00
1.730396759464702949e+00
8.957331369582446357e-01
5.460665548337952924e-01
-2.041982729557001885e+00
-6.982546461903293977e-01
-8.285582797263707500e-01
-1.750320268991585326e-01
-2.187589895269564266e+00
2.306974550418869896e-01
2.752381543649258244e+00
3.071053407596244789e-01
1.022334130225242221e+00
2.269133652108682675e+00
1.366431028289714300e+00
6.221003221288723406e-01
2.878823786265607421e+00
1.388882465381080955e+00
5.242877223948949617e-01
-1.030453900416835156e+00
1.297763221791288224e-01
-2.149231711515594334e+00
-1.308348856821928807e+00
-1.038639932134080013e+00
4.298983284582316156e-01
9.757825896791463283e-01
2.316746828551274895e-01
1.636825937737798053e-01
5.383562582450716061e-01
-1.366945324959019104e+00
-4.085865606847676190e-01
-1.254814053895161763e+00
-1.130156578849226490e+00
-1.579122191387159813e+00
-5.014752828624664538e-01
-5.037412005506095580e-01
-1.533242033731613052e+00
-3.129464371377118637e-01
-8.615179228910484488e-01
-1.585650307350568999e+00
-1.685938147042932878e+00
-5.875658318336474117e-02
-1.296039175864291071e+00
2.440862263024847767e-01
-1.978893564308792374e-01
1.846272138902196547e+00
-2.782559698802187231e-01
1.668105458234644622e+00
1.658009279344762721e+00
8.271785510423579346e-01
1.357605370060009031e+00
1.432192758923629405e+00
-1.275959327180271163e+00
1.605619754526367293e+00
1.245004041620064505e+00
5.051313226754727825e-01
2.401408006293116681e+00
1.942992214274591900e+00
-1.892273338066285948e-01
-9.854549415681329583e-01
-1.189162230307319712e+00
5.460322604198752927e-02
-6.327915483125972074e-01
-2.373823731832994666e-01
2.902645805789579647e+00
3.504491854087115055e-01
1.213268167580275447e+00
1.880759057163330139e+00
1.217306861494279469e-01
9.680466366605899875e-01
3.838651298044213345e-01
7.058328487174623245e-01
1.445048393703882716e+00
1.925757661044511293e+00
-1.942913759585849220e+00
-1.170684423813933783e+00
-2.861846339318425247e+00
-1.864672908468952395e+00
6.633592823544747219e-01
1.955954210781522873e+00
4.189747204681678605e-01
-2.430873023422335244e-01
-3.504256519443640361e-01
1.359808127454801507e+00
-1.079086995972666774e+00
-2.303686588522110945e+00
-1.367641759961252479e+00
-2.269858954918448912e+00
-2.553468802071930277e+00
-2.609161609416782657e+00
-2.921334073833701250e-01
-8.176406322013082262e-01
-8.466724837384084212e-01
-3.391850699831349125e-01
-1.607650959728077478e+00
-1.299806685025593378e+00
-4.983032106496660951e-01
-5.207420149529986553e-01
-1.048046526029829950e+00
7.028623226482437758e-01
7.211924573242829428e-01
1.040306017526160254e-02
1.246488107623381358e+00
2.320863949944256710e+00
-7.806528644138555073e-02
1.564607236258743761e+00
2.269764224502551109e+00
4.228248972059104327e-01
8.629470226524281751e-01
8.135839486012731436e-01
3.763363976855971238e-01
4.406065841326738397e-01
9.724126050967430990e-01
1.369226547638132674e+00
-2.083100419409452897e+00
-1.320128294673895697e+00
-5.610096265418538231e-01
-1.311828706781929199e+00
-2.522160553632340818e+00
9.962511000031477604e-01
3.280883621725262378e-01
1.425558165390840237e+00
2.735486052103794918e-01
-4.243236663552463206e-01
1.932347824194654784e+00
9.094126323414705171e-01
5.737950024608127197e-01
1.600131947149296519e+00
-3.052678483867845571e-01
-5.100394816569940870e-01
-6.540715746370302508e-01
-4.121420248357752225e-01
-6.043588037980892613e-01
-1.494828095482074071e+00
1.254655361199778163e+00
1.550195442703772741e+00
4.994783849960608979e-01
7.132636029414187728e-01
1.058550488950460000e+00
-1.522121020103883060e+00
-1.843020003825813324e+00
-4.596489117190454277e-01
-1.380949146983598386e+00
-1.779945490839575761e+00
4.553538315930947267e-01
-4.992227241591784548e-01
-1.846383412772699018e+00
-9.971550870694713131e-01
-9.973849852660391369e-01
-9.912743613807664111e-01
-9.239976909006862860e-01
-5.968703585873680328e-01
-1.994320560661179353e+00
-1.264547198998951183e+00
1.339201111759933172e+00
1.652455929855440431e+00
1.788813305624055161e-01
1.098412794353403221e+00
1.481077626275064674e+00
2.105855996767419747e+00
7.016226096254228883e-01
2.332114231248400671e+00
1.222980336117691635e+00
1.347290320310055467e+00
-3.010599730147345277e-01
1.290756825080436210e+00
6.011882830856452031e-02
1.593396764684311906e+00
4.729086072553347897e-01
-2.236367691137270963e+00
-1.005229947161900617e+00
5.670389450705788370e-01
-1.919740171080175362e+00
-5.343479562857104126e-01
1.899660489570982769e+00
1.185927418162181501e+00
1.431268390201692053e-01
8.657068290077949424e-01
1.337730153055572302e+00
5.305964607649756859e-01
1.298814253731990664e+00
-3.532070109749569919e-01
6.708405319419442625e-01
1.949343051811259109e+00
-1.443999821525879579e+00
4.306112361258791488e-01
-4.157542926662836091e-01
-1.395281732989755108e+00
-3.258022736731452929e-01
4.764308868118912743e-01
3.593963491873658489e-01
9.545505936229627952e-01
8.269022140578494717e-01
1.438395274605333229e+00
1.187486379186973418e+00
1.196351330653476985e+00
1.075069437720746590e+00
1.083240082875873922e+00
1.459535323699828302e+00
1.053557872056464229e+00
3.396801294548572603e-01
6.181752377585025826e-02
9.292733169478217814e-01
-2.329883360349849220e-01
1.739419216746156849e+00
4.511056993041571150e-01
-9.039227602673913786e-01
6.930558279211883610e-01
3.275109668568419341e+00
-6.459203285316619247e-01
-1.665485057547564374e+00
-1.704552200557901021e+00
-8.777185628220520730e-01
-4.323152973759809559e-01
-1.300451004826952861e+00
-2.027330739804318327e-01
-1.370135419509405761e+00
-1.646161907635315336e+00
-3.391438444385732609e-01
-1.431816801032342656e+00
-1.238911755945808713e+00
-9.769943213317334729e-01
-7.685238654416142179e-01
3.132131429093469865e-01
1.371245974582921301e+00
1.829641810784057743e+00
2.245203281302214471e+00
2.969952204789547690e-01
1.454982861492525981e+00
-3.201277465595739891e-01
-7.869307084923143902e-01
2.823154980683970638e-01
-1.768768720109535453e+00
-7.580284399558060437e-01
-1.000277229403718104e+00
-1.147914121799716858e+00
1.201447153986755723e+00
-1.597611059560842817e+00
-1.686722242967719110e+00
-7.608369747307930364e-01
4.730384188030934967e-01
1.151461512589744940e+00
1.590385412995606096e+00
1.890164973617887600e+00
-1.205204666825806514e+00
2.615832084133662416e-01
-2.445432204146295030e-01
-5.773344333453288568e-01
-2.473558621115284240e+00
-7.722074960457343540e-01
-5.525962595580693471e-01
-1.691369248785560941e+00
-3.675815652213901830e-01
-9.322385588651558308e-01
-3.151566238455314473e-01
-1.384398620536979596e+00
-1.395627909023013924e+00
-4.285628966556187525e-02
-1.590452773370115480e+00
-8.740527608068151544e-01
-1.012181827186194427e+00
-3.281602924731086279e-01
-2.338492719814517784e-01
-1.799056739955474660e+00
1.064806683707295143e+00
2.248359597100926699e+00
-1.782613237158754416e-01
8.557884372715509613e-01
-3.530409181169793520e-01
1.737237992427288269e+00
6.077701737255001291e-01
-3.012026453713727570e-01
6.104435511629429101e-01
1.783001730501473370e+00
7.334586777246814293e-01
4.980097229100559630e-01
5.919669020915012680e-01
4.602730792209334121e-01
1.190982462237119455e+00
-9.144452609081734629e-01
-1.017728746936963802e+00
-8.858915144396577457e-01
-2.321438215671884464e+00
-6.885735249146514025e-01
6.934839090101803105e-01
7.628517211949694676e-01
6.656550494685080643e-01
-4.923848350061483803e-01
9.960541454072534551e-01
1.459506130240718846e+00
1.379822963531661895e+00
9.402335210851966441e-01
1.348749877086769411e+00
2.452554987169861533e-01
-6.708445640426055068e-01
-1.296413566182433641e+00
-3.594666284354173236e-01
-1.310288661499619423e+00
-3.484104963820895406e-01
1.515116564112890307e+00
7.813325815620473236e-01
7.367873411874309442e-01
2.430370693698552742e+00
-1.531175182351960373e-01
1.762956059816209953e+00
1.388349437048579160e+00
1.554412065694315448e+00
8.908871527226651654e-01
-3.765121456171085512e-01
1.263549433967697810e+00
1.276969809822964930e+00
-4.461233101437933612e-02
7.521353186297201621e-01
9.595767357428734989e-01
-4.972381612258658379e-03
2.113065848508246969e+00
2.083450784729906857e+00
1.351316777660855006e+00
2.631724566971372914e-01
-6.125753028065661354e-01
-1.136884616395457570e+00
-8.904373656326588504e-01
-9.078698665862915407e-01
-8.734196353189515039e-01
7.181576520338772696e-02
-5.846313334017976260e-01
-4.665252722895516513e-01
-4.994917665579022836e-01
-1.138640983656236561e+00
-1.319965595560277816e+00
-1.772723489869770575e+00
-2.241510583945655277e+00
-9.290112351778363475e-01
-1.468232277477629300e+00
8.355858838567848945e-01
-5.176106255619150609e-02
1.638950263879558999e+00
1.289292643920196157e+00
9.494555721824768924e-01
-2.349665117066325415e+00
-1.165312847660995299e-01
-8.256564390496649031e-01
-1.213587973225764394e+00
-1.512315095932978526e+00
-2.090585663038616815e+00
-1.672046037503712501e+00
-4.867517888154515582e-01
-1.401449420851207606e+00
7.437938586215313563e-01
8.319300733695895733e-01
7.042755352352154663e-01
1.992332373376133337e-01
7.746379220220529493e-01
4.190971890293180291e-01
-1.084679641279153506e+00
-1.484386607122618384e+00
-2.283255087904305647e+00
-1.446165745101763989e+00
-4.513596554440904018e-01
1.345986088801952363e+00
1.009037072213928132e+00
-1.674290250412500125e-01
1.286820950030285626e+00
1.183831498136780569e+00
9.209266879056576816e-01
7.026549925445840783e-01
2.601895397858812187e-01
-4.157718826363370201e-01
2.555056784481886112e-01
1.274211668855701918e+00
1.367385792498613917e+00
1.146308044863076248e+00
-1.294086980604529646e-01
8.260109930367203201e-01
-8.140569833239063025e-01
-3.312542086491888638e-01
-2.875171612182155778e-01
-1.551799774316795943e+00
-4.799118648278616339e-01
-1.483305679198466454e+00
5.547356830494978297e-01
5.382800535946952181e-02
-8.175945392743658724e-01
-1.487562490693798978e-01
-1.332194418521832846e+00
-3.351916051436920618e-02
-8.586189150030769657e-01
-1.448908979576149392e+00
-6.749370681159312380e-01
1.279373102424732567e+00
8.093996758997912266e-01
1.481237250317642529e+00
7.362715200195122378e-01
1.026052764323070132e+00
-1.571413974234254773e+00
-1.461608605807389161e+00
-6.685994911994375123e-02
1.728647586351836907e+00
-6.997814572807246059e-01
-1.365357847657559631e+00
-1.346248107707527453e+00
-1.201259392745249954e+00
-1.507678765987686020e+00
-2.228427398194068321e-01
1.591694377881005096e+00
2.640078015373935605e-01
1.567758730082730256e+00
2.921678031694978639e-01
7.251004681259375362e-01
-1.883590583758985915e+00
-1.921085341452812179e+00
4.475400200101999904e-01
-6.164491915322154458e-01
-2.127223321753595187e+00
2.959345931517846084e-01
-2.431571045157048250e-01
1.616308745689589710e-01
7.711869311145891359e-02
9.828680739385015075e-01
1.860950227241711108e-01
1.932677646146681028e-01
4.133135891819146313e-01
1.417930296796622525e+00
1.356240817864419190e+00
4.016156411588085451e-01
7.188181965564897080e-01
7.592759576061992588e-01
1.282371285180286646e+00
1.257549963858202835e+00
-1.384101803162042454e+00
-1.742927179796529114e+00
2.058518169548386734e-01
-3.511501699499564033e-01
-9.810458004295802281e-01
-2.029759504242258039e+00
-1.324739290608107023e+00
-1.336525554070287836e+00
-2.038628651358451727e-01
-3.736346202830215235e-01
-2.581745638883459204e-01
-2.225254076512109158e+00
-8.443730845308654587e-01
-8.002179239114994846e-01
-1.124047044401982998e+00
9.623682198025870216e-01
4.809777307737626018e-01
3.566903215432372098e-01
1.468173244128266886e-01
8.241287844466664847e-01
-9.685813997836588696e-01
5.694649516479799445e-02
-8.953222981811912451e-01
-1.388004256889513899e+00
-1.643832373448832262e+00
-1.184771666167852011e+00
-1.659688165436052687e+00
-1.228474891863305274e+00
-2.411606972814198890e+00
8.913172855635034253e-01
1.219225412211890625e+00
1.741715676529246304e+00
3.845036754569999271e-01
4.106913391774412725e-01
1.110436966636361156e+00
-1.142170577620191807e+00
-1.754141855478643208e+00
-1.968654738466583787e+00
-7.386391661800404407e-01
-6.697132522827466961e-01
-6.859436557500742104e-01
6.423614409000597547e-01
-1.995102298879563918e+00
-2.241618885713068110e+00
-1.832775216358818904e+00
-1.147032240817575488e+00
-1.576428189436919425e+00
-9.302944264081908221e-01
-1.057990204418943092e+00
1.958591458102456606e-01
-1.833964285627271984e+00
4.957538967000523211e-01
-6.198349341068907226e-01
8.636120559863831314e-01
-1.920866408795757652e+00
9.563476951967557760e-01
1.605720135916242075e+00
9.903844651420572465e-01
2.373873138968306762e+00
1.685432009603635262e+00
1.227258554093668241e+00
1.804560562847577376e+00
2.586075445036927878e+00
8.556828179754711883e-01
4.484762569793530051e-01
1.143739763568550005e+00
1.143279112443027490e+00
1.636444477198620184e+00
2.216908852369919192e+00
-3.844846677833202442e-01
1.049970050868251903e-01
-1.485417990862760718e-01
-2.342992283819582688e+00
-1.403361233940601416e+00
-8.047883119171616029e-01
7.190270324139517166e-01
1.470932272021669096e+00
1.119093877626898381e+00
6.541210854846709610e-01
5.064187289543029546e-01
2.290082920430973612e+00
2.177036392553383326e+00
1.404634617504933569e+00
-1.406609918695989059e-01
1.319676169466500237e+00
-2.061928710219794958e+00
-1.616690280935121349e+00
-1.452828452183115848e+00
1.675811772411492928e-01
-1.021086990627777524e+00
1.415145731472025714e+00
1.390366919888545549e+00
-5.685419322340856674e-02
1.403467939967748990e+00
-2.202742833415831658e-01
-1.281091917769293875e+00
-2.146599695378362149e+00
-1.300158855364869304e+00
1.931324566093699513e-01
-5.645280297575032691e-01
-1.698013491310005563e+00
-3.605794696284936318e-02
-1.802727294166401650e+00
-1.749974315851205997e+00
-6.171386581885742739e-01
-1.560169924821983578e-01
4.163971892282571918e-01
-7.196129859235689263e-01
-1.431744744933790336e+00
-1.666445968880493567e+00
1.667715180151692733e+00
1.329665811510262419e+00
8.235882881462699423e-01
2.018554874663188947e+00
-5.319679456327777167e-01
-2.233764226967307476e-01
1.332948909226131740e+00
4.844008178178352830e-01
1.701423762845214238e+00
5.200404460737898527e-01
1.902962475778579021e-01
1.806614601446748347e+00
-1.785342565710923424e-01
1.232481338323353270e+00
1.256908386772390918e+00
7.521736436896619971e-02
-6.150039124783375222e-01
-1.585358405043812535e+00
-2.113590152409787759e+00
-1.936590736315288996e-01
1.487762946289199473e-01
8.179421476043835515e-01
2.322174368896731123e-01
6.320280674991344272e-01
1.056179043708711962e+00
8.179523851957237746e-02
1.063931425023911803e+00
1.048886576374947310e+00
2.982778232085729897e+00
9.943330573371808034e-01
-4.454724487815190370e-01
-2.523665635791200179e-01
-6.356437112349409002e-01
-8.290092698290512097e-01
-1.754430036601499765e-01
-5.884884582397320596e-01
-5.127458341764423722e-02
-3.349775658172424730e-01
1.287816871252208006e+00
1.565771176364491479e+00
-6.916592900517917197e-01
-1.201641404651852429e+00
-1.356902338081614756e+00
-6.936582142646621207e-01
-5.416147061160838660e-01
-1.545520547180149418e+00
-2.938024288990694011e+00
-9.805635973670379091e-01
-1.763688183394375830e+00
-1.451915260066463098e+00
-1.266275992402430717e+00
-4.935553573084627832e-01
-1.865635600649091508e-01
-5.679630766245236106e-01
-1.620436454772204549e+00
-6.188596491505824471e-01
4.010838393022104764e-01
1.985915865485376353e+00
1.031906069469725074e+00
1.257476898727694081e-01
1.081574376214624156e+00
6.431735517478162079e-01
2.869149522474496727e-01
1.267829113328703405e+00
2.320060639934278246e+00
4.682903684499982733e-01
1.266391750398174088e+00
1.481146801776417998e+00
1.193433275270400440e+00
2.206359566588100840e+00
-9.218396703583919827e-01
-1.559065729733829286e+00
-3.533224623212755100e-01
-9.860490887067527854e-01
-2.121614318123956178e+00
1.008432236406125337e+00
1.599017345498350728e+00
5.237307326913991368e-01
1.423895355482674985e+00
-2.609295870229293435e-01
1.038394903044747464e+00
1.766464931449598375e+00
6.258101441574031032e-01
7.722202401380869885e-01
8.531572203591659687e-01
-3.595167478231339198e-01
-4.170619414102387790e-01
-4.775850216122049519e-01
-6.429767991590118470e-02
-3.311490708919174741e-01
2.188086907015462934e+00
6.305735451701193206e-01
1.753820829963288030e+00
-4.690757531741744923e-01
1.427133604462676786e+00
-1.245177717737446788e-01
-2.404023787404019785e+00
-9.194300715782819378e-01
8.517786397892810335e-01
-1.248046846630445295e+00
-4.409958792804378191e-01
-1.863674564302064685e+00
-1.105407600803476775e+00
-9.011153437928201004e-01
-8.019681380440065732e-01
-1.141912292467535783e+00
-1.685556416662694179e+00
-1.334783924544637346e+00
-7.049237643220502836e-01
3.781916911257310332e-02
5.617240186464733664e-01
4.301269487058814178e-01
8.433463236682707809e-01
2.089280623021244399e+00
5.022317150397681562e-01
1.895074352324496614e+00
1.525917165529864672e+00
6.281619664559978666e-01
1.555115365383408665e+00
3.576254032927531634e-01
1.001582843462617278e+00
1.538097198255751863e+00
8.229176666319325539e-01
-1.503939438639763093e-01
-6.560585646022412121e-01
-8.619523292758982658e-01
-3.038043032347997885e-01
-9.273537022805039554e-01
-2.794943190616166362e+00
-1.926013336533975329e+00
2.279234127806685883e+00
1.056022885254623844e+00
1.116321999640985885e+00
1.536448038042685926e-01
6.523987596435768532e-01
5.388786484213576866e-01
2.094433143019484689e+00
5.159432611968236548e-01
4.787574190600616397e-01
-1.226088798905371480e-01
-1.714257511530947520e+00
-5.128538384489702562e-01
-1.212783870542510911e+00
-6.882968732736207684e-01
-4.404215058391546256e-01
1.526847474099863877e+00
2.569429745320366720e+00
9.495535368066745363e-01
1.584895802395780873e+00
9.561703322234611502e-01
2.866280697266283539e-01
-9.125463311462848059e-01
-9.132694002417923729e-01
-7.672273067827022341e-01
-1.201174832348793409e+00
-1.015573406910919907e+00
-9.113779097476948365e-02
-9.724275637704797859e-01
-1.136133516455167802e+00
-9.928259593425398100e-01
-6.854057316998674043e-02
-1.011605903694361208e+00
-1.436082966191922994e+00
1.742509408659831394e-02
-8.232229280653055037e-01
1.638788725151628878e+00
1.130217743807752528e+00
1.209586522172577006e+00
1.817480411208851843e+00
1.107576129650700292e+00
6.584182967842834300e-01
8.414613310768124244e-01
8.335054000153483411e-01
4.468670756458628102e-01
5.289622169304886157e-02
3.719960512802121810e-01
1.332463720213416858e+00
1.220650284880591130e-01
2.493423941243728237e+00
5.194065872589068711e-01
9.661842390343782228e-01
-6.864289684045462581e-01
-9.231804086159179912e-01
-4.079984706064211375e-01
-5.137142476723510764e-01
7.025949631157025754e-01
1.500361273632928594e+00
7.995016785183444163e-01
6.519767652775656508e-01
-2.700774554962803720e-02
7.813984123877264487e-01
1.286767009100518111e+00
7.894843901326196178e-01
2.101637675396855087e+00
1.753614529245252518e+00
-6.391258181217389645e-01
-1.400748380965924467e+00
-7.542226577339441462e-01
-1.642786843599361779e+00
-1.028884219772981501e+00
9.795795820822366107e-01
9.028793076871133305e-01
1.328946087848254631e+00
1.695789925284960642e+00
2.130291426961112400e+00
2.053552473968498937e+00
7.074169889313358661e-01
2.267204622565505812e+00
1.362082050002398015e+00
4.423389899027376782e-01
-1.136151130812903531e-01
5.987669743614122408e-01
1.154465023728756368e+00
2.432735005183490173e+00
8.363889573643799036e-01
2.035242562509559150e+00
9.620910533271201937e-01
2.251054236346440085e+00
8.414027317534107375e-01
8.785819216385769570e-01
-5.174504924690972452e-01
5.572566377053340680e-01
-2.117063487350900441e+00
-2.465153719250425368e+00
-1.185322184938292445e+00
-1.697535044291615947e+00
-1.689343431704122267e+00
-6.515776096633563164e-01
8.310784843351881612e-02
-2.018563924784535502e+00
5.245159768567284608e-01
-6.446669086370856450e-01
-2.156103569567263900e+00
-1.151821963690084161e+00
-1.488981189906792624e+00
-4.551093682996476542e-01
6.146938541699924485e-01
1.679125629439370382e+00
8.879290965930517476e-01
1.597540247900782528e+00
-1.574821207673842149e+00
-1.021502331001683750e+00
-1.297152822584090037e+00
-1.113785740507211575e+00
-7.490818777179319987e-02
-2.484245466390655466e+00
-6.687947057926441063e-01
3.866013911164589700e-01
2.421383851519935959e-01
-1.320659234435465290e+00
-1.341619447040203195e-01
-2.232100361922495502e-02
5.180928975040532958e-01
1.424117198411954277e+00
1.429875298999552236e+00
-1.402632670703916284e+00
-1.048262911912861473e+00
-1.282042247406125934e+00
-1.468327648968709598e+00
-7.461085443799257977e-01
7.472280395319990109e-01
7.116796327037837600e-01
-2.793011462399048739e-01
7.330333235691186555e-01
1.733353867239650015e+00
1.445973247195350364e+00
-3.511999399277738743e-01
1.572153634069156647e+00
2.459915465807160917e+00
1.513643369580632836e+00
6.241562213233149414e-01
-2.265813954005535535e-02
8.324738029690841312e-01
4.729663029032862287e-01
4.314001519716809119e-01
5.174380415616086637e-01
-1.155070585552428808e+00
-2.267308472036498657e+00
-9.416903937250074019e-01
-5.406971375869573659e-01
-4.266833975143260460e-01
-9.217132578852935687e-01
-7.392243612242124229e-01
-9.749235609974206129e-01
-9.029357757050171518e-02
-7.391069518921319359e-01
-2.096242633623097262e+00
-1.361426834884992942e+00
-6.335356359743982146e-01
-1.732947627995940376e+00
1.925611907389851218e+00
3.404794713944108153e-01
3.678453709975521013e-01
1.357954838572961176e+00
1.098965925486910855e+00
-1.408116540229969793e+00
-1.109619057068959691e+00
3.100287605345970476e-01
-1.622824054315601394e-01
-1.287890354875442345e+00
-1.589731409153549269e+00
-2.088567300478175959e+00
-7.172190512065603762e-01
-6.859821793074571961e-01
-9.734406001307822631e-01
9.219424348830617122e-01
1.166042519570976932e+00
2.331331375680121276e-01
6.603327819475985905e-01
8.209859740118785609e-01
-1.492851402042589148e+00
-1.478598261583794482e+00
-1.123614376712805285e+00
-4.501824078510348048e-01
-2.607087161700635036e+00
-9.759601663158832263e-01
-2.705418413089144103e+00
-1.953508637139175885e+00
-1.033907500755771203e+00
-1.037966762890093486e+00
1.394861070362172217e-01
-3.702380971683750799e-01
-1.149022248256189149e+00
-3.241404470268205440e-01
-7.549583337682094220e-01
-1.125703099300828125e+00
-2.330065459611768919e+00
-1.310064338682281448e+00
-1.171605776682640432e+00
-6.817373540951183752e-01
1.225447359030491956e+00
4.196505948176312284e-01
1.627459290486781729e+00
1.815336688424882494e+00
2.402103275411584526e+00
7.410870340747854890e-01
5.406803196915080933e-01
5.627598488271696731e-01
1.437350320589192432e+00
1.753111963695837439e+00
9.618375094800765135e-01
2.083539978569572959e-01
8.033157518647817685e-01
2.099525318705473875e+00
4.481668519921084837e-01
-4.742767049177180061e-01
-1.342573888916980263e+00
4.333653880326941987e-01
-1.022034676779437712e+00
-1.316246674331816635e+00
1.353196577627189257e+00
1.351477365633960259e+00
1.369023018479301523e+00
1.092372984149023729e+00
1.721172392545718299e+00
2.414569451236078024e+00
-9.063740205757366830e-01
1.345104081584720834e+00
7.863024012166525134e-01
9.640634924004755080e-01
-2.763065390187350312e-01
8.325771832744377488e-01
-1.598641677680575857e+00
-6.318454466140354109e-01
-6.447206002934580127e-01
2.800336180353637516e-01
1.652326491457520197e+00
1.153960420570307122e+00
1.308376277510343577e+00
2.263000878892585721e+00
3.158606020780995172e-01
-8.178220111964562555e-01
2.234128496195495472e+00
1.457684049140614668e+00
5.683485072250511472e-01
1.248536688458215416e+00
1.807544727044747113e+00
9.475300992998926253e-01
1.963392047859842560e+00
3.301702013856495643e-01
3.704952660743145998e-01
1.558871820849376588e+00
1.760987067244019100e+00
1.215583741173764443e+00
1.283529817849852872e+00
-1.773055982671261965e+00
-8.614267777367793366e-01
-1.229497098868448157e+00
-7.295876589835258441e-01
-1.102681473785749322e+00
-1.162563594796838462e+00
-6.984276626659686737e-01
-4.076211155611945136e-01
-1.125665917847936459e+00
-2.505240776694546589e+00
-2.228768451649959736e+00
-1.218589410557371133e+00
-2.936131217202294419e+00
-1.721566797362127366e-01
2.182738311631065020e-01
7.335647176607755782e-01
1.158713417607654339e+00
6.932245631497701011e-01
4.301313986662490541e-01
7.538560928630053670e-01
-1.216006557483464645e+00
-5.698703030821661297e-01
-2.807582913836669025e+00
-4.288078136247717165e-01
-1.350508488672557794e+00
-1.387491446307432152e+00
-1.518456242040894244e+00
-4.591095367153494866e-01
-1.553286162904654599e+00
5.574890639445349017e-01
1.230940845597238154e+00
2.212384457727707421e+00
3.840027186980595753e-01
1.342100931915628959e+00
1.974309677041368838e+00
-1.203232040542928205e+00
-1.742116309732958168e+00
-7.553687999251790242e-01
-1.004709668047317317e+00
-1.047113422408771921e+00
-5.115938714816974375e-01
1.214387756063078250e+00
1.418791894318503832e+00
2.559185190711099178e+00
1.507422525444552353e+00
7.692371374420878816e-01
5.325095195294313744e-01
-1.356801602915562732e-01
7.075851905415044829e-01
1.030825843437148226e+00
6.492682019756486067e-01
1.283517902203064054e+00
1.402129365013820461e+00
2.410800014618216025e+00
1.026518707049266732e+00
-1.081275807884993778e+00
-9.345610550745974132e-01
-5.854846968213529568e-01
1.890526080846717250e-01
-1.485097820555197234e+00
-1.176233218481510523e+00
-2.213619636726424034e+00
-5.961816238489910935e-01
-1.364284280271206740e+00
-1.090966265245342903e+00
-4.120292584161102667e-01
-1.221166592704602261e+00
-1.509598152340644983e+00
-7.730325614598809736e-01
-1.474147532123168958e-01
-2.361190277174896046e-02
9.011281324045813390e-01
1.529021260330825971e+00
8.941136063730911188e-01
8.649577951181015578e-01
-8.565286513667550450e-01
-3.421263422407350152e-01
-1.026636469425137976e+00
-1.878727979323139063e+00
-1.890005242193508295e+00
-1.434515681965867984e+00
-1.805910613659315045e+00
-3.453186675790667071e-01
-1.021440297390175944e+00
-8.375575488084607834e-01
1.693832914079551610e+00
7.859638169787744877e-01
8.791375042245781479e-01
1.299300744336054247e+00
2.807444883823648762e-01
-2.753537735270056075e+00
6.357399830620142911e-01
7.497040212626826516e-02
-1.537850785810450649e+00
-1.191928086290808375e+00
3.049721182563258637e-02
1.472821712302263331e+00
-6.567145425297513661e-01
1.086285244323069499e+00
8.481509928734523029e-01
-2.793711418256000556e+00
1.146576779780891009e+00
1.628891187580218114e+00
9.987355704794070865e-01
1.272626857858499605e+00
1.405914894246660385e-01
1.585891750314517123e+00
7.369714039685177909e-01
1.905039259678462882e+00
1.610571595991680649e+00
-2.267115299301881937e+00
-8.214280134916717158e-01
-4.861548062449807528e-01
-6.485371764469297640e-01
-4.246406183610020868e-01
-6.943547644822070097e-01
-2.318273676796811067e+00
-1.494701776661547576e+00
-1.225512991134914964e+00
-1.171536895791846611e+00
-8.567955522132635338e-01
-4.323996280432769179e-01
9.494916574607370485e-02
-9.771576983106398107e-01
-4.149678383380783764e-01
2.073347841676173253e+00
2.049622023631861190e+00
-3.040988684551493293e-02
9.539251323588650022e-01
2.001990069503213121e+00
-9.060058280046412449e-01
-8.028926843262040869e-01
-9.855258884700236477e-01
-1.398570937128537306e+00
7.097407766082888259e-01
-4.665446045924823704e-01
-8.522173816413858294e-02
1.824571102217520391e-01
-8.154872588415216228e-01
-1.002495232138948866e+00
1.356406428663950559e+00
1.594946222990825113e+00
-3.415781022875910011e-01
7.852599974382867831e-01
1.793366373023788540e+00
-1.163841020083554056e+00
-1.514827864923307787e+00
-1.837788724869299672e+00
-6.156880361134440260e-01
-4.702641631580325443e-01
9.259999710397130990e-01
1.179768569135763112e+00
1.365566064691076109e-01
1.161350139504295553e+00
1.060998030588429675e+00
1.675116904572516496e+00
1.188674964185139071e-01
7.762479207616299615e-01
1.304788808977467740e+00
1.287998130365229921e-01
1.143697363992211002e-01
2.030776937125764459e-01
1.547711846034141692e+00
1.100700472300079724e+00
5.309046360142775089e-01
-1.706821282621467706e+00
-6.560031063058939793e-01
-1.506803042537874893e+00
-1.041260203396083384e+00
-1.333331866592885939e+00
-2.573017863698447538e+00
-1.304240113139012003e+00
-1.612886639775212849e-01
-9.990916038656810771e-01
-6.794124371114651506e-01
-5.586497450359755312e-01
-1.217747544719375297e+00
-1.580367575441335992e-01
-8.693489801727778410e-01
-2.931620765365297032e-01
1.230521814801857072e+00
1.766723267319845414e+00
1.278324276466278997e+00
-8.285138023508786809e-02
7.031639887386469390e-01
-1.727583976139773991e+00
-4.830843549361352185e-01
-1.586056787374850563e+00
-7.204426976299465046e-01
-2.087116989781427456e+00
1.046585120553069181e+00
-2.854672969171349717e+00
-1.580092058127912313e+00
-3.324528657033296586e-01
-6.630029053150519047e-01
9.681156689525447501e-01
1.439515947388302797e+00
1.719336232350204385e+00
-2.880621377364518398e-01
6.223941401595198819e-01
-9.079361964828430720e-01
-3.891426411375966676e-01
-5.682381979378887671e-01
-1.191395210492528944e+00
-2.081549587653876543e+00
-1.729653303306768475e-01
-9.567965245976162159e-01
-1.612436117830126303e+00
-1.455632123808351164e+00
-1.444514546805346633e-01
-1.282821177104014332e+00
7.823130322505589263e-02
-1.392842311093179353e+00
-7.016582875535068986e-01
-8.929845826179282353e-01
-1.520219251620038570e+00
-2.192403828893838558e-01
-1.569479577560979777e+00
-1.301119087434180255e+00
-1.206614618923947502e+00
1.461048314384791436e+00
1.028870856282592339e+00
1.606828648848447116e+00
2.516794035360140125e+00
3.542265725219104766e-01
2.327076805344225008e+00
1.137336330763725423e+00
-2.588149722156323218e-01
1.871046802890035110e-01
2.089785227133634571e+00
1.268133765643994382e+00
6.762210034164586325e-01
4.887717731715617298e-01
6.728074994238621986e-01
1.201589319207808870e+00
-9.892048132110913272e-01
-2.052377007607641524e+00
-1.129362762894100536e+00
-1.758525488922192181e+00
6.667452927731083445e-01
1.010723098034325584e+00
-1.849236800071665243e-01
1.060266053947743981e+00
9.966046129725193436e-01
1.159489722519765120e+00
1.073778427752667630e+00
1.854325458630976309e+00
1.767211088048992407e+00
1.402097192734088171e+00
1.346509315872157719e+00
-4.481906747112127665e-01
-9.326772685801528739e-01
-1.062359193814517822e+00
7.402115993558888718e-02
-3.780210839392281752e-01
5.659520840621511395e-01
5.176637063341724687e-01
5.668154288605642410e-01
3.740460312214664018e-01
1.215778444609465048e+00
8.677562482096923269e-01
4.975085522777231706e-01
3.151968788678185529e-01
9.720111585397060994e-01
1.891932964428076236e+00
6.350006510583459107e-01
2.557145138002340445e+00
1.336322451611808404e+00
8.345439426910261638e-01
1.487172650906118498e+00
-1.072539281732168170e+00
6.978787884675743403e-01
4.828654082296096606e-01
1.664967513689101786e+00
5.140426360464915856e-01
-4.157799461230484717e-01
-1.526430680043655563e+00
-4.024680408508888307e-01
-5.660805997065865292e-01
-1.267549657582758726e+00
-1.354734727482915346e+00
-1.425336922991701005e+00
-1.294716448386274088e+00
-1.262075018914886826e+00
-1.583157856629215710e+00
-1.100039703584859030e+00
-5.343421673573959252e-01
-1.085478828409394358e+00
-1.970500672645942863e-01
-2.037255788643244525e+00
1.104239036076185787e+00
4.602972873710888813e-01
-1.843988821595490268e-01
9.523454011460201762e-01
1.945910567270119795e+00
-1.600595184246004221e+00
-2.548856556494586645e+00
-1.278804329872693657e+00
-1.008672626620233714e+00
-4.045816769617635034e-01
-1.246645886707906437e+00
-8.986712191885082301e-01
-1.629041970398635852e-01
1.083135719074324044e-02
-2.508380706462310705e+00
1.108447902684911446e+00
1.073026872031857870e+00
1.242144623415342153e+00
1.714874476848792462e+00
1.357191299156991215e+00
-1.580151974007040661e+00
-5.646583362013875007e-01
-1.610120252969686527e+00
-9.934167964247829774e-01
1.122797634553844848e-01
3.956554004152790238e-01
1.180364054037660759e+00
1.751961922624719392e+00
1.060694870932787026e+00
1.769126375162840548e+00
8.311346078451231634e-01
3.598977665818414717e-02
5.288129741866831601e-01
1.501638468079964372e+00
5.984729862076973994e-01
2.604179483142750495e+00
1.079303170240445420e+00
2.820249846391133630e+00
1.279990011352051926e+00
2.910714702977058366e+00
-1.341089823026960559e+00
-4.498000702731259626e-01
-1.517321854452212460e+00
-1.149474632125347950e+00
-1.305788679236417504e+00
-4.937716502576456890e-01
-1.016416833724942181e+00
4.725990549701764021e-01
-8.452181623862472515e-01
-9.029833798160497027e-01
-1.063021870184175377e+00
-1.684176297119330590e+00
-1.891817738092007151e+00
-1.891716934267055006e+00
-1.011343801647236917e+00
-8.036207479701624745e-01
1.696647307492008760e+00
8.857530003770323068e-01
-1.033174135291243800e-01
1.580171620820595368e+00
-9.935350733471079998e-01
-1.075507759906761951e+00
-1.477636828462595142e+00
-1.605627817311256145e+00
-1.333077919063914152e+00
5.397741621675633539e-02
-2.212277271273714874e-01
-1.388980990436124774e+00
-1.396488383018412494e+00
-1.260483431002773935e+00
1.472139117869856850e+00
3.024032989242325886e+00
7.574761307013191391e-01
1.030691385325793963e+00
1.071575355091665793e+00
-7.047885297652404235e-01
1.941541567895066489e-01
-9.204025923745594584e-01
-1.874277732664761498e+00
-4.914819033855288843e-01
7.175093272755930229e-01
-2.553839306962206734e-01
-8.355181736319030605e-01
2.189923720906246096e-01
2.633546173754013786e+00
8.995221670352245846e-01
5.571969422896654311e-01
1.266674346415270769e+00
-3.198782324462099425e-01
-2.654921057831116649e-01
5.888011553157296296e-01
1.092096938997548339e+00
1.025502401706791078e+00
5.325612340450678328e-01
1.342417204360275340e+00
1.166194448066328881e-01
-3.006670129372392086e+00
-4.666566810798075116e-01
-1.302886961619792672e+00
-1.312204251375034492e+00
-1.822017664510165780e+00
8.190565675101202370e-01
-1.080335420356078879e+00
-1.473576813838967547e+00
-2.056471483145175139e+00
-1.528994720899699011e+00
-1.148280068125968612e-01
3.027509960576444392e-01
-1.054189080605777429e+00
-8.783028520101572312e-01
7.456811550649551368e-01
8.020673304690367766e-01
1.686769188668140185e+00
1.193942045829552656e+00
2.554683942396476670e+00
-6.958674400749860212e-01
-7.473771892734496491e-01
-1.445913637469815161e+00
-5.204186974117677167e-01
-1.180021357401877857e+00
-8.001335619534103438e-01
-1.786531802885390485e+00
-9.711558808591901348e-01
-1.032446805568520087e+00
-4.471475830659474848e-01
1.647820567286043758e+00
5.992181756770977863e-01
1.663212236249765663e+00
1.698081273477657138e+00
1.552962009636784213e+00
-9.341537134555205624e-01
-1.126715469120176616e+00
-5.437724218503289242e-01
-1.110739152820663600e+00
-1.962621178585990611e+00
-3.977938905169331463e-02
-2.083081837489841881e+00
-5.355586607297947443e-01
-1.073753915917003088e+00
-1.339868561804747005e+00
-9.157002234403395224e-01
-4.993948033262559649e-01
-1.878222606513513249e+00
-1.755827566466367395e+00
-1.052006113416219968e+00
-1.716470599179797496e+00
-6.469201270365313450e-01
-1.469706170386343436e-01
-2.306180433633415738e-01
-1.189002236979856963e-01
9.840853401395694977e-01
5.644727657515604680e-01
3.024985357709815581e+00
1.855019788688884397e+00
6.509556233070799003e-01
1.812008374111537368e+00
1.597758233427757801e+00
-4.051614760177029151e-01
1.076324621877967402e+00
1.250709273525358434e+00
6.285221829605602828e-01
3.025776171110359236e-01
1.516773419944390522e+00
1.881989035369472818e+00
5.826852733119278760e-01
-2.261754983803947905e+00
-1.875056896440072673e-01
-1.174144977383838606e+00
-9.990019870218427300e-01
-1.015445257281210267e+00
5.683609007819263592e-01
8.798216113024747154e-01
1.663693199376307108e+00
1.628402292974038268e+00
2.603099516805512659e-01
1.858465846119408349e+00
6.520990319834568671e-01
2.062179998808730819e+00
1.616492048984933927e+00
9.371609566894223420e-02
-1.853276173194100318e+00
-1.415291220265338490e+00
1.332546904757800910e-01
2.899913824346760371e-01
-2.628938420958660593e+00
1.306419402101029803e+00
2.562763109271088524e+00
1.376903718318974068e+00
1.396579199917312941e+00
1.575308562808956925e+00
4.868434668353524009e-01
9.852192384993837537e-01
5.136311324183040483e-01
1.621127096229402653e+00
-6.581828260630806504e-02
2.714543546308697763e+00
1.038842192329507252e+00
-2.903018636401162311e-01
1.574955400134810279e+00
1.015094356730913638e+00
5.530287122725090487e-01
6.117956708036862423e-01
2.306462486460424177e+00
2.292279106946351064e+00
2.315561600798405895e+00
-2.048851676538415933e+00
-6.660104833272558755e-01
-1.591517625091069199e+00
-1.696184888375122712e+00
-1.816785029764684811e+00
5.123809049037044705e-01
-1.133738220923639961e+00
-9.527376266443750019e-01
-1.259282546529138624e+00
-1.793920364372139531e+00
-7.862616722237807387e-01
-1.808060800502204302e+00
9.340275004522484714e-01
4.712687435843596617e-01
3.466727945254897136e-01
1.287842544856862004e+00
1.311793948123447962e+00
2.024104745660221027e+00
-2.291491798468847652e-01
1.192634588188847600e+00
-8.835930738449925270e-01
-1.695981712615610704e+00
-2.057453367186809601e+00
-8.655537098905375926e-01
-2.495994231201717817e+00
-1.081054172165870630e+00
-9.772075815189599224e-01
-3.967051775599703678e-01
2.395316961366080744e-01
-1.411900233711411712e+00
1.122792973743154121e-01
1.192569959631984533e+00
2.073253782455060978e+00
1.137644742540097287e+00
-1.992137209519282415e-01
-5.859953918093344649e-01
-6.950099573134183029e-01
5.818973945606482623e-01
-5.230105113242506931e-01
-7.174068931323089870e-01
2.119607961180481226e+00
1.853615272477489251e+00
1.509878242187431052e+00
5.823939104998574479e-01
9.654788602231816341e-01
9.476997400209606903e-01
4.444558485330853959e-01
9.148864772413184410e-01
1.258717254525889784e+00
1.619641021753963184e+00
4.191545362518241946e-01
1.723978958500254954e+00
1.724624393007624823e+00
1.575707345652374691e+00
6.469388056922715791e-01
-1.362223400130112561e+00
-2.811480048613857807e+00
-1.365494191713644945e+00
-1.582453216916670735e+00
-2.038467014447529202e+00
-1.064338762584841502e+00
-3.728933865435131167e-01
-1.056826026334118040e+00
-1.493638302968913756e+00
-6.818768257503888819e-01
-6.860635724567193394e-01
-1.081800612479854706e+00
-1.962579272993375756e+00
-6.656836676407886788e-01
-8.662000424745994742e-01
1.251939164064609145e+00
1.184196730667336217e+00
-3.284127957452214197e-01
1.426734524406709115e+00
2.544672949269727091e+00
-1.608587479183003488e+00
-1.175643806956901738e+00
-1.081096838691732787e+00
-5.451731357808633494e-01
-6.190663024400276937e-01
-1.868373697652967014e+00
-3.695020353938398561e-01
-3.137318841134995040e-03
-9.571934328290865324e-01
-1.396003475329412824e+00
2.163628733117362035e-01
3.596911497603070273e-01
-1.679030424191214621e-01
1.218809465209760967e+00
9.780000577444905030e-01
-1.552561682253488229e+00
-3.161784233509750131e-01
-1.647098016568003143e+00
1.197654060144923704e-01
-2.788739927004202368e-02
-1.881251585344222210e+00
-8.355389501581256262e-01
-1.547894384680331470e+00
-1.293027243434624385e+00
-4.149621921247849121e-01
-2.658728821145644794e+00
-1.260023464401830662e+00
-1.299638043823901690e+00
-5.262858432488433102e-01
-1.072078973883212605e-01
-1.749186007781779573e+00
-2.484754369286993558e+00
-5.955989003815382876e-01
-4.132581480873556146e-01
-1.119746797991696408e-01
1.079077322988244880e+00
2.666562450560926445e-01
2.991572870476040702e+00
1.082146611678418191e+00
4.592051535726842104e-01
4.759155897825565473e-01
-4.037523986638489326e-01
1.199063101480497995e+00
1.871335109871424374e+00
2.072237797057182584e-01
2.523516775805754619e+00
5.949772634376804259e-02
3.926910097120985821e-01
-2.917739290260099594e-01
5.535931988965132611e-01
-1.372486078167938661e+00
-1.222463046107207685e+00
-1.097326426356711959e+00
-1.544732157091972535e+00
-5.848138975101271342e-01
1.665762569516092029e+00
9.044345693885316173e-01
1.010219077348846417e+00
1.341734253902928664e-01
1.101232478326207298e-01
-1.251490265319197270e-01
1.190593379402881125e+00
1.077983611833798205e+00
1.568918428312246593e+00
1.312193546703173119e-01
-1.285173374879409414e+00
-1.641129222410226962e+00
-1.721094390876473312e+00
-1.798612291096446381e-01
-1.162599494632690300e+00
3.236762960283653401e-01
1.272756328428485961e+00
1.168977272551745106e+00
6.516065052007631309e-01
2.655651776894538685e-01
-2.171608900056693603e+00
-1.437013959132212193e+00
-8.544403787364105440e-01
-1.686805184686309467e+00
-4.733767049899788582e-01
-1.495998516950631796e+00
-4.207450774005261351e-01
-1.821899501839336910e+00
-5.115274542409375957e-01
-1.709081190431050778e+00
-2.596981088242479085e+00
-1.618167190569142155e+00
-1.379661314924521376e+00
-9.771701634017931903e-01
-9.749511352972934919e-01
1.860913781317936611e+00
2.150219276254188294e+00
8.385675450370028150e-01
9.181526991719163311e-01
9.379728347819445977e-01
1.981092867731865992e+00
1.591519666429836555e+00
1.305776440704530916e+00
-7.797612928222612538e-01
1.694632654475562994e-01
2.366140974847320777e+00
1.891852889242994662e+00
9.181275638852492982e-02
1.307215001889073580e+00
3.304698263519819657e-01
-3.931643924658397848e-01
-3.364279580432580907e-01
-8.430605246824671717e-01
-8.143912006378640767e-01
-2.219634200080846664e-01
1.713226149339955207e+00
1.667701069212526477e+00
2.122385687501233242e+00
1.714973503841477509e+00
1.521282785759223266e+00
1.091495489911396888e+00
8.107766327214669388e-01
2.009905342015787522e+00
1.392400181093108147e+00
9.029694454818572025e-01
1.927512102719810549e-01
-2.251134639476852772e-01
-2.892426367396114806e-01
-2.295280074064655285e+00
-1.358892342586728086e+00
2.857453006660884753e+00
2.849731063964688893e-01
9.424535038981999291e-01
7.650656418560681793e-01
7.919375376361345031e-01
1.411696145772641797e+00
1.366727798311673903e+00
6.160856302988038102e-01
1.760093021707538785e+00
6.328618186760850417e-01
9.093636120434063219e-01
9.239853647517909385e-01
1.268487974131724538e+00
1.188558228413999052e+00
1.295183761135157763e+00
1.468097014544170298e+00
2.552080222246766006e+00
7.496989508370484057e-01
8.362481265632542016e-01
3.654137485611230751e-02
-6.991341723939129560e-01
-1.697863673178158450e+00
-8.833600502934660925e-01
-1.341326855485827751e+00
-7.405519911615139339e-01
-1.165967257963308468e+00
-1.967533679906728894e-01
-1.313738536340383956e+00
-1.662564861756130608e+00
-1.896896292789654659e+00
-9.570937798324674617e-02
-1.744407942271572587e+00
-1.071634970182656854e+00
-1.197580632146789004e+00
2.187184251487552800e-01
9.793445154584853318e-01
2.514580320903352373e+00
2.583327070328974351e+00
5.000737308140277282e-01
8.619178142535791620e-01
-1.700081649387635840e+00
-2.573892717042305378e+00
-6.540253262237735177e-01
-1.699826602269878695e+00
-4.143334587824840654e-01
2.142927177278597384e-02
-1.718579222493056280e+00
5.131413230339867404e-01
-1.455866698556306016e+00
-1.365118847285329506e+00
1.757861273690056070e+00
8.678077635705654380e-01
1.232074489899811942e+00
1.168362744011230969e+00
-1.147966110882721047e-01
-6.030407381812535883e-01
-1.020873216336450673e+00
-1.815634204833903365e+00
-2.318147095961133886e+00
-2.410927289447619692e+00
-8.831741279149643020e-01
-2.017096365468134422e+00
-2.176427948758862030e+00
-2.938604718291264462e-01
-1.854665469313218740e+00
2.976737190815395007e-01
1.168263680647426028e+00
-1.676476232539005240e+00
-4.888165796218841841e-01
-1.234124019995356036e+00
-1.496913192142451221e+00
-5.293620200015051180e-01
-3.029587584269444189e-01
-4.602889435945467511e-01
-2.447965928263495794e-01
6.718293012985678825e-01
2.073330326551656722e+00
8.313406606013669098e-01
1.399542831673469045e+00
2.150531802374304746e+00
-5.111595819438186084e-02
-1.053533010281761939e-01
1.258865865768138859e+00
2.403831487192217065e+00
7.847595667731682711e-01
1.552205549510302651e+00
1.753507337079052153e+00
-4.088010662783969629e-02
3.777721302979627493e-01
-3.416643737498965550e-01
-5.256167446461939008e-01
1.181236393616602598e-02
-9.416444715201579552e-01
-1.798589069005029017e+00
-1.419858611442938567e+00
1.464290890339456697e+00
6.779432509309035737e-01
1.388578603802221645e+00
1.311582693838906133e+00
1.069577580055956378e+00
1.381100406548174675e+00
1.467341882576164380e+00
-1.685686571435935921e-01
1.585707768999112366e+00
3.020378201387953432e+00
-3.519141984235392151e-01
-3.725193552839004552e-01
-1.313415926199913208e+00
-1.729232257520079363e+00
-7.124254162892295072e-01
2.216461439225567709e+00
1.630257534721643253e+00
1.169928839856768654e+00
1.796652983463847608e+00
1.189511628313645764e+00
-6.724197311734947391e-01
-1.445782840451213858e+00
-1.013995909579693100e+00
-8.688072879907671187e-02
-1.227566468571362535e+00
-9.453340167758512713e-01
-6.705351824782032066e-01
-2.273522705561195956e+00
-4.585656353764524518e-01
-1.673671111086117103e+00
-2.458354760655192095e+00
-1.177105309028264823e+00
-2.922334152924371820e-01
-1.944288030911197618e+00
-6.602761091037920860e-01
1.818922935966583720e-01
1.217948325095497886e+00
7.962345063176123894e-01
8.007588502390334817e-01
-6.555956963216580391e-01
-5.159207231548075256e-01
8.104052057141148957e-01
4.262986871900086294e-01
5.648269478429579493e-02
1.802285847181193112e+00
2.064525094180966747e+00
8.817899282822618812e-01
2.025811460432680455e-02
1.049336509266834083e+00
2.521626439965294342e-01
8.600850400445632093e-01
-3.287307801417382880e-01
-1.245770481672930252e+00
-8.737424382620548879e-01
-1.167057112347318570e+00
-3.421614741115761582e-01
5.083182924208895503e-01
1.231682254041203795e+00
1.013815408775295968e-01
-1.543036378435580502e-02
1.196151251367578716e+00
2.388917932082591733e+00
1.227804618918982626e+00
1.551758004113752198e+00
7.885358452532325035e-01
-5.010240209880068019e-01
-1.478021462788909890e-01
3.064064817327993850e-02
-7.449830934252930081e-01
-1.982998872255581357e-01
1.008712609554662354e+00
5.233157670267452044e-01
7.265445826083922753e-01
8.854433280006234197e-01
2.065372140704157200e+00
-4.049765642027698398e-01
-1.157299340375537611e+00
-1.898450204904479577e+00
-8.419470466193667013e-01
-7.268355775292802967e-01
-8.896976510879310851e-01
7.751182275831072221e-01
2.100081023243887124e-01
-1.244909035034985401e+00
-2.221708191389964782e+00
-9.013479394814236656e-01
-5.995286555910257498e-01
-2.055405638366392118e+00
-1.079337570172691052e+00
-2.801372485876333362e-01
-1.702109435688599071e-01
1.495479141268540868e-01
4.776068397087614992e-01
8.976565796908195782e-01
1.903249222332562329e+00
2.234719250136402380e+00
2.018843658434754662e-01
5.038784852170133943e-01
1.181051852178597761e+00
2.097124409528122513e+00
5.032294707565957426e-01
-3.111321518001126663e-01
6.500325257867590745e-01
1.764314476626630324e+00
1.798357420587630484e+00
-1.204421738847222034e+00
-6.893776635713333434e-02
-7.062182382493122912e-01
3.329501610206690998e-01
1.413199942568506007e-01
1.116195201758945377e+00
6.470681188104571158e-01
4.692428770410949079e-01
2.846999683343908183e-01
9.929254789218810995e-01
1.736007692767084665e+00
6.347210881166038821e-01
6.450336383305612653e-01
4.750446510459324090e-01
2.372721720825285985e-01
-4.491444024230295540e-03
-7.758983827691868784e-01
-7.142965490924643168e-01
-2.147794235559492115e+00
-1.976435786174495446e+00
1.475291781913771416e+00
1.655255908801477105e+00
1.056573635659731503e+00
1.627259887408361472e+00
9.421530971925319298e-01
-1.028900571719595591e+00
-5.525029216123783504e-01
-1.491585847990759550e+00
-6.609408802387050086e-01
1.685346884645422261e-01
-2.291351283896391200e-01
-1.903326554460113673e+00
-1.192502248336203330e+00
-1.661287143493621610e-01
-6.286359877381278993e-01
-9.559163160811897653e-01
-1.193273436571465229e+00
8.384687547075335701e-01
-1.527380079359843323e+00
-1.696962747628019574e+00
7.295239634632100234e-01
6.176644189584530320e-01
2.566176734502689349e+00
1.308691568333294919e+00
1.401709255022112188e+00
1.019322539706738917e+00
1.202855088272714035e-01
1.200766103762714865e+00
8.249665632197893395e-01
1.711762554783308410e+00
1.389649850916320428e+00
2.547269575218641613e+00
2.111612185845722856e+00
-3.539537362118108099e-01
1.317201400639231412e+00
-1.633234273394545522e+00
-4.835585422343483541e-01
-1.480397468704135910e+00
-2.682095622978736493e+00
-1.736820689901978465e+00
1.709016960892754788e+00
1.296076449208895642e+00
5.981352408230364848e-01
1.188337225938925545e+00
1.217720015580764370e+00
4.601061240862005519e-01
-2.364802528380423041e-01
-5.249137470524334326e-01
1.388716098105251540e+00
1.650793366100080428e+00
-1.276486031075594330e+00
-1.850823152993919862e+00
-2.297036597010571501e+00
-6.342696456509877567e-01
-1.309719406279396869e+00
-1.005366568756045353e-01
2.475337839089917225e-01
1.115943234096486991e+00
5.854424070114422340e-01
1.441091258679003229e+00
-1.087858786868001637e+00
-3.880350731915750417e-01
-2.491084649845536347e-01
-1.048390005752350751e+00
-1.925618042618446824e+00
1.529783863505438379e-01
-1.466366187620381512e+00
-7.213269276847370515e-01
-5.226783276426822944e-01
-1.113659245364780892e-01
-1.698194570183350738e+00
-3.988766195410082815e-01
-9.490711726804224035e-01
-7.368480976026074991e-01
-4.754401226685140980e-01
1.477266490180712655e+00
1.180458809089303340e+00
4.848412338820208278e-01
7.886011603974263373e-02
9.084605975038055892e-01
1.122819744981213619e+00
9.625635825209103436e-01
1.187715139808590337e+00
1.698424646966416152e+00
-5.414822825985305954e-01
6.722485978414272090e-02
1.990366357604658187e+00
6.677418005392737888e-01
4.084549948058534552e-01
9.412731194672778745e-01
-1.646205071852853363e+00
-6.096832429661601660e-01
-2.389862583638019400e-01
-6.090250830205198307e-01
-2.036608638119311365e+00
9.456517803250064080e-02
2.008993642808063473e-01
-1.671111882947977634e+00
3.822820448366671675e-01
7.181922234323507848e-01
5.362378484291446812e-01
2.388838182737857530e+00
9.123369506730645284e-01
6.658013450355220186e-01
1.197734430547001683e+00
-7.538623795766647984e-01
1.289671732322084097e-03
-1.364692849117891349e+00
-1.438606245319144827e+00
-4.879609793593497891e-02
1.513669538405594928e+00
1.755287465976407724e+00
1.405111925694221275e+00
2.134214353618405724e+00
7.442796553090369471e-02
8.986361965210352132e-01
2.209208957512547311e+00
1.318978474674979307e+00
2.057597180866283182e+00
4.877979967609585854e-01
9.778908840898059562e-01
1.056965337952468609e+00
2.311879167999759677e+00
2.779495877213114419e+00
4.277859554192573466e-01
1.657617483450062323e+00
1.502040973529572332e+00
7.009331168800283507e-01
8.302983296032120375e-01
-3.399702527039789590e-01
-1.568917486589692434e+00
-1.079293120207893919e+00
-1.407316080340994979e+00
-4.075763849136714301e-01
-2.360701400635561331e+00
-1.075493408566568831e+00
-9.204734393743059240e-01
-7.315094381311415539e-01
-7.121721281083646105e-01
-4.571495308097506260e-01
-3.422606786564825754e-01
2.452013584478658359e-01
-7.347605359482495269e-01
-1.770254488217660738e+00
-1.228620208014157278e+00
7.350819168421586225e-01
1.919575647965220178e+00
1.488707739395686458e+00
2.031685678307009191e+00
-3.439790721922650896e-01
-5.227612586498706637e-01
-1.675699934373793498e+00
-4.971424184406325608e-02
5.043507107871425532e-02
-2.951495353938160537e-01
-3.253779071698346126e-01
-2.071271233093233910e+00
-1.600206232010978002e+00
4.300536573196662715e-01
-1.584151088645713301e+00
2.205902101429295215e+00
5.006227976679911151e-02
7.362084535090069881e-01
2.138995559972867166e+00
1.522424811176068538e-01
-5.370919289047094702e-01
-1.028325311063226444e+00
2.994312091213324756e-02
-2.745343857881606953e-01
-2.639627639824688732e-01
-2.784347538174131165e-01
-7.101595494001297082e-01
-2.222814739349390223e+00
-9.261838277117593332e-01
-2.239931105503518705e-01
-3.222324606300634997e-01
-1.860242062858761480e+00
-2.121428015621249052e+00
-5.960575463013748632e-01
-5.750108620582161656e-02
-1.234590986927819323e+00
-1.081732742272870418e+00
-1.001074729595805568e+00
-2.232698609743920537e-01
-3.972211039576547531e-01
1.115518735547746054e+00
6.578601965205869151e-01
1.464900594980231396e+00
5.131642028880540884e-01
9.146837752938504762e-01
1.535213352227597916e+00
9.412089384382145152e-01
1.400798230845279768e+00
1.343831299407165725e+00
-7.559358642146258855e-01
-7.027459741494461731e-01
-3.083628518113952222e-01
5.592286036336358013e-01
2.504566832418084310e+00
8.862761071643909805e-01
-1.463588713023626475e+00
-9.307537576578867045e-01
-6.918872037195614721e-01
1.205860089750709907e-01
-2.036139851813509871e+00
1.536242498981395865e+00
1.766147407209649689e+00
2.297847232807061602e+00
1.424327033492319039e+00
-2.648067025258651341e-01
1.000728518430747727e+00
1.366580349640546643e+00
1.395075604902189736e+00
5.744600194913656033e-01
7.224338318538278125e-01
-1.456261896071018302e+00
-1.690793317330574030e+00
-2.608682649473399451e-01
-8.257267456889613166e-01
-2.723829067032269791e+00
2.499663176914867169e+00
1.111651374499601275e+00
9.472641926472005203e-01
1.472518751528558267e+00
1.826400056302815100e+00
6.384088247277031059e-02
2.077637633961779251e+00
-2.989063754774841097e-01
-2.383201350824344367e-01
1.778023618641806802e+00
9.211471251410613403e-01
1.462703491174246251e+00
5.580268570132906891e-02
3.149002284141946273e-01
-1.541426395097806878e-01
-3.583278713710875696e-01
1.207845971028850718e+00
7.454594196037676035e-01
1.510619152125540099e+00
7.411274271992629448e-01
-4.773169555288254706e-01
-1.582609082937387779e+00
7.835175056192333898e-02
-8.037490898972188269e-01
-1.306573499779946079e-01
-2.030141820005244124e+00
2.725427108456968117e-01
-3.567910073376339142e-01
2.741938072450755826e-02
-1.897924122939209202e+00
2.233074556192264915e-01
-9.515341397390572054e-01
8.002580493918642901e-02
-1.944403074670471465e+00
-1.301306139734586864e+00
1.170626330486219446e+00
9.312247220690305083e-01
8.363116938196268890e-01
9.676100709190890159e-01
4.114536393477109533e-01
-1.766622489204158652e+00
-4.602600459731169824e-01
-6.212825439213249812e-01
-8.533171367738789925e-01
-1.492358609728011709e+00
-8.935972015102128241e-01
-1.316177380153040311e+00
-9.991845027394153922e-01
-7.607854047510425044e-01
-4.108782378577742200e-01
2.213184803749395968e+00
3.605390708917046716e-01
1.366472133577163905e+00
4.308788719880609630e-01
1.461922420534724321e+00
-2.656077098405895676e-01
1.414668101122358301e-01
-1.201056231209010727e+00
-1.489554312262208136e+00
-1.624742715414592809e+00
1.495458052331746002e+00
1.327833178934020308e+00
1.014417388847490775e+00
1.763497993040832101e+00
1.558580071944813739e+00
1.586788671652448190e+00
5.747214659121929747e-01
1.507141143682872775e+00
1.396435384142892255e+00
1.296823718272828163e+00
7.432643678811876597e-01
2.057784651545999210e+00
1.446634538997511044e+00
1.248300018823268909e+00
1.381633615476419052e+00
2.591670077745025225e-01
-1.685405117219409554e+00
-8.721356324306583918e-01
-7.312497235015039676e-01
-4.005730946277062721e+00
-8.245730409136481365e-01
-1.819317632641349824e+00
-1.983692768298775500e+00
-1.551156710363142288e+00
-7.438597181714459161e-01
-1.116266842293335504e+00
-1.269227779241829390e+00
-3.196011123668661691e-01
-6.419280416668700084e-01
-8.565144585617012751e-02
1.999922119323849667e+00
2.091991314050143380e+00
2.622766332037441694e-01
1.601124482486128153e-01
9.356576574870365537e-01
-1.289013038425849356e+00
3.709245798436544561e-02
-2.390378621108691259e+00
-2.844181515440871166e-01
8.744821321410998216e-01
-5.483223179565326344e-01
-2.150602792231333993e+00
-6.109843610906358080e-01
-1.817143795417738295e+00
-6.926203938026848084e-01
1.004600664165181456e+00
2.340580460292609466e-01
5.726488180606840173e-01
-6.689124988774119984e-02
9.528885173865176972e-01
-1.188030192290479015e+00
-8.245713493659139193e-01
-4.534446944928600676e-01
-1.162770028596478156e+00
-7.946368682330685607e-01
7.424327320188780499e-01
3.723129025732194730e-01
2.774286903100999790e-01
7.050912648132687810e-01
2.408765969602572055e-01
1.353950678126075502e+00
7.809140854767974149e-01
2.038795880818610406e+00
9.677706519702781174e-01
5.499846146851679052e-01
3.384969142932343633e-01
1.107556421603645758e+00
1.311659485366246436e+00
1.423242912254339743e+00
-4.403877727978326995e-01
-1.096019991620158951e+00
-1.826279429135562182e+00
-1.783099742665822385e-01
-1.408722846646133675e+00
-2.057615136878726769e+00
-9.673320862922282215e-01
4.412788786624366466e-02
-1.923828871835151499e-01
-2.235798757669547498e+00
6.693701128907227904e-01
-9.424980827334595856e-01
6.951659737864863686e-01
-8.566383619245996339e-01
-2.259950016614880930e+00
-4.030708040985782059e-01
-3.337985030206029879e-01
8.598128016203427926e-01
6.126106625039942077e-01
6.625189113746943192e-01
7.677816849071903427e-01
-5.275710390992673915e-01
-1.464863221099850454e+00
-4.908827574450421727e-01
-1.928361815525131195e+00
-2.554152732219832078e+00
-1.227294037888522871e+00
1.548117464223233153e-01
-8.510997104942035207e-01
-2.115966878532893336e-02
-2.245037229598219497e+00
1.457867481069855975e+00
2.409792272768176424e-01
8.939260605340860755e-01
4.281670458576612992e-01
1.715523756955996904e+00
-1.782085248846942527e+00
2.292676050251261088e-01
-2.203633259347786755e+00
-1.175724102633616930e+00
-1.248054672579383517e+00
-9.112279403680259016e-01
-1.694078395084991362e+00
-6.694493360894042677e-01
-1.850523277100026398e+00
-6.206759657344644854e-01
-1.706619876889873710e+00
-1.549527319837486372e+00
-1.836679749772505810e+00
-6.428797731103226276e-01
-1.252119932404681224e+00
-8.952046985380747168e-01
-1.743307733953545879e+00
-5.308386492794894274e-01
8.951425282648828308e-02
1.064125312931119449e+00
8.598176565154681539e-01
1.271108038644310989e+00
2.309501336910656732e+00
1.884488379858368479e+00
8.122742718207045520e-01
2.117473678285987759e+00
1.446751456987942497e+00
9.232687178803229422e-01
1.551655551638753572e+00
8.817842717570751887e-01
1.037124353327940618e+00
1.869681846076476361e-02
6.125806403916727039e-01
1.614306345530568620e+00
8.265166795343570350e-02
2.634431651192052914e-01
5.971012661328560789e-01
-3.608708500461569324e-01
-2.297639378005900568e+00
-1.740237973701634022e+00
7.247384403039672796e-01
1.528975475849934984e+00
-1.626253705174729447e-01
1.497353404183043857e+00
8.563011270841568434e-01
9.535631524094003719e-01
7.089786704194053213e-01
1.340349632406083957e+00
3.372020686286247848e-01
8.472038434449632449e-01
-1.305918052759023062e+00
-1.154987464909667416e+00
-2.268292148786928308e+00
-8.695799497026927005e-01
-9.258650390543370357e-01
1.099879911337209526e+00
1.289149000302750814e+00
1.537296115085693415e+00
9.111397621697755467e-01
3.897367441374546271e-01
-7.340027145683512000e-01
-6.102728104453857272e-01
-9.602890344646511922e-01
-1.045924224561473492e+00
-2.043289596062377589e-01
-1.816929685190154409e+00
-8.909111638076905315e-01
-1.486858361297819897e+00
-3.118132180838806278e-01
-1.109892968658186652e+00
5.335817940272662430e-01
-1.067770188851955293e+00
1.112270897268639036e-01
-1.156943396281647107e+00
-4.924837583890235848e-01
1.996572008566932066e+00
9.638246111360125878e-01
1.480022945251657784e-01
1.520653909753338029e+00
1.078747529026676810e+00
2.497800756700438995e-01
7.759637341253018405e-01
1.357773448924624482e+00
8.134427348221170417e-01
1.475575782923609580e+00
-1.217954022818066306e-01
6.966894871689610635e-01
1.870302452073256294e+00
8.496653193000636151e-03
3.254101119412828869e-01
-9.923537399771694689e-01
4.350303746206640731e-02
-1.903346888032313444e+00
-1.648033853769828916e+00
-1.782158956427591256e+00
1.297782615626862590e+00
1.635362231368458819e+00
1.283843638969764500e+00
4.749658315553665355e-01
-2.517297272444407596e-01
1.949264206822643342e+00
1.645213007272137151e+00
-3.210330429412087128e-01
4.442613807155550987e-01
5.073675426200457972e-01
-7.459653482356483067e-01
-1.897775802992890393e+00
-1.113768924788636205e+00
-1.583130414116675322e+00
-4.047758179751592689e-01
2.869153323192016325e-01
8.130073765250298568e-01
5.813557454282478609e-01
1.051566653007970586e+00
1.224503196052251441e+00
-7.486633005797260765e-01
1.464493011082215856e+00
1.344873778085151406e+00
9.330154264175363199e-01
5.161755117040679464e-01
6.333874496647585728e-01
6.463408528878685777e-01
1.643843149712952645e+00
1.878458323837155497e+00
2.224025347624010163e+00
2.835507845005375005e-01
2.669803636834394034e+00
1.274278225869442727e+00
-2.201969663462532978e-01
-3.292427509003981179e-02
-1.390725578798653217e+00
-1.006882889002020720e+00
2.836172097224320954e-01
-2.426134080841224616e-01
-4.445299603228679564e-01
3.449985989508528306e-01
1.574539138803232152e+00
-1.392954491647965254e-01
-1.897229688344451937e+00
-9.385786020888382541e-01
-3.700418444721340627e-01
-6.559721893614534061e-01
-8.120433646665858873e-01
-1.386603447858689719e+00
3.041618436413873194e-01
3.615304441399275204e-01
5.104962788065313672e-01
5.048784610007964746e-01
1.887156829953984705e+00
9.458197585709069433e-01
-1.443177285642924135e+00
-1.700061008016001907e+00
-7.129535031809450807e-01
-5.192699085592340502e-01
-8.399979731499499502e-01
-1.576186100405273072e+00
-1.668132348638377227e+00
-1.093691848293179447e+00
-1.008225862012626761e+00
-1.454911590368882734e+00
1.558353175536775659e+00
-5.696884230983845221e-01
4.848150931638470773e-01
7.062666806972972555e-01
1.487176253801016257e+00
-4.850602158960747312e-01
-1.123118171509847940e+00
-1.274719424531963741e+00
-1.385588144848100889e+00
-8.092330386806532161e-01
-1.087857917897708138e+00
-9.737767695011385616e-01
-1.314716894853034113e-01
-3.956383632430496844e-01
-8.309079228793885274e-01
-1.034821934447683889e+00
-1.528818684321848753e+00
-1.689478367647173629e-01
-1.501801801766052824e+00
-1.209013510291157889e+00
-7.824825056551029112e-01
-7.396257997474419144e-01
-1.381771106163713014e+00
-1.093975234280388786e-01
-1.021434078001086876e+00
1.564457718288477572e+00
4.493247700479717777e-01
1.517036645326793387e+00
2.004087715142230053e+00
1.235743921219208508e+00
5.820584619527013892e-01
1.547075230463873963e+00
2.897439663661768305e-01
4.347613398686156483e-01
2.246158130569165134e+00
5.178777142364527908e-01
7.583383971343460317e-01
4.261167095983945385e-01
1.716958788832527283e+00
4.508097468418119647e-01
-2.154870150472744106e-01
4.062130205563789787e-01
-1.154512370299818125e+00
-2.747911847628832227e-01
-1.981566815638688972e-01
6.780936276322563350e-01
1.879609861115731695e+00
2.026754468294018174e+00
1.479680528265536754e+00
4.222800821320376041e-01
8.399638154667808942e-01
9.738630930296452437e-01
3.324868076983404919e+00
1.348544638065064305e+00
-4.320015212416139505e-01
-1.430015305589834806e+00
-7.994248978957644303e-01
-6.981327167155060298e-01
-8.227119930451067820e-01
-1.205486858065830891e+00
1.442840539322328919e+00
1.013692519749028076e+00
1.273029592284319111e+00
-4.874663618199532866e-01
7.721787427426149986e-01
