-2.305186907175939215e+00
4.373534940822350059e-01
-1.268571271697394032e+00
-1.166589273183612274e+00
-1.604829248864792168e+00
-6.677238490435786211e-01
-2.098423136235475273e+00
-1.180845534242735972e+00
-1.083717037992358412e+00
-2.660851461169785104e+00
-8.931706822264399159e-01
-8.339039498721667609e-01
-1.055293139783928247e+00
-7.317731211398624813e-01
-2.382673542987230775e+00
1.376815828191306101e+00
-1.953461066491755105e-01
1.460018180148920708e+00
2.188857690775360076e+00
7.905619520638145215e-01
5.689080081788864263e-01
1.564743765156537236e+00
1.237305182459101038e+00
1.427046615571470944e+00
1.764437439635016869e+00
5.677246052279544264e-01
-5.255402225567706864e-02
-4.119488677043803282e-01
2.027327361387442295e+00
6.913017351061425675e-01
-5.301073812129936114e-01
-2.379153746615318532e+00
-5.260581056883948392e-01
7.287240454137311474e-02
-5.619423500091074164e-01
1.541554458728824351e-01
1.629998774941624484e+00
1.276205527820062358e+00
6.450403474968303685e-01
1.877640996533655571e+00
1.045046612392540153e+00
9.265641754674496244e-01
6.118656755024401983e-01
2.382040301457655218e+00
1.197304528217750796e+00
-2.687572912768091626e+00
2.280695977573543587e-02
-1.141524939232074765e+00
-3.398698098846361093e-01
-1.352765209973851634e+00
3.286128612700220497e+00
3.897852340923801950e-01
1.064647741736297615e+00
1.975889265006371520e+00
6.734459088321242959e-01
4.097664710277781897e-01
5.572054909804379230e-01
1.753153533836703026e+00
9.886420446278524343e-01
6.902224080557970431e-01
1.004075645957675622e+00
6.534393924000798659e-01
8.611623847995266701e-01
1.265441589430208902e+00
1.803731514097648425e+00
1.614100720464223038e+00
7.225773435372939701e-02
1.901591103571055541e+00
1.313170983205845799e+00
-6.593393170280217319e-01
-5.373632105324233077e-02
-1.222731705997692098e+00
-2.564365983264808024e-01
-8.609204012060196476e-01
-1.422449433741732383e+00
-1.538232506958929768e-01
-7.583505460575794555e-01
-8.337762686884423458e-01
-1.522544970848171975e+00
-3.106554415865079299e-01
-9.093282687100141537e-01
-2.369698835974286544e-01
-1.387958178942245491e+00
-5.221365185335150594e-01
-1.508488316209056990e+00
1.434116884367095723e+00
1.206326287030110578e+00
-1.496801482251019166e+00
5.975146095357095621e-01
3.458649384258077886e-01
-5.851878701128842009e-01
-1.247872810153974221e+00
1.083712237077693707e+00
-9.061004323658962134e-01
-1.617858685921989004e-01
-2.204662977241093280e+00
-1.654857560870809596e+00
-1.711838922259015128e+00
-6.773097035345077011e-01
-1.201416009607491286e+00
8.255297997650691277e-01
1.165375101934240432e+00
6.068431933825948477e-01
3.264020639760428999e+00
1.441485705623352320e+00
-1.383321818657742508e+00
-1.078441422235128622e+00
-1.915417452996903025e+00
-1.736546373963122836e+00
-4.507140006511889396e-02
1.794083485550856283e+00
1.628949541197107109e+00
1.273080461392621210e+00
1.248981010088785037e+00
8.203172334302295532e-01
6.090581895960291980e-01
1.601596212248586060e+00
1.087384063962198555e+00
8.543593331321477358e-01
3.729956048832149262e-01
2.574595909613517364e+00
1.404917120829133781e+00
1.650953576603614747e+00
6.376013308254406819e-01
2.420960444791836252e+00
-1.023259907349683751e+00
-2.224888974371590500e-01
1.270622663163529786e-01
-1.421715050195320407e+00
-3.176985109241601268e-01
-1.236253048743319649e+00
-1.435676140994945449e+00
-1.727821409595445612e+00
-4.056286849108082793e-01
-1.148443773130002121e+00
-5.354494705385433040e-01
-5.178957677242957969e-01
-3.411291825194602279e-01
-2.042721628434413628e+00
-6.020350658996442839e-01
2.515195550992942675e+00
4.025810827690544658e-01
1.489175146132281968e+00
1.470227938535913603e+00
-5.418819918603823282e-03
-2.300091717993810292e+00
-1.108902208628054442e+00
-1.704040787779878441e+00
-1.488898923732151047e+00
1.971227412608707041e-01
-1.471707574109194727e+00
-1.914158791286753925e+00
-1.196711108322639161e+00
9.926599822309301047e-02
4.665905697472920721e-01
-1.077377646769117625e+00
-2.535337966914430474e-02
4.323664961991291467e-01
1.634476199407406405e+00
7.705099027129237443e-01
-1.823172081262994126e+00
-1.737784614569899633e+00
-1.288774241973018153e+00
-2.039822834975599797e+00
4.944085596649041570e-01
-1.851091898474878317e+00
-2.675854895024378788e+00
-1.751663988073081768e+00
-6.111231044637459586e-01
-4.451554426306036927e-02
-1.739931809830403298e+00
-8.195873068606264189e-01
-1.067139862010591189e+00
-8.670886909903707807e-01
-1.140528334121555742e+00
-1.264189452241564648e+00
-1.029672343905695175e+00
-8.136163712875759124e-01
-4.529272591031781037e-01
9.310360857551680525e-02
1.425919420565034290e+00
4.423195547586935561e-01
1.939931399160365944e+00
5.431526512542954599e-01
1.413357784648656912e+00
1.902785388886307771e+00
1.510080845636103009e+00
1.963022660692890220e+00
1.316626850079516409e-02
1.096586699434818790e+00
8.557556533225365580e-01
6.395633793052792893e-01
3.386348407285667550e-01
1.138971808381291195e+00
2.068553113035615176e+00
-9.931720274977884344e-01
-1.553970467889691287e+00
-7.195436900603169317e-01
-9.443346999615598314e-02
-9.116774152382788321e-01
1.700727455531185095e+00
6.625014032142704234e-01
1.800601642353625076e+00
7.895938823045258736e-01
8.597136302141971109e-01
1.105439707137565453e+00
1.613206298492412039e+00
1.400375268663135886e+00
-7.070912927294736861e-02
1.903771240873414872e+00
-7.862302654491201137e-01
-1.994167249500561567e+00
-6.602267321769526021e-01
-6.675474009662032415e-01
-5.245965085816907125e-01
1.202952470008228580e+00
1.686485533672330117e+00
1.512803839289147412e+00
8.951251268868171129e-01
3.699368386451546975e-01
1.106112267738554422e+00
1.166458986538557951e+00
5.180476887375755624e-01
4.710693702849759745e-01
1.211200971458671560e+00
1.344388052888336293e+00
1.283592574485011184e+00
9.511701964700282064e-01
1.834884141112528955e+00
1.091640661504374110e+00
1.660001218384564048e+00
1.153710706794452312e+00
1.902498723181285767e+00
1.127442188548061219e+00
1.911189747533898142e+00
-5.839418820747894756e-01
-4.077163496358304773e-02
2.753681387662858526e-01
-9.715316143035243046e-01
-8.824394851102331794e-01
2.812648005500895110e-01
-5.658934688654515544e-01
-1.617896490212760829e+00
-2.307053317230914669e+00
-1.948229161354698702e+00
-7.899750758520471816e-01
-1.345332734366180727e+00
3.717488305846616825e-01
-6.652440406627015967e-01
-1.062807639291152961e+00
1.038047713791560467e+00
9.237149488381003470e-01
6.269119449069870953e-02
2.312757934904410728e+00
6.793102580090341069e-01
-1.789865463007082269e+00
-5.178654575544343608e-01
-2.091243495296351895e+00
1.198515412005261016e-01
-1.754914026293623586e-01
-7.704901116616327261e-01
-4.985202446893723938e-01
2.481041846588296629e-01
-1.044657716988238061e+00
-9.920516011581234084e-01
3.608001675012668663e-01
2.695776899888916223e+00
9.125547302144564332e-01
4.343912727412901909e-01
1.099626446222249587e+00
-2.202854452517847950e+00
-2.097195324187886456e+00
-7.392315188058408149e-01
-2.563941292144213069e+00
7.275505710480172361e-01
2.471295516681975890e+00
5.021241527493025547e-01
2.200426062161442431e+00
6.690795381364064154e-01
1.071835681631929660e+00
1.598877609943397227e+00
8.751889541675867967e-01
5.408759843026881287e-01
8.094027781144849110e-01
1.157178580294583314e+00
2.114673575839383979e+00
-1.625178979847681227e-01
9.197293123145173777e-01
6.078413750510827107e-01
3.417654612552745164e-01
-1.782929909429172843e+00
4.228605366334696747e-01
-3.752697718997666243e-01
-2.953494501805328909e+00
-4.467563821773861132e-01
-5.938708831824072165e-01
-1.412288339088009437e+00
-3.167523149435770069e+00
-1.069871254119830528e+00
-1.709352976560282400e+00
7.984064035866023090e-02
-2.121520593150129752e+00
-7.487463700514108700e-01
-5.184735364987144157e-01
-7.235794823882287785e-01
5.067385914782371881e-01
1.769248606241062616e+00
-5.058861454110328282e-01
5.500106555606772973e-01
9.714419496894326489e-01
5.679274960948346163e-01
-8.827846307971681794e-01
-1.161336338778921062e+00
-1.271575972124180609e+00
-8.826989995210628992e-01
-1.893044022677290217e+00
-9.520805984370047659e-01
-5.713467531553594325e-01
-2.701165752186076574e-01
-4.025408181256808771e-01
6.236356569210701473e-01
8.381622893933224905e-01
1.717242219344921050e-01
1.065348508047913700e+00
1.900924995078180801e+00
6.059490114223184953e-01
-1.064987742753582545e-01
-2.094715934416624403e-01
-1.588094833082712043e+00
-3.873897074615194613e-01
3.222705529139302527e-01
9.101946479774580823e-01
3.193148373602463508e-01
1.554732513907238767e-01
1.025175659824525409e-01
1.213865771194182486e-01
1.050653175941573370e+00
1.412737691538809903e+00
2.782639760983044441e-01
7.148274685745937829e-01
1.642349227239129572e+00
2.640183374289557516e+00
1.465192387897834347e+00
1.001393970464016459e+00
3.830980242613817310e-01
-5.985066961644812666e-01
-3.335034458433732141e-01
3.643612420071167257e-01
-4.170090962903837406e-01
-1.366803829349786170e+00
-1.833250392836305309e-01
-1.114575538470998550e+00
-1.941524085125169163e+00
-1.047627702880016942e+00
-2.957855763116763459e-01
-2.055119887350165264e+00
-4.971836596088343718e-01
-1.478452962731490627e+00
-7.612099424244016532e-01
-1.680090924057318968e+00
1.822141554630279270e+00
2.019168760283968744e+00
7.827219518073236237e-01
5.354189721149481551e-01
8.648464777871729403e-01
-9.523542968907915407e-01
-1.117942128219740150e+00
-7.446413731268806124e-01
-1.783412936758954181e+00
6.547045320889690601e-01
-5.619492791571588652e-01
-6.686016140045180078e-01
-1.451863085093368255e+00
-4.462329517125703804e-01
-9.720645441341360105e-01
1.668211646879286691e+00
2.296054692970573186e+00
1.113607137640397982e+00
1.238377936436314553e+00
1.629341559941985373e+00
-7.736359391021607745e-01
-1.416055314264856424e+00
-2.686448900038379328e+00
-1.720863377467150013e+00
-1.214586126465653004e+00
-5.095045959308182049e-01
1.572972634083231291e+00
6.384363808932752571e-01
-3.168854986369875615e-01
9.572336573922570757e-01
1.569975056403303038e+00
2.949172176841785564e-02
1.872698904967683209e+00
7.524734032441376952e-01
1.903862198329959732e+00
8.268537347322703068e-01
1.736731183440419768e+00
1.079042343537900184e+00
4.458440365363351976e-01
1.682558799608007583e+00
-8.193870162070615581e-01
-1.185110805863829331e+00
-1.354332571406571040e+00
-7.862275868496004794e-01
3.575693741744527809e-01
-1.559815032062520146e+00
-2.383421556527560270e+00
-1.461335742756098677e+00
-6.829073143169348548e-01
-5.033487545535363372e-01
-1.245775196466773593e+00
-1.269252238608888028e+00
-2.579569528852827531e-01
-8.525273191726123745e-02
-1.102434042304336170e+00
-1.164502447842021837e+00
2.323758096733505862e-01
2.277753221070819123e+00
9.411572596942965330e-01
2.305565134772052716e+00
-1.485054612653761374e+00
-6.441762655835105988e-01
-1.699235135588062828e+00
-1.559714455337628980e+00
-9.800742511383395694e-01
-9.367167336080876039e-01
-1.533938461225196948e+00
-1.573147716244090999e+00
-2.675955954654356539e-01
-7.934515814078419993e-01
1.268540051211675124e-01
7.563351950278598412e-01
3.493527317166338353e-01
7.484706171230504079e-01
1.649392967133291865e+00
-1.941296120667090230e+00
4.998263076632967206e-01
-1.049788125102462777e+00
2.293085839819366534e-01
-2.146508297153202349e+00
-1.004223224621792143e+00
-1.184210603919297000e+00
-1.038235506699969335e+00
-4.906918598166045697e-01
-1.294845062725471951e+00
-1.598888159351717242e+00
-6.995505699519768417e-01
-1.638487665789670533e+00
-1.735906753890110732e+00
-1.341842489203839639e+00
-1.243832668759299764e+00
-2.522057744211880781e-02
-9.292449698514320122e-01
-1.043973241728938683e+00
-8.299776223867785241e-01
8.090625903398882546e-01
1.428450276898734161e+00
1.952551212024369320e+00
-7.308395218355983047e-01
3.157452953259186623e-01
1.074921492369972809e+00
1.250929460771944557e+00
1.067007793543639504e+00
1.643462130867134441e+00
-4.103594437883240076e-02
6.943182409060002502e-01
1.497551719089019739e+00
9.527847670462766816e-01
2.816367964664286738e+00
1.387082547648772923e+00
-1.783932662270122371e-01
-4.996368068573675547e-01
-1.241529137247692427e+00
8.299330868332144284e-02
-2.952496489297321780e+00
2.048842888387261141e+00
-5.404074622095600411e-02
1.232952074542745802e+00
1.669040571059150047e+00
1.264374042868772197e+00
1.081005240937198408e+00
1.342088669189273498e+00
2.637990056357802926e-01
1.626848722505514599e+00
1.678482996662766791e+00
-1.016637992747345232e+00
-1.545499143598570324e+00
-3.287692873544786121e+00
-3.143615097932751512e-01
-1.372810331173169640e+00
1.797966556519646542e+00
1.892511818424798653e+00
6.291165874821518234e-01
1.149969862546474042e+00
1.576863336786468173e+00
1.430018579239761500e+00
1.230372718428709433e-01
1.022512143759153114e+00
8.124293379044689178e-01
8.756594733061818792e-01
1.725357021739314600e+00
1.068868963215634960e+00
1.005926606674036883e+00
9.378558927889379948e-02
1.384403545502585597e+00
1.104462342757746462e+00
2.045956790825633309e+00
2.203624486514805358e+00
7.373761302158849951e-01
2.011357541343705702e-01
-2.349185053068726159e+00
-2.440210508886082152e+00
-2.712161087012491034e+00
-8.599169585715858988e-01
-2.862622962969318952e-01
-4.983126763225010913e-01
-1.535316014261632001e+00
-1.540588763849805254e+00
-1.549576399264465776e+00
-9.595401246144188434e-01
-8.315596904090395425e-01
-1.666510828265974187e+00
-6.102823302044687592e-01
-1.874321353251350519e+00
-6.636223129465437243e-01
1.071864206821935728e+00
1.589449933820951344e+00
1.525695359003279350e+00
1.075151472980057532e+00
3.344218668204284040e-01
-1.948989692878480007e+00
-2.298320931607512385e+00
-3.153645527132018511e-01
-7.182808579095931734e-01
-7.477373871178116804e-01
-1.471644064480027936e+00
-1.519210374257423224e+00
-1.798792939186103501e+00
-6.007287970519661346e-01
-6.330554288625485082e-01
1.931526879648869599e+00
-1.324719901377686693e-01
-2.758614067075997323e-01
1.040389811991298430e+00
1.417592624351923236e+00
-9.656816190141596090e-01
-2.264731429630308490e+00
-3.434616385669304606e-01
-1.133623773043554328e+00
-9.804312231166415481e-01
6.821261133027209933e-01
1.478184770684953797e-01
-5.545257261438931717e-01
4.381152614713729188e-01
8.293460741011070558e-01
1.382753530362622385e+00
1.059178708275424041e+00
1.049427113840291304e+00
9.893408600953110810e-01
9.983021803038293340e-01
1.406983001559721336e+00
8.459189569896282679e-01
1.153186933079915377e+00
1.884414407330137209e+00
1.667832181572792116e+00
-7.050013792078482222e-01
-2.062331868578689331e+00
-1.820651872322348819e+00
-1.519760813592505588e-01
3.688576623002630672e-01
-1.111068384930920416e+00
-1.601221051847867338e+00
-1.022959563561023133e+00
-1.801220724632456527e+00
-2.603366243294123805e+00
-5.049222594949079879e-01
4.461708925109504342e-01
-1.071353274782862464e+00
-1.334285037784331607e+00
-1.621037273228304709e+00
2.617179629663115570e+00
6.991840298471454496e-01
3.317904485187131991e-01
1.788777210062170386e+00
-2.674190335069195346e-01
-1.179414737674249425e+00
-1.241661316043858765e+00
-1.335117100391041145e+00
-2.061936541723180749e+00
-4.156120261750096967e-01
-7.676160033953060013e-01
-2.256241407756197415e+00
-8.531811205873044424e-01
1.220323953554764973e+00
-2.252964972339202898e+00
9.261196518599140726e-01
1.031519950424586218e+00
-5.063030897039322298e-02
2.030999406146656305e-01
1.237643292295339981e+00
-1.474664832301632478e+00
-5.289311638438924934e-01
5.151141220764410278e-01
1.990863473763488933e-01
-8.096170335075409952e-01
-6.605308817273829458e-01
-2.186117978159336506e-01
-8.866492852042654471e-01
-1.860104600830772892e+00
-1.064140499482350233e+00
-9.244682417551364217e-02
-1.007164800340104360e+00
-1.373455336277008332e+00
2.881275122944590983e-01
-1.671533064747074970e+00
-3.818863921480792900e-01
-4.624367877423446460e-01
-5.950068997072661681e-01
-1.489714826805910608e+00
-5.835961113222800645e-01
2.067585668821744882e+00
1.514994645726631006e+00
-3.323216322065845052e-01
1.709576125634546750e+00
2.048663023415330908e+00
1.068654611888830264e+00
1.514466029307414585e+00
-3.572804825152589014e-01
1.409188537661625329e-01
1.299596177588772772e+00
1.510287583847722326e+00
5.617578886582348385e-01
5.676234485030515753e-01
1.310007443509292324e+00
-3.403171149696320175e-01
-1.799505407801753609e-01
-5.591982312024263990e-01
-1.585527882049811099e+00
-1.029123619683080415e+00
-2.407806863514182494e-01
3.859748097284210200e-02
6.460420903879561250e-01
8.335570300886925299e-01
1.760967796525472640e+00
2.642894659708756588e-01
7.016841704356655551e-01
1.494727914170173477e+00
2.342882301141241630e+00
1.385009977954879679e+00
-1.582032740025889783e+00
-1.172453287697281521e+00
-3.584715758047711809e-01
-9.275379548908199157e-01
-7.903765916797294011e-01
-5.100489499692401063e-01
4.654481860341967980e-01
-7.329846581190584409e-01
4.821122601184659739e-01
-1.452186344240922189e-01
-7.518671301100783300e-01
-1.050864386489676505e+00
-4.413495824213516938e-01
-6.074024190806001089e-01
-1.244348742811318909e+00
-6.636038803571051581e-01
1.756839595585701908e-02
4.130052970288733416e-01
-1.277668465684380861e+00
-1.099894538515311826e+00
-8.626036835888484244e-01
-5.927226036396264774e-01
8.708658721306772321e-03
-1.690144968231563904e-01
-8.724997097369924237e-01
-9.650960452715646731e-01
8.839132331148327193e-01
1.937363801315958867e-01
1.257570141742388792e+00
6.596342676306048425e-01
1.935649633412754866e+00
1.323171629523600457e+00
7.061745503820974212e-01
-1.555737812269004650e-01
2.270250291690966371e+00
2.004308372949226147e-01
6.062981377427290042e-02
1.584238121366318364e+00
1.645819853657939369e+00
8.912532672434838599e-01
9.798859648297625347e-01
-7.003458010170691139e-01
-8.499862870210547205e-01
-1.886289194483389497e+00
-1.644564564844032351e+00
-1.014635635806928171e+00
2.520548008013477226e+00
1.526593797234421679e+00
1.185072291434524860e+00
-7.714451533249455650e-02
1.163655239262677554e+00
3.690602642844980075e-01
2.147173937687452572e+00
3.478775392646858977e-01
1.429989819997892653e+00
-4.777501049873977834e-02
-1.155147585819671585e+00
-5.535662817820181658e-01
-9.504476761769554694e-01
-1.370512328032904126e+00
-1.673317433052255110e+00
6.110202629018035569e-01
-1.677784490005898022e-01
2.558821562006215800e+00
1.883967741954661879e+00
1.630632189630760731e-01
-5.475007434838297105e-02
-1.674990320907397301e+00
4.739318577765847529e-01
-1.811863563864589022e+00
-1.428668079519073153e-01
-1.439324279946703200e+00
-4.296642275814237522e-01
-2.421745635364118243e+00
1.302650329896779535e-01
3.601706626830585289e-01
-4.138470473172672914e-02
-1.664368624476954217e+00
-4.834702479722881030e-01
-7.722738851080388489e-01
-1.190028766681253902e+00
1.327820920131260074e+00
1.193080014184883186e+00
1.882873114459227004e-01
1.577705442988869056e+00
-3.063326081377177879e-01
1.423178727923075204e+00
1.591286718236198272e+00
1.545767610556127991e+00
6.031077915924309973e-02
2.370975814177867402e+00
7.398757111124456554e-01
2.330426348267031322e+00
-6.282121352432112893e-02
1.528494758740587267e+00
2.526491611909738033e-01
5.165576368414890318e-01
-1.278948651917385826e+00
-1.046440602051159408e+00
-1.606141165837040141e+00
-1.428547155479179764e+00
9.892235135346582053e-01
1.000414606980841947e+00
7.686600567102567227e-01
-7.918006026033275191e-02
1.108715115185579858e+00
1.280143033915473794e+00
1.438164156087659240e+00
2.095743292785619882e+00
1.579110359040429401e+00
1.323285844490126983e+00
-1.451044283240182864e+00
7.867517019683378798e-01
-1.118348712928640243e+00
-1.469819816494381426e+00
-9.400650585342478216e-01
1.517540835083049933e-01
1.181221488538429787e+00
2.025791709757980286e-01
1.430867572993258285e+00
-1.111455454384835395e-01
1.050637311949013775e+00
-1.411258202345440083e+00
-4.742886353589056414e-01
-9.339138495993900557e-01
-4.560350321878582358e-01
-1.799441347875468944e+00
-1.809909968693282245e+00
-1.351698715888195901e+00
-1.674851281118819202e+00
-1.332334821289333782e+00
-8.532703164764973147e-01
-2.104140723161459725e+00
-1.227123579751201898e+00
-3.534466451050879421e-01
-1.443143989981822362e+00
2.864134258771351416e-01
3.728090768328160554e-01
1.575733908523382576e+00
3.152408317055958031e-01
1.473748965812249789e+00
-1.627713067581735285e-01
1.359314047585327367e+00
1.306366327268701388e+00
4.683613415211625997e-01
1.217541456647684983e+00
4.461887312714348797e-01
1.467489504740751238e+00
4.874081406680499384e-01
1.176471218555651621e+00
1.012960595464163394e+00
-1.672915719927953404e+00
-2.505765728767693545e+00
-1.833017967631157319e+00
-9.979519870900939171e-01
-8.185327338708348055e-01
-5.347246029212004981e-01
1.453343427950273936e+00
8.406379187688524102e-01
1.056394618570778876e+00
-2.485251827897636545e-01
1.424416407862763467e+00
1.573430548758332881e+00
2.016465875163691468e+00
-1.766314778463429214e-01
3.233844341787358578e-01
-3.176923377736717846e-02
-1.041910103247566388e+00
-1.779911968312370751e+00
-2.552343134924799806e+00
-8.341989107030464146e-01
1.342203327241282107e+00
1.707766855277674356e+00
1.084400852936937554e-01
1.002809053531145578e+00
3.301646732867012934e-01
-5.994593249705681970e-02
1.041728140906115430e+00
1.580071627629747288e+00
3.880730528864267947e-01
1.413542954105841520e+00
4.697119649648662243e-01
1.663590770660346774e+00
6.967834140870723392e-01
4.426972252053578138e-01
1.345761751454904065e+00
2.708265013422725964e-01
1.452235056179569606e+00
1.661988155921242827e+00
4.737163923232102780e-01
9.729192408908466927e-01
-1.566204086877342805e+00
-9.037472968565388731e-01
-4.507357706417112198e-01
-1.399057700822048389e-02
-1.269207892117357517e+00
-1.164996026420210384e+00
-8.052940919075211035e-01
-1.890535968667158784e+00
-1.327095642427757127e+00
-1.591793627766636021e+00
-8.967043841882469390e-01
-1.725195912280322652e+00
-7.409583245613997615e-01
3.069050951239624681e-01
-3.602856097801055979e-01
1.533342391272560779e+00
1.967525550173334636e+00
2.146896131942377828e+00
1.442291747511770250e+00
1.429216065351885945e+00
-2.716577191968363447e-01
-1.313423073643134931e+00
-2.478640651369825587e-01
-9.757808256062916463e-01
-2.667772909275381910e+00
-1.569649577289329967e+00
-1.482001432577765510e+00
-7.862163501740890847e-01
-8.241731768402601466e-01
-4.355143964529464284e-01
3.395739914451987307e-01
1.787429718123540123e+00
1.829780108544259987e+00
1.491578950728124742e+00
9.085686004281487982e-01
-2.401729099275000223e+00
-1.384206853992699937e+00
-1.403640623943184895e+00
-8.559163337448523201e-01
1.637674985148243056e-01
-1.719653557963387147e+00
-6.424214781502791682e-01
2.310000488627677040e-01
-5.512598569603112120e-01
-7.644541338184286383e-01
-1.106268985070080868e+00
-1.953318100251371092e-01
-7.221266402666295381e-01
-7.812338472157740465e-01
-2.363132988617324681e-01
-1.960541454697973585e+00
-4.635213956920988254e-01
-1.256676939225782164e+00
-1.419710578297681991e+00
-8.936999657602354707e-01
1.025962251088883059e+00
2.494630403081230519e-01
1.804847375237743412e+00
3.549460777148405466e-01
2.175953716958258788e+00
2.728588518208038272e-01
-6.891506723450389060e-01
1.948698858193008032e+00
7.476583612395809597e-01
3.923578317088799450e-01
1.853034594105802402e+00
1.217679049860717289e+00
1.739153441697457447e+00
9.410108472991965956e-01
2.042620947008384036e+00
-1.455533648155508786e+00
-9.104851003259606390e-01
-1.311016790319082581e+00
2.714796507486831878e-01
6.523681228499289553e-02
1.476795941065220719e+00
-5.334955510600432049e-01
1.303025902179200335e+00
1.505764245944180013e+00
1.415551719055819779e+00
5.689536984612119097e-01
8.061356221078908035e-01
-6.328511923904653891e-01
2.223015994208753288e+00
1.651419930418188464e+00
-1.232873156707007478e+00
-4.414223498422262804e-01
-2.734880882396787172e+00
-1.770637855323284660e+00
-1.003200957615398847e+00
1.554229980317680226e+00
1.219238463120181581e+00
2.476522893704960815e+00
1.544602381719316853e+00
2.800934761901708869e-01
1.418152380629887910e+00
1.396772352481028712e+00
2.227617992733839092e+00
1.207495024521981763e+00
1.276486428806159923e+00
1.446629120371112132e+00
1.926725066474232362e+00
1.673380537776706367e+00
1.585381676667817041e+00
6.713219574086275454e-01
8.187107607739071424e-01
4.572821970985437856e-01
1.662214286884107661e+00
1.219406932133729526e+00
1.275362977827604549e+00
-1.270857093161217755e+00
-7.520082006777304429e-01
-2.046016666759407965e+00
-1.103816730871326257e+00
-9.700149263206220285e-01
-8.394349622542579548e-01
-1.807533155713421991e+00
-2.286628639139941299e+00
-1.058481048892735421e+00
-5.090667364250007765e-01
-2.501659288237625400e+00
-7.623405961495204330e-01
-2.117268210984077470e+00
-2.232456015701690610e+00
-6.070239292584829194e-01
1.724107341970700924e+00
1.598318128659106385e-01
4.495893602417200263e-02
1.234230566088118985e+00
9.345453933476834951e-01
-1.170192300255689100e+00
-1.898053361588170063e-01
1.731590960213864605e-01
-8.938196676058109968e-01
-1.035426122231390966e+00
-3.000469605905932147e-01
-1.397663717940477834e+00
-6.642186557601255092e-01
-5.845289068106447328e-01
-1.712334819740557235e+00
1.277368099555563408e+00
7.822741973089053502e-01
5.321635463495189011e-01
1.013152160609798180e-02
1.387223339655540677e+00
-1.324345014387286135e+00
-2.785021686359749893e-01
-6.728838169728965646e-01
-1.960972829153398544e+00
-8.117598636291636360e-01
7.044627569336685546e-01
1.927059006341569347e+00
1.084735514137769696e+00
8.870996550262201241e-01
1.146045865236324790e+00
1.008549092148843807e+00
4.973312355381975802e-01
1.258718144855099030e+00
5.892471366222098439e-01
7.318766098576710011e-01
1.693443322908044557e+00
-2.856814417834148134e-01
1.916078510939149382e+00
8.858155209411677777e-01
7.338134496017866271e-01
-1.098531188722449814e+00
1.144576006925899669e+00
-8.314360092726618134e-01
-4.320330446610266550e-01
-4.560916541332546981e-01
-1.377295844769760746e+00
-5.049634376253296919e-01
1.990864448376521434e-01
-1.348575017557443356e+00
-1.698402685090026232e+00
-1.051271371347650918e+00
-6.998420025035120284e-01
-1.050696868700259801e+00
-9.919909423290574901e-01
-1.097207310658447454e+00
1.740639463403514053e+00
2.048924258206628046e+00
1.251496235881994767e+00
3.896329403259770618e-01
1.627658279749087722e+00
-1.954526141258822403e+00
-1.103655490504906078e+00
-1.283115096359942697e+00
-1.019920077140982428e+00
-1.168097302791933023e+00
-1.907376328308076241e+00
-5.755044493692434981e-01
-6.628834367035283393e-01
-2.308492232978838654e+00
-1.876973620669567744e+00
7.996364967393991829e-01
8.720257647719598104e-01
1.997348274028071913e+00
1.777536980214918128e+00
5.818659511808702556e-01
-3.501054383298299877e-01
-1.737136378477271759e+00
-1.272924337235827430e+00
-1.232284800095011956e+00
-3.455070112677953720e-01
-1.609662364606825768e+00
4.826612944497821189e-01
-1.460965587433434187e+00
-1.549947258075297096e-01
-1.379949430719186632e+00
-5.914150224008367651e-01
3.590577396177223601e-01
-7.358384316494408495e-01
-6.680469136572521061e-01
-3.896644461559586325e-01
-4.721741403523619374e-01
-1.067181114344553094e+00
1.138290774795809313e-01
-5.213825699423757509e-01
-7.902466898588189625e-01
2.484420589029551429e+00
2.303146230491057711e-01
5.745637733521898882e-01
1.153716239790067988e-01
1.028687723465229631e+00
1.679044298476744412e+00
4.820313319290101539e-01
1.480358112474080112e+00
1.160307712642578482e+00
1.443369399719809598e+00
6.851087804454674135e-01
1.423546704548752873e+00
1.491475075341146761e+00
1.767815291963974467e-01
1.554692379876208452e+00
-1.694673541796865024e-03
-3.771829022041952584e-01
-5.233291441501111141e-01
-2.223135100554614940e+00
-5.305362613881113854e-01
1.348420361745320761e+00
3.834085489211117581e-01
7.417173031341001144e-01
2.302896728728696552e+00
2.579918526215383423e+00
1.709964836390485576e+00
5.143088764568408688e-01
1.285916586952562835e+00
2.075288565728234946e+00
1.233341382290192634e+00
-8.791013530249559560e-01
-3.785744238311845589e-01
-6.719726539833532630e-01
-1.273646610131698775e+00
-9.759710078307011205e-01
5.902414700448450624e-01
2.624992662571370872e+00
1.927064766838731735e+00
-2.400765433358138523e-01
3.166250625594054791e-01
1.447578138034394390e+00
1.278583650868367450e+00
1.166027006247569497e+00
2.904713599177644046e+00
-1.138310295223177171e-01
1.881896952188902850e+00
2.098959303443448832e+00
5.394695224622532148e-01
2.275157685643900862e+00
4.023507054246961978e-01
2.046594841779115548e+00
9.243124650924010588e-01
1.895602208171403014e+00
6.077383640797858755e-01
4.291115960706780585e-01
-1.675880988060455934e+00
-2.748451645236981156e-01
-8.289331955419743103e-02
-1.225971855315135528e+00
-1.399181885980545381e+00
-6.026680318157083827e-01
-1.428636238689072080e+00
6.019848219828904945e-02
-1.880367406237117622e+00
-1.374420491391529220e+00
-1.291816735709948372e+00
-6.526390896080913606e-02
-1.385978846588237445e+00
-1.186569693426748451e+00
-2.508209824025915413e-01
1.709885840635448462e+00
3.254176510321098448e-01
2.209735561885048494e+00
8.583872429341374843e-01
1.206123184919181135e-01
-1.362982490303002336e+00
-9.560242718928491090e-02
-1.866141275153465173e+00
-2.278630933169081274e-01
-9.890289019723775832e-01
-8.663353618287499280e-01
-1.540909914745249631e+00
-1.366249967446513169e+00
-2.155440219354330944e-01
-1.762565572827420546e+00
2.199036411791315260e-01
8.671485041847526443e-01
2.733138100286963468e+00
4.913992395204839214e-01
9.428913091874502328e-01
-2.073570473157566152e+00
-7.138763833744428133e-01
-2.641482992987799427e+00
-1.788587102742144719e+00
-4.019341039870050203e-02
1.401298583981515522e+00
2.129488080901078106e+00
4.851486613218386479e-01
1.766869425364946178e+00
9.084440167203000627e-01
2.155238248273141366e-01
1.849397171506609983e+00
3.216736228261521946e-01
1.076545080388739084e+00
1.364790451921897629e+00
6.971370870999626934e-01
5.758693060094257632e-01
-9.172037408569311268e-03
-3.834950754839576703e-01
2.862232269548937724e-01
2.467696106822192537e-01
-1.235909112868256665e+00
-2.174791897072935853e+00
-2.124428371752401734e+00
-8.645444518632325881e-01
-1.508318011961348626e+00
3.957179977236546797e-02
1.324964888602160329e-01
-5.358169218767558917e-01
-1.841316001825031412e+00
-1.503739667859160134e+00
-1.104695793473803089e+00
-1.114546043287432120e+00
-9.666958355525067104e-01
-1.219927297501847585e+00
1.991908414546172956e-01
8.000471303292953085e-01
1.187164890200857803e+00
-1.264967810594113118e-01
1.586704126489712596e+00
-1.748758371838039061e+00
-1.289525847009984183e+00
-1.493257316288548742e+00
-1.612196360156687991e+00
-1.045670288270026838e+00
-2.366954762148048008e+00
-9.468165265408192699e-01
-1.552231294309869725e+00
7.410642414847155024e-01
-7.606642077954168801e-01
4.775182060259803851e-01
1.231984884766718524e+00
1.295593846817270300e+00
-5.653585315397711142e-01
1.979743864849722312e+00
-1.556083978024654479e+00
-1.321019804333124492e+00
-1.259752196675921088e+00
8.077664234683430422e-01
-4.843655800196141614e-01
2.280082796004591295e+00
3.250748559069724930e-01
1.671960538663793017e+00
-5.912188464969176938e-01
4.718197702956026252e-01
9.374675108806127533e-01
1.281122693053362349e+00
7.453219593955036082e-01
1.937104974325818407e-01
1.430063189498153697e+00
1.638499525337182572e-01
1.760562426876112863e+00
3.824612394533861703e-01
6.719608643575586404e-01
1.099487646915484618e-01
-1.087396547659017498e+00
2.842313790835615528e-02
-4.875240209982680817e-01
-8.258490354096734709e-01
-1.995679438268482819e+00
-6.052839708222761406e-01
-1.655897471435913593e+00
-5.988522189179980026e-01
-2.355401632529808609e+00
-2.617256063737600780e-01
-1.376618051213600591e-01
-9.987722823963469665e-01
-8.342792605714766108e-01
-2.328523738953236499e-01
-1.542172231869183952e+00
1.035730306157450764e+00
4.086988531653901191e-03
-2.376639025080378165e-01
1.814931714083210190e+00
4.127229205913084398e-01
-1.005962898478956591e+00
-8.495831114116658700e-01
-5.163422149047028897e-01
-9.668252410821210896e-01
-1.723112625504845230e+00
-1.868630541668219402e+00
-4.140272126523412144e-01
-1.572632739677047642e+00
-2.214999981745660929e+00
-8.550622543989727653e-02
4.770614860120205858e-01
9.258736579656646759e-01
2.394372552899242113e-01
1.169969305446765251e+00
-3.178826561381054017e-01
-2.380172383544608694e-01
-1.803996250233304233e+00
-1.004995037135954172e+00
-2.408629239348854423e+00
-1.734801482068180523e+00
-2.412524335255135099e-01
-1.453217086809119873e+00
-2.185558647329212345e+00
-1.008584894408343757e+00
-8.552861988847805241e-01
-2.406750187178847256e+00
-1.907429586561135482e+00
-1.427551002448626205e+00
-6.241775931197059979e-01
-1.674282645245843693e+00
-3.036459774595858807e-01
-8.920475557625391350e-01
-1.260976247579169707e-01
-4.503150641993050041e-01
-1.220689385300514740e+00
2.104714308658494293e+00
8.543466155278911511e-01
8.392489329426741085e-01
-2.120785373566185239e-01
3.849203584467157935e-01
8.933179123691059598e-01
1.506870109412862924e+00
1.456600782052504872e+00
1.658782770079745728e+00
1.049837918021462535e+00
1.779856212433957863e+00
1.289155213916077791e-01
-5.527266413212252871e-01
-9.493675904381970732e-02
3.847304437727355753e-01
-1.475052924516617736e+00
-2.434346131028789273e+00
-1.328755021616859544e+00
-1.909876860375907537e+00
-3.817700953282989751e-01
1.452850503572505225e+00
7.865414420705600929e-01
6.252349978476667847e-01
7.464199365033147293e-01
-8.200950549707419768e-02
4.202204044626872692e-01
1.566934594120791946e+00
1.076237125683489282e+00
1.551399925789720191e+00
1.668380737542082937e+00
-2.025802115097197209e+00
-1.535473382033680778e-02
-2.304591168872373252e+00
-4.330845402693703772e-01
-2.202308048922757777e+00
1.104488785583713772e+00
2.624879795260668836e+00
-8.918822309916973889e-01
1.146797563963720457e+00
-1.667126790552522220e-01
-4.904818701470964326e-01
-8.692545788491408132e-01
-5.983901817575054682e-01
-1.532789491369463963e+00
-6.180036282668295300e-01
-2.233221935162778671e+00
-1.443010673514122821e+00
-9.303584922742792473e-01
-3.738719815385382894e-01
-1.386990337747944668e+00
-1.179880021748101804e+00
-1.506363038408084165e+00
-1.723979838560497635e-01
-8.777165537058041478e-01
-1.888454890049943380e+00
-2.014500254260287448e-02
1.608635000373029644e+00
1.132855775639402207e+00
6.504964956116382480e-01
6.780968493380937767e-01
1.526078784074125672e+00
1.001417477977670778e-01
8.890249581057073636e-01
3.397885574603516368e-01
1.761287643521626478e+00
1.430893860897595182e+00
2.298894978456274885e+00
1.955673646969044110e+00
1.876941619680089213e+00
8.216576521575136294e-01
1.389349436095567381e+00
-6.981094655833046669e-01
-1.963006665395550243e-01
-1.532719459276326024e+00
-1.875035944643717034e-01
1.667427201918128432e+00
5.928600853362542278e-01
1.710127182260033019e+00
4.618168818772931949e-01
6.323686737120364221e-01
1.827024835179428930e+00
4.950413426879599621e-01
8.468520992658896684e-01
9.089227809807404190e-01
8.927830546268230583e-01
-1.213261844859486294e+00
-1.402119561722792618e+00
-1.311803930759570136e+00
-9.143639783842707480e-01
-6.383342237027481714e-01
1.681145616355736117e+00
9.802627834056956146e-01
1.931836341491375952e+00
9.256309606214757624e-01
1.627599431750241799e+00
2.841402011164642527e+00
3.460890113975981786e-01
1.106081312672617223e+00
7.670284536382476759e-01
1.113878738428385251e+00
1.758708774899854221e+00
2.591842619792434910e+00
1.370071940507813890e+00
2.292277172969962695e+00
1.928045550203850933e+00
6.544966364853256335e-01
2.226466681469818631e-01
8.284395029924087606e-01
2.150029786431626455e-01
1.428704969410169223e+00
-5.804714383809483902e-01
-1.530105114669769062e+00
-1.285862365009867725e+00
-9.750616280844727202e-01
-1.840162447793894041e+00
-9.063968454775392924e-01
-2.103574334809888313e+00
-9.333127618011737292e-01
-1.283968132293979325e+00
-3.361037254293893772e-01
-3.624932783881784637e-02
-9.131375929337782749e-01
-3.152399850494451705e-01
-1.180097307636671866e+00
3.163985479825166536e-01
7.866495260264881884e-01
2.259745169508212470e+00
8.598807863155917275e-01
3.529023762837640854e-01
4.935172297384959883e-01
-5.192413634427031077e-01
-3.699002119830485658e-02
-3.168628951556891060e-01
-1.537695566387814239e+00
-7.660136453075394591e-01
-3.314578552149740620e-01
-9.685582124257774428e-01
-1.119112578657520007e+00
4.584751362245473860e-01
-1.795025570037270590e+00
3.306856686265799983e-01
1.738130470662354377e+00
1.315121350134162981e-01
1.386918275932103040e+00
5.938045589704433747e-01
-1.103669586914234779e+00
-9.382970417354112858e-01
-4.779175793443475317e-01
-1.201662991769184119e+00
-9.607385436424528136e-01
2.156200513032182631e-01
7.794977674289814695e-01
1.914281523737992874e-01
1.791492582799898203e+00
1.744874059350109086e+00
2.532665293383377758e+00
-4.242849644673971632e-01
2.083807401795246150e+00
5.825769597670726885e-01
-2.025206746478587228e-01
9.637037396331100680e-01
4.842612104863214251e-01
9.116812806112492007e-01
2.177217396499775859e+00
9.986721983138747705e-01
-1.064014929107076401e+00
-4.266942097811410317e-01
-7.017489964661263180e-01
-1.720832524487208692e+00
-1.007187866753178618e-01
-4.773931347742307318e-01
-1.227426943974604390e+00
-9.013852809422343570e-01
-8.193484181594283822e-01
-1.081739886162711661e+00
-1.706009087393612678e+00
-4.430609407377352760e-01
-2.364852937593757698e+00
2.135603067284301826e-01
-1.329835300388063191e+00
6.610985401762462521e-01
9.720507760650182183e-01
1.372095757585373832e+00
1.698062627940970293e+00
1.478226160523744559e-01
-1.307506903657981390e+00
-1.080078383116378715e+00
-1.596770198731164658e+00
-1.527723259421452928e+00
-1.666993412620030535e+00
-1.802400992790004652e+00
-1.305914957885871530e+00
1.319427999869829726e+00
-5.143501207194018932e-01
-1.864843634587007415e+00
2.360725205155301154e+00
1.620257724499357455e+00
1.546816387930152192e+00
9.398325259733915082e-01
9.009760268549145135e-01
-3.017083614815483372e-01
4.686183725252375254e-01
-1.585786641235367389e+00
-2.104350653945665339e+00
-2.261608509789719834e-01
1.705835529464105438e+00
-7.734140037091115083e-01
2.283025335912396869e+00
8.760884668625488203e-01
-2.468186877422944292e-01
1.025757785368067720e+00
1.658426565897543892e-01
-1.291147168749411378e-01
8.798053153231786272e-01
6.357676031304966280e-01
7.643924247285356355e-01
7.592649476903138295e-01
3.732692549825711303e-01
8.445382091395675639e-01
8.849786913797266230e-01
-1.499104056498249182e+00
-7.839606633425666438e-02
-1.701999534901997846e-01
-7.329112370352188766e-01
-6.040874268481410958e-02
-7.429265166269443110e-01
-9.012565521721338513e-02
-1.027072698475394841e+00
1.093997545040304331e+00
-1.286732245188624280e+00
-4.305364625463000694e-01
-9.877514283010085938e-01
-4.621294196194799531e-01
-9.227836169458109028e-01
-7.135242142850062308e-01
1.128793810060405356e+00
2.188028440810626751e+00
6.669906561443357251e-01
5.053126133186145452e-01
2.862125867208556995e-01
-4.540406452746205135e-01
-1.291503764229055884e+00
-1.332332148631402369e+00
-9.656126223747563131e-03
-1.301238816535157605e+00
-2.719974740560160420e-01
-7.031041839870284527e-01
-1.052532965008716515e+00
-2.338600623118833433e+00
-1.356507517591442058e+00
1.541453973348726247e+00
1.812254189739101573e+00
9.238883381732810873e-01
2.948001357497567199e-01
1.380619356906557016e+00
1.622873821675885342e-01
5.975151524330521990e-01
-3.688375516573300095e-01
-1.595595541301644715e+00
-8.879144563722473071e-01
-1.367293020441177287e+00
-2.048167313894048824e+00
-1.321288609214786636e+00
-8.394109885715959063e-01
-2.637172299769486861e-01
-1.514540805012790869e+00
-7.816129115900254387e-01
-1.447162277196582636e+00
-6.979037993629031433e-01
-4.176823066364372394e-01
-1.614890912221349506e+00
-1.267191703683126169e+00
-2.329633789727671100e+00
-9.680666907699251311e-01
-5.198109207736627546e-01
9.907873697831051096e-01
1.870991777010546420e+00
1.539182257839684098e+00
8.147675060376875500e-01
2.168365165120513360e+00
6.069239089420104261e-01
7.766061690171661702e-01
9.905268826587605435e-01
-8.645808905057124072e-01
1.446972475291915083e+00
8.154179766044342692e-01
2.271756803600069041e-01
4.146964850164718275e-01
8.961593608730461513e-01
9.442500717098317731e-01
-1.748421217581328513e+00
-1.584948530011599521e-01
-1.658118344911132525e+00
6.507840829575228803e-01
-4.896583737791724289e-01
2.516941322450092500e+00
1.426335272153442801e+00
1.320099630588703166e+00
9.386986184607754025e-01
1.269441713698549190e+00
-3.465383387426017592e-01
9.075083304205654455e-01
1.847410131650302656e+00
2.125131810487201456e+00
6.495414837347313064e-01
-1.009328371770910060e+00
-8.706592634688999910e-01
-1.105614994235009974e+00
-1.601617781078017222e+00
-7.759909990712002825e-01
7.996459843719123661e-01
5.761013422890297608e-01
1.333970018272665925e+00
2.002016576589592534e-01
1.915412917956282879e+00
1.706631773766113414e+00
7.852983051590600727e-02
5.965839052669325016e-01
4.969959864580596465e-01
1.006974269758869500e+00
2.421795678806304419e-02
1.555519827617244388e+00
7.818816702432135335e-01
6.704452330972420215e-01
1.011772989637523157e+00
1.571755471390315240e+00
1.851212858748838563e+00
6.091466313919611242e-01
9.243366002571414830e-01
2.316328812718442265e+00
4.460314209558129406e-01
-1.266314665958946151e+00
-7.448110192155765752e-01
-5.567162132496932259e-01
9.285094384108336651e-01
-3.163262977723898528e-01
-1.640480697821967926e+00
-9.898228620617350870e-01
-3.425518772001459045e-01
-1.406165905331240307e+00
-5.948484404934964997e-01
-8.473189484885541578e-01
-6.378581183890971174e-01
-1.030171586544500251e+00
-1.726910142815143878e+00
6.646350343963074447e-01
3.549051175123842938e-01
1.262829546195835206e+00
1.613968272838447682e+00
1.489286058291168224e+00
-2.839079016352172857e+00
-7.849390311416771793e-01
-1.076466325045396522e+00
-1.020050604266287575e+00
-9.655712791055808264e-01
-7.557310307069959876e-01
2.527339752104913462e-01
-2.148491573262873544e+00
-1.204908289665490795e+00
-1.209810874931601887e+00
9.302609500347789329e-01
1.263736735115585930e-01
1.360738889403007690e+00
1.530118942736222731e-01
8.018623794115016246e-01
-1.620776980287336855e+00
-7.536445556696997894e-01
-9.613872333999969877e-01
-1.060662615953305021e+00
4.558031188271243206e-01
9.321833125736245229e-01
1.494391342199086203e+00
1.218708542274460793e+00
1.734102609865908917e+00
1.065605224491935177e+00
4.983420261483280100e-01
2.030063822129881235e+00
4.336699811077497912e-01
2.077102284748129524e+00
1.481382911617201703e-01
4.116289365948518908e-01
1.782571234140276628e+00
1.006033410326148569e+00
1.857134006885369226e+00
8.003165730806963696e-01
-1.399360495503132906e+00
-1.615067862761137230e+00
-6.058173962991826311e-01
-9.247425864852161226e-01
-7.729593133488509293e-01
2.215786833056294647e-01
-1.082903328418173272e+00
-1.851939720069722961e+00
-1.414698437788477037e+00
-6.280899988727126626e-01
-1.418967366211054681e-02
-7.572952130051562314e-01
-4.768512634805902595e-01
-7.826474792635973454e-01
-1.255202929607411644e+00
2.081344864573842379e+00
6.418186365634140911e-01
1.306211353395086538e+00
1.795053398782453957e+00
1.248673752381577406e+00
-3.396335623134861814e-01
-9.494151089316515968e-01
-7.433923077125235146e-01
-1.519300578443777194e+00
-1.431752010971606204e+00
-1.222333636221176967e+00
-2.042835458608931454e+00
-1.480494546806026879e+00
-6.299615671469506184e-01
-1.636949561923110696e+00
8.160203592514954085e-01
5.728945520455012153e-01
2.732786767813733420e+00
-1.662134601356166641e-01
7.794472603274312794e-01
-2.198455599947311878e+00
-5.128414926606723601e-01
-1.730532292410343898e+00
-9.667386927625793991e-01
-7.455089985037433031e-01
-7.204284692889607600e-01
-5.019503978402291011e-01
-1.409668710382370183e+00
-7.567879863309827648e-01
-1.602609377296315696e-01
8.863249891049811424e-01
-7.382604221930713084e-01
-1.129565926797123421e+00
-7.765903509701544971e-01
-2.021375115150831903e-01
1.479663039577543415e-01
-2.059976818758260109e-01
-9.537831102218633506e-01
-1.101431957657496685e+00
-6.531758814250631096e-01
1.104588224565846266e+00
1.833221215165729223e+00
2.280693194473974117e+00
1.661951164099174427e+00
-1.578962607118434835e-01
3.358258138897953771e-01
8.705045932255236485e-01
1.203847299622393674e+00
1.160022984553770176e+00
2.370091726828393863e-01
-4.124648875925542857e-01
6.266405055370216637e-01
1.417976437016489566e+00
1.892697324298204364e+00
5.629023225549301124e-02
-3.300776161086123039e-01
-1.861129510601058357e+00
-5.291937203237557785e-01
-1.297752000347475621e+00
-1.463376974801158248e-01
8.170685727964253076e-01
-3.945378560790779865e-01
1.644971548345040668e+00
-4.835473273375652248e-01
1.432121378847698523e+00
1.220529388877001686e+00
8.983973502211313189e-01
1.413637376760990438e+00
9.653799524823886147e-01
3.452947984756177258e-01
-8.612920970283692856e-01
-1.398024523543011988e+00
-1.482283176949487746e+00
1.618733126832985203e-01
-5.362467546314710898e-01
1.824520018909135732e+00
1.938020963609848879e+00
9.337060156523725452e-01
2.364199651805661606e+00
2.163956689548498513e-01
4.402852841718907229e-02
-8.779829955875537717e-01
-1.286257014966789125e+00
-1.643246596164981810e+00
-1.352946998701218151e+00
-2.202317728623393034e+00
-4.352227065898325309e-01
2.013419964370086745e-01
-2.939024764772162346e-01
2.238437729574060953e-02
-1.833237502393222584e+00
-1.957479058424662188e+00
-3.382522036917868791e-01
-1.754956119848831264e+00
-5.176207702380816178e-01
-1.949181437530309591e-01
2.900732227847859779e-01
9.690040859156560105e-01
-1.378281685624602737e-01
6.220959709144067151e-01
7.512795515481629494e-01
1.327918432512797509e+00
9.521776285948689855e-01
1.158716252382552936e+00
2.114462836584248162e+00
1.681703987856493443e+00
5.253726926298961653e-01
-1.484534276195563773e-01
3.907753547919323722e-01
1.817140232229736974e-01
-1.451621550879055311e+00
-6.627337841637088722e-01
-1.402891423617704802e+00
-5.138544503619270065e-01
-1.362617230071063723e+00
-8.635997165705990852e-01
1.351332747480270324e+00
7.238541582353055226e-01
1.821368300067631951e+00
4.907174656913172450e-01
1.597021035995173754e+00
1.012578167208558311e+00
7.675027240299661102e-01
1.222966694722003034e-01
-1.271963637266055880e-01
-7.773155320666765844e-01
3.527490816493421555e-01
-3.358361615987527360e-01
-1.700992819492952890e+00
-6.205943310669986834e-01
5.812919912341283357e-01
6.078745284677821159e-01
1.451359935239443955e+00
1.230697060470454796e-01
1.051337502045268435e+00
1.053883333951663781e+00
1.654850737992422438e+00
7.139828959565190925e-01
2.364730261764398378e-01
9.201597265800598446e-01
1.813867494207937803e+00
4.110597163305453883e-01
1.128447254132343147e+00
1.702460693973628647e+00
1.506835768205755599e+00
2.703934894718213133e+00
1.209940888992750985e+00
1.982151196120738756e+00
9.085498830876358456e-01
1.482831569975952668e+00
-1.552020489818845883e+00
-1.084085338408795174e+00
-1.806597625809788887e+00
-2.138589484557035014e+00
-1.069519462349875161e+00
-9.345409036979956952e-02
-1.856198328015580934e+00
-1.230740433310236970e+00
8.286524081263402230e-02
-1.849872801018455082e+00
-1.353663608245136540e+00
-2.063710329987154424e+00
-2.039350615265329569e-01
-2.567032467847754962e+00
-2.700441524124959525e+00
2.235240246524060614e-01
8.686987928828118211e-01
5.083678902174235681e-01
8.559751596452394029e-01
6.492043820615824856e-01
-9.252521652926848361e-02
-1.356032168445541419e+00
-6.784344959765999938e-01
-8.127580502521265515e-01
-7.180152084796379564e-01
-1.669603620724127158e+00
-3.255721317652736424e+00
-1.519381612821288696e+00
-1.817125500680468297e+00
1.770196864092337119e-01
9.062023250247884798e-01
1.675171234095782502e-01
9.628515635384649052e-01
5.848860382637357525e-01
9.333201668782914462e-01
-2.909544601486877546e+00
-1.626617261732683506e+00
-1.056116505959016738e+00
-3.506455749901544738e-01
-3.758574472718205772e-01
9.305213494148066866e-01
1.382213729657857826e+00
2.323723474839169523e+00
1.937374886297663856e+00
2.007543853032346393e-01
1.582946735492904100e+00
1.405685928908024129e+00
5.081569561502482513e-01
3.034807852516973048e-01
2.642538814682561465e+00
1.806288843801013844e+00
1.421522739857873807e+00
8.462714218303755143e-01
2.822149026287734674e-02
1.026678272889730570e+00
-6.756829415916481008e-01
-7.324067612288931439e-01
-2.019226998457107403e+00
-2.081683809701496468e+00
-1.100715789789965537e+00
-1.648682074625133831e+00
-3.233229188899403583e-01
-5.575323667489169299e-01
4.346764034718897385e-01
-1.935268465217290235e+00
-8.982540961617888620e-01
-1.040995863787688824e+00
-1.273387072576240842e+00
-7.052048778462649548e-01
-1.518566479560111038e+00
2.789001652319838431e+00
9.223545177693894814e-01
9.028616647315023114e-01
1.868397211841616778e+00
1.641388138525015084e+00
-3.567255930499352301e-01
-1.006027241226233437e+00
-1.243261201316290032e+00
-1.380594850693666054e+00
-6.463649582246477898e-01
-4.286446789133242508e-01
-1.990403680977930190e-01
-1.137713211385052769e+00
-1.782314856410645465e+00
-4.800331566106897929e-01
5.239917286238595651e-01
6.363628383598282090e-01
4.355577270657755573e-01
1.430226826889525515e+00
6.046565633029719056e-01
-2.445789461908808304e-01
5.465782662532971958e-01
-1.719771195920272389e+00
-5.223534626221737476e-01
-2.095370310943094783e+00
-9.251049920541560834e-01
-1.021098383548412425e+00
-9.070294219894791121e-01
-1.084412541122841134e+00
-1.890559728183536459e+00
-2.113314446777557976e+00
2.313615562002178105e-01
-1.765184813506241346e+00
-2.764389777916696822e+00
-2.754737041402916198e+00
-2.286091139261148264e-03
-1.266474602543814942e+00
1.803622458382136973e-01
-1.396508400067586919e+00
-2.602096443643898915e+00
1.234290942364824506e+00
2.056248181800832686e-01
1.777928913402208044e+00
5.193357066072021855e-01
-1.069455266273537930e-01
1.202776133830386840e+00
8.068366224902991934e-01
-1.494630120037734322e-01
1.104310540332940738e+00
1.281377747495988428e+00
1.755897135685511978e+00
1.643892675163967088e-01
6.040492514583168937e-01
1.533432314494408422e+00
1.842634468588209007e-01
-9.553766281540770899e-01
-1.181491966068105137e+00
-1.696576746278000147e-01
-1.272143170010804347e+00
-9.899056487715035546e-01
2.106056050479899078e+00
9.725012304217575121e-01
-5.444358373605195922e-01
1.606331443099812795e+00
1.308537876125007049e+00
2.201923897613137004e+00
2.557786825283800081e+00
1.018163889894487806e+00
2.240457383802239022e-01
1.204376143816735523e+00
-1.982782840124365675e+00
-1.867729682599530427e-01
-8.469780380283434829e-01
-1.899937819469697864e+00
-1.179268399295807512e-02
2.132261783058249982e+00
1.295208627368256371e+00
2.341134435750439113e+00
1.958995366750856615e+00
6.130175437587573883e-01
-4.204958481668932269e-01
-1.712694950402070981e+00
-1.538119984082811476e+00
-3.151661734298063511e-01
-2.064412058162350405e-01
-1.391697969253365086e+00
-1.886780142423940987e+00
-1.640314082625703440e+00
5.746476464425227526e-01
1.728626079653583503e-01
-4.301513428659262672e-01
-2.368938093513471177e+00
-1.861239178619900514e+00
-1.347407147495129465e+00
-1.339478338406024926e+00
1.926965008299628135e+00
1.660696927970868986e+00
1.169024158755063159e-01
-7.497171917693656873e-02
1.357651059804484861e+00
5.183156633869218100e-01
2.059078548261680242e-01
1.951559899469579751e+00
3.660487297307027932e-01
-6.526084406056931186e-01
8.849493129982136663e-01
1.539194380025202591e+00
2.013828453095695359e+00
1.720395940964211778e+00
-1.405262930873237615e+00
-4.449018710914693919e-01
-1.946990170441492696e+00
-1.064460915025521093e+00
-4.142730989634541006e-01
-4.227778639581041276e-01
4.314729938008222687e-01
1.224399830504635522e+00
1.127296402237301765e+00
1.473604853779301394e+00
9.705640646593858278e-01
8.668442258252028187e-01
1.135753486234637677e+00
5.758761499880504786e-02
5.125191453681603448e-01
1.000005544876715335e+00
-6.593550961548424461e-01
-1.939988622406783936e+00
-4.775481474120693015e-01
-1.602087341345841409e+00
-1.183405545711314621e+00
1.090612705906514046e+00
8.611682047711921584e-01
1.432873367066281434e+00
1.382434290455113235e+00
9.552945311488255653e-01
-1.322221292762548295e+00
-4.442043074111775569e-01
-6.375193602504809487e-01
-5.593719852785208335e-01
-1.532756380011390362e+00
-8.190092632694074837e-01
-9.891480393763374401e-01
-1.361594828332186591e-01
-2.419630147249907104e+00
-1.210573649787727968e+00
4.503315265880158957e-01
-2.424343298779274569e+00
-1.393514841359627443e+00
-1.006151691487404243e+00
-4.973612611863200694e-01
2.086417445197958465e+00
1.192396658759465655e+00
1.482377965008292664e+00
-3.700246822575661287e-01
1.866207982433362389e+00
1.686308169981046712e+00
5.821732045491594398e-01
1.647895479656292572e+00
8.296571201176201615e-01
2.096340060298639063e+00
8.471695467949619252e-01
1.426451532110147191e+00
5.296987088000242316e-01
-1.932990399974832130e-02
6.012452144835703782e-01
-4.030125549894225667e-01
-1.294817882726303715e+00
-4.621334589856194164e-01
3.139609803275971167e-01
-4.755406499992704816e-01
5.977052817094212767e-01
6.768490330660108523e-01
1.002641148740331278e+00
-4.473935151615142658e-01
9.967745554606872727e-01
4.614297630845340947e-01
1.825269669494435698e+00
9.392519146120763551e-01
5.907583660070053755e-01
8.920316659168077145e-01
-1.968440889168088237e-01
-2.041928912745910818e+00
-1.645215052076820506e-02
-1.862687692116479887e+00
-1.384429623995308889e+00
3.263500671238566131e-01
2.452965869474247107e+00
1.343566650240760385e+00
1.796396127277375854e+00
8.036223823299798452e-01
-4.015038013769478553e-02
5.238047674089578720e-01
-1.533160572348584605e+00
-1.197854779705332051e+00
-5.750647921178084765e-01
-5.305592687183545708e-01
-8.560640845508793451e-01
-9.569192226221233666e-01
-1.231207742786988080e+00
-3.993886693138211097e-01
-1.129019770591722205e+00
-1.663459088215930359e+00
-3.035028951741869374e-01
-1.347751379740095512e+00
-1.940944253339818015e+00
9.674544648873927288e-01
3.736240037944894565e-01
6.475008915888983418e-01
1.708596319032177346e-01
4.819244471090065041e-01
1.313613848019539398e+00
2.815988966284920236e-01
2.946486676654874071e+00
2.926228093390516261e+00
1.469400450912450307e+00
1.472714057590633896e+00
-1.856001944548864024e-01
1.165681299127743653e+00
3.144328561909073283e-01
6.304768523723864870e-01
-1.456324171589967298e+00
-1.093868433921180605e+00
7.557821658460883718e-02
-8.108183912633901702e-01
-5.379669333129943887e-02
1.824463772072245860e+00
2.418209504881482452e+00
-9.603294465587008943e-02
2.094375923359665492e+00
-2.172431474590852396e-02
1.169845668445756992e-02
1.522799686878710812e+00
1.911459244437396787e-01
2.475938317852579562e-01
1.221361120049773152e+00
-3.770622247634027868e-01
-7.038828263017729014e-01
-1.527167277533293843e+00
-1.087286035098947945e+00
-1.762597216886585549e-01
2.582137325503665704e+00
7.580767048771067662e-01
1.411498680752156343e+00
1.612321992224197809e+00
1.750023333116514923e+00
9.229076156366163852e-01
2.389577169338072959e+00
-2.707271668313082635e-01
1.465016937854798584e+00
1.655428109065254505e+00
1.530878078017663624e+00
7.358355493759620725e-01
1.443976883051139470e+00
1.506864856702317290e+00
-2.557470676880193583e-01
6.822255306504055872e-01
1.087100675245415982e+00
4.244316492400050933e-01
2.003381374910976120e+00
1.613701453473613157e+00
-1.418920571621928195e+00
-2.658845802654479229e-01
-1.020909468432168676e+00
-5.833947886452319764e-01
-9.136263345263698765e-01
-1.790190555751449253e+00
-9.371967487749662817e-01
-1.508361357027210081e+00
-1.002970231126793843e+00
-2.532277455662165444e+00
-1.402450215865656435e+00
-1.473106419986739635e+00
-1.488059653433222440e-01
1.923223269280827097e-02
-1.819895515784831108e+00
1.161916212389662029e+00
1.838190541470916539e+00
1.520663224319453999e-01
3.885632528620106552e-01
1.398651425337348764e+00
-9.432626543738749092e-01
-4.368084753249279473e-01
-1.084120262260426237e+00
-2.283598338558779917e-01
-2.529667609369901982e+00
-8.613760797470968456e-01
-1.917235487080637402e-01
-2.735050080409551221e-01
-1.146035575593829403e+00
-2.020842202734116633e-01
7.076150650492180061e-01
3.394470201393198217e-01
1.509837651789271984e-01
5.915838595674932643e-01
3.479875142662564036e-01
-2.005536680164661245e+00
-1.620147993373637796e+00
-6.868991487290851961e-01
-6.400608946395471843e-01
-1.198067817868893714e+00
-9.292929703576217060e-01
-4.285847738791866979e-01
-7.385967363923460205e-01
-1.209362848434499815e+00
-6.453749448000742905e-01
-1.007114772872741870e+00
-1.381764841860120718e+00
-8.495373885049665175e-01
-7.539470936811207835e-01
2.526734088979143422e-02
-2.613496022242078887e-01
4.167807057074852661e-01
4.110391089153579980e-01
-7.842502021380035604e-01
-9.205453815717343780e-01
1.779353357547361014e+00
1.494947407909790194e+00
2.093626297233546651e+00
2.383471275369079656e+00
-1.376263124897516565e-01
1.644664801206261462e+00
1.293872236391475194e+00
2.081236377651594527e+00
2.256875849057693006e+00
1.360721089379925752e+00
1.172789573463475898e+00
2.303978323401212336e-02
1.050354718076404348e+00
8.162294065353796757e-01
1.767274849961766314e-01
-9.999124518622588553e-01
-8.368216114579404286e-01
-6.853526309584700993e-01
-7.851390083205868065e-01
6.199693786041364785e-01
1.108756703590530801e+00
-2.023987339529471630e-01
1.029210868979421711e+00
1.011557390705406512e+00
1.115287527531054756e+00
2.827404459305562945e+00
7.568681543939107526e-01
2.143081407453247822e-01
2.344606797205934789e-01
1.190041922541244857e+00
-6.862007761838273545e-01
4.897577462590896324e-02
-8.893386138995412749e-01
-8.956581515832197082e-01
-3.166963913982294709e-01
1.359241791049696335e+00
4.127144442153107828e-01
1.002611681830678503e-01
1.025903104644712904e+00
7.615162671983890519e-01
6.872530611320355476e-01
1.079714582264407641e+00
1.466547937853778016e+00
4.140273034907112626e-01
4.520219716056479431e-01
1.096489182112962313e+00
1.088193272641784004e+00
1.879648247448878262e+00
6.022673692869817685e-01
8.203573785180972022e-01
3.627525896050526333e-01
1.267179402185093506e+00
1.466376820868865005e+00
1.872807606087067533e+00
2.576153047099684068e-01
-1.075757295550501036e+00
-7.783704203861424586e-01
3.638044614777280472e-01
-1.474292567187699854e+00
-1.602448663630350989e+00
-5.741447220433605336e-01
-6.588695775023863943e-01
-1.543118953342491384e+00
-2.015452869348178133e+00
-1.086488890393640716e+00
-5.474095965828593702e-01
-1.086407696393717259e+00
-1.312802205746722795e+00
-1.240952841139568719e+00
-6.872972992907689926e-01
7.125857470173659891e-01
2.484939154770655634e-01
5.200136045331738011e-01
1.796996940321611280e+00
3.562825882978575276e-01
-2.802742445796637671e-01
-9.618634367933662777e-01
-1.221764349093983570e+00
-5.012460892002745805e-02
-6.689333710870570826e-01
3.791651226586667534e-01
-5.809588705139822062e-01
-1.169996609152928135e+00
-4.926519203654491363e-01
-1.273622110090136594e+00
5.450199128187722675e-01
1.757612153970091962e+00
7.671634135888891759e-01
1.125123789406233810e-01
7.650823515456381951e-01
-6.297337987780859958e-01
-2.506454131990589751e-01
-1.320579577149799455e+00
-2.378025082354177089e-01
-6.701074492733817278e-01
1.698028163093560527e+00
-4.771457561790248825e-02
1.144898610738186662e+00
-5.630225494667633335e-01
1.773942453550922282e+00
1.237881541467246382e+00
-1.805153458779193976e-01
1.967094144305468140e+00
8.514938707428543196e-01
9.754842135387900015e-01
-9.849001666226064877e-01
1.002969208017282732e+00
1.590488819479234595e+00
1.836512472567597420e-02
-6.342653768314643337e-02
-1.075626107304573420e+00
-1.018725064604599995e+00
-1.911213188235636018e+00
-1.928252819662303885e-01
-3.796841996584183754e-01
-1.120414023440121642e-01
-4.493846270155574807e-01
-1.648037816495157015e+00
-4.165456979485357980e-01
-1.457254253725456916e+00
-2.509400287482182801e+00
-1.962917083777566685e-01
-6.134503264398594169e-01
-4.875396776539028254e-01
-1.098593940817323311e+00
7.113119876661779806e-01
1.500315179225005346e+00
1.173749218353626222e+00
2.822039219258862808e-01
1.562107474097043758e+00
-1.444199624524690861e+00
-6.392614220294088323e-01
3.238509878207751491e-01
-1.067182728671793424e+00
-1.167183298580747319e+00
-1.503563814800898957e+00
-1.254201201896061324e+00
-2.420710586516551466e+00
-9.990541571780326979e-01
-2.464703924930398138e+00
9.315959673776047500e-01
7.223943774489223202e-01
1.756011336690994851e+00
5.901415208935140155e-01
-1.777980586411098685e-01
-1.916063695937020750e+00
-1.454658905342366859e+00
-4.259820145294007654e-01
-5.363529571684026998e-01
5.533938004303611269e-01
-7.506776383285508336e-01
2.270535001263833674e-01
-3.070638096545508233e-03
-8.604246605903134171e-01
5.936579477935364224e-01
-5.159237057837149365e-01
-2.291385380589864518e+00
-8.165128012149845960e-01
-9.193136713358001089e-01
-8.792045170205391447e-01
-1.533111131690025442e+00
-9.201878823626391535e-01
-5.248817623269267374e-01
-4.136417886858048121e-01
-9.067280634482935975e-01
1.344965979943085976e+00
1.259211131346187784e+00
1.476808686059958742e+00
-2.711562165656931089e-01
-6.522398156542295045e-01
1.821866383755029739e+00
1.339212282188452674e+00
-4.106605437708350514e-01
1.504515352863127653e+00
1.611961543250011175e+00
1.636944589533849914e+00
5.082436671829160257e-01
5.406667300201850601e-01
8.630295069762559113e-01
1.163606649738410770e+00
-1.192958169396228785e+00
-1.070115910858326913e+00
-1.341030965744532510e+00
-1.567213595911649548e-01
-1.751608847655255818e+00
1.508978532842531362e+00
1.216640013871385539e+00
2.740028451079650207e-01
2.014002736171994101e+00
-1.810578263923559028e-01
2.702948526961928444e+00
1.417875737532686475e+00
1.694487043882930699e-02
6.718571748383395104e-01
2.318112372532300292e+00
-5.291307159190004050e-01
-3.873279672863351175e-01
-1.382980813904120199e+00
-6.153983085772755102e-01
-2.600127980100844560e+00
4.216491147888599134e-01
2.261462046288772454e-01
-5.582436853403338617e-02
1.555419639226033546e+00
1.744564478672971930e+00
-1.456950303610867525e+00
-1.336358086657003064e+00
-5.117893476542476616e-01
-4.249592812806790576e-03
-1.486779533690023580e-01
-1.462127972506486628e+00
-6.221305058709296620e-01
-1.680404469895715014e+00
-2.018209374290178992e+00
-1.442855407407765966e-01
-1.421741326997472576e+00
-1.492205580250471897e+00
-1.448254495417374166e+00
-2.000548541064087082e+00
5.224569480523479914e-01
1.127396277637923383e+00
9.092696149494385871e-01
5.850023425039552194e-02
1.065193191459106403e+00
3.566895163603045482e-02
1.914658972179072993e-01
1.422652602406784261e+00
1.541443995286568835e+00
-3.326731730093790418e-02
1.329850690360268928e+00
1.356144988783988925e+00
4.695337375157353499e-01
1.585462089528398177e+00
4.600577068120506041e-01
3.354448626259828092e+00
-3.170935611965322032e-01
-9.686096318199750588e-01
-4.657810239631604565e-01
-1.628958441318262285e+00
-8.075826659539648844e-01
1.389744200944386998e+00
6.508621347990998229e-01
-6.089131519477408716e-02
1.881578804680176020e+00
6.464795754240504344e-01
9.006399256545710719e-01
2.355569258843781100e+00
5.371381027756300108e-01
1.328828069943495560e+00
8.824396445100978204e-01
6.516254699181729393e-01
-1.000875091575256670e+00
-1.654011201664233432e+00
-2.464084923356182344e+00
-3.875493767986109006e-01
9.087268198232123506e-01
1.081340921176998648e+00
7.404617622695280899e-01
1.121217367904211226e+00
2.231156952460694676e+00
-2.214407037243135701e+00
-6.776627562270659544e-01
-2.338477978068320695e+00
-2.446425366258861978e+00
-1.546889496870842429e+00
-2.497333560112031670e+00
-5.010058190749512308e-01
-1.115374238214736913e-01
-1.634126938205728186e+00
-9.902481535331382201e-01
-4.645220086044288266e-01
-1.330251659529114283e+00
-1.637037399892856238e+00
-1.912373873945925062e+00
-1.030351749109145620e+00
7.163360892317225392e-01
-1.031973917787976092e-02
5.109679391145353078e-01
1.554927148203678833e+00
1.247764977155837895e+00
1.263405665044233572e+00
1.950094119006927418e+00
2.035037881375383328e+00
1.765843979783752848e+00
1.677378315307244794e+00
7.489955131894827645e-01
5.931430712551137852e-01
1.307474049433603014e+00
6.222905964157225966e-01
5.738770792151386413e-01
-7.867961352150296683e-01
-1.597564966106813866e+00
-1.397720190276128926e+00
-4.542369074425613995e-01
-8.031057081051429236e-01
5.694189921760377526e-01
5.567968051519023298e-01
1.350533796048017043e+00
1.571825046229871514e+00
9.782692120520670720e-01
6.260203115925379036e-01
1.409972806494840025e+00
7.568075536992137087e-01
7.857090906474269998e-01
1.135592507235314130e+00
-6.486943329321763763e-01
-1.430621681570932946e+00
-2.322506529215546678e+00
-1.233513520035922850e+00
-6.565616705414318854e-01
1.827110279555415273e+00
1.219180006550253159e+00
8.074530903367990176e-01
1.991787149904449716e+00
8.371822398874950721e-02
-1.361879941108846026e+00
-1.281649174074097841e+00
-2.504885213721850246e-01
-1.873091418679766695e+00
-2.170609042945806699e+00
-6.614024518530827734e-01
-1.655014336048513224e+00
-8.692969448487415374e-01
-2.014154021106625336e+00
-9.977881195798913305e-01
-2.746204516550140085e+00
-1.256650205862879011e+00
-2.504321493418947275e-01
-1.698465996357972685e+00
-1.481202869037835379e+00
1.207978075803455287e+00
1.736392990218570187e+00
8.074504770166281986e-01
1.452616839610584298e+00
1.147711276144699699e+00
6.998806215437178846e-01
3.743658305091446259e-01
9.865965433690306874e-01
1.603994764095885373e+00
2.035734309235256667e+00
3.020584071621078559e-01
3.344581176942482692e-01
1.093492414259764622e+00
2.129654687625585296e+00
8.308790758994057946e-01
-9.974924137579248562e-01
-1.368240953095624546e+00
-6.404029262885125862e-01
-1.345998323202259872e-01
-1.316507332395886465e+00
8.307042500762626958e-01
1.832757098574065546e+00
1.164884389689982758e+00
4.980518373591008574e-01
5.292510368181853053e-01
1.834365177334484454e+00
9.322319033231568630e-01
1.403556406070574747e+00
1.045117407646630969e+00
1.829164121039819735e+00
-1.803940542602280761e+00
-1.816279194555338705e+00
-1.638886219596250804e+00
-1.785406704041738957e+00
2.731144102373224136e-01
1.477208333026742482e+00
1.358951729955033993e+00
1.712068682264209052e+00
9.067876770463780822e-01
1.114271193318884023e+00
3.910647925550614357e-01
2.288882655343421835e+00
5.723171480661394250e-01
7.833565736130387869e-01
1.760420434625542541e+00
2.036169555109578866e+00
2.279789971208399990e+00
5.661071199988079172e-01
1.266460290593951932e+00
5.867340102338896024e-01
5.496649317826454162e-01
2.489825971260541060e+00
1.426903988769581799e+00
-1.258381354460018642e+00
1.979454379156988963e+00
-2.115603050137853103e+00
-1.532924742674487639e+00
-2.138911318946407292e+00
-8.382795524885263694e-01
-1.453474994997922654e+00
-2.156233844662129417e+00
-2.302831285402315853e-01
-1.450507794908364900e+00
-3.442693460703805108e-02
-1.131369501945381106e+00
-9.307025723183761645e-01
-2.686728301736086566e-01
-3.128460932183392273e-01
-1.258905561993874045e+00
-9.249819878290805875e-01
1.082052415279848523e+00
5.101283477351979956e-01
4.609499427510186376e-01
5.115651887676184728e-01
1.639668976304969883e-01
-3.304543663695093114e-01
4.209234426118153571e-01
-3.232709681479106756e-01
-8.527871102367103884e-01
-2.022828056226241955e+00
-2.674716439323522321e-01
-4.042437967634051610e-01
-6.602947005362717059e-01
-3.989500742210552175e-01
-1.590414147514968235e+00
5.375931988111859461e-01
1.637244942499031630e+00
2.372152326282358725e+00
6.893762103772530514e-01
1.071189110900150343e+00
-1.222955843220648431e+00
-6.019632281144182695e-01
1.056366882053614287e-01
-2.292183506274906968e+00
-1.842607768444848748e+00
-8.445865133582204365e-01
-2.870839986348316941e-02
-2.661106362596621366e-01
-1.449817569185252841e+00
-1.301026225075518239e+00
-1.591123516074512967e+00
-1.805107728140904699e+00
-4.093302645004747164e-01
-1.661408769055920942e-01
-2.338222553043056706e-02
-2.877541246835546573e-01
-7.313536803362203909e-01
-1.131178801391408362e+00
-1.847901327878812339e+00
-1.114114887360986073e+00
2.335614158506361893e+00
1.088999132573822859e+00
6.037458487941365082e-01
1.172159295219254549e+00
1.307165318865824322e+00
-6.959058815071506032e-01
1.453658465523441023e+00
8.065488286014600439e-01
1.075480870506880127e+00
8.249549454527963510e-01
7.890158112550929026e-01
1.217616502322589334e-01
1.533161262579650685e+00
1.577353258119793100e+00
2.174720569883321186e+00
-1.052134652603846643e-01
-8.520350611397996543e-01
-9.593491723622237233e-01
-1.942106954839175170e+00
-2.105448093099082207e+00
1.147795606604202989e+00
1.796152635517541230e+00
1.342720834299335753e+00
1.823242838081478023e+00
2.509365380281830316e+00
1.168917834595720961e+00
6.480345674062200079e-01
1.436505195546347480e+00
1.869759302604218298e+00
1.880517464623387980e+00
-9.166406488920516571e-01
-2.774201127061527439e-01
-1.602449314006095804e+00
-1.436065816100493331e+00
-1.651329038730235510e+00
-4.467924570965051689e-01
2.013724279708390963e+00
9.590418911297945437e-01
1.189660277353365325e+00
1.693406665709757508e+00
1.548302247408683385e+00
2.078943209735612196e+00
6.712821232076007227e-01
3.258318205813787172e-01
5.414637925677768804e-01
9.224364614161295606e-02
7.795782718073857032e-01
8.212185908744069618e-01
7.077199893246270967e-01
2.235302792512838366e+00
1.674966287202518833e+00
1.677652994832544930e+00
2.465182257613540706e-01
1.316911729339960146e+00
1.353258995652667718e+00
-7.269553057344002589e-01
-1.036391635522903032e+00
-1.647762714309492393e+00
-6.089102799272940736e-01
-1.435418204091559957e+00
-2.205803553688915564e+00
-1.227600028521492082e+00
-5.945599703017132587e-01
-1.772261351781125871e+00
-2.708583369777446848e+00
-2.440261400436099848e+00
-5.809616658516725263e-01
-1.454767006961291020e+00
-2.096888472500315181e+00
-1.183080967944557749e+00
-4.671461772134275492e-01
1.880421582456062168e-01
2.258721869665887283e-01
6.666597115799839379e-01
1.175121477677989468e+00
-1.126328735928465274e+00
-2.654078671440875947e-01
-5.285283169798882241e-01
-9.431774414284154195e-01
-6.544968831899278250e-01
-1.951390055838031046e+00
-2.852151905200785542e+00
-1.245967586499090674e+00
4.642104974321132893e-01
-6.127748760269212669e-01
7.716080439509099831e-01
1.530243740475696557e+00
3.848606259745819269e-01
-3.465423665178546386e-02
1.620867406668806687e+00
-1.206696059122697839e+00
-1.255280687596632028e+00
-5.118506525318292644e-01
-1.655864627770725850e+00
-9.713114170252534763e-02
-7.648686819895844646e-01
-1.355717917119095617e+00
-1.904207371456012376e+00
-2.060622966481387763e+00
-1.285934394456779817e+00
-1.798916167346936046e+00
-1.120514540823463800e+00
-1.436548023933627016e-01
-7.397161852134227500e-01
-7.668230552024890567e-01
-1.404035829500390076e+00
-1.528286002592007309e+00
-1.296920150664046423e+00
-8.711171015964339626e-01
-2.993326407581575754e-01
-3.568269327293198678e-01
1.301994153348450478e+00
1.620669900647204953e+00
1.795422546577554623e+00
5.728474479025985611e-01
2.325072028697921400e+00
1.564478488209505969e+00
1.394181589074506178e+00
1.303579820243110809e+00
-8.402672774796315913e-02
-3.328422298927451450e-01
9.546680145220340918e-01
9.983036564317265826e-01
1.145190431429723654e+00
1.928024957091762914e-01
-1.711551399202984269e+00
-5.247725654176664811e-01
-1.569905182969570490e+00
-1.711628945259617618e+00
-1.327500270484107681e+00
4.360353512942455323e-01
1.139729705721790776e+00
1.185168347554957702e+00
9.391621881301193131e-01
2.406990665786762129e+00
1.420849992712160059e+00
9.942741796522276410e-01
5.853613775593879964e-02
1.008348426830600664e+00
4.909747422852736021e-01
6.210502588082502662e-01
1.153703551359419599e-02
-1.455517681160150012e+00
-2.379555230921662101e+00
-1.148247951072010498e+00
1.783467954335717476e+00
1.809548349953012281e+00
1.510401516118649701e+00
5.914689932975990549e-01
1.118826366855105947e+00
-1.096463250357468944e+00
1.133598714783064842e+00
-6.134929086135170184e-01
-1.388464995741609309e+00
-5.596954518950788549e-01
-1.639011464967168541e+00
-2.140115446819697897e+00
-1.177500734870028598e+00
-1.262043945644235388e+00
-2.312881458745140506e+00
-1.265039628024567486e+00
-2.874742284965165595e+00
-1.601397339571668077e+00
-1.572406084086681588e-01
-1.656983633662081346e+00
1.524274479406136917e+00
1.371932159929554640e+00
3.407346042370928973e-01
1.548583983188898117e+00
1.630071827924865380e+00
1.862121700361295762e+00
9.943239632616842627e-01
2.827382140278616340e+00
1.849485183999599824e+00
1.403241814316392500e+00
1.318398556648342712e+00
1.279797650349823179e+00
-3.129906620004414552e-01
9.255014319382386390e-01
8.581826092687323548e-01
-3.456264552448700123e-01
-3.833236638292718546e-01
-1.855363992096573433e+00
-1.696096562550454045e+00
-1.495174347574596663e+00
3.673709210168462080e-01
8.177022253952310749e-01
-2.258006109762369373e-01
9.865084047104404341e-01
8.500988977016706860e-01
5.706643557915866971e-01
1.200189172041517427e+00
-1.552326485736938988e-01
2.825140581921165683e+00
4.901307694228008716e-01
-1.159315889077707551e+00
7.370528729453762473e-02
-8.048861598436466425e-01
-4.217546667579619157e-01
-8.303372574064055156e-01
9.799246182042964382e-01
7.613786435938089125e-01
4.049589219274561946e-01
8.673438605632405318e-01
5.699660953688833187e-01
-2.151541714131580463e+00
-2.172223651715715853e+00
-2.376608884068238670e+00
-1.007119062046312186e+00
-2.027750593070395624e+00
-1.311840895293635345e+00
-1.335369497150699747e+00
8.172994227004819479e-01
-1.198133638726593286e+00
2.396285254957879474e-01
-7.100745545551311322e-01
-1.552711301647233588e+00
-6.196616857948155088e-01
-1.113420286165641260e+00
-3.902809320294844397e-01
-1.952694320065369027e-01
1.672017030973180107e+00
-1.130517378355784253e-01
2.295763210119825981e+00
-4.911574854386742128e-01
1.315778927385701680e+00
1.714165999679420960e+00
5.461289750808608900e-01
1.448918314393833340e+00
3.888798701382277789e-01
1.655465386223761826e+00
1.118208772886613023e+00
1.560267675488252515e+00
1.128497750167114955e+00
8.485797295731166701e-01
-1.010833038932075656e+00
-2.037286536508542412e-01
-1.524585931811958339e+00
-1.489944858217752577e+00
-1.102592345605181823e+00
1.360792556776246442e+00
2.508552319045387780e+00
4.953378649636450692e-01
1.180256368938920497e+00
1.146518262595838111e+00
1.693267032363779734e+00
1.121605276533437667e+00
1.464204891853186696e+00
1.337316994880182186e+00
1.128525720093200846e+00
-2.127963998537087065e+00
-3.953296149275462579e-01
-1.678425260320628221e+00
-1.173811876089652539e+00
-1.052694625609112755e+00
1.029241300555713501e+00
-6.645927875484876068e-01
7.291951257981008627e-01
2.422178458726532480e+00
2.849711464123136473e+00
-4.298300377748580647e-01
2.351983367118184454e-01
-1.181487048263314410e+00
-1.708601939775882705e+00
-3.966007469271928265e-01
-1.892012760945165573e+00
-6.912622023691653572e-01
-7.437379062380552464e-01
1.232704350143732697e+00
-7.659598691223336031e-01
-3.140375224644695873e-01
-8.345443075676414191e-01
-7.520525688738686210e-01
-8.579081103555541432e-01
-1.065980263887515322e+00
1.158778850104031921e+00
8.943516618972223720e-01
7.206040073317866446e-01
1.637133009699996311e+00
1.253627874514747553e+00
2.369646171050511452e+00
2.586445407552158571e+00
3.052900704024360756e+00
1.828385830804486689e+00
1.569048919527779695e+00
6.197353267194067872e-01
2.659834251041868658e+00
1.849939644628852742e+00
3.431622022585889553e-01
1.847894362804500368e+00
-8.973300618775723603e-01
-1.396058239232240039e+00
-1.729149806447227711e-01
-1.388549663123170186e+00
-1.857909816210344234e+00
1.477117309034974735e+00
-2.167261097150892102e-01
-1.791536253818710733e-01
1.387249083908631331e+00
2.656895059069421361e+00
6.208325191072135985e-01
3.400994216458208541e-01
5.269071472229093223e-01
1.366373125044681114e+00
-2.363686033706864364e-01
-4.228287119810606454e-01
-2.363622471944559766e+00
-2.542308649901593665e+00
-4.670992396282095394e-01
2.428004954704974239e-01
7.675560739926593490e-01
1.282249821581761262e+00
1.253553799557189263e+00
1.558525150603279785e+00
1.875717259718875596e+00
2.177565929820058699e+00
3.449631648240556014e+00
1.527443931635575458e+00
7.306736212235926953e-01
2.360360380079057352e-01
6.177760090935472403e-01
1.939341006561851710e+00
1.684162657475508418e+00
-4.712259288975704230e-01
1.447035562721747048e+00
6.330712657760747542e-01
1.161111966562534015e+00
2.101755502842729051e+00
1.222534462375886033e+00
6.055066335437574443e-01
-1.427400679042112319e+00
-9.108332949209437812e-01
-6.053914711814512017e-02
-1.355453291495756218e+00
1.522165205993224468e-01
-7.262404077796080770e-02
-1.283818685902235579e+00
-9.019504771560249434e-01
-4.517546373838430274e-01
-9.257089222367985704e-01
-1.905500569881152906e+00
-2.207315790765997932e+00
-1.330619203580519549e+00
-3.664570803684947808e-01
-1.217937598109541941e-01
7.074029526216415453e-01
1.250692932053605766e+00
-5.526633176101025668e-01
2.172887907020544240e-01
8.293009810293255901e-01
-5.809970173584169117e-01
-9.112063034709997345e-01
-1.399461183117364893e+00
-1.494828568191927332e+00
-1.672162689784604472e+00
-3.832800967886083043e-01
-2.344903553308523847e+00
-4.303528832900083145e-02
-2.665090637331898105e+00
-9.765422484754344712e-01
1.260618537695875174e+00
1.331448342586086797e+00
1.374347963903922443e+00
1.907072078171276441e+00
9.783542183880689080e-01
7.166681915484329757e-02
-1.098676686493185173e+00
-4.845730454994940928e-01
3.043138606389108602e-01
4.148196345010184416e-01
-8.716357934525988949e-01
-7.212403714435410285e-01
-1.169942400208451749e+00
-1.609482184230158541e+00
-1.568254812391331576e+00
-3.748133615549512632e-01
-5.844261766277603076e-01
-5.069100964960215894e-01
2.300385582208042123e-01
-1.601321814841869529e-01
-1.800916148622087709e+00
-2.224918765770333096e+00
-3.457228635014130358e+00
-1.709634471159145797e+00
-1.790978446384118294e+00
1.465373838185747513e+00
1.541802670808071207e+00
1.743393281552940710e-02
1.839934512520476906e-01
7.679664233048989486e-01
1.252752229917333704e+00
1.775172490904678657e+00
2.072842734044701540e+00
1.227243808320001905e+00
4.853419754532053432e-01
9.823237056810036893e-01
9.085665018093285195e-01
1.810177955085632506e+00
9.588343138153967438e-01
1.154000695538925036e+00
-1.555226537343709303e+00
-8.315246202241658446e-01
-2.476242306837354690e+00
-2.591549517736269959e+00
-5.278890806182398032e-01
1.753213791957549228e+00
3.015605238846037039e+00
2.589761338128580004e+00
7.632569266470323743e-02
1.290297711652915069e+00
1.298316591998080582e+00
1.741907996688752069e+00
-1.906992255774220268e-02
-4.370339127962197256e-01
5.448954483708028373e-01
-1.442896346188901058e+00
-1.575185547806859931e+00
-2.183710825811126632e+00
-2.567077322095154823e-01
-2.897013679529805152e-01
1.393009030860258957e+00
1.207083926300565713e+00
7.624232726084075873e-01
1.872136922841137752e+00
1.331643132860594214e+00
-8.535627637505922571e-01
-1.695323389356796717e+00
3.950833413525769444e-01
-5.915113923810406682e-01
-1.140593771663809042e+00
-1.232103912628488285e-01
-8.531626244202950016e-01
-8.724269943448202946e-01
-9.249928540662027965e-01
-2.314966485091483062e-01
-3.578423179147616207e-01
-1.194510433308757724e+00
-5.444535937164638462e-01
-1.433322481466882792e+00
-4.666807598886546504e-01
1.799642023341614605e+00
1.757619890284221054e-01
4.543024594794390358e-01
3.174787907525815633e-01
8.006849506225501845e-01
2.237139119900195539e+00
1.635106674675384841e+00
7.232957052566464373e-01
1.167911486428447665e+00
1.293531236343611335e+00
1.029323910167894818e+00
4.240108611215176460e-01
1.124512077986685954e+00
8.923856106567675806e-01
1.042547245723617566e+00
-6.860660541720181582e-01
-1.452819096927716602e-01
-6.403028997704920400e-01
-1.864843527192996397e-01
-4.980071508074080944e-01
1.257163274003631592e+00
1.161854270138150236e+00
3.208157334140575578e-01
7.866497311196620768e-01
2.443669971616243330e+00
8.301414710873584735e-01
1.156586007405119743e+00
2.634560073770941813e+00
1.693613566144262172e+00
1.087380551695882325e-02
-5.885070590037100313e-01
-1.509861092335384791e+00
-1.766421101673072869e+00
-1.622925000065413625e+00
-1.640294579249788054e+00
7.933306494306706647e-01
1.178523583261563035e+00
6.218284992769689268e-01
1.147098468372502733e-01
1.132253175990137972e+00
6.167560872670292405e-01
1.356850004027337020e+00
1.563963370693785215e+00
1.315597901185053153e+00
1.054418312381262490e+00
-5.823471108175666267e-01
1.837003033916360106e+00
1.970720333020211212e+00
2.701918457041537769e-01
3.182342003339957426e-01
3.647761889257362666e-01
2.570871861090955779e+00
-5.293510854536669363e-01
-4.788268323941944349e-01
3.913699953431797329e-01
-1.329193374190818844e+00
-1.163803155886967033e+00
-2.067806833495214214e+00
-2.041957789956600600e+00
-1.289320875516358766e+00
-1.300229353897400353e+00
-8.577570756423412712e-01
-1.274874416813082334e+00
-1.753691161406277121e+00
-1.380167292053646300e+00
-2.467401598131105267e+00
2.406267754906021850e-02
5.227501168700887657e-01
1.118178084237779757e-01
-2.397952406955226934e+00
1.034781912783014679e+00
6.090232052061262946e-01
1.660608135012632935e+00
4.962062272968266186e-01
-1.577648735757237741e-01
-1.077992096806341449e+00
-5.950254851308793835e-01
-9.496002101728890921e-01
-1.103646896898454965e+00
1.135393755962987861e-02
-5.308028039487517891e-01
-8.424123302273158753e-01
-5.890903892790058105e-01
-6.617705242571871871e-01
-1.559982835595072004e+00
9.396119397242806981e-01
2.235438080715576703e+00
1.202361944944915439e+00
3.236703193867317419e-01
1.045069341947039598e+00
-1.433701254532320224e+00
-1.233622001569771642e+00
-1.671626189480372116e+00
-1.461577868150354398e-01
-5.190314140403131660e-01
1.803562815343472403e+00
3.125740186865659798e-01
2.262894165989487227e+00
2.076477594265923710e+00
5.588896175559827650e-01
1.522949579331982717e+00
1.277346538063370174e+00
6.194887217561576565e-01
2.004752200648614480e+00
2.454843709584546563e+00
1.070098150616761723e+00
2.111089400218340018e-01
1.715067933185980609e+00
1.528828637571976401e+00
1.495639767921846053e+00
-9.492336973607702344e-01
-1.205109548036007006e+00
-2.286526757644868901e+00
-1.824403439928428350e+00
-2.072139153412786428e+00
-9.791661643548336125e-01
-1.413207793501957354e+00
-1.501905769057434448e+00
3.597104371307229265e-01
-1.056743079616671688e+00
-6.467272718003154175e-01
3.808148624301399554e-01
-3.071078902091957108e-01
-1.974592045036350552e+00
-2.024486008761162026e+00
1.519300023590516968e+00
-6.498397619459586050e-01
6.422923006621442665e-01
1.277316402770849457e-01
1.058020913312173628e+00
-1.980628334266753887e+00
-8.443838427472140085e-01
-1.178192961373929926e+00
-3.289837462772889909e-01
-1.182248590706213243e+00
-2.989103234796799402e-01
-6.646252962040656298e-01
-1.466489623793193919e+00
-9.518131275264520852e-01
-1.144317679951857070e+00
-5.705119532059232945e-01
7.306291496780514816e-01
6.061747890132730410e-01
1.180591186195635967e+00
9.614114513234505166e-01
-1.217760578897678858e+00
-2.047571478575462844e-01
-4.917633868703104039e-01
-8.280906035927289022e-01
3.431453599583189629e-03
8.913100773144514433e-01
2.856072046721672697e-01
1.703751672715222210e+00
2.118359065744030101e+00
1.063953023359221817e+00
9.883638630898101685e-01
2.068820486892238186e+00
1.559613430081583818e+00
5.188441440658388970e-01
-2.498088777580353970e-02
1.140435059643541083e+00
1.808257765805628026e+00
-1.930072566146778801e-01
1.439303984195982489e+00
-3.610261311095022130e-01
-2.675680204335933787e+00
-4.956306901984778301e-01
-2.063979027510704611e+00
-7.264967841184133412e-01
-7.014868103428808510e-01
-1.235751988027232517e+00
4.995988776154882682e-01
-2.205977384103483541e-01
-1.847137025907528596e+00
-5.251151751066998052e-01
-2.111583713724994205e+00
-1.267302695453521144e+00
-1.139254221335091577e+00
-1.915535858694472626e-01
-6.469500994350316780e-01
2.207999729539917411e+00
-5.286031728581241929e-01
1.130807864938975671e+00
1.279986801756435533e+00
8.038159856039306383e-01
-1.027966029085236155e+00
-1.278069670770011657e+00
-7.319918348541956110e-01
-1.263961659261158221e+00
1.879457541033073831e-01
-1.362883141975601342e+00
-1.647935278521305502e+00
-7.582974314328849719e-02
-1.369802152144859786e+00
-2.195024559406951070e+00
2.704340203675463794e-01
7.958463651237324132e-01
-2.674556894567068355e-01
1.282289004384916220e+00
7.679535428238444261e-01
-6.014400096750227576e-01
-1.476599131536189269e+00
-2.230627191516721730e+00
-1.707092454541592197e+00
-1.238966330193887799e+00
-1.812154000076142468e+00
-7.536415608060623716e-01
-9.974448631084756878e-01
-1.951776255192322340e+00
-2.113643918251302267e+00
-1.939227781781662996e+00
-6.683559828132903391e-01
-1.564439826001813971e+00
-6.593891690203184108e-01
-6.867717423679200461e-01
-6.707535373836195358e-01
-9.949847713509567537e-01
-1.064911345278602317e+00
-2.187690452025581322e-02
-2.588709094114067799e-01
2.437736147261189146e+00
1.446843342765789409e+00
3.607813078861381584e-01
2.071534425667743928e+00
1.686452996079236044e+00
1.654760909210259978e+00
7.883509385535352187e-01
5.894785544692757728e-01
-2.462809140557129517e-01
8.621068810700993623e-02
9.704415878646920346e-01
1.476771792831562458e+00
1.256295749443507859e+00
1.397908771316899390e+00
1.119166388054404715e+00
-1.046014382710936053e+00
-4.225490666723510369e-01
-1.471827919549877572e+00
-2.116590581683776673e+00
-1.164158550841282835e+00
1.121315099682932637e+00
1.038746895664940162e+00
-1.270227451745444824e-01
5.297119457323076208e-01
1.169730373741904250e+00
3.710983315972053997e-01
8.331119685493489913e-01
1.398093623094744054e+00
2.376260813504286418e+00
2.384051086349725512e+00
-1.034613882149020281e-01
-8.123571060174528125e-01
-1.245018401838776656e+00
-6.389414977459542122e-01
-1.026147240333469046e+00
1.256588093194976219e+00
9.350488158785048576e-01
5.835900993646319090e-01
1.541665027991215631e+00
2.150371222235312185e+00
-1.272190210140116573e+00
-8.029175724644763701e-01
1.840854881243993990e-01
-1.422110574182281706e+00
3.172579915226345637e-01
-7.064222421177726030e-01
-5.309512166586214388e-01
2.603549525205470783e-01
-6.238818191035196969e-01
-1.451672966659902642e+00
-1.603872535306361424e+00
-9.614685399409657052e-01
-1.041070786054840713e+00
-2.201529186784732417e+00
-9.936484026326675156e-02
1.729620560522391992e+00
1.437167107968573498e+00
-1.518747411492444854e-01
1.003347454423940688e+00
9.624293130242975725e-01
1.100769275590488760e+00
2.407894045364551427e-01
1.523580845868635514e+00
1.187711450870342578e+00
1.202894647249210358e+00
6.642197490422669937e-01
1.600567506342286839e+00
1.403880143988718743e+00
1.594028559614868890e+00
6.414744383121980809e-01
-2.203474842253645427e-01
-2.695975548579175651e+00
-1.215826228287456345e+00
4.543278798736438695e-02
2.711577878935074182e-01
1.227665536245731159e-01
9.698426747831584427e-01
1.092914705337253434e-01
6.705106132801784691e-01
8.055137504556980632e-01
-2.179177640548295436e-01
3.572420460183340918e-01
1.816083010515694651e+00
1.716987807584396730e+00
9.509301686321662839e-01
-1.207252314051436626e+00
-1.014437423970691032e+00
5.291923710177810491e-01
-9.861456549721370202e-01
-8.156191442171063510e-01
-2.413637478550536564e-01
3.148601788247716859e-01
1.269471548012590212e+00
1.265995562275972430e+00
6.338876482298643200e-01
7.877638318885253899e-01
1.891828030582544784e+00
1.678172814297386850e+00
7.683124511887633457e-01
1.948922292085631058e+00
-2.064537898083889100e-01
4.875668648284808837e-01
2.191182170919317329e+00
2.367803928973467809e+00
4.815188695943415365e-01
4.410498910135512984e-01
4.694793673125743361e-01
1.310132842791640773e+00
4.354920752692825747e-02
1.424556745697373117e+00
-6.989782755505812295e-01
-1.985653546266341607e-02
-1.793908373636893927e+00
-1.632017884005321662e+00
-2.146696354305300813e-01
-1.230583692550574426e+00
-1.276320785930508794e+00
-2.137701301874139759e+00
-2.720235266586358280e-01
-2.192803320145984003e-01
-9.352129260793673460e-01
-9.907881093891023339e-01
-7.777738081642856516e-01
-2.894210567395930411e+00
-4.816417064850564422e-01
-4.090250075266759211e-01
8.333973509757307552e-01
1.244294292012888326e+00
1.214353072655455668e+00
1.229287153912750341e+00
-1.066419567102315114e+00
-1.739556523425683343e+00
-7.702239926140577175e-01
-2.543922893554897424e-01
-1.940694291240722791e+00
-8.441710911907924775e-01
-4.019847571628674121e-01
2.141962094115834603e-02
-1.147337642295648052e+00
-1.880688904285470642e+00
2.967187693731847542e-01
1.012278285672407518e+00
5.497062821943223820e-01
6.857957618460384097e-01
1.469029517417027142e+00
-1.601299386020582638e-02
-5.070159077252582858e-01
-5.550030034551218794e-01
-1.464691356391308652e+00
-1.559673242963138584e+00
-2.793123299115651825e+00
-8.193322902576449795e-02
1.586671980656850778e-01
-3.328817057506016086e-01
-1.391238634083654890e+00
-1.772978396113305211e+00
-4.441660757768273182e-02
-2.387165156551649403e-01
-1.330034167620984364e+00
-1.056363705743776915e+00
-1.232658374956503433e+00
2.582421772284240191e-01
-1.103482349568764675e+00
-9.176567647116276039e-01
-1.299823398164968946e+00
1.552450566191208026e+00
5.917589480251232992e-01
1.173143153341001943e+00
2.896854335929101021e-01
2.897384918215066829e-01
7.377108920585573326e-02
8.506636429395654231e-01
1.711717825140604665e+00
4.195457966128469662e-01
1.732696562928898620e+00
5.492094893216237228e-01
-1.887738799267717482e-01
1.114057028288335749e+00
1.461480257035145724e+00
7.447093447434997016e-01
-3.609977579285339466e-02
-1.655736664608515873e-01
-2.187707357555960463e+00
-1.002805301184725995e-01
-2.110131634516051236e+00
1.051164148965862299e+00
1.752855472321258379e+00
8.321174987255345323e-01
1.269656680027404061e+00
2.603596646751199728e+00
7.287512506164880444e-01
4.601052671750320844e-01
4.261928552110779700e-01
9.900121933186731837e-01
2.077889828961857255e+00
-1.508556799519654490e+00
-7.285221936569330481e-01
-1.011086006995013609e+00
-5.973967529233059626e-01
1.528511575759483598e-02
7.715111768423938976e-01
1.699282238501886422e+00
4.672312105990990005e-01
8.427265229130684876e-01
6.654334261625752811e-01
