-4.027083430408037179e-01
-2.486467771773849034e+00
-5.846906841868351190e-01
-7.177458169416532918e-01
-1.197166963137094919e+00
-1.370657338915660217e+00
-7.196136342960350873e-01
-1.415356374854403354e+00
-8.438351131151377027e-01
-1.588999397614400122e+00
-2.488108089550489233e-01
-6.916334627553857306e-01
-8.255353584768898578e-01
-6.845442261277212559e-01
3.604392188585523460e-01
4.547804156476907833e-01
1.090208066264181097e+00
2.517042856318284505e-01
8.255531507107931599e-01
-7.948370019567241318e-01
1.036820083061145592e+00
1.399570794234560545e+00
1.195740799719990921e+00
1.765527931249589288e+00
1.841875037416953464e+00
-5.587954283068525818e-01
3.343000536291614866e-01
1.265938636909349713e+00
2.174292616111576315e+00
8.081753983526378526e-01
-1.132654874720241178e+00
-9.501948105785421594e-01
-8.739908620122728289e-01
-1.586721657129839702e+00
-8.526268964055516708e-02
4.586305655207325582e-01
1.048318788955527436e+00
1.297827375369599023e+00
1.692406940318123443e+00
1.759269707014441408e-01
1.775459989212967216e+00
1.046637374112659780e+00
6.607504112699646992e-01
1.051350364584406227e+00
7.855037580186574608e-01
-1.246069671522357591e+00
-4.881485067005936207e-01
-1.349553071863959453e+00
-9.546576499395137416e-01
-1.304509826955660534e+00
-1.767455448972943266e-01
1.293858362340805090e+00
1.348481415428494312e+00
1.848566818192001193e+00
1.246462152534193901e+00
1.245110384416685756e+00
1.575276286474187160e+00
6.553306566997406657e-01
7.049864502902090102e-01
4.505863877758745639e-01
-1.261906675212363105e-01
3.244322266204722194e-01
1.107046798719436342e+00
1.061964768479337184e+00
1.657537857714143303e+00
3.527127003016183870e-02
1.043357075231093223e+00
1.865854330329712374e+00
1.130425098591354427e-01
1.738425732159534221e+00
1.088267256838084673e-01
-6.917427197358578805e-01
-9.386127220388753578e-01
-8.920754012977729630e-01
-1.572738610599064835e-01
-1.758370839517090944e+00
-5.688761058551760064e-01
-1.575435052151908044e+00
-2.003452275507279445e+00
-1.423253208056968866e+00
-1.184487430551635745e+00
1.911857288895335572e-01
-1.566146575628618809e+00
-1.559053491325969265e+00
-1.522252405034457690e-01
1.802472593476236007e+00
5.605661392254401854e-01
6.963559149045546182e-01
-2.028675904794519091e-01
9.861780748073120106e-01
-1.339075897025115092e+00
-3.924778454876334255e-01
-7.957611968146081072e-01
-8.962043821396834531e-01
-1.056969877894082144e+00
-8.858673959912936047e-01
-1.329303204793750304e+00
-2.413513440794437859e+00
2.649984000111222926e-01
-1.224245975538714504e+00
-4.610520281765657646e-01
2.038847818302111925e+00
1.282706283249811285e+00
2.315222291412647238e+00
7.908930676366804358e-01
-1.749374744246481983e+00
-5.451921266918025033e-02
-1.435596354685186427e+00
-1.244644846327019660e+00
-7.819356769315010114e-01
2.053501166348507212e+00
-1.279258479318219344e-01
1.310973982300755569e+00
5.501882663939846596e-01
-1.730421442982521540e-03
6.257037754400878171e-01
2.155130287506576980e+00
6.594959872601353634e-01
1.904372894519544834e-01
1.267400588456533805e+00
1.007597856787225021e+00
9.061345082484730806e-01
7.803910877244037980e-01
2.132850248366159995e+00
1.007163745225636786e+00
-1.203424672390634553e+00
-1.103492865639613907e+00
-1.142231812748653486e+00
-1.487215728883368282e+00
-1.058056998064267340e+00
4.409080663685089885e-01
-1.483053599306034087e+00
-4.703807648149433973e-01
-1.115394724175124086e+00
-1.427983368634773154e+00
-1.568862650614002874e+00
-3.934809886898711362e-01
-1.803857970914365394e+00
-1.494777291029652844e+00
-1.258110898456031190e+00
7.382062414295986752e-01
1.678293221089433684e+00
1.029459325528753189e+00
2.169512496756295761e+00
9.230271120189631473e-01
-1.358952238446989425e+00
-2.319855708291297169e+00
-2.072844660753749402e+00
-2.029252884572314564e+00
-6.339514789328084543e-01
-2.577434082821613570e-01
-1.914544738085052433e+00
-6.439257393295789722e-01
-1.400839374468145770e+00
-8.855300416059125324e-01
1.328898189831558829e+00
1.024597462381050983e+00
1.265769708125346060e+00
3.251948453837961717e-01
3.831949265584206898e-01
-1.352962001887651367e+00
-1.753341227684103831e+00
-1.896697164720714479e+00
-2.461029869786184321e+00
-9.901887450882085329e-01
-3.071554164447265478e-02
4.536176366281988726e-01
-8.562795012151980245e-02
2.515980509022068823e-01
6.030505144551092656e-01
1.396140881042573056e+00
5.758969959480773060e-01
1.565028166270814314e+00
1.485552590520277993e+00
9.633348649846210643e-01
2.069693097906513568e+00
6.987121236875184493e-01
1.179204510881078027e+00
1.334220369185266764e+00
-3.731789231639259796e-02
-5.557167376654758018e-01
-2.555637004498433340e-01
-1.259487866385917476e+00
-1.595572903933077491e+00
-1.392051356537328033e+00
-2.362352900099240927e+00
-1.665760821730400076e+00
-4.294913542207209334e-01
-8.786436368303647271e-01
-5.600181646418077586e-01
-2.125867707711261101e+00
2.530456333658142043e-01
-5.612228190516169724e-01
-5.584862218639109477e-01
-1.055512797140095715e+00
-9.595802762859162449e-01
9.218536877722007805e-01
9.458756094063704989e-01
1.487588546704560422e+00
-2.553159559516726684e-01
-7.440623017484806478e-01
-1.937234571382830062e+00
-1.458603058094904315e+00
-1.456664016693819175e+00
-1.713085803592293566e+00
-1.088459386903074533e+00
-1.642486541631147379e+00
-2.127107595233830750e+00
-1.554831130564727326e+00
2.484152068041078909e-01
7.605064355567991985e-01
1.114665240832012572e+00
9.293611132029049315e-01
1.037317671292549370e+00
1.990003342951609300e+00
-1.691461473736632914e+00
2.683525019526677990e-01
-4.756602898654601619e-01
-1.797739604569712490e+00
-1.484618446685590953e+00
-1.194061987173691275e+00
2.952985265998884223e-01
-2.731136629849538755e-01
-1.890561388012668598e+00
-1.088114337229461492e+00
-4.750561247949232069e-01
-1.084974826437773210e+00
-1.833062864948962867e+00
-1.473498498878632379e+00
6.704322943254830136e-01
-1.041724940641185926e+00
-2.374338260222200958e+00
-4.503786801351319369e-01
-7.193947071424989792e-01
1.017452849165210615e+00
2.624704367930074334e+00
7.173147983361705116e-01
7.039157569871418163e-01
1.692565897582437806e+00
1.381847312454240750e+00
-2.597320133787375251e-01
2.058253470293557985e+00
1.501346941498771681e+00
-6.342304322414527018e-01
-4.487002909561113029e-01
2.392581458010297979e+00
6.869479694880775700e-01
3.088762978217218791e-01
3.724719811550403215e-02
-3.196802287235183115e-01
-6.496156212513666262e-01
-1.495475122329932294e-01
-1.265060321467963877e+00
-1.024732168166149204e+00
-1.162798594815658504e+00
1.000233556589128270e+00
9.020790117983981116e-01
3.533751357319868669e-01
6.126885669506467735e-01
1.957690181802982377e-01
3.147079156074034323e+00
6.690553056685228928e-01
1.019938552309277879e+00
1.046414719102104485e+00
1.020904636765896711e+00
-7.200759152145692621e-01
-6.202934705607270338e-01
-1.255095748854622162e+00
-1.386043424630615029e+00
-1.023231235203776901e+00
1.172569471526832441e+00
1.940614708465150828e+00
2.001269277771832833e+00
3.107093292658926753e-01
1.645308529910693984e+00
3.147482524045125185e+00
2.948985878951550621e+00
5.450700913480434062e-01
3.683817570701465316e-01
8.064794480055017534e-01
8.330792438862071325e-01
1.698752710516591158e+00
1.260270573087908019e+00
1.704735107612477929e+00
1.032567331180821224e+00
7.143239489434567435e-01
1.900101163742200505e+00
1.566927129542032837e-01
7.943542444564943850e-02
8.565279015555335995e-01
-1.263901538810459524e+00
-1.814530798797544531e+00
-2.075873245678498069e+00
2.728354010105420446e-01
-1.859930446885385447e+00
-1.715782742594884613e-01
-2.472331982368466186e+00
-1.078909506506819493e+00
-8.039581019424826280e-01
-2.050535716321009172e+00
-1.649245493968744869e+00
-1.041559606052159248e+00
-2.122802343975589423e-01
-9.983108996063284613e-01
-8.702315159556041069e-01
1.126555980877478547e+00
-3.795748685495337060e-01
1.596928180422665822e+00
2.499166255047177376e+00
9.013350340421891760e-01
-7.985169803519243104e-01
-7.687221061639037956e-01
-1.634262631279330691e+00
-4.248518002127951165e-01
-1.862864277809217706e+00
-1.170421670732778363e+00
-1.346853002949730094e+00
-6.708043748009092644e-01
-6.107291902171573250e-01
-9.903396013822196586e-02
7.665290246386936568e-01
1.439245180152631365e+00
1.604361789090952284e+00
-2.749769857184602984e-02
2.005312475901809943e+00
-1.222198126552826114e+00
-7.323419510784749953e-01
-1.915156915786952574e+00
-9.179145024073989134e-01
-3.158562797450461535e-01
2.477800919381281108e-01
9.847830487256252763e-01
-7.103289953267952761e-01
1.832730310430775500e+00
5.428266095096325738e-01
1.029986314724748997e+00
-1.676814400646982062e-01
1.102985966431877962e+00
1.425589686008837509e+00
1.589845280356425139e+00
7.966103962369266434e-01
-8.747718864866849131e-02
1.625520794291892113e+00
4.583062722417974300e-01
-1.461035464576461163e-01
-1.214049435765868434e+00
-1.703956014329601754e+00
-1.859861779723529507e-01
-2.220675632597018279e+00
-1.315013090374839599e+00
-5.875493528473149096e-01
-1.723544906017753675e+00
-5.752546583591771068e-01
-1.287914690573440657e+00
-1.574392433738322827e+00
-2.008580937354611962e+00
-1.182413177328057508e+00
-4.275744024334939830e-01
-1.878018481330022027e+00
-5.852954435373350917e-01
5.826819478137759134e-01
9.248351206682413617e-01
1.261414806533082356e+00
1.528302941394760861e+00
-8.421043188248722444e-02
-1.857500540594332339e+00
4.786260683197340882e-02
-1.817281752464588784e+00
-1.000878322907081452e+00
-1.016523413800840769e+00
-1.846852139017862715e-01
-1.504373868283090054e+00
7.892329561630848644e-01
-1.873086228410976384e+00
-1.064324506754582123e+00
8.236436360497431108e-01
1.798192285945045654e+00
7.916492398049694845e-01
1.528595662409768074e+00
1.160533911709376031e-01
-5.707650003102804348e-02
-1.387934600210372071e+00
-1.836908532953533957e+00
-1.803210549176534228e+00
-5.388833216617664457e-01
-8.876094211510210386e-01
-2.581236072782046254e+00
-9.168899145916111770e-01
-1.471608239502366633e+00
-1.932689326395808926e-01
-1.770034730527609845e+00
-2.772069044016370887e-01
-1.094143281906190479e+00
-2.183178082045091006e+00
-1.169311752928195114e+00
-1.504935588196729679e+00
-1.266067811713848190e+00
-1.127605741420514063e+00
-7.407223726098712824e-01
-7.828213747729084737e-02
2.818519449813173594e+00
1.635256277713528883e+00
7.527427985998470517e-01
7.183589265064369567e-01
1.395818313120335441e+00
4.807677964683596539e-01
-1.061670110708212711e-01
1.822627152827880348e+00
1.520873073993124880e+00
1.933610508653206939e+00
8.138327635783243474e-01
1.279564542840729624e+00
4.313501597898167228e-01
1.590219050817601509e+00
5.516020855359108355e-01
-1.319821183023320632e+00
-5.516296413181536185e-01
-9.345149947686416381e-01
-1.566196899917220220e+00
-6.729948519660358119e-01
1.045167282080014859e+00
1.198913331130835314e-01
1.839297367264911109e+00
6.245598416189406255e-01
5.800112228070664067e-01
4.360954827661268629e-01
3.569851919499339443e-01
5.395092561263470365e-02
1.348444751708802070e+00
9.787283647578274293e-01
-4.227279326894799460e-01
-2.270835308550576137e+00
-1.495968765031261860e+00
-5.836108431030229138e-01
-2.615974367947476731e-01
1.357708550891859600e+00
5.315553935461891921e-01
1.957073609926894164e+00
1.998461142104179800e+00
1.031552211557011045e+00
-1.580853238818611395e-01
-3.617619518625069253e-01
-4.394217336391781359e-01
-1.482608155284235618e+00
-7.998349842506715657e-01
-1.173605915960295842e+00
-1.967684776580736816e+00
-8.585244189928407099e-01
-2.094559136703251223e+00
-9.904477019210587985e-01
-3.187070507198368485e-01
-3.759002275858258635e-01
1.344724733601343480e-01
-2.175512429634480327e+00
-8.686003587478865473e-01
3.471782323800070014e-01
1.928079851169426817e+00
2.297424903283749043e+00
4.018682576477133894e-01
3.964259845447497543e-01
-5.968369548639524957e-01
1.438552955708591652e+00
1.031130690436285136e+00
1.511733557219523405e-01
1.796116061347333481e+00
-2.134555716922590385e-01
4.457656044468921719e-01
8.695616651786155504e-01
5.867288818408722406e-01
1.331657238890258110e+00
-1.529838383577792893e+00
-1.294882575723758977e+00
1.978055450022726536e-01
-1.245307786233198488e+00
-2.241980596389042013e+00
1.221933505813004084e+00
1.112217546176047067e+00
1.786491115276451103e+00
1.596204701899860190e+00
1.292962658357368344e+00
7.645926284391364458e-01
8.739301524376825725e-01
1.692513627092985029e+00
3.194998595105591477e-01
1.251597458691169340e+00
1.096188791878887070e-01
-1.914805950205437535e+00
-1.485569326361295239e+00
-8.527729230531799764e-01
-9.998735221262217143e-01
7.984753542358373757e-01
1.313745883784221746e+00
1.420201083120814278e+00
8.650641361010578123e-01
1.013897580610227944e-01
7.441367004318586442e-01
8.189777479349503730e-01
-8.837927066902744322e-01
7.823830229421929738e-01
9.375257323294592382e-01
1.627605964802145255e+00
1.029995644560990131e+00
6.380779115874690710e-02
2.884243730609914458e-01
1.171016745332477349e+00
6.777120218253168682e-01
4.890273638950093371e-01
-1.022157269213614939e-01
1.146082242065886714e+00
1.963149021253405513e+00
-1.913631830637547049e+00
-5.718472998135182284e-01
-7.769532048543688063e-01
-9.892840288615272204e-01
4.235732336401683007e-01
-9.686113641428351073e-02
-2.022956654340780425e+00
-1.196172013544268387e+00
-1.154017611210735872e+00
-8.363279395211838940e-01
-1.628333474353587107e-01
-1.980668137152901132e-01
1.297570050270846487e-01
-1.848846508973614799e+00
-7.413037568488325402e-01
1.714188292603089137e+00
8.823298245922417404e-01
8.326060859279594828e-01
1.273692470322089321e+00
-1.633812098706866056e-01
-1.077349969631201221e+00
-1.841028617711815585e+00
-1.246791508089633238e+00
-1.004645858011851134e+00
-4.591627878353703451e-01
-2.109617139106723105e-01
-8.482594377257567375e-01
-1.247401297938330211e+00
-1.206632956769301934e+00
9.394324009892316418e-01
1.722924689476512672e-01
2.815730529047199671e+00
2.548530227296006423e-01
1.946926004159194035e+00
9.943864255933875240e-01
-4.933634350019355796e-01
-6.811262913621509707e-01
-9.856883241209679625e-02
-1.702237933331103070e+00
-9.514679544088673335e-01
2.299973222754447821e-02
5.443769533223746793e-01
2.156361842758086844e+00
1.734137955059318115e+00
1.529317969402329336e+00
1.296900805075586360e+00
6.347364666417215640e-01
1.585125951701162439e+00
1.829906077151923993e+00
1.549943982187125258e+00
2.234294176619920247e+00
1.260110073025752619e+00
1.826874740921835327e+00
7.443874887605457236e-01
2.678775087404503985e+00
-8.263634490842779456e-01
-9.182641027659562694e-01
-1.365610855800164281e+00
-3.639612100453168964e-01
-1.237881217546286106e+00
-1.840223947874176869e+00
-7.340712890611886809e-01
-2.067703480654912163e+00
-1.147203436676121013e+00
-1.176457240532807536e+00
3.321955493037265228e-02
-8.578705083647469865e-01
-1.869119416863764149e+00
-9.682838847723543863e-01
-1.600572304977729399e+00
5.304187892022240725e-01
8.403555074046820117e-01
1.593302199313236134e+00
1.383809575864977770e+00
6.285013410283025737e-01
-1.290597985517975443e+00
-1.401945809812530364e-01
-2.185134893324222061e-01
9.543392780925032959e-01
-1.418468794389728060e+00
-1.399039749960273138e+00
-1.299451419649533035e+00
-1.940581502349689291e+00
-1.363683044943799105e+00
-1.390421156855058404e+00
8.668748899245550810e-01
-3.817668259848818746e-01
1.736824254091943631e+00
1.293534801599528716e+00
3.683439946118957087e-01
-1.302944810760628513e+00
1.625305626910213963e-01
-1.673652060797982344e+00
-1.260372934378398035e+00
-1.120542728903176410e+00
-2.516218306847972208e+00
-8.293834177736586488e-01
-1.577104986517080532e+00
-2.054374790705247200e+00
-1.522531282976157918e+00
-8.195136215647107480e-01
-1.361739152524733321e+00
-1.093949748020190516e+00
-2.012292082838999185e+00
-1.943188005267475260e+00
-7.566077412309537564e-01
-1.434161317118525236e+00
-1.495210866877008327e+00
-1.969168444861826739e+00
-4.616655185482707591e-01
5.819958289183322364e-01
1.217939636710450912e+00
2.709429717870346366e-01
1.174922564329659469e+00
5.770883123945469428e-01
1.081075631431626771e+00
1.678402635405474630e+00
-2.000238696015159690e-01
1.327557629523830940e+00
2.223642779977392792e+00
8.736158703139953463e-01
2.193077777519300220e+00
1.185304001255877981e-01
2.572597757699535137e-01
2.667192111215695327e+00
-9.841602753033505957e-01
-5.639114999450780541e-01
-3.497274453677725603e-01
3.549717576460424961e-01
-3.951890365268531102e-01
9.928253820365752214e-01
1.241354009987335472e+00
1.028071120291079499e+00
1.993016071873370487e+00
7.462110547817806250e-01
7.907127040311934252e-01
9.309244107656993172e-01
-3.929921796901325592e-02
1.604697345917619034e+00
3.326598553725675922e-01
-8.047840910485056787e-01
-3.699773700040247526e-01
-9.248745416819637022e-02
-9.106983998945176184e-01
-7.516174819662435613e-01
9.165545218260855442e-01
5.270849243917263838e-02
-2.291639234965461291e-01
1.414563953809450325e+00
6.951382291381008605e-01
-7.931567232316221183e-01
-1.275563248477779021e+00
-1.710503560535086898e+00
-1.873388341626526010e+00
-1.624353983880683305e+00
-1.434495311531721828e+00
-3.388596111079654749e-01
-1.509958219241217980e+00
-3.523177494512823582e-01
-4.598210665800809283e-01
-8.716418896586479725e-01
-9.002857601739784332e-01
-1.539563499475320452e+00
-4.313647868030989763e-01
-1.684858303482577924e+00
4.255716068758237380e-01
9.282332854354607976e-01
2.880288183167811766e-01
2.755405996337053409e+00
4.563362272239804840e-01
1.456650465114354143e+00
9.970774908532620273e-01
1.746621924490747713e-01
1.764563692846448983e+00
8.767607547125071399e-01
-1.126433682425993510e-01
1.011172928677565253e+00
1.774029357485898961e+00
1.040270236485312250e+00
1.109780060414134795e+00
-1.648425897450082056e+00
-1.245621900201898224e+00
-8.389040785268693234e-01
-1.002250450513338054e+00
-1.439376420085827224e-01
1.983837937977689148e+00
9.623533379306619118e-01
6.026493827872163589e-01
2.075134712867037212e+00
1.109429016280365943e+00
1.433770678078622129e+00
1.344151197397558839e+00
9.734456977710326253e-01
5.213148317732022585e-01
8.453930588673409519e-01
-6.500575166205939670e-01
-5.486455829404853768e-01
-1.884885036181866980e+00
-1.307919024119784002e+00
-1.757744027719943869e+00
9.338232744720458278e-01
1.317657090110918139e+00
1.194185458887520479e+00
-2.247979962576174273e-02
3.890351365936562944e-01
-4.305013329507996200e-01
-4.940631566922590867e-01
-1.553085128570077078e+00
-7.362542338940154529e-01
-7.406268053919862204e-01
-6.738149602385332670e-01
6.559845750319848179e-02
-1.402135589600303156e+00
-1.426405845243071457e+00
2.683438803868565259e-02
-5.049495100919518809e-01
2.424491950775156113e-01
-1.075146930838495551e+00
-3.778792409997762114e-01
-5.799848644153957622e-01
7.640664825546277239e-01
1.110473781201580357e+00
3.942982739304039530e-01
7.251761860656542602e-01
9.284873100703346926e-01
1.814348466504552171e+00
1.554386581932453382e+00
-9.540220255013154294e-02
2.571449403099032027e-01
1.526153311472841390e+00
6.189503766246873262e-02
1.247065743229196499e+00
4.176854118214300415e-01
-3.170342039063027695e-01
2.854238916574479701e-01
-1.652100924825159023e+00
-1.217981677220360437e+00
-2.444746821926854885e+00
5.225041656887847719e-01
-9.867439516968717905e-01
7.785585096753536716e-01
2.827983807185543430e-01
1.343398093609115662e+00
3.503173490036935789e+00
3.226802202290912636e-01
4.993068700940136440e-01
1.597655475659210289e+00
8.275816049253204021e-02
9.215976552962520385e-01
1.846920893552053577e+00
-1.545520957340789536e+00
-1.812767825654823639e+00
-1.080613482194414665e+00
-1.084376219975601741e+00
-7.702017113774614065e-01
1.762318431697201371e+00
2.371293155263761721e-01
1.797786128297834907e+00
1.032984263172232575e+00
5.054359412982476485e-01
-1.697230459428906046e+00
-1.015756332236753323e+00
-1.560311192368645461e+00
-1.593334410163238957e+00
-1.397302830991574041e+00
1.644197748972930917e-01
-1.149293684738274868e+00
-8.268731502195849625e-01
-1.286736003607104273e+00
-1.725579898040109361e-01
-4.327337474083599034e-01
-1.569994096552169260e+00
-2.197772914166040703e+00
-1.353751534121143685e+00
-1.176815443237779757e+00
2.473338708660286045e+00
6.133414880968415250e-01
1.512739848532970388e+00
5.346032561802924743e-01
2.024243253826933930e+00
1.397170774532914717e+00
9.673230852740807295e-01
5.633285166569590441e-01
2.190303829419974591e+00
9.072126409376307654e-01
1.068596865220537540e+00
2.577017396176550790e-01
-1.674803343853721316e-01
2.417957876917646409e+00
-3.278754652479194398e-01
-2.470362574471979489e+00
5.042631876032226401e-01
-3.263947270048147553e-01
-1.565077351471123812e+00
-2.142624068423916839e+00
3.155468849684601729e-01
4.007598845260998965e-01
1.837748420672928207e+00
-1.037464947659572090e-01
1.258191326051640857e+00
7.515248230191320378e-01
4.347021645926226752e-01
6.670462067169096176e-01
6.080275882802869125e-01
1.373460460705862918e+00
-1.537751097023344782e+00
-1.469907144947879774e+00
-5.692457560867381083e-01
-2.137142686560122851e-01
-6.156210931936649811e-01
-5.990021676791634775e-02
2.526956878859322408e+00
1.123313481391550406e+00
7.967481975828225593e-01
-4.420686821054962135e-01
7.156784420229508337e-01
1.201027880197312658e+00
1.361150859487917808e+00
1.012807620601534619e+00
6.231209701623062758e-01
1.576281710772644118e+00
1.027107101807035239e+00
1.396658495427106184e+00
2.083116209639326755e+00
3.573929983409147582e-01
1.080607926515435135e+00
5.627048512428518556e-01
9.296583103734588072e-01
8.131987471580738314e-01
2.288192308883308712e+00
-2.882428775757834849e-01
-1.034094662023907318e+00
-1.923658064579330418e+00
-1.420295519710751186e+00
-1.428663587087730225e+00
-1.077458964496753602e+00
3.774599515993861676e-01
4.997556519978476608e-01
6.964220894406203399e-01
-7.267923003696799000e-01
1.272490012462634823e-02
-7.023226650827895101e-01
-5.242528992075000671e-01
-8.670409743591495078e-01
1.065821540697611258e-01
1.959594523014508427e+00
9.747950471306459086e-01
8.016394317441012385e-01
1.349171550260820807e+00
6.216077485813420456e-01
1.123064677804932021e+00
6.858583532711532982e-01
-1.700149164535471602e-01
-5.707369338149023141e-01
-4.355956214760540179e-01
1.497793406333891575e-02
-3.149775180979370592e+00
-1.240342395704162826e+00
-2.475258253258145746e-01
-3.776959586209340802e-01
8.735913653127409528e-01
2.604637984700737707e+00
9.024123702004899217e-01
2.782667833682932468e-01
3.621329391156797861e+00
-1.440140531108151656e+00
-1.333573308022883985e+00
-9.896891642650234022e-01
-8.522852724179970085e-01
-1.031906540267675476e+00
-1.587798070369732084e+00
-3.479400086622379540e-01
-2.717978522728787816e+00
-9.406175267623763103e-01
-1.376662590352468740e-01
-2.382537224500539619e+00
-2.650593816809505565e-01
-1.009514208145142700e+00
-1.586932146464613336e+00
-1.117166831132229365e+00
1.226879518673131830e-01
-1.582335832722069124e+00
-9.205529983286886431e-01
-2.649507340734847727e+00
-2.998106125487469686e-01
6.634007440491601626e-01
2.519595294926665119e+00
8.716129074314566960e-01
6.034303579451327781e-01
2.080384726814988205e+00
1.118031113898857676e+00
1.643492139346566017e+00
2.026021147361417363e+00
1.199210742361190407e+00
7.417401868821590361e-01
4.812668966939463999e-01
1.021063001543574211e+00
1.427428890294488273e+00
5.682034253910325239e-01
1.180311583171174794e+00
-5.765823910901837213e-01
-7.621409324413016551e-01
-1.276559382056668746e+00
-1.579057905519099858e+00
-1.593695848756950806e+00
9.594073266121894150e-02
2.358950047976384745e-01
1.352006691710775588e+00
1.528876747567761374e+00
8.080034078861930702e-02
8.037015250331658311e-01
8.729892979635069938e-01
5.458267603008151170e-01
8.049555107818677779e-01
-8.223789766048783534e-02
-2.377733156861998154e+00
-1.269235963765573016e+00
-8.899866851915788635e-01
-9.454306887864623032e-01
-9.847699680463577465e-01
1.664386237181956885e+00
-9.047306618920059051e-03
8.233871096482926477e-01
1.944410553441114242e+00
5.483059981229139179e-01
1.773966409428012314e+00
4.387541974590734029e-01
1.089604477344190192e+00
1.065229199521531278e+00
-3.775612589257226759e-02
1.787172547899255726e+00
9.196464419365754095e-01
1.778829946006529328e+00
1.049575993055750445e+00
1.980714767692964173e+00
-2.120606494894428096e-02
1.166216829701018698e+00
3.067683612653813174e-01
6.548657002132567406e-01
3.219393325882500267e-01
-3.584041075016580757e-01
-1.533160019167342902e+00
-8.520778107277930946e-01
-1.089502640683001067e+00
-1.656280148641027239e+00
-2.531556723933661601e+00
-1.486013717978931670e+00
-3.765303316852166571e-01
-2.951898865123969706e-02
-1.379163923649600276e+00
-7.380592433510012595e-01
-5.665446869882835301e-01
-2.379176454114406702e+00
-1.533317506091939286e+00
-1.131068734276884591e+00
1.684441100064287156e+00
4.900457584964159619e-01
1.178990599384221349e+00
1.078032097262166422e+00
2.684409063360568837e-01
-1.044519882349831619e+00
-5.349832671073075918e-01
-1.492106100653469714e+00
-1.412847782167142796e+00
-1.438498908669283205e+00
-2.660069547138347534e+00
-1.261962759934857958e+00
-2.308247671927457834e+00
1.858831738418453838e-02
-1.412453321186642796e+00
5.693190814167128355e-01
6.496820651963974846e-02
1.992212393398699932e+00
2.777605733172716640e-02
1.071543285989576821e-01
-2.804698700680831047e-01
-3.766077785721702931e+00
-1.678971170386329037e+00
-8.377786288363988643e-01
-1.214986096027455442e+00
4.318907177677906439e-01
2.581676721929375695e-01
8.738579693384199709e-01
9.886918643429032372e-01
1.869709171274023252e+00
1.231360888165588197e+00
1.753961445348848791e+00
1.608999291396965958e+00
6.726509850341811925e-01
5.881313302379911345e-01
1.555623584612152666e+00
-2.370251452410432336e-03
1.509227988838491186e+00
1.220906796453428589e+00
2.606666100188348434e-02
-1.276035595812678114e+00
-3.451582404827182149e+00
-7.632666250141324493e-01
-8.462035708913954180e-01
-1.477315709331940008e-01
-1.694471383916377860e+00
-1.591592879068671307e+00
-1.049596610928988039e+00
-1.907735241493981881e+00
-1.370695187056900188e+00
-6.548745048877122610e-01
-1.096679276444703088e+00
-1.266857796304194483e+00
-1.031075111338881634e+00
-8.036707089478155597e-01
7.264199237911295182e-01
2.116356507926364650e-01
1.708557299856340084e+00
1.006688890724810381e+00
1.154149634246965039e+00
-5.168936359003455383e-01
-1.989364631048123888e+00
-1.815828970982453550e+00
-9.381770291355340241e-01
-1.224331672931984416e+00
-7.921673353120258776e-01
-5.220792716294829772e-01
-7.174799942264997732e-02
-1.641788774692712005e+00
1.174082560342022852e+00
-4.403697765451846102e-01
3.920645095200181451e-03
1.596049369251182348e+00
1.422155498381872718e+00
1.135780030938772889e+00
-1.392992584572946502e+00
3.270740942116936445e-01
-1.959919440985565142e+00
-9.072260186577243424e-01
-1.291801611677644956e+00
-1.780908329566112558e+00
-1.534835080630598370e+00
-1.525469617432354763e+00
-1.607756179655900564e+00
6.029022568650068692e-01
-1.732273111614501371e+00
1.821447094056920513e-01
-1.857716183185757819e+00
-1.588067317880417662e+00
-1.100521561562550099e+00
-1.005256629647383493e+00
-6.525721914074307239e-01
-2.723115887736298202e-01
-1.136573231936702344e+00
-1.633646033995026503e-01
5.431337967761162844e-02
1.886098039490489153e+00
1.360284496114029462e+00
5.613637758812408673e-01
-8.691790917635460190e-01
1.618252940055567635e+00
2.191169668373507129e-01
2.188795616582940973e+00
-7.108567773343144047e-01
2.731432214128469482e+00
8.486635732976934854e-01
3.927820692859929075e-02
7.658283779503515243e-01
8.995072827468395538e-01
6.159948357772673244e-01
-1.500832329262526521e+00
-1.758093522080328652e+00
-8.670876485822985869e-01
-8.477313917592179671e-01
-8.509380151963665817e-01
7.905543420101830421e-01
9.364849952410563283e-01
2.351671501656255714e+00
9.358499882485459276e-01
1.547669085214468110e+00
1.569179838984316344e+00
1.182224978450729047e+00
8.381472314305657978e-01
1.279424799407054891e+00
1.346174571364590289e+00
-2.104116584383345590e+00
-1.672724329071603178e+00
-2.659486749592271382e-01
-7.247639863399681914e-01
-8.609107582999220298e-02
3.914576914989298384e-01
4.510455123214841544e-01
-8.761824085136369344e-01
1.065447550606692717e+00
-6.339501034464918305e-01
6.788927388717533873e-01
1.466177593390172840e+00
5.334311645293454696e-02
8.858934974852755717e-01
1.466139941324216434e+00
1.104448475163191112e+00
1.640432899772881203e+00
1.930033844440239843e+00
3.811137135104785134e-01
2.455174286481056622e+00
1.654628714747633067e+00
1.881936419810791516e+00
4.286012960931083748e-01
2.279709653474842668e+00
7.647292878487765844e-01
-1.237613651571322304e+00
-6.399951280937564713e-01
1.691396884702474068e-01
-1.579463504812161911e+00
-1.797429492377993210e-01
-1.232977435325661508e+00
-2.623601283849065435e+00
-1.799971567574685238e+00
-1.957259114594864347e+00
-1.630217528906592994e+00
3.945682792381060011e-01
-1.385717286153826944e+00
-1.877324906565221552e+00
-4.880498530326263795e-01
-9.034495692283699420e-01
8.140172445644110466e-01
3.584652351357298095e-01
2.185601872103131615e+00
1.186920548756713600e-01
1.176556842571880424e+00
-7.456981668685347397e-02
9.587633661963490539e-01
7.783917759214571408e-01
-1.168634642621590780e+00
-3.010763158424857311e-01
-1.664440675969808936e+00
-1.621171487334726047e+00
-1.263664056820658077e-01
-9.071727647004932393e-01
-5.172937890159210461e-01
1.051385330850915123e+00
2.482173835919574412e-01
2.172749940387662448e+00
9.549733040179217980e-01
-1.283339422439804256e-01
-5.711504037116865717e-01
-1.217908830809460552e+00
-2.191809299140663914e+00
-3.422833566162051255e-01
-1.932117024127202765e+00
-1.593322967837831783e+00
-1.363233916449022143e+00
-6.802489336453849678e-01
-1.630839514671299728e+00
-1.015184671839643116e+00
-4.274365306304984680e-01
-3.979522304999132398e-01
-1.643132117340645904e+00
-5.706712996829934603e-01
-1.533205556245830437e+00
-6.402697647939917802e-01
-9.265574791380519759e-01
4.745570464711361680e-01
-1.216809606190154991e+00
-2.359191759032281954e+00
2.777322327441087424e-01
1.447686053836225950e+00
1.240680569850050707e+00
1.126252963403630236e+00
4.410682449692469032e-01
1.520228101382374408e+00
2.356876408737313966e+00
5.845066393949478467e-01
1.439484484904384409e+00
9.237601914428136274e-01
5.499565082598889543e-02
7.950605418845968497e-01
8.325243300627479526e-01
1.470669695468611593e+00
1.567123794845263429e+00
4.231652033135500091e-01
-8.294810135196223344e-01
-1.722859431832264754e+00
-8.662421250909841941e-01
4.860963088742722427e-01
1.510221921702812553e+00
5.198687841620626138e-01
8.344806091298323514e-01
1.051072464765476111e+00
8.856829341399826694e-01
1.209570732184801045e+00
8.737729278735995031e-01
2.301409194623273979e-01
5.560261641522272757e-01
1.628463632812096495e+00
-1.802225790874269151e+00
-1.714166691203500736e+00
-1.886482557157650897e+00
-7.085362745581369470e-01
-1.175519684178770952e+00
2.440208562970279882e+00
2.101288855645035980e-01
9.292173903732736662e-01
1.650821704538094625e+00
1.107393628442073119e+00
-8.886343178177824598e-02
1.802976494217664927e+00
1.471240760154752802e+00
1.361407689369986684e+00
4.739324568119339665e-01
1.354487249879632982e+00
-5.234810134923739700e-01
4.289288999057037088e-01
4.986381165257768311e-01
5.780956819231439781e-01
4.665679543701048981e-01
9.947290546655646049e-01
4.099186841768354128e-02
1.300878375953204991e-01
-7.773806272046757115e-02
-1.923726787515806169e+00
-1.010844705557359724e+00
-2.217509266194555462e+00
-5.590875066052941600e-01
-1.628232228937254167e+00
-6.927901982507466139e-01
-8.200523182204191297e-01
-1.593646706383958334e+00
-8.501194350243886921e-01
-5.982527762256187875e-01
-1.261132709761624504e+00
-9.286490808673550923e-01
-1.187437456999924645e+00
-1.193084138283078799e+00
-2.483678029801001941e-01
2.732584635442284693e+00
8.545159726503425146e-01
2.268927844942616900e+00
1.486027869939015478e+00
1.484492951625335344e+00
-2.306520727248706493e-01
-8.517951585179505125e-01
-9.915231842975759102e-01
-2.181852824766881138e+00
4.160539110101806326e-01
-1.963875010006558952e+00
-2.056509253751297894e+00
-9.683011728765570370e-01
-6.678700335933469567e-01
-3.613353583609280051e-01
1.749291699989983684e+00
6.035213699752656202e-01
9.257816411329361506e-01
8.908284380269518854e-01
2.237982929424443324e+00
-7.487827032288696394e-01
-1.119903062153402296e+00
-9.089105652610250941e-01
1.215807114573141945e-02
-1.677541020898038138e+00
6.691131199834978727e-01
1.118661532623886901e+00
1.059102830336365653e+00
1.697767935585541288e+00
1.647889615497414528e+00
7.387212376245531065e-01
4.215474857536958275e-01
7.210179200512938369e-01
1.585799509363505111e+00
-1.209389862049672359e+00
3.983321133585314699e-01
1.836637104916363228e-01
1.397377540262051632e+00
2.976914012474402016e-01
7.960707353452760593e-01
-8.125341251799178544e-02
-1.688917367138701664e+00
-1.421217312692735879e+00
-1.376097651660963539e-01
-1.104599301706935321e+00
8.912226722197180706e-02
-1.357827651665309387e+00
-1.272625570140353712e+00
-6.294128925625231963e-01
-5.583476065962266199e-01
-1.164155450736085617e+00
-1.415834940055873403e+00
-5.370349009155702680e-01
-1.908562907012031573e+00
-2.327418557436891078e-01
3.782019908548346354e-01
2.399160372196595503e+00
9.506592396405431078e-01
1.401971942109979441e+00
1.290056773113553046e+00
-1.415892575191609826e+00
-1.406778556323045937e+00
-2.832443712963124138e-01
-8.752695202680138564e-01
-1.468299787013054303e+00
-7.032976140985864877e-01
-1.393180637032819913e+00
-1.047707965172999911e+00
-4.094134840218279781e-01
-2.466905256412109892e+00
2.176917445450651911e+00
3.348165879306607140e-01
1.262414696602553121e+00
1.506724172535057971e+00
2.026314407913195836e+00
-9.209397355241121241e-01
-6.632435992464429386e-01
-1.731966559847098130e+00
-2.295473810108148438e-01
-9.179985592787770488e-01
-1.586085615425137707e+00
-7.236472711011640024e-01
-1.012942925764578561e+00
-2.014660714580826628e+00
-5.598221844220534482e-01
-1.576515318506276575e+00
-1.364306550057254874e+00
-1.843795026789556424e-01
7.743140739584295495e-01
-1.591290671207643115e+00
-1.820428076199262390e+00
4.265009943825979200e-01
-3.993631003121486112e-01
-1.653553120915915109e+00
-1.187652435718826505e+00
1.485928870116554723e+00
1.147622078062516815e+00
1.621814235964187390e+00
7.544352976014828682e-01
3.009888272507033058e-03
1.021172730613074231e+00
1.717570701196671656e+00
1.429470163665337523e+00
1.469110905390926369e+00
1.540581291398984032e+00
1.271593153617815330e+00
1.592180149628208419e+00
1.209644767588781367e+00
9.930921632401759069e-01
1.290340363081068809e+00
-2.512091688539323187e+00
-1.407502146855309721e+00
-1.435083595372156351e+00
-1.340536200948506673e+00
8.467576270849641595e-02
7.489783942344518941e-02
7.081990058590257320e-01
-1.169098674442208274e-01
7.822140445759421246e-01
2.433424101261606687e+00
-8.092242610230671040e-02
1.086841388718564172e+00
4.870129258514842574e-01
1.346131059286092668e+00
-3.825586827183187211e-01
-4.539650911069229577e-01
2.649028224014291499e-01
-1.173843436741754509e+00
-1.732888731713081221e+00
-1.580342890320622029e+00
6.904049959102838141e-01
1.505849425165465050e+00
1.253097153203424963e+00
5.525746024143207702e-01
1.190868898119367580e+00
-3.931333717278286954e-01
-7.536652216517847336e-02
1.018659692942754935e+00
1.063060810049708760e+00
7.354906850955367226e-01
-4.857261655022877544e-01
1.261555433320056263e+00
4.855639585707766104e-01
1.279071527440738931e+00
2.660978081620591906e-01
7.892326574242636283e-01
1.281953232740636661e+00
2.163288243876563932e+00
3.685914207625355932e-01
1.823605943660306261e+00
-1.766316153770081332e+00
-2.031322693608543783e-01
-1.382386843876553417e+00
-1.180630616120252441e+00
-1.722127877360281056e+00
-1.045155795127769904e+00
-1.457085910131249218e+00
-1.169722214760213763e-01
-1.444452878881831603e+00
-8.822886887096226260e-02
-1.103764455434625313e+00
-8.319973712891230999e-01
-1.127228913241382191e+00
-9.357799668867738951e-02
-8.650648571696807343e-01
1.362640706334028451e+00
1.715039118996233958e+00
1.051416257663056575e+00
1.924595649886420290e-01
6.804462469306414851e-01
-1.287748782427843075e+00
8.358413366415251566e-02
-1.295056783740304196e+00
4.090916896037022354e-03
-5.597532645917953076e-01
-1.973869534938008430e+00
-5.711591785971461555e-01
-1.703446800554794027e+00
-1.132065016402749480e+00
-1.801053063260950049e+00
1.330879257524989256e+00
1.981253286223668031e+00
-2.473078172743181646e-01
2.359642868701611329e-01
1.280510411845897867e+00
-4.673797669036716673e-01
-3.683294506593058903e-01
-6.799234953507328205e-01
-1.045569959268455307e+00
-9.032295836415871193e-01
9.696060854767326598e-01
-5.486105538866414832e-03
1.574960510185485774e+00
8.380669608822773897e-01
1.483776769690070552e+00
9.842846032689521740e-01
4.771017534894990142e-01
1.916679597309863592e+00
8.960665239071673449e-01
1.688839570275685986e+00
7.926011600075959507e-01
1.380721450268458828e+00
4.128997818159655386e-01
5.796039600760751753e-01
9.502690855203851372e-01
-3.495781694905839565e-01
-3.707735355273962252e-01
-9.902645409971198021e-01
-7.830349111294945263e-01
-1.144599787239433120e+00
-9.849201508999816390e-03
-2.702303451260369416e-01
-1.276738801544202939e+00
-1.713339947441892663e+00
-5.182305768139989777e-01
-1.232709404065520653e+00
-1.788185556182297020e+00
-1.591950592728912151e+00
-1.340980062595150901e+00
-3.006597911304328630e+00
8.940198407165137473e-01
1.171742931244815988e+00
9.649294150016449745e-01
2.116916748153945260e+00
1.284434038084194540e-01
-9.302853831327857481e-01
-1.510398441977574668e+00
-2.249140514208192165e+00
-1.616495245298493755e+00
1.386197411620297970e-01
-2.241158729310690045e+00
-7.306774611530026942e-01
-1.854147567086068538e+00
-1.409836027363572164e+00
2.319175578029499807e-01
3.001713397859932630e+00
2.275774232648343443e+00
3.868993949508114927e-01
9.279009227260935910e-01
-4.010520118218543484e-01
-9.681135196454093705e-02
-1.326334873322029484e+00
-3.217136836347078699e-01
-8.663856465491831527e-01
-8.713584354585317548e-01
1.358579960096290673e+00
5.550074323222260464e-01
3.446090291868946220e-01
2.189001589438851703e+00
1.175917684696194954e+00
1.941591558378351845e+00
1.718120875946664183e+00
6.737198301769442566e-01
1.599153384872827433e+00
-1.951094401082500429e-01
-2.707141843821072591e-01
1.640482291760241740e+00
7.271106417472144035e-01
1.455405836250965423e+00
5.972108213517701714e-01
-1.487129572877492034e+00
-1.679986840995020270e+00
-2.554042631990071088e-01
-5.076399978352073017e-01
-1.408885841049265952e+00
-1.668352205846760139e+00
-1.552713555934160716e+00
-1.255534169515945653e+00
-3.955845396178767626e-01
-1.180619517287993414e+00
2.073470033478810315e-01
-2.554700037853132599e-01
-1.475154226885775355e-01
-2.273760948716332386e+00
-3.634955704088893569e-03
1.907916544227258759e+00
1.708208594034589023e+00
1.220326320352952632e+00
1.104370023419336322e+00
9.286204187360864726e-01
-6.531518375300544577e-01
-5.414824696434386020e-01
-1.252952407921164912e+00
-1.084663718691816214e+00
-1.469858568220097972e+00
-1.176968500316163402e+00
-3.155018161974187940e-02
-1.660100459961156183e+00
-1.355025404090909547e+00
-1.124099594623142240e+00
2.112405001505231361e+00
1.079164949378413674e+00
6.300151591527770600e-01
8.004214256817234752e-01
1.247752669076006571e-01
1.010504802259437618e-01
-1.502143670280795096e+00
-1.062861252804285783e-01
-1.950679307539677776e+00
-3.455322999244980764e-02
1.527106556353346578e+00
4.813461648890466904e-01
9.388359840765875264e-01
3.631818283317507223e-01
1.442754046477848995e+00
8.318626336324664861e-01
-3.799892867747738379e-01
2.198563683416892012e+00
1.389894774547167700e+00
1.378102918774184449e+00
-2.949937652556200440e-02
-1.764117062257706259e-01
-2.633839479321276045e-02
2.087219200314017975e+00
5.712824532704470215e-01
-9.064071120347901855e-01
-9.292532218462956628e-02
-1.789103381447899821e+00
1.342647824057783712e+00
-2.325930767397078824e+00
-1.248335024239125568e-01
-8.281922508139811789e-01
-5.800100125600400336e-01
-1.374218635249806475e+00
9.600435965530973448e-02
-1.265878772110001105e+00
-2.016118717331680799e+00
-1.629579606055244323e+00
-1.215341314579197807e+00
-2.529606160984120056e+00
1.438378639055223340e+00
-9.732835404749606845e-02
3.783401757380249197e-01
2.818429004495074608e+00
4.325614104513312297e-01
-2.191812348256596543e-01
-1.241899315055440045e+00
-1.222428021439164514e+00
-3.931594071884885189e-01
-5.281831803802456982e-01
-2.406296671824652567e-01
-1.035742768072695386e+00
-1.409454014884588879e+00
-2.246092997065742392e+00
-1.955898092373268948e+00
2.563020088616004166e+00
1.498395877055191505e+00
3.551282694354236380e-01
1.168047019150262988e+00
2.941248359894932385e-02
-1.286603498769849141e+00
3.659025851802621965e-02
-9.709121990770679389e-01
-1.694931734589465666e+00
-1.883830324296510650e+00
-1.706691946456167175e+00
-2.512513927125738178e+00
-2.242878954985433548e+00
1.314981386874329861e+00
9.440052116194608267e-02
-1.685711813726625152e+00
-7.819868683016178990e-01
-2.122258430160419707e-01
-2.013248694053061172e+00
-1.581582904757233621e+00
-1.128490229128898070e+00
-1.720072662359205529e-01
-8.930987771374028217e-01
-1.562991305873256520e+00
5.532248439679334773e-01
4.140344911011512030e-01
1.525574763350838081e+00
3.153104087026359359e-01
4.483662162103312365e-01
1.694325937965190931e+00
1.340571509093719360e+00
1.693171608955896135e+00
8.131392330840340188e-01
1.887279660545601478e+00
1.154594570888360261e+00
1.236767795375547374e-01
1.392039034096556271e+00
-2.693858704342142474e-01
6.591216053854308532e-01
1.350638284243935949e+00
-4.850034880334277432e-01
-1.480826887962335636e+00
-1.675864169900897593e+00
-4.176819763095066529e-01
-6.632946263885688420e-01
3.657119502530885580e-01
2.983551613737438490e+00
1.669718078236103409e+00
7.412726801400759680e-01
2.148602589700989274e+00
-8.481534036664344356e-01
5.461614369233278588e-01
2.218154190005582116e+00
8.264481668587966290e-01
3.930177109503575350e-01
-1.790639249111037223e+00
-1.112973511852033637e+00
-1.481961545414359094e+00
-9.310174215832788258e-01
-8.882477326940392270e-01
-2.645550600454369405e-01
5.949441945699276424e-01
-2.916179184201062036e-01
1.306963154402698279e+00
1.185552044714667019e+00
-1.743338767744478268e+00
-7.419898058973963817e-01
-1.768521998954241781e+00
-1.412592853296960937e+00
-1.843875736889743155e+00
-6.566613813425244972e-01
-1.803366522731340460e+00
-1.161998094549776095e+00
-2.278292664531273104e+00
-9.499389668588256175e-01
-1.161294419095706409e+00
-1.403009392235753383e+00
-9.123785043201194656e-01
-1.610641659858843777e+00
1.317213555201179886e-02
1.017376461515401731e+00
1.928092333461600472e+00
6.510792129637157366e-01
1.820781561870051579e+00
-4.493140592784272691e-01
1.178893891613736811e+00
5.528478184074905322e-01
1.806345215336911725e+00
-8.293891719448165389e-03
2.176564160122405500e+00
9.428317050870893556e-01
2.916305841962567591e+00
1.124993118661615554e+00
1.939480827152253672e+00
1.080701386428117416e+00
-1.287971481992363110e+00
-6.689684710489616215e-01
-1.200008535694240930e+00
-9.937075711237669529e-01
-1.276184283039348166e+00
1.661539949514967418e-02
6.366975035947929351e-01
1.967743181308234446e+00
1.472037760743602375e+00
3.205331171479386398e-02
1.848063683374363553e+00
1.643634735643976663e+00
2.039744564458067622e+00
2.456636931205771646e+00
-1.930097159244148486e-02
-1.105807983559851104e+00
-1.260390457300147649e+00
-4.305758036794649080e-02
-1.336629614278336042e+00
-1.281362460602036402e+00
-3.371365049994730079e-01
1.533323018910130564e+00
1.161115092380339275e+00
9.492393685103395207e-01
-2.851443490073046760e-02
9.847560175187699549e-01
1.859299043908214877e+00
1.514604836046889114e+00
8.481997701967143310e-01
-2.170018438918188686e-01
8.590140359134257331e-01
-2.300033250494257775e-01
1.636109831451535879e+00
1.446631708851274567e+00
8.680994824721098846e-01
1.924786478352682018e+00
1.045972168248801459e+00
3.858394412972503407e-01
7.058157684795332010e-01
5.193552575068056676e-01
-1.327102241817142092e+00
-3.155368083019747250e-01
-6.249458081267242893e-01
-1.727890152182344874e+00
-1.152209278340991183e+00
-8.374025595083669504e-01
-1.338168303629033273e+00
-1.137973156704622735e+00
-6.749432119436599153e-01
-4.247194293189575642e-01
-3.076329902043771769e-01
-1.175656778398618041e+00
-3.941384337436426577e-01
-1.458573708399276025e+00
-6.911544106633920048e-01
7.024045315527889244e-01
7.918231508227164817e-01
2.126644121502494489e-01
9.390403455190883264e-01
9.186711936038122195e-01
-3.446424128282798982e-02
-9.527770941070998756e-01
-2.078575008497809407e+00
-4.779417674278934047e-01
-2.142899251190463872e+00
-3.075530023820699510e-01
-1.459432264512685595e+00
1.205249062021096496e-01
-6.339378204229130231e-01
-2.106330616438937930e+00
1.007622295054706241e+00
6.332596314224405720e-01
1.479956417784375589e+00
1.001806861962024398e+00
1.212220134055259635e-01
-3.547516431620174604e-01
-7.421003488564851258e-01
-1.659077589079725801e+00
-2.330912423933582556e+00
-1.744481812257820508e+00
-6.000679091850792402e-01
-1.177593552017805356e+00
-2.414503526707215464e+00
-1.492586530909269182e+00
-6.522413348023008428e-01
-9.899673849233777689e-01
-1.476247112596867916e-01
-1.215269384878620018e+00
-1.466450424963090970e+00
-2.951198464085806883e+00
-2.036083285629834094e+00
-1.325015201620656224e+00
-1.579315140256188688e+00
-7.489383964396512106e-02
-2.102556708819144582e+00
1.982133276172174385e+00
6.765954548363926069e-01
1.964521537221324277e-01
1.307629716252597163e+00
8.563068169535007490e-01
2.127209425435610868e+00
-4.220043245648019692e-02
4.588719616795973177e-01
7.160008784396447723e-01
-2.281341431212191573e-01
6.518134966026284394e-01
8.650608668113430877e-01
-4.767658616381553749e-02
8.712718478684382539e-01
1.371166489688391277e+00
-3.456247901402786926e-02
-2.284848693176309453e+00
-1.490371559137218416e+00
-6.761538729157663408e-01
-1.106090093194533885e+00
1.101109260443663418e+00
4.625760115961303764e-01
1.373335777273264391e+00
1.552170200801259670e+00
5.681134536830352300e-01
-1.225198122070692008e-01
1.558343370275417028e+00
4.518584345191557494e-01
1.128570964241605967e+00
1.184084027619633606e+00
-1.129883481134674517e+00
-4.515026432765871789e-01
-1.152504641505649241e+00
-1.657867275314181432e+00
-1.568289515913403598e+00
1.428688458422679775e+00
1.348870865772501926e+00
1.806039290848916901e+00
1.217618959616491470e+00
8.776164614717825163e-01
-1.352698606845901264e-01
7.136877401121944908e-01
1.542021317616525611e+00
1.325655516442186599e+00
1.772954788091152700e+00
8.025543840390605421e-01
6.499481944203153727e-01
2.902531293121695111e-01
8.267696184967840978e-01
1.051488378792563516e+00
6.088996131197035311e-01
-3.022867590620075262e-01
2.979567442628221485e-01
8.180653978875096488e-01
2.566278151179568479e-02
-9.389958625343662879e-01
-2.040040543573826248e+00
-1.652223210725769720e+00
-1.466477150024569021e+00
-1.088871757980783839e+00
-1.671848230419140879e+00
-1.930317659600643498e+00
-2.584477735302907586e+00
-1.482805261448457923e+00
3.613737754287402737e-01
-7.625716251967737946e-01
-8.180601046191292580e-01
-2.124855067489241911e+00
-1.946277282089393434e+00
-1.170079321711046560e+00
1.136910632821780398e+00
1.677983206248712333e+00
1.041243005495767759e+00
5.154041714727164436e-01
5.635899705122080494e-01
-1.227533987422126938e-01
-4.877660902345958283e-01
-1.453529159145152017e+00
-1.858580140605909925e+00
-1.330929818225100814e+00
-2.623441593016335283e+00
-1.181643154657016970e+00
-3.799075965802627408e-01
-1.574390964408729277e+00
-7.936928326699772551e-01
1.654005766226507301e+00
7.554000519027084248e-01
9.568679516653642025e-01
2.045893291528455560e-01
4.382936232359115891e-01
-8.233216421124566198e-01
-7.458164256868884401e-01
-1.328013546506858988e+00
-1.614335032648003043e+00
-5.085547478456391435e-01
1.203179564098549648e+00
2.167290169583677262e+00
1.204050895132302568e+00
1.057371087586402858e-01
2.220467056208976331e+00
2.415843012981003568e+00
4.952192702834388172e-01
7.674223085955010903e-01
7.964275372822753329e-01
9.768614881905249847e-01
7.730614864030469491e-01
5.160625052064704565e-01
1.928805872594097526e+00
8.523097854646078941e-01
2.429466274905388801e+00
-1.392802208682022425e+00
-1.937562762661400484e+00
5.423163147930907257e-01
-5.451892018332878953e-01
-1.221564569210898954e-01
-2.986528304654444632e+00
-1.149645548563818620e+00
-2.973879776903572969e-01
-1.659766551859126027e+00
-7.690833396144867162e-01
-1.973629975799510383e+00
-1.792210122165311503e+00
-1.915066033514468691e+00
-6.492684140340151400e-01
-1.566317775633262244e+00
2.053223005389972489e+00
6.691868821444308946e-01
1.242529659167629141e+00
-4.083221012333448918e-02
1.121535769134231142e+00
-1.246884038414026286e+00
-1.703928310946414504e+00
-1.471679361028348954e+00
-1.180378689500901856e+00
-1.960986395515542213e+00
-6.337965905138751577e-01
-8.520504063048028875e-02
-1.811176868140957241e+00
-8.377366041501940197e-01
-3.120499109492146372e-01
1.322762955108403027e-01
1.497218903075584695e+00
9.948838082530814253e-01
1.293289736371901810e+00
1.514419182625732052e+00
-1.365946678641765999e+00
3.971867743814478935e-01
4.943693851389689975e-01
-2.518994689759169958e+00
-4.203330078454060592e-01
-1.919439368862424278e+00
-7.779167905395724114e-01
-5.418706733819834698e-01
-9.937128828525995106e-01
-2.816374307315587799e+00
-2.176115010175054820e+00
-8.312615624002128722e-01
8.491502030193864847e-02
-1.171840384211817909e+00
-7.442742278794145516e-02
-1.779652042317047211e+00
-1.948387947579303558e+00
-6.635240894189464722e-01
-6.499753578472817761e-01
-5.781747906800285275e-01
3.427028467902495379e-01
1.754796509341362443e+00
1.255460005113664401e+00
1.007540973285568020e+00
9.736051100298536154e-01
1.367186694471425712e+00
8.952944383703831388e-01
-8.397133555537461547e-01
8.690933756403323995e-01
1.978669969619436531e+00
6.806656233860446381e-01
1.035906564856826417e+00
2.174767533928713803e+00
3.571058359990191278e-01
1.258340510109795529e+00
-1.717601488356716333e+00
-1.443076131754145841e+00
-1.086905391872493132e+00
-8.000933851892790827e-01
-2.025099118922432107e-01
6.032048731090033922e-02
1.399496419450983797e+00
7.012436119747076368e-01
7.819569396613407219e-01
9.336519684796067420e-01
-3.578571073077552178e-02
-1.211445054033770674e-01
7.596200049176909941e-01
3.493584432501508630e-01
-1.817952734991863384e-01
-2.105434741259630371e+00
-1.293395259869220215e+00
2.603215500176236930e-02
-7.101685670466122424e-01
-4.171320475495498004e-01
3.630459582702745269e-01
1.965599389066005287e+00
1.461386769144934483e-02
1.281649255935775500e+00
2.039910571841426545e+00
1.815089663019275878e+00
1.195539331360702562e+00
9.766107260541844193e-01
8.704226491565731916e-01
-1.606376668176803246e-01
1.657405715056352369e+00
1.538406760107777327e+00
8.124542373858897326e-01
1.621372026729133831e+00
1.022844705201507942e+00
-1.879423045298245221e-02
1.739278975029194818e+00
1.208838218965677003e+00
1.458981147491288599e+00
8.031007729413048857e-01
5.502402983057588237e-01
-1.084735224538759812e+00
-1.148980335833987843e+00
-6.228618237359133669e-01
-2.554811472809910278e-01
-1.962938433932064797e+00
-7.502878426804979739e-01
-1.994913425733453316e+00
3.019810643307270226e-01
-5.557575076757965693e-01
-1.353125831527072442e+00
-1.319747115474555699e+00
-1.495044578078596587e+00
-1.648650271720180083e-01
-5.647042188595232659e-01
7.193337894094348206e-01
2.252532177669818836e+00
8.187925593457389128e-01
1.332935674220316669e+00
8.479548108372811921e-01
-1.356911992681474111e+00
-1.264764685022858881e+00
-1.940821858518599896e+00
-6.233003660621391218e-01
-2.645166045642790564e-01
-2.232833121957348066e+00
-1.540846672939802930e+00
-1.134052512106434651e+00
-6.323929886561809877e-01
-1.244954914665237222e+00
1.267507506733700495e+00
8.645454458620384086e-01
6.441080505026635095e-01
3.961050686631375495e-01
1.324162163588044727e+00
-1.570441994570865862e+00
-3.760775446794242249e-01
-7.390119366222669406e-01
-4.980621851687470070e-01
-7.496514665557791890e-01
1.826797969816572387e+00
1.552164383633496847e+00
9.786943820286397866e-02
1.166002755636750710e+00
-5.510419812296585285e-02
-2.660848950367813437e-01
1.308348001168842645e+00
1.844357124436055928e+00
2.162581046003841045e+00
4.846770810090506032e-01
-8.858135952782042466e-02
2.092653063223970378e+00
1.303317652911788027e+00
-1.924723938463663853e-01
2.737118137291280062e-01
3.335686300105080715e-01
-7.135605002552454224e-01
-1.627383187902620820e+00
-8.416208440837866789e-01
-1.575567151994332171e+00
-6.794872834152798635e-01
7.580090661889338222e-02
-1.494618028256374576e+00
-1.639183054664738792e+00
-5.097637103703677175e-01
-2.192950107952055028e+00
-4.599616673718810445e-01
-8.277399902865519854e-01
-1.699540621828213860e+00
-4.462448071753876144e-01
1.208870540472546606e+00
-6.578915986734790167e-02
2.167273978698416759e+00
1.476157128817339848e+00
4.777137462369471788e-01
-2.054526489389027155e+00
-9.145479194866534822e-02
-1.265356696059200425e+00
-1.887939621943098167e+00
-5.989246580924754149e-01
-1.054425571168706055e+00
3.740374919408617771e-02
-1.579587274570533051e+00
-7.948003145334679997e-01
-1.919982559077320960e+00
1.455069072584347367e-01
3.397458686632143232e-01
1.470880189082529599e+00
1.084023669397915057e+00
2.198181687102519710e+00
-1.091437997455486641e+00
-8.919512549111814348e-01
-1.042802916243702471e-01
-1.316645878479582477e+00
-1.274978827619162036e+00
8.743056281180865419e-01
2.713650927236792576e+00
9.952627420603409325e-01
-1.748974177202939906e-01
1.400338344925120548e-01
9.426906448549787765e-01
1.542832224999764801e+00
1.738659076135502968e+00
1.130476357080423488e+00
6.251724182067741609e-01
6.167219910087572421e-01
2.820571465084916962e+00
1.920711717501462301e+00
-3.944176259696279274e-01
1.069971493989927191e+00
-1.473407529562226870e+00
1.840092041837704251e-02
-1.927831836787223141e+00
-4.614196013576041810e-01
-2.482042431514395631e+00
-7.531055000741480043e-01
8.620921691000256182e-01
-7.193594160971152895e-01
-1.497377831221930355e+00
-2.028296381660436243e+00
-6.710734067463559605e-01
-6.685788502374310216e-01
-6.125335044272830487e-01
-6.960994039586225757e-01
-2.555906104172689375e+00
6.916342869024838524e-01
1.635537948483964943e+00
8.012182319066410985e-01
8.440366310207093603e-01
7.272135282706049253e-01
-1.889762350566080107e+00
-3.848933301742216706e-01
-8.133962566265235949e-01
-1.054407541924903047e+00
-8.350322051921547084e-01
-1.478732941317942640e+00
-1.266212656864378561e+00
-2.125372126647676829e+00
9.346883252549731402e-02
-1.893339763918986396e-01
2.268753852292804130e-01
2.026966340099730868e+00
5.297772315107840413e-01
-6.411405713055260414e-01
3.455843775606745050e-01
-8.799958022988789708e-01
-1.429848682610487476e+00
-7.350708220588166864e-01
-1.145553403024996975e+00
-1.368887982640698109e+00
1.855401088640602492e+00
2.780057052076669866e+00
1.359875668795888171e+00
7.690197873242595739e-01
1.213877955876494497e+00
1.735254674374770323e+00
1.610083556357591261e+00
1.564084653719804985e+00
1.461096549559386171e+00
6.322523120481668979e-01
1.853704157712448231e+00
2.311621068012010394e+00
3.312363847143520168e-01
1.646865030180383549e+00
1.546752296343023581e+00
1.012515637878941277e-01
5.495285774337648199e-01
-4.300107341340401179e-01
-1.149187135203562971e+00
-9.815366263644837996e-01
-9.995027838176028245e-01
-5.586685995587123976e-01
-2.298425289627756829e+00
-3.259427608218131711e-01
-1.147801220430733515e+00
-6.838224988971429719e-01
-5.126587415973515860e-01
-7.796404649398780418e-01
-1.767547578479753634e+00
-1.309499112018693623e+00
1.340825243547180801e+00
8.068015974251903089e-01
9.866440776775068366e-01
6.105247872437976620e-01
1.745137223405937688e+00
-1.176947081833208175e+00
-9.689444599199368291e-01
-9.614800307730083651e-01
-9.534707714759744768e-01
6.883143392132207161e-01
-4.674627970178169001e-02
-1.449780395635922758e+00
-9.498708576388550373e-01
2.644265672337018369e-01
-1.044724305674108011e+00
2.024886951955355840e+00
7.853492329477702594e-01
1.564463722130665646e+00
1.465266979438833328e+00
1.175233317351972895e+00
-2.461043208686336525e-01
-1.496039631939159564e+00
3.564173887886348258e-01
-1.852407241529305137e+00
-3.097523196231339870e+00
-8.045477205107076646e-01
-9.734039673359634604e-01
-1.899196751017620866e+00
3.137247203275070895e-01
-1.848277783900130311e+00
1.931186848919730359e-02
8.508948546138705993e-02
-1.424893555661887135e+00
-3.770926824562459423e-01
-1.773401803971673241e+00
-2.651188548682954504e+00
-2.002159577110474764e+00
3.720479167082491045e-02
1.301156853959369641e+00
-1.707739073859472434e+00
1.354155797054230170e+00
8.846600204438872517e-01
1.531564107553267551e+00
5.329228194964787946e-01
1.752688469677097238e-01
1.063321956900076248e-01
2.032964027398517226e-01
1.444083889871102144e+00
1.051733799331186603e+00
8.788598219799510503e-01
2.252604038690495969e+00
2.782955749742292539e+00
2.775157639394889131e+00
1.246121318503322417e+00
3.912158737817280629e-01
-2.377050639411923072e+00
-1.042116624929595448e+00
-1.556423043056348376e+00
-3.020057697220263071e-01
-1.138630295392716762e+00
8.745264708072820747e-01
2.075506709891296264e+00
4.398106119361717692e-01
7.599553715462542547e-01
1.829374699595383014e+00
7.718406732124862835e-01
9.855473390907961706e-01
2.059604423864945577e+00
-1.896925237948177134e-02
1.109827369541475539e+00
-1.239949839518915908e+00
-8.577594339013392410e-01
-7.612151395488486738e-01
-1.667859591182050849e+00
-1.073679428974154693e+00
6.368480570619746706e-01
4.307984736719298047e-01
2.565840975804794422e+00
7.389042327563680734e-01
1.244417413121410965e+00
5.500754513422744241e-01
1.090576881188207947e+00
-2.635821349620137699e-01
5.812115903590361343e-01
1.647905590385037478e+00
2.026070898985311342e+00
-7.620320154873572172e-02
-2.534719882405338520e-01
1.847436121906730122e+00
3.804362805907552936e-01
1.009117321777630583e+00
-7.686011240548906720e-02
1.529378163014807335e+00
6.322194674551456783e-01
-1.561084874089719854e-01
2.492614711431044849e-01
-1.366711062376971153e+00
-1.441946119859410569e+00
-7.872689530156908866e-01
-1.172477292623366640e+00
-8.453613941208958371e-01
-1.423166540345392139e+00
4.884444200503905709e-01
-1.513937770681259787e+00
-2.343657257687216111e-01
-1.298674653251268074e+00
-1.396458083698077335e+00
-5.597236476029585628e-01
-1.786503422026572530e+00
-7.872905953521494027e-01
2.610919973454534304e+00
1.291515822597293806e+00
4.681668603274566909e-01
1.285298570977310373e+00
2.082315966662163786e-01
-1.278799024858702893e+00
-1.147056348141471727e+00
-1.406726821204383970e+00
-1.325650221293370068e+00
-2.076709420269740924e+00
-1.476510305512404475e+00
-1.507093832602319328e+00
-1.963241033199917052e+00
-2.357272122123614810e+00
-1.041148685737847579e+00
1.249456512130476149e+00
8.182698890968105321e-01
-1.443078872783782884e-01
1.059304955855446373e+00
1.839144650045660523e+00
-1.498313511140267895e+00
-1.237041073837039873e+00
-1.970724436049556827e-01
-9.365525351372343543e-01
-3.914883899745803530e-01
-1.878196081109566595e+00
2.632019039507773606e-01
-1.200107603336999729e+00
-1.112924815996394257e+00
-1.520309634463306026e+00
-1.455021299519855926e+00
-6.402784303857388393e-01
-9.154163488381428238e-02
-5.785314196845871004e-01
-4.004369686660472771e-01
-3.005489575724208162e+00
-3.767866660773826482e-01
-5.110082324758258299e-01
-4.395163649869483491e-01
-7.580910223607197906e-01
9.747732544556447776e-01
7.408839441129679848e-01
6.682983597529463804e-01
2.069545521906458241e+00
9.906883512220521215e-01
2.432165102551704816e+00
1.222066734463001403e+00
8.150290244107756266e-01
1.196335996914769106e+00
1.791750455684681942e+00
1.723261377765787250e+00
-5.203470472314175588e-01
1.022729539845284918e+00
1.865678817138930023e+00
3.061963934883042970e-01
-1.512917489854514130e+00
-1.145483939932818940e+00
-1.383719629225377279e-01
-1.999733202681916566e+00
-8.186236742264814126e-01
-1.271585189489508050e-01
1.136225224166004466e+00
9.611286567660010105e-01
-5.509599095894457399e-02
1.437263772237078463e+00
6.652037478455400388e-01
-1.742756863365566566e-01
2.447404803993609157e-01
1.966827523045294734e+00
1.536585825487381207e+00
-1.265616300665859173e+00
-1.627840683591514015e+00
-5.852538064754573277e-01
-8.294580667003107477e-01
-8.197522124612099947e-01
1.181418863154546361e+00
2.084992983341421580e-01
-1.270743944403123216e-01
1.379919414354949581e+00
2.123924070435703193e-01
-1.851599013441543207e+00
-9.476110739384038251e-01
-9.068437601591869957e-01
1.359925034440583325e-01
-1.013910010725691091e+00
-1.236882490070126739e+00
-1.016718742347019422e+00
-6.624908158415994119e-01
-1.155390887364852404e+00
-1.603776226615278855e+00
-1.863852858482331509e+00
-5.651915436870499354e-01
-8.500628857972356567e-01
-3.344463969260508263e-01
-1.648786156053582364e+00
-1.167738393690955778e-01
1.440290686959573074e+00
1.196909766369594008e+00
2.235735983209149680e+00
6.696416790887000925e-01
8.637329376315701079e-01
1.026848678078036370e+00
9.622498861013342175e-01
1.821230372743711579e+00
1.994428236997396020e+00
4.480832155918158533e-01
1.973212310734256070e+00
1.518978610751621439e+00
1.482412963695797448e+00
8.183671769488900516e-01
-2.228557693058017541e+00
-1.936153933595545773e+00
-9.475966762783583075e-01
4.449910158667425009e-02
-1.785583414408477898e+00
1.772274868572097262e+00
1.233532774820270905e+00
-2.517457169540413542e-01
1.669751894540913995e+00
1.057794320073804029e+00
9.792387936532431780e-02
1.264468047845633603e+00
1.992148312805935406e+00
3.651053457747006625e-01
5.919028714215535114e-02
-1.365114356989404865e+00
-1.043801157544788083e+00
-3.230015894870401638e-01
-1.442365797476544254e+00
-5.083346240141596306e-01
5.455784135009525970e-01
9.744603358245859104e-01
-1.367686922256767801e-01
2.445817513866648252e+00
7.716410187001720988e-01
-9.780102821669571789e-01
-3.269248841305307796e-01
-1.218932386815666069e+00
-8.628240690255337686e-01
-1.575271050612148116e+00
-8.122461996678682628e-01
-1.479122961175242779e+00
-5.795562416810169371e-01
-2.124173400393297051e+00
-2.514480576176291171e-01
-8.956639160634751740e-01
-1.334253078375202017e+00
-5.899904633208845617e-01
-2.149512875849332261e+00
-9.959837734838687950e-01
6.882221408388193851e-01
1.405215790032092515e+00
1.022401008061021743e+00
3.504137311570933999e-01
1.543719818239285724e+00
1.403822665861414798e+00
6.347215990581807077e-01
6.043844217799654306e-01
6.000260286039194035e-01
1.399857723138975274e+00
1.149781517288198218e+00
1.937227638186587830e+00
2.097100860005594036e+00
1.511897705938400449e+00
2.368215108832053772e+00
-6.156288696173783936e-02
-1.277800545523056996e+00
2.775413953267626965e-01
-1.996642929229810015e+00
-9.974895080498663580e-01
1.188958656092631294e-01
8.818892834454896690e-01
1.039329429331259380e+00
1.679835590751303620e+00
1.119669041012527400e+00
-6.104508166348172615e-01
3.464817453723773699e+00
8.522414377161231513e-01
6.874239605745686710e-01
1.051832068041277157e+00
-3.437812607960281097e-01
5.506094008267747864e-01
-5.488260840973100407e-01
-2.309567923582275029e+00
-1.343849627186680662e+00
2.392535153510665147e+00
9.661842020385652541e-01
1.760110615400594547e+00
5.912273918874233480e-01
2.442203320337613448e+00
-1.711262373254252012e-03
-7.568215709059917806e-01
-9.278296459354937742e-01
-9.191321252060855596e-01
-1.293914005870573147e+00
-2.107170502589284844e+00
-1.145593983376834490e+00
-1.309320820030341892e+00
3.398888341089234544e-01
-2.534647129197344917e+00
-1.236369237950663003e-01
-1.982999758014131642e+00
-1.024384316041542897e+00
-1.185112774713431127e+00
-8.030958053738364022e-01
-3.072220226902868667e-01
4.602983519058133632e-01
-1.194955279868147979e+00
1.148317423587963626e+00
1.485481443773945642e+00
1.373419578689518694e-01
-3.553841877152899009e-01
1.472964856582884785e+00
7.888926790226524766e-01
8.554680398841496558e-01
1.159061767287362432e+00
1.042275616482566836e+00
2.196072752721293320e+00
1.288462849030233670e+00
9.407953847679368931e-01
-1.165674625563451805e+00
-1.429783129640283867e+00
-4.416208112676156539e-02
-1.505714706919014212e+00
-6.223149279047082150e-01
2.009999114167565715e+00
3.902368885572728985e-01
1.955678213946093535e+00
6.315482761692872149e-01
1.666692234757883639e+00
1.802672168706734634e+00
8.593387925627227197e-01
9.551510065942224736e-01
4.504943417260028893e-01
1.191094407441277481e+00
1.451767876918161893e-01
-1.558597670645754274e+00
-6.153295126293392148e-01
-8.665547214051237956e-01
-8.769275593183386563e-01
8.975962863088460253e-01
1.751283423872278533e-01
-1.121432749593529454e-01
1.912818857557998520e+00
1.052378900564904018e+00
1.522146558936768868e+00
1.619696719612204516e+00
1.890913448367721239e+00
1.269834935347045501e+00
-2.585586551552927492e-01
7.487690135330480334e-01
1.386869792992194039e+00
-2.188797258683230496e-01
-4.735135432210313411e-02
9.976359819453359812e-01
1.074932958754110102e+00
1.241979576456729406e+00
2.314057516904463263e+00
2.992110057308534632e-01
1.961078508382771979e+00
-2.276368918982841549e+00
-1.900975244129788466e+00
-1.857325104015448147e-01
-1.300671943769746486e+00
-1.042529998521410928e+00
-1.528854775716219416e+00
-4.068106595349396670e-03
-9.514661082786084467e-01
-1.135223223560315464e+00
-4.879311863328412713e-01
-5.111112278345889548e-01
-1.262548200339850046e+00
-1.409375127760354562e+00
5.434219324585716215e-01
-1.111426891260175465e+00
2.336512183074035409e-01
-1.715917137104205903e-01
5.619778435144224815e-01
1.531314033769301641e+00
8.691172830230435853e-01
-2.449115686650409796e+00
-1.054458502694277877e+00
-1.040720607360196004e+00
-1.173844750297799999e+00
-7.529683113698855124e-01
-3.815606569184970542e-01
-1.674185140853757137e+00
-2.162501953839487623e+00
-1.356379352196589672e+00
-2.074334406287071664e-01
6.393445532767436656e-01
1.845296036488566216e+00
4.100716945815074954e-01
-1.185531656278731027e-01
9.961698579581240720e-01
-1.076355049264757557e+00
-8.623116070138693301e-01
-1.892329673377326049e+00
-2.383459723910414940e+00
-1.293782990581585413e+00
-5.341818160621688572e-01
-6.506900191124942445e-01
-3.841339654226931799e-01
-7.583990762472678782e-01
-1.888447449169158077e+00
-7.559023402970167504e-01
-9.171733656171351390e-01
-9.934599833246918754e-01
-3.971757652808373340e+00
-2.038031171813567966e-01
-1.649290333348439885e-01
-2.179063431236865078e+00
7.209725995629383544e-01
-5.553223709044912138e-01
-1.549094144952784191e+00
-1.266632142289454421e-01
7.251205425955943307e-01
1.400755287970467888e+00
1.482729485859526797e+00
1.043456185156290017e+00
1.266575246754977568e+00
7.245873035962084874e-01
1.123760109276433550e+00
3.097559935848455126e+00
1.254763024052965248e+00
1.978260479084089640e+00
1.298676317386225243e+00
-4.467657620574971844e-02
7.735338087293391895e-01
1.513681100146774039e+00
-6.594010988308007803e-01
-2.899262500025409084e-01
-8.217244712337601342e-01
2.637506819842396766e-01
-2.515461389010225091e-01
6.716900336049134168e-01
1.921310751711554410e+00
1.929337020217730014e+00
9.412883252802090039e-01
7.442886367575525242e-01
1.283697016421902592e+00
9.943482492010603524e-01
2.110395113060337113e+00
1.313493002439221957e+00
1.627457262981904407e+00
-9.460707383500763790e-01
1.302322848400625510e-01
-6.307597221841475532e-01
-6.995125740263228309e-01
-6.183537991058372096e-01
1.137833925194664975e+00
2.679082978788218661e-01
-2.357376896629759244e-01
1.005477328764911915e+00
1.314507807466760214e+00
