-1.609655836188081945e+00
-5.579241881986394258e-01
-2.621683618075904221e+00
7.590073843297706624e-02
-8.511827426142204445e-02
-6.684546222664788928e-01
-1.327917571511500139e+00
-8.316681436926045556e-01
-2.135567788086134566e-02
-1.121007351424659682e+00
-2.156695413410664841e+00
-1.049163376570067863e+00
-1.160895821740014044e+00
-6.926001907664143253e-01
-5.696529824939463582e-01
1.375044578169166476e+00
1.087200177259504796e+00
7.598688031724281089e-01
6.467289326736784805e-01
1.130874496726553602e+00
1.061319604900929026e+00
3.542745950032364366e-01
-5.856460821093349978e-01
5.765133290713626568e-01
6.891747691803034037e-01
7.145565479345337145e-01
1.550397842706484841e+00
8.416629245501981993e-01
2.375303687938241648e-01
1.514572390993996764e+00
-6.670308131754096870e-01
-1.637493805362771893e-01
-2.479534796028422416e+00
-1.110491610748855162e+00
-9.362244854753043466e-01
1.722123473840284191e+00
2.528973642535235378e+00
1.736399447823970155e+00
3.636249098319688233e-01
1.224048435908621002e+00
1.312500721913276047e+00
1.002791551226933198e+00
-1.265126967667405733e+00
-8.599607228265782055e-02
2.266342968903662936e+00
-1.599497050078208860e+00
-1.129559059880271388e+00
3.455391702470014259e-01
-1.178054582981007181e+00
-1.542181480424268836e+00
1.990493168856543260e+00
1.126563363985118915e+00
2.366829928973720243e+00
1.888042504096958174e+00
2.207141349352610415e+00
2.411930550744468604e+00
1.808878287871467538e+00
5.115715079515730235e-01
1.063269305476867155e-01
3.717174731900738660e-01
1.155592110275325712e+00
2.867808418734282272e-01
1.215942720805125221e+00
1.261557352958274869e+00
8.279803623734567353e-01
4.178287000245762828e-01
1.859653939644110299e-01
1.307665785413646642e+00
1.332871717806503487e+00
-1.255303935464640031e-01
-2.206010823771400897e+00
2.392578453771643243e-01
-1.219996419625544171e+00
-4.448657903803311386e-01
-1.536482902693204089e+00
-5.334275178144278762e-01
-1.587645176093640753e+00
-1.280470596645572945e+00
-7.197508478343452865e-01
1.262495383293180673e-01
-1.058844490011012329e+00
-3.333403685222539714e+00
-2.222144272239456875e+00
-1.778897710228319218e+00
-8.440005459726672710e-01
5.367625752337233935e-01
1.328010194573932434e+00
5.264529366790280385e-01
8.114251421408393838e-01
-2.550591639660451104e-01
-1.046423100329046063e+00
-1.110839147722662457e+00
-2.424555748130640787e+00
-1.159072693760838657e+00
-4.540552489211098219e-01
-9.792889737917150894e-01
-2.540868652355763313e-01
-2.229033686640670142e-01
-4.505017325359111924e-01
-3.644032172615749854e-01
-9.029517350534010944e-02
1.298988555362284192e+00
9.653894659211654794e-01
-1.317013107792190940e-01
4.848555346361602680e-01
-1.979806694883889051e+00
-9.628636429156730570e-01
-9.420086406776958521e-01
-1.373792760935091728e+00
-1.451219404719940709e+00
1.406550565325116242e+00
1.224150596486956344e+00
8.349971300372230898e-01
1.083807061943875993e+00
9.618284761010851280e-01
5.577949988477417520e-01
1.233531313634872006e+00
2.592896329106544329e-01
1.291086880727464692e+00
9.491285337197977734e-01
1.420882088496359330e+00
1.758460584086049439e+00
7.726824215661076689e-01
1.395328073529759072e+00
9.559953474113674909e-01
-1.845560395780483809e+00
-1.195759028472145769e+00
-1.169577469803156911e+00
-1.459678957945746092e+00
-1.284742672265408947e+00
-2.141882523638002134e+00
-1.794519750777255229e+00
-4.587049944299790294e-01
-1.338599714949715969e+00
-2.652840330988460948e+00
-1.014675624208977611e+00
-1.682049483631206543e+00
-2.034759392477711870e+00
-1.017750452800429084e+00
-4.366034789982561337e-01
1.326013455398851626e+00
2.616555031110974205e-01
3.742579519062669835e-01
-4.698868985669948373e-01
7.374846585861094539e-02
-7.356343829381435384e-01
-2.782757161267325419e+00
2.693485360046197208e-01
-1.272621067211828771e+00
-1.768595161838217411e+00
-6.207566486808091533e-02
-1.428329424561638916e+00
-1.560592290162312601e+00
-2.045172777762046756e+00
7.002541298087017196e-02
1.569156869552706723e+00
8.740871693747741533e-01
1.687566688541955129e+00
1.177813959188981352e+00
7.009890674433403301e-01
7.613960435933453397e-02
-1.893016259732970052e+00
-1.367412651777343724e+00
-1.875243452550832579e+00
-7.552343839834505523e-01
-2.206187677029471050e+00
-1.435620539784602911e+00
-3.177159733931155250e-01
-1.132834694679147214e+00
2.821572377565673140e-01
-1.568699573062609653e+00
-1.297845229819540203e+00
-6.267555488941685127e-01
-1.483242010189219195e+00
-5.382169422585113550e-01
9.502402406546872626e-03
-7.522153378203018104e-01
-1.446844781952713932e+00
-1.184185902436365678e+00
-6.725940487573942583e-01
1.474847280551406792e+00
4.047787111680167804e-01
2.935564567196110808e+00
1.714784363652328114e+00
2.775306492834030969e-01
4.505196432836422460e-03
9.767969569556543830e-01
1.135710365539754685e+00
8.845908972977374329e-01
1.817072393233251759e+00
5.155646580373272059e-01
3.311488262915203151e-01
1.013733983145945539e+00
2.240097246765116790e+00
3.685774377602069052e-02
-1.440144783724383704e+00
-1.259384733155745506e+00
-2.176484659130954125e+00
-2.058157593996449375e+00
-2.114857561019742871e-01
3.447153339257558180e-01
-6.842662027215751230e-02
9.765193360045038018e-01
2.052432415994223103e-01
1.141718387164402770e+00
6.294322202149131851e-01
3.528287533052728575e-01
1.073380649441671775e+00
1.051371192462199788e+00
-1.416439021901767514e-01
-3.943876659117054873e-01
5.229828761549848437e-02
-1.990619493562461928e+00
-7.477299946377524709e-01
-1.059366571550007352e+00
1.101259603361965267e+00
7.160396663160805142e-01
-2.607264941827924787e-02
1.534587981046135141e+00
1.924129152629044714e+00
4.624240465677221801e-01
5.570123805115050342e-01
2.752382768629435539e-02
5.989198794742489618e-01
2.372846678295421619e-01
1.155477412848241459e+00
6.407731322040569610e-01
1.478217010874788073e+00
1.459456605496649129e+00
3.332159585315179751e-01
-4.639910567192089275e-01
8.673622192699697031e-01
5.014616691066521303e-01
1.449580453805560332e+00
1.983798425844099933e-01
-1.541685507379409348e+00
-9.119296287776205157e-01
-4.750805255723664633e-01
-7.068528105682276852e-01
-1.001477133160305399e+00
-9.412006419718041972e-01
-1.407828278660994803e+00
-1.480395288138742327e+00
-1.354521780483648019e+00
1.859095191182147389e-01
-2.787427244081154942e+00
-9.604302161849810338e-01
-2.212668835188647876e+00
-6.930230985766792084e-01
-1.426702287464907126e-01
9.671405172706637465e-01
3.602235178825374362e+00
1.147540558385322429e+00
8.392884231721559063e-01
-4.401185911553724406e-01
-1.075861979828185211e+00
-1.674833976723944629e+00
-1.233822578377481216e+00
-1.943441166502061002e+00
-6.079770839112184078e-01
-3.116700674907585178e+00
-5.934507322163982135e-01
4.831530714105625179e-01
-9.022040081373907672e-01
-1.202476455866481109e+00
-2.855803910300938053e-01
9.959468311386540096e-01
1.954936628801126286e+00
1.304833182839704842e+00
6.033947275346377426e-01
-2.453308756026278736e+00
-1.554503193528022020e+00
9.576807436037548804e-02
-1.045834436986220695e+00
-9.443418460585228935e-02
-9.882154941751754018e-01
-1.386548235669329054e+00
-1.382590128181721001e+00
-2.303453914645952061e+00
6.515044088926023047e-01
2.038792578814296874e-02
-9.647194376278023231e-01
-1.660263721077130050e+00
-2.961388287064872227e-01
-9.827890873960005713e-01
-1.656424967725094621e+00
-2.480690571097460939e+00
-9.679961936552964330e-01
-2.154872697828529304e+00
-9.001378598037057532e-01
7.430720155829295681e-01
7.135841299750396161e-01
1.749589708350307582e-02
1.990991115805837985e-01
1.390300215788109472e+00
2.227973918539003506e+00
5.065434420253039915e-01
1.038414729428156269e+00
7.165156609789929965e-01
2.416163397017900838e-01
4.653980506353627700e-01
1.525573572098041453e+00
1.282843888673534938e-01
2.987119587668162213e-01
-1.307961971193609241e+00
-1.093566652522532046e+00
1.493586711928820421e-01
-2.432780769116716924e-01
-1.940293081071960302e+00
-1.377154463224802061e+00
2.265207345795421379e-01
3.717686274348235287e-01
1.225367138416337376e+00
1.363731452901543628e+00
1.642873528878209033e+00
1.760885265131478805e-01
1.109200307919376405e+00
2.317135851014542780e+00
5.309019805940038417e-01
1.557650154658251962e+00
-2.661602068413866373e+00
-1.750981449361175724e+00
-1.784926836525478677e+00
-1.082457476232531857e+00
-1.285421399389767849e+00
2.640206611745256282e+00
-1.414000023110753013e-01
8.299447656511702576e-01
1.300260913597883761e+00
1.433811184525840332e+00
-1.311734651783581507e+00
-2.061074343221235949e+00
-8.323718647885860467e-01
-1.808409632447774973e+00
-9.412174396916741514e-01
-1.861972105812860656e+00
-1.541317353172737326e+00
-8.529589955702923110e-01
-1.371680280558208231e+00
-5.208980101931146578e-01
-9.180594432335885680e-01
-1.934889748488479722e+00
2.242323522468767649e-01
-9.018789721714205454e-01
-1.349563783793031435e+00
2.170650448567660318e-01
1.654921517919823781e+00
-2.679527871805045258e-01
-3.644002308463980544e-01
6.515661719765727389e-01
7.229038245521390849e-02
2.639884492499918522e+00
5.920827281539556841e-01
1.922940407644943894e+00
9.187869642833014217e-01
1.540604659071890037e+00
2.532346616381513371e-01
7.895101362242978871e-01
8.851401118125873380e-01
1.212742470514910131e+00
-3.833988813937408979e-01
5.192186722766098939e-01
-2.863553509831501032e+00
-1.076540363118881016e+00
6.677464837399949005e-02
1.134995643801327336e+00
1.437682830400839995e+00
1.115950608911836062e+00
2.186599715835309876e+00
3.618302449155816891e-01
1.230540118062804611e+00
1.986778634897484963e+00
9.714283245987055393e-01
1.785632348094989830e+00
9.708210473472950186e-01
-7.313333432654488542e-01
-1.216346822976765552e+00
-5.547474124079854185e-02
-2.379352137238630593e-01
-2.271216418561627037e+00
2.415989215333995688e+00
9.311692782131889556e-01
1.022311153891741320e+00
8.444844489748560834e-01
1.348883238054579659e+00
1.548235927772815490e+00
7.176805463738380464e-01
1.342293534603178129e+00
2.202927360492076048e+00
1.169435728281025266e+00
7.877019083246614706e-01
1.824120991598824126e+00
1.746784609554194123e+00
1.045496068797851175e+00
1.822050996527048827e+00
-3.401818308301116645e-01
-1.883780161143775445e-01
1.089093677373999647e+00
8.795257823667093078e-01
1.908495742366270509e+00
-8.195132090898081811e-01
-1.119148953433160676e+00
-2.190959182617047585e+00
-1.387112973054114295e+00
-1.710334999856591987e-01
-1.944331150346884085e+00
-1.486941857325075889e+00
-3.667753998305703922e-01
-2.283729069592988825e+00
3.949745906015866836e-02
-1.639029202904629390e-01
5.501859096395143034e-01
-8.561599208761959678e-01
-1.543163147750295394e+00
-8.410540842823952534e-01
5.622117190027253741e-01
1.089070054165647727e+00
2.568946830366553691e+00
6.023433389937238314e-01
1.632357200971075617e+00
-1.749476941911261907e+00
-1.714333922862427029e+00
2.865124914023653435e-01
2.852361464502073396e-01
-1.268408203357473063e+00
-9.272306137592932762e-01
-7.714450320800352312e-01
-6.471433573411913276e-01
-1.190598903001256481e+00
-9.788239082170685501e-01
1.470092077815295939e+00
1.115013008426249064e+00
1.700792717527619846e+00
-1.415729907141107802e-01
2.192075740852146293e+00
-1.571823134024501245e+00
-1.356378198307829575e+00
-1.525030115736321079e-01
-1.562933016024551813e+00
3.221744854666876989e-01
-1.454528671353385594e+00
-4.526130261609992989e-01
-4.740397153735980140e-01
-9.387106735571058014e-01
-1.076200586952524851e+00
-7.605278066232585843e-01
-4.449193732695345682e-01
-1.722956082935263034e+00
-6.489188945082321469e-01
-5.039987680967387140e-01
-1.741562946438879766e+00
-1.323626022878103381e+00
-1.666864161144979928e+00
-7.840136937959251151e-01
-9.315538508751398661e-01
3.225812124719450447e-01
1.304664894203427128e+00
2.633602596663279005e+00
1.232684164882707600e+00
4.729375174478779309e-01
1.780043677983699002e+00
5.731847540407839503e-01
1.420551020946702270e+00
1.098676966612696981e+00
8.919122763937334941e-01
2.041765882666216392e+00
1.527486111327498675e+00
1.809127031317738776e+00
8.800409187079376583e-01
9.484911524172182640e-01
-5.982122636842521768e-01
-1.290250637723078242e-01
-1.860648970623723475e+00
-7.805841317675332736e-01
-1.117000712780410687e+00
7.123686874178138950e-01
2.359592616173955548e-02
1.895103392736429360e+00
1.606938596955961307e+00
9.124262713986999174e-01
7.316703880897519330e-01
9.903337454348158930e-01
1.537607121004416211e+00
1.469710904282047537e+00
2.692712624497974438e+00
-2.461377116009233035e+00
1.907789292230093192e-01
-1.768614052479955623e+00
-2.121501673345123518e+00
-1.153240204749018227e+00
8.450163166903232881e-01
5.814538231901165144e-01
6.532735259476876166e-01
1.689979835663448782e+00
5.303653360153040008e-01
2.020234843037590267e+00
1.127261976173524971e+00
7.727887975783060970e-01
1.332535225079529262e+00
1.409343179729263706e+00
8.976239647076968975e-01
1.308570521574909051e+00
-2.376563622444232138e-01
2.459648656781839637e+00
7.973358049813574766e-01
1.589400533589528042e+00
3.632314096217073018e-01
6.303497626470673243e-01
1.360268046935019459e+00
-9.771084954494746455e-02
-4.716714164711355295e-02
-3.005588249210122243e+00
-1.069831944351533171e+00
-1.523459963810421813e+00
-6.847793622523141721e-01
-1.815654844471711105e+00
-7.620130152078121721e-01
-1.654144326185092773e+00
-1.359079278050525419e+00
-1.100680748949036003e+00
3.336109511231872826e-01
-1.276005626900527323e+00
-1.372462509311866974e-01
-1.523504468080461471e+00
4.319931155934666478e-01
1.813561912300936108e-01
1.217893447115145245e+00
6.213820970849550651e-01
1.082342794112708173e+00
1.359959416155904099e+00
-4.388338835666839577e-01
-2.654582916833257755e+00
-1.540290019885861561e+00
-4.360780282918962358e-01
-7.033823355086273876e-01
-1.829987982778857214e+00
-1.224916310641377182e+00
-2.156288573362110661e+00
-1.396278103973074503e+00
-1.500666415195310854e-01
8.111857698136855088e-01
4.660094208813329031e-01
1.498162085987094105e+00
2.568619742945988937e-01
1.129559304915814133e+00
-6.614484487179588257e-01
-4.629747880018922901e-01
-9.593024059554851046e-01
-1.208131763596024477e+00
-1.215997129094143592e+00
6.017966323052406086e-01
1.114075498123314301e+00
1.202149020185228734e+00
1.491490586653001493e+00
1.072497540285436202e+00
1.357855852085251502e+00
1.067991049736406461e+00
1.917829258838211315e+00
1.255962503280166009e+00
1.047330898502913943e+00
1.275708218844314512e+00
1.993469169365383431e+00
1.601274173952653701e-01
9.743163308442848169e-01
1.229876412184568668e+00
-1.549617956393712692e+00
-7.106134566037733968e-01
-1.553224142326780521e+00
-1.742354670962448004e+00
-2.932130706386741892e+00
8.587357909413317891e-02
6.642669031313492845e-01
-8.178994910509199689e-01
-9.826695898546595753e-01
4.859468103199793276e-01
-4.808657090497210351e-01
-2.866629393190870401e-01
-1.183416578704850952e+00
-1.369352422325200713e-01
-6.009549636614658352e-01
1.570714915616704177e+00
1.714660340661287252e+00
1.615627173060909527e-01
1.004956257181217394e+00
3.339114583866680253e-01
-2.459664751940670246e+00
-1.261868798965301464e+00
-7.641280122440901046e-01
-1.082385105127132263e+00
-1.309887607570210832e+00
1.986096586337966485e-01
-8.303723791925123887e-01
-5.378365747839389810e-01
-1.488094133547555487e+00
-1.534032036192417348e+00
6.033144189870327523e-01
-1.451047477045384060e-01
1.481921551120455538e+00
-4.945747887236282558e-01
1.096430867927305597e+00
-6.296446877988679525e-01
-4.612565340256891133e-02
-7.236350646459146496e-01
-1.408902126497810547e+00
-1.141771116207654035e+00
2.009947228859720880e-02
-1.171113172279302006e+00
-4.536466460493695507e-01
-1.576517300003111854e-01
-1.267391110249570740e+00
-9.786467394604049241e-01
-1.038319198570845092e-01
1.940493076878486711e-01
-9.465945559416354405e-01
-9.477344165228257511e-01
-8.676752279580204341e-01
4.173846470021298494e-01
-1.272088213501725518e+00
-7.683368669504644366e-01
-9.196366847839237968e-01
4.988751464793725887e-01
1.711956054205639344e+00
1.316717690512858141e+00
1.073732681430067171e+00
9.842202066999596877e-01
1.985673780538195876e+00
-4.404338414042197059e-03
4.856978703946615017e-01
1.488537774347214127e+00
1.143568827440827107e+00
1.438805287892539031e+00
8.105644063535188959e-01
7.083959255270959599e-01
6.862344863228206915e-01
1.540053627920934032e+00
-1.916916935296822277e+00
7.586441808329236203e-02
5.621788734917869679e-01
-5.674303634602237967e-01
-1.560009542738084898e+00
1.143420702725777005e+00
1.738163020287541993e-01
7.653243860465936965e-01
1.438702821551719691e+00
2.107213850592019710e+00
2.425546610770375366e+00
1.004933996307010524e+00
1.660640501490702414e+00
1.494274948243860646e+00
1.790009476980609415e+00
-6.396792234101598140e-01
-1.030598917339143217e+00
-1.656781579781262170e+00
-1.853229177149667395e+00
-4.571414130215355476e-01
1.022933630447466768e+00
9.347716244971241428e-01
-8.073324287922312159e-02
1.151692790554765145e+00
1.621756693953257278e+00
8.419476172771889200e-01
7.884063418970278514e-01
-4.457813250683886341e-01
-2.019618312161746143e-01
-9.116614055327327826e-01
1.382962451387180769e-01
1.031702900958819891e+00
1.360480544198639397e+00
2.161995672048030448e-01
1.224077199582281894e+00
1.037632946972709469e+00
2.372165125077874137e-02
3.722631622387293504e-01
1.305702228764462403e+00
1.670344474566378690e+00
-1.693474729250760147e+00
-3.406938243673076627e-01
-9.224253812559448651e-01
-1.734228575003644135e+00
-9.034949864167152178e-01
-1.054518235892687894e+00
-1.051236216666425305e+00
-6.014013657972590021e-01
1.010284877719490826e+00
-4.121622580437653838e-01
-1.528246874311911085e+00
-1.033744841233083189e+00
-3.145148287135639986e+00
9.082448846056068170e-02
-2.133828569599732106e+00
1.116165144946851706e+00
1.221864633277448764e+00
-1.298858009773324884e-01
5.156607404789426141e-02
5.687164284395663794e-01
-5.865897757944410484e-01
-4.034233824802146984e-01
-2.232973772824511371e-01
-8.116148908420126595e-01
-1.286426010148997712e-01
1.419461339197736649e+00
-9.216261441420133815e-01
-1.425291316287734755e+00
-8.558576109303837054e-01
-1.352188215028399032e+00
1.326308697632235578e+00
1.804135950451377646e-01
1.604951474290183810e+00
1.585417295357058887e-01
5.986054209068445431e-01
-1.030707819551995863e+00
-1.661727693170782061e+00
-1.395701403960892595e+00
-9.423472005835789034e-01
-1.098131059413270272e+00
1.708760218449276280e+00
-4.236741961047885141e-01
9.060652469592005431e-01
6.625712741493705593e-02
1.056431159947868181e+00
1.778836530120070814e+00
1.460882200622859450e+00
6.707670761234316714e-01
7.112925780616954352e-01
1.336912227144367638e+00
1.449019116542407337e+00
7.109271225903091018e-01
9.428170831024211829e-01
2.732027578802597390e+00
-9.747022246610230756e-01
1.817621247899496861e-01
3.576357997122510124e-01
-1.324673873373709343e+00
-1.190889571357428345e+00
-9.716890797735213692e-01
-3.048905166390268873e-01
-9.569266222851505743e-01
-2.224778854743163503e-01
-4.452200985022541913e-01
-1.629384764529320240e-01
-1.297443514519320829e+00
-1.541596040426386871e+00
-1.487782304421682911e+00
-2.314371944631244959e-01
-2.160754603128061557e+00
1.166227224244216654e+00
1.028173799293927271e+00
-3.067382938003540005e-01
1.220127091047154888e+00
1.881609549327384556e+00
-1.430920108365920207e+00
-1.318970229658170901e+00
-5.248444826724124601e-01
-7.464287386425848547e-01
-1.133538432226166570e-02
-3.829038758698048994e-01
-5.900576484251368603e-01
-1.603642162022320239e+00
-7.733691691571814575e-01
-1.566550466053028945e+00
3.367378033348490396e-01
1.276172886947160467e+00
-7.929963910033315244e-01
1.110196924291065201e+00
6.234566268191469307e-01
-8.379414022708673304e-01
-9.335884386235459020e-01
-2.252562163727158229e+00
-1.301450214197075184e-02
-6.224940168222117265e-01
-2.812420791979004520e-01
1.032842644637822271e+00
9.989144479881506555e-01
1.031392509058163043e+00
8.463737676583800162e-01
-2.762291848612714595e-01
8.270058890370868276e-02
2.180767114030678133e+00
-3.087518268996545245e-01
1.804942326438547795e-01
8.407475203369856320e-01
1.305344110345354913e+00
9.801677289399711723e-01
1.058040215963220065e+00
2.587111153156724797e-01
2.626245163512552772e-01
8.830604360818274934e-01
-6.849629836752257894e-01
-1.974425354807038957e-01
-8.528473054901674066e-01
-1.036991239625482120e+00
-1.252682751696631236e+00
-1.872653408309662648e+00
-1.356315894373215647e+00
-8.467594125513319137e-01
4.739300468724048088e-01
-5.895643097200931049e-01
-1.426524312585994103e+00
-1.165838637638782371e+00
-3.314548552498618461e-01
1.169016115801641442e+00
1.828917600166712454e+00
4.620045373078284223e-01
1.985510017610665923e+00
8.102291086150779087e-01
-1.801109228173483290e+00
-9.354834504111450011e-01
-1.886263008020785392e-01
-6.478940466731608616e-01
-1.197293964445349745e+00
-1.117206999149204405e+00
2.124673149044014053e-01
-7.694903717944230337e-01
7.487211860478328873e-01
-9.803235636301903533e-01
1.880984634769799158e+00
1.686843204104590654e+00
1.516744342622664554e+00
1.795265804878432236e+00
2.792413772317690057e+00
-9.761045465659168308e-02
1.977744753348162909e-01
-1.177522854963656718e+00
-6.030289061473327328e-01
-1.253550587534506988e+00
6.685378120352298836e-01
-9.642079747123480926e-01
-1.403640849844026928e+00
-1.026608176205340950e+00
-7.066134393647732770e-01
-1.428244564948380146e+00
-3.242255304189848086e+00
3.854361573624867088e-01
-7.491442239343811815e-01
-1.455953596251095439e+00
-2.326495005853541187e+00
-1.892767785926220192e+00
-4.678236284055115046e-02
-1.320737161116924963e-01
-1.101062686410351432e+00
2.495572372130774319e-01
9.054766152511807276e-01
1.747193110751456890e+00
-3.322229774967053739e-01
1.398999653887909478e+00
2.779510443608765868e-01
7.857400728969001769e-01
1.268961637195940240e+00
1.305495476055599235e+00
1.217804792588450757e+00
9.891019720993237119e-01
1.971661682829155104e+00
2.539693673344783909e-01
2.531556355544146708e+00
1.492990335758981768e+00
2.750455708112857778e-01
-1.352878094293819444e+00
-1.353711543238537374e+00
-4.303793501471915306e-01
-8.843719177327059588e-01
8.579334362912193201e-01
5.531483940395194310e-01
1.343098675811025267e-01
1.865377883274560666e+00
2.079741147507275123e+00
1.839416532021529660e+00
8.821081526016416596e-01
5.049251286951584872e-01
1.012964917377466856e-01
1.519774600315728419e+00
-2.486196117824142959e+00
-1.201709086972443385e+00
3.391117668686496334e-01
-7.555152712245991609e-01
-2.201991140817788573e+00
1.911997820759562483e+00
-2.573838407878126233e-01
1.026243283002501450e+00
1.216344481442449110e+00
-3.761336740858078898e-02
-5.036964231676401837e-01
-1.065476352511245839e+00
-8.457664914789653210e-01
-1.512736994654696243e+00
-1.503036537593153366e+00
-1.125927677277968053e+00
-5.248465899256575806e-01
2.884468891511282607e-03
-7.567475511364603058e-01
-6.367761507416735967e-01
-1.032345807129587678e+00
-1.661292330381663573e+00
-4.479172189521327674e-01
-1.567845664658341853e+00
2.435258552631918150e-01
8.055988056124274710e-01
9.251254097170997781e-01
1.228445553846813310e+00
8.149365099485718078e-01
-4.367671443769047812e-01
-6.514522220739582536e-01
1.127838394726233595e+00
6.238832555793631940e-01
1.806037631041606861e+00
1.431114950564592148e+00
2.191472172997502632e+00
1.784966449361380159e+00
1.507325971895535854e+00
7.172157486843996343e-01
6.776434692394297521e-01
-1.098659509298605341e+00
-1.386796651468686470e+00
-1.221831514213863379e+00
-1.195764341914373974e+00
-1.175307055779550414e+00
1.823340850650087219e+00
2.256540983642262965e+00
1.556696889020663388e+00
1.094775065159927285e+00
7.182654160300929735e-01
2.049783916483862711e-01
1.727974667680528764e+00
1.687545654356416680e+00
1.095544179000410345e+00
1.611752165870470321e+00
-1.575539382992768855e+00
-1.191894026334354706e+00
-8.326511180621272157e-01
-7.428559798246141543e-01
-1.594792001753678523e+00
1.195401346571764112e+00
-2.309170976180341395e-01
5.682674107984543310e-01
1.472223776868634371e+00
6.291459250602771114e-01
1.705908263771187539e+00
1.422292090126402453e-01
-7.134624025991944674e-01
7.672831080347430888e-01
1.152990708993499869e-01
9.675360214711213880e-01
8.098974869002439902e-01
1.385601751488753308e+00
9.142444120598383073e-01
6.731187684620658640e-01
1.875221258452148376e+00
3.986346825854013565e-01
-1.410860910052527117e-01
-8.763820449878401142e-02
3.015097979867832123e+00
-1.938198463229329427e+00
1.544000302440950989e-03
-3.015086624084024614e-01
-1.915698986069390486e+00
-2.274031244841248522e+00
-6.241756885613221062e-01
-1.144761233158483549e+00
-5.582808692125952321e-01
-9.338192429593096255e-01
-3.048415659480343542e-01
-8.692141140741451721e-01
-2.403272332545802747e-01
-9.448040979444021215e-01
-1.077877980919843326e+00
-1.259106060048202469e+00
1.013479817342987754e+00
1.486233379806326305e+00
9.538878653370890248e-01
1.651599338937000727e+00
1.324487338866086938e+00
4.895178587304049866e-01
-7.144381108685263770e-01
-2.001301289615273316e+00
-1.440154308136085026e+00
-6.972879218778088584e-01
-1.776701088311391841e+00
-1.557013948897917555e+00
-7.228157756824113989e-01
-2.614550279955218048e+00
-1.758115863715686622e+00
7.127962501029290188e-01
-6.797429504141581091e-01
4.587738919026824735e-01
1.087368549077960544e+00
-4.382340729959730563e-01
-2.644915253236529651e+00
-7.840970046457569342e-01
1.106741394695157865e+00
-1.048751569283621121e+00
-1.560987722406989464e+00
1.415574879882986803e+00
7.773193479213981183e-01
2.061125647952041895e+00
9.363472785381351526e-01
2.012452931170207293e+00
1.708183181621221181e-01
2.319338163125240992e+00
6.043088765950571650e-01
1.134721229189529890e+00
8.725358380447811868e-02
2.087620369621903560e+00
8.875960326157061875e-01
2.088686411836137680e+00
1.272132231757548304e+00
1.231361486278497175e+00
-7.991299439402754778e-01
-4.673121612333686059e-02
-1.292183535777390313e+00
-4.928554531090783009e-01
-1.090712810574591352e+00
-1.947214578087010040e+00
-6.203779592876064175e-01
-3.598232624549575487e-01
-1.300384462862772095e+00
-6.941224964750003501e-02
-1.063352263536332387e-02
-1.245563080985731652e+00
-1.412195259205054176e+00
-3.248288658854732169e-01
-2.023684260316960248e-01
7.712982619904514836e-01
1.373813543909225832e+00
1.805931970445251888e+00
7.148426883667593490e-01
7.705785594747098788e-01
-7.859317776105918529e-01
-1.938283992904007658e+00
-9.300514912140364077e-01
-1.078262164516793797e+00
-6.903584053021991629e-01
-2.535327576780275205e-01
-2.218733993153612083e-01
3.010204249131382959e-01
-3.397289832805263643e-01
-4.836361958969830344e-01
2.235281706743150743e+00
5.280752983448614435e-01
9.230697271672578808e-01
1.155468131834225698e+00
1.636007028909196581e+00
-9.209876811271034969e-01
-3.535858795985369341e-01
-1.842701897325337734e+00
-1.267814422189587287e+00
-2.277488450077588489e+00
-1.426609126295368846e+00
-1.764921619699918232e+00
-2.603708591563175245e-01
-5.571817626097120835e-01
-8.887083266324237174e-01
-4.026179985494927616e-01
-5.033688518636990628e-01
-1.342911865319890818e+00
-4.437304845958247590e-01
-1.280964690362713432e+00
-8.596252353418547543e-01
-1.409590652497459962e+00
-9.516625918386323324e-01
-3.866649770311674228e-01
-1.362353008154087330e+00
9.701664462989839643e-01
6.603535577789717559e-01
1.435426253978921984e-01
1.367112920837697310e+00
1.941928618228866199e+00
1.523841377158412502e+00
2.855384137342025230e+00
6.654772116981294561e-01
1.750020748354356392e+00
1.024756883733833890e+00
1.974226618724755689e+00
7.076565016791740437e-01
1.125537008958346519e+00
9.872757077235950751e-01
8.263633202277123058e-01
-2.616480956253934398e+00
-8.698099045365726978e-01
-9.823274343558991983e-01
-6.449826006569362447e-01
-7.705737226181462729e-01
1.682491071951948136e+00
9.998597703663106850e-01
1.884031763094101031e+00
4.202010922058724285e-01
1.135622834270133108e+00
1.193229622618865227e+00
1.822848461373492324e+00
1.289333655145721291e+00
7.366222046923914801e-01
3.513168416458805066e-01
-1.367681091236941704e+00
-2.067876194800208900e+00
-1.691524145091189091e+00
-1.441330782962058743e+00
-7.124791563933910998e-01
9.950484267132283511e-01
1.208939196665527849e+00
1.351447658767407134e+00
1.359789854050659219e+00
4.979767101528895790e-01
1.452095773752129393e+00
9.945140641490206601e-01
1.520650641745086240e+00
1.713785303871078636e+00
1.059239283974953150e+00
1.317375580989108563e+00
5.724566414915632784e-02
4.476018247893702728e-01
2.039865160243472086e+00
8.880965244210510257e-01
7.176652061812457406e-01
-3.360297640266818320e-02
8.392602051683648590e-01
6.804057828860120560e-01
1.768119961013634667e+00
-2.728916612445958512e-01
-1.814402093538643346e+00
-2.554820990066797304e-01
-9.610388441191020092e-01
-2.061315091720032910e+00
-1.498055918387873664e+00
-6.303766728424533561e-01
-1.006471603772388423e+00
-1.495986043432306456e+00
5.564919126328349286e-01
-1.624165826276439795e+00
-1.802336434878021754e+00
-6.200217087253743209e-01
-1.022534879298538257e+00
-9.772228748744957727e-01
4.069763858898223230e-01
7.448462653029341851e-02
4.077738974906598424e-01
7.305957317075264523e-01
1.176170269363775001e+00
3.346693000946014962e-01
-2.354906155711084637e+00
-1.644134514258092317e+00
-1.099589544126592822e+00
-5.400396456776309639e-01
7.998349920933356394e-02
-5.186534143781018624e-01
-1.892752023127864058e+00
-1.313588361111528657e+00
-1.206239986593060642e+00
2.450525365500223263e+00
6.222172358014853577e-01
1.834212156717097031e+00
6.828601484978279457e-01
1.047750248690921149e+00
-1.601514666342340076e+00
-5.455984429623547127e-01
-9.384102918620904621e-01
-1.041901255882777821e-01
-9.990393033231308451e-01
1.560008082277784869e+00
6.439304934161168559e-01
1.549929129335690714e+00
1.605005520624057880e+00
7.470915300025240402e-01
7.424181992449279122e-01
2.679331161870605271e+00
8.696600011298953881e-01
-3.598890072054532485e-01
1.374641127821989883e+00
-8.334831729668379374e-02
1.549748579630773726e+00
1.313034732947531591e+00
1.739272867673350209e+00
9.665238102905115980e-01
-1.788193604139747261e+00
-2.483470735096947379e+00
-1.372724180439658159e+00
3.320081560050835989e-01
-4.480085686218457930e-01
-8.746539829171195990e-01
-1.714719057363676136e+00
-2.192439924855452915e+00
-1.653798760616917551e+00
-7.625320415048174594e-01
1.822960866897853638e-01
-9.623012183191270719e-02
6.708749468371708602e-01
5.638563992117400225e-01
-1.097565998372217022e+00
1.751227983910432551e+00
1.375705514049548883e+00
1.332095963591539700e+00
1.518801430508840200e+00
1.127481086079791250e+00
-9.600645520403026101e-01
-1.418784263572984816e+00
-9.863606805835505309e-01
-4.281688217677054320e-01
-1.154235988113853972e+00
-1.298257498956573164e+00
-1.765648600557876646e+00
-1.538203384531613871e+00
-1.500648958844458258e+00
-5.401174872086965673e-01
8.549877975851591927e-01
5.929064070978599110e-01
8.057578682014983062e-01
1.236315091866582172e+00
3.671072206684566908e-02
-5.937807214216666019e-01
-1.700943932758944399e+00
-8.487959270217161345e-01
5.179065232002533214e-02
-6.503742687380209553e-02
1.712689518550768675e+00
1.315692114153453884e+00
1.297963379632428804e+00
-2.727204542953187705e-02
1.367074933783622992e+00
1.464465342482843546e+00
-3.688196513711483604e-01
-2.467713062156582371e-01
1.635999575392491856e+00
4.147779653891259244e-02
1.884967335816643885e+00
8.394995999524113017e-01
1.384373371718650159e+00
1.775212582139722439e+00
-1.808496332214966085e-01
-5.324905600423732732e-01
-1.684825617455836033e+00
-1.073898731081692759e-01
-5.621782788991909197e-01
-1.227941442507383574e+00
4.552391914249573901e-01
-1.205804402272924403e+00
-1.748497002913073084e+00
-1.445852954621810849e+00
-2.521277550100383014e+00
-1.352780771739802823e+00
-2.799022054641957524e-01
-9.444614686305168316e-01
-7.730329102173587597e-01
-1.221125134107046373e+00
-2.991972362610240133e-02
1.837697777782702824e+00
1.892668019908168020e-01
1.331642462160743889e+00
4.907162646365592629e-02
-3.675345014703623736e-02
-1.030908801564562216e+00
-2.367142076084058022e+00
-2.881514263955577526e+00
-2.129273053123565074e+00
-1.326860170027067687e+00
-4.306081483715963332e-01
-3.917492177169190626e-01
-2.778422191630738780e+00
-6.467807351144959638e-01
7.486891209760138111e-01
3.450169908332070268e-01
8.553284118674518988e-01
6.442975128375904026e-01
8.701171654981272319e-01
-1.519086661993160003e+00
-8.494610479962256822e-01
-1.139466822490992737e+00
-5.967653089316220516e-01
-3.154464913719776664e-01
7.475083427612529974e-01
4.885025960922814159e-01
6.082636390334376086e-01
1.391186323765981836e+00
1.190812009413880546e+00
-2.932394448940534026e-01
2.788887119486311850e-01
5.862927245496283302e-01
8.113149579757028551e-01
8.420869529247312357e-01
1.366500534366319242e+00
4.631497429609077177e-01
2.536406975033843381e+00
1.316160118753435526e-01
1.527416070098278844e+00
-2.355414215230360320e+00
-2.383452496074692561e+00
-6.084942326400576418e-01
-9.357174617626107249e-01
-1.480017653132028599e+00
-1.119254470909520682e+00
-1.188175219676327110e+00
-7.839468689403528145e-01
-1.905561718473509414e+00
-1.102950345875295168e+00
-2.365418005274122493e-02
-2.127733721671527078e+00
-8.488880896474415572e-01
-4.858648926663887702e-01
-9.310438196942619760e-01
7.041640857457509561e-01
1.239284268175920856e-01
9.570289934057953918e-01
1.975480581687992565e+00
1.330289225118741481e+00
-3.281317555083836268e+00
-2.154662752080318100e+00
-8.903495020593313880e-01
-1.341191985969287792e+00
-8.485975817606246085e-01
-1.638706994526355487e+00
-8.446258193064515307e-01
-1.792765411194904068e+00
-1.408307715577836738e+00
-9.906465481585261523e-01
1.648536601110700328e+00
1.019067926916629174e+00
1.236705999076039397e+00
3.972978710081753739e-02
4.625780958203015159e-01
-2.285936299023829221e+00
-4.214192863698360547e-01
-8.563290120957588458e-01
-2.241197205321435071e+00
-9.922744174585592658e-01
-1.456671316125187410e+00
-1.098922492228557202e+00
-1.225064739131083380e+00
-2.035237804598472700e+00
-3.418754192147287485e-01
-2.194399173439259165e+00
-5.811308258907702529e-01
-1.866605002162594840e+00
7.689999246054923798e-01
-5.768229651302132499e-01
-7.671072743383230419e-01
-1.016629341097217365e+00
-1.362465516508784891e+00
-1.014560958778840671e-01
-1.631469367521923175e+00
3.945317847369164133e-01
5.949384300643901780e-01
-1.814040861063241916e-01
7.207829696005167985e-01
4.835572322914675203e-01
9.324580691208972372e-01
1.049068333327470626e+00
6.871710437762298396e-01
8.743559370254719854e-01
8.911210986290585279e-01
2.236778444317770731e-01
4.331264109611407953e-01
1.621119282364218428e+00
1.900716105084818697e+00
1.674361317971023055e+00
-2.003136439499530574e+00
-4.698416880664795237e-01
-1.991800010883324701e+00
-1.665277326480443243e-01
-1.249478943710938372e+00
1.578155667552130215e-01
1.476318056655043565e+00
1.026540001311832428e+00
1.399232223329832214e+00
1.308776650485130588e+00
-3.671003768070550954e-01
3.782079991432942823e-01
7.984013745522434702e-01
1.357853656974071122e+00
1.263912588230633016e+00
-1.961978790301459830e+00
-1.442923030334775092e-04
-1.983568637646511368e+00
-6.848779476811321931e-01
1.137438583318848284e-01
-1.546736748468233724e-01
3.868872807766288169e-01
5.665384262145732874e-01
2.182376712564369825e+00
9.557974812999725511e-01
1.294461540450359216e+00
6.350226635671056830e-01
7.353606289250529393e-01
1.560839852480101264e+00
7.435885633021449559e-01
5.790113502873515117e-01
1.473367804617012000e+00
1.885797662248818618e+00
-4.878021324336569986e-01
2.239362255610193309e-01
6.356915197475025980e-01
-4.078025690593567454e-01
1.536618235306090208e+00
7.040705124348076716e-01
4.118260878209991649e-01
-1.402322093757657262e+00
-6.443989499026911982e-01
-2.792840909921332493e+00
-5.540657751517875651e-01
-1.360463512654053186e+00
2.579827521614894703e-01
-2.206279575725306197e-01
-1.886991455198610224e+00
-1.637181159986071943e-01
-1.024978110483172111e+00
-1.041119939000388905e+00
-1.625514562383174155e+00
-1.099058790155020393e+00
-2.006925873258755821e+00
-1.168602054578426586e+00
6.564852793704107903e-01
6.054145240812054407e-01
1.194059995542034125e+00
3.093635151942473183e-01
8.547775386451893498e-01
-5.976198117947625343e-01
-9.981763167447683660e-01
-1.675546428670506849e+00
-1.170274729282203996e+00
-7.259881070323570551e-01
-1.782246876469112618e+00
-7.376865652461161993e-01
-1.058840281490186275e+00
-1.713333444064762068e+00
-2.716637831512573875e-01
1.232075745965696356e+00
1.041061607916587750e+00
7.129563252845469989e-01
8.572251278643411299e-01
1.165740347324584425e+00
-7.866358902249410701e-01
-4.554057046424360156e-01
-7.514297200518620379e-01
6.236622599889081187e-01
-8.698452488332270027e-01
3.291013141753572624e-01
-2.208296984993793899e-01
2.915728974046831734e-01
-7.955542862323301545e-01
1.960470423697904252e+00
9.248653010954471787e-01
1.756220767151702056e+00
1.763153961312995399e+00
2.719987725201815643e+00
1.766872531874369656e+00
2.001589474970729476e+00
5.818999874893691082e-01
3.153402539926806192e-01
2.052562435178484357e+00
-4.507033562386872916e-01
-1.805155678757289550e+00
-5.506548647984653710e-01
-4.419338000080239581e-01
-1.252834809675665628e+00
-1.445238890381370211e+00
-2.274775413904429389e+00
5.479154590259116553e-01
-1.223690702686124787e+00
-2.173296346853910599e+00
-1.616328426395395201e+00
-1.009988719752020536e+00
-1.798550867370343198e-01
-9.539371893759271970e-01
-1.222312945479346880e+00
-1.250120873904550844e+00
1.323351790155215202e+00
-5.495530704598183824e-01
1.301855128742839263e+00
1.378138091559259593e+00
1.208216472110572592e+00
-1.103090956878158391e+00
-9.494278062289582820e-01
-1.615696838105390887e+00
-2.449994773252246461e-01
2.114456754216056389e-01
-8.889228632376580119e-01
-5.068578682659015122e-01
-1.713588187458271683e+00
-1.752158936945996892e+00
-2.051303467650383627e+00
1.598839734993846129e+00
1.485130151334107085e+00
1.761247856916611454e+00
1.583206221754184240e+00
2.748917063159842522e-01
-1.480291985568884527e+00
8.039985524784341031e-01
-1.026751971721147738e+00
-1.434776697844570847e+00
-5.804695325830333541e-01
7.070291267241390898e-01
8.975848257359203552e-01
1.931968275615683961e+00
6.867540338236903796e-01
9.633144960288511083e-01
-9.136674091719720892e-02
1.086244198356231649e+00
2.072510327998296820e+00
2.202850071377468133e+00
1.107508947972292823e+00
1.083661182921869193e+00
4.408713338564900219e-01
-5.877003331124885932e-02
-6.394721151936273440e-01
-5.421428045499212534e-01
3.213822666616961143e-02
-4.777517638005941425e-01
-1.619103878886651859e-01
1.893242336107447965e-01
-1.982505455305649811e+00
-1.255953823997818297e+00
-7.759626886062481743e-01
-2.371589126967041938e-01
-2.645982461071249014e-01
-9.111790452043870836e-01
2.643691607096034790e-01
-5.557968285260938002e-01
-1.370831111653751710e+00
-6.668695337331098649e-01
-2.300716273082795915e+00
1.555374617639747381e+00
6.853781727464035578e-01
1.050927063492407942e+00
7.102603628601049657e-01
1.573552285696560249e+00
1.609710383362648045e-01
-8.506900524115930118e-01
-2.019059657401267582e-01
-8.594443145261374539e-01
-2.936458597448156072e-01
-1.638481105950484462e-02
2.232884853855510165e-01
-4.475030853359572847e-01
-9.858953423192549081e-01
-1.370382009304257576e+00
4.600330795010200147e-01
3.224965727824370409e-01
7.155711168182703474e-01
1.163287700406172798e+00
4.345484387019105110e-01
-3.163647811398995202e-02
-1.196388677495248798e+00
-7.226197311608452134e-01
-1.377633101133233229e+00
-1.686097869090071200e+00
-1.247966422654867680e+00
1.038592973392282737e-02
-7.785043675853797751e-01
-1.722435379230172980e+00
-1.000906922656715548e+00
4.931760779496909830e-01
-1.049129551800487725e+00
-9.007637939962089835e-01
1.835338526965415440e-01
-1.477409455377093561e+00
1.974197978046987600e-03
-1.937444089847526474e+00
-8.392665409483509587e-01
-9.624271270983076887e-01
9.060626807080951473e-02
1.447486996446574636e+00
-5.522078753975767640e-02
6.213548626290315013e-01
-7.098968131649052715e-01
-2.216426203312964471e-01
8.342424009681433938e-01
1.676475859264094925e-01
1.332067802811404800e+00
1.037819396271603578e+00
1.345021602312702402e+00
1.468804999432220315e+00
8.668168041867714280e-01
1.253752668974209339e+00
2.103977203389401307e+00
2.049036383693024099e+00
-6.285533726490764028e-01
-5.651596056073739938e-01
-6.388162871090174999e-01
-2.053791623002072964e+00
-1.813417538840389698e+00
1.081284373491419926e+00
8.178335191687946537e-02
7.086414996853536152e-01
1.792972219521797639e+00
5.217797850822172290e-01
1.121929322278613528e+00
1.209620569160901216e+00
7.308644232479146741e-01
1.737215707758002381e+00
7.800033354411115560e-01
-1.767049416272738593e+00
-1.471236142007478653e+00
1.134464001398338695e-02
-1.253247519356491591e+00
-2.048762672003314300e+00
6.425294445800004972e-01
-3.932340771879310193e-01
1.589448116810627809e+00
-4.868106044462194859e-04
1.759398456867586225e+00
-2.693311361118440050e-01
-1.085896693258622925e+00
-1.027356921605693918e+00
-3.974928925893226328e-01
-1.943497340892319736e+00
-7.612931699871048341e-01
-5.929916306301796780e-02
1.486084669004332781e-01
-9.302899691847639208e-01
6.440142189838859998e-01
-1.215695910660777646e+00
-1.525752851029651191e+00
-1.237020058338271555e+00
-2.119052617720769582e+00
-9.691306943882103120e-01
-4.573229562742646692e-01
1.325226776130515205e+00
6.886533204415108411e-01
6.156527778966325304e-01
2.872779060187588662e+00
7.687263357968892041e-01
8.213823141020415441e-01
7.474012263849889592e-01
2.229008090051006530e+00
5.440059036785134250e-01
2.144397094096807344e+00
9.873486986262529630e-01
6.475782744358438148e-01
1.376905281171403095e+00
1.226558130695361903e+00
2.310629343990284745e-01
-9.603666854074438541e-01
-1.306302814204925555e+00
-1.599798681235500730e+00
-9.310604442590408869e-02
1.148847269369785096e+00
1.159702449763696519e+00
2.376232626855396379e+00
7.955332168364340761e-01
2.030352086726916028e+00
7.119471653313301784e-01
1.169510406066152752e+00
1.198922064157406320e+00
2.263824666431701438e+00
-9.841894259126604538e-02
-2.525648966901321568e+00
-1.668391287272894319e+00
-1.376538973666671328e+00
1.192248856368860022e+00
8.710558654529934053e-01
1.656752722758292329e+00
-7.487589504188376655e-01
2.123174302962600457e+00
1.754847721965991036e+00
7.759644531743037366e-02
4.324505824463853454e-01
1.386408433290774234e+00
1.485222611790433467e+00
2.027912181558738869e+00
1.531394531157129535e+00
-4.513277871156964327e-01
4.539312006702234115e-01
2.084804304516421958e+00
1.244581774589184064e+00
7.132224673056610786e-01
3.223252294498240023e-01
1.502525730358392098e+00
1.637077272261027616e+00
3.586306396106390126e-01
2.411646410758533143e+00
-7.454805011242846557e-01
-1.155258071572464296e+00
3.647208405764799100e-01
-1.178445941549681075e+00
-7.278257130331702296e-01
-3.677234915674891802e-01
-1.616821878936625323e+00
-1.155551187155801518e+00
-2.222966564708402704e+00
-9.948196773965906070e-01
-1.114494597626254802e+00
-2.126174869836857440e+00
-1.329593041450314095e+00
-1.397972746142334355e+00
-1.034489508528093404e+00
3.707826130908525863e-01
9.661717787867463159e-02
1.511319139804572664e+00
8.215302916986577664e-01
1.316452136431939257e+00
-8.502912829782988124e-01
-1.170712816915056020e-01
-1.011771327077333416e+00
-1.216472322719666987e+00
-2.018563884540400810e+00
-6.816924448653141067e-01
-1.839684428721621412e+00
-1.648768154033479760e+00
-1.642589531974749217e+00
-1.321372576416697475e+00
1.764089939921974493e-01
1.556848377815558404e-01
9.593296574140058874e-01
4.700806577569713873e-01
1.773875100835769381e+00
-1.033144948182314504e+00
-2.296668922647924216e+00
-1.006276114868791538e+00
-8.242894626676333658e-01
-7.242216652331394666e-01
-2.638304487078217964e-01
-1.020032240573194304e+00
-1.493563082947060305e+00
-1.569899032073693856e+00
-1.334271244172673399e+00
-1.390067958131777637e+00
5.626963259442887555e-01
-4.192537254842633176e-01
-7.419421838804237668e-01
-8.135971927063949671e-01
-7.698805066058869162e-01
-2.157065493178104809e+00
-1.712307920967307551e-01
-1.236746069543869675e+00
-1.762210305250193398e+00
1.008675357258353777e+00
1.488662584860676041e+00
2.070289721781892744e+00
1.063382785639148898e+00
1.585191408401040336e+00
6.901833215471786520e-01
1.481512677799449396e+00
1.465757359090293921e-01
-6.654350414140495218e-01
1.064385493915728897e+00
9.021763489287458748e-01
5.999180533346583077e-01
7.359736539346541928e-01
1.437507742198276928e+00
7.954430057356950412e-01
-1.634875611774607052e+00
-1.516030254371179442e+00
-1.351681282247020333e+00
-2.268443578134163197e+00
-1.478639660443262116e+00
-1.960585437192925440e-01
9.824769688982182281e-02
4.992038296784585549e-01
-1.719285130403560569e-01
5.308357408785070453e-01
1.019847445578849987e+00
1.492116693870159549e+00
1.318894093196726791e+00
1.148328593021921362e+00
5.456951004825512097e-01
-3.898362840304998578e-01
-3.653948907999540197e-01
2.230220715026764999e-01
-1.497331615335021571e+00
-9.186943495422366102e-01
1.090385719264298725e+00
5.194446949642765876e-01
1.052051917798300984e+00
1.677283753535341759e+00
2.054611413464609182e+00
-6.662338874265170130e-01
-2.349245077003684123e+00
-1.102562002761438897e+00
-1.879126889966121317e+00
-1.230525859567070723e+00
-9.390802959893929103e-02
3.940271392921883553e-01
-1.009477442526763413e+00
-1.526914241118772830e+00
-1.212321744381878563e+00
-7.982326577797251854e-01
-5.494621896435376573e-01
-1.146745058875088707e+00
-1.286383856415841631e+00
-2.161970897837854899e-01
1.421723225785699540e+00
2.797634924679142099e-01
2.475761138790275595e-01
1.122046073371831598e+00
8.409282853917906531e-01
2.059193276360969271e+00
1.299559474053697095e+00
2.456395561495942736e+00
5.842098816227840885e-01
1.482254203746792065e+00
1.408153043186806119e-01
1.293317281132785546e+00
8.424110870383620941e-01
7.213568699118391159e-01
2.413182965414622849e+00
-1.472041035927760699e+00
-1.216889596066938140e+00
-4.708148951987312092e-01
-2.234887351811534195e+00
-2.679564759178252764e+00
3.024896901791735981e-01
-2.989338711868336773e-01
1.654516757935938776e+00
1.602528425345502550e+00
1.997209253021638764e+00
-3.974013279374375429e-01
5.568457033063664019e-01
1.356825543740911133e+00
1.456224811054724455e+00
1.786892517234050848e+00
-1.259627730218582320e+00
-1.046691562009012477e+00
-7.475687385840651400e-01
-2.178891142124554037e+00
-7.619735221945438397e-01
1.101951191776889605e+00
1.758571851096847549e+00
2.072559988927961783e+00
5.238637137899802010e-01
7.010603919776209336e-01
1.271405930976541754e+00
1.339732971534275396e+00
2.518893041309296699e+00
1.506308239221776368e+00
8.068902798141264210e-01
2.098627170210898285e+00
5.527304328693705138e-01
-4.438458966164566810e-01
8.154465337206342479e-01
6.369445415533299126e-01
-1.012180884702718053e-02
1.587725781926271118e+00
2.706631410159162421e+00
1.231295977532887775e+00
4.785826489332442035e-01
-1.383024113727261195e+00
-4.845384098929800265e-01
-8.161242399843990913e-01
-1.978875925517288970e+00
-1.420188310430381406e-01
-7.469995271089682198e-01
-9.907650760300533710e-01
-1.702239402756909215e+00
-1.912991696812073261e+00
-1.014866229147637577e+00
-1.803529856493991446e+00
-8.707176000699533569e-01
-1.179274288977517182e+00
-1.614806933209159023e+00
-1.953661185356253327e+00
7.621032761752458695e-01
1.158828827588666011e+00
2.411397404505335018e+00
6.382033562816866734e-01
6.165561253134210773e-01
2.957231535746802642e-01
-3.062265120146023811e-01
-3.596709388044224687e-01
-2.370612137238830464e+00
-1.667224981552403396e+00
-9.811193386625058910e-01
-6.514072783173804337e-01
-9.278319138375609176e-01
-1.561224805349535671e+00
-2.389805999189988928e-01
5.776025940405640213e-01
8.683922340425935804e-01
1.157959078917433660e+00
1.130260475736978742e+00
1.074009898608047520e+00
-9.787912859022169787e-01
-2.057759701976130007e+00
-6.218454244497103600e-01
-1.880345270012263814e+00
-1.210409391681765090e+00
2.264345716899223149e-01
1.135278121571495769e+00
9.260070345139429504e-01
7.254283196939543821e-01
1.030171965765248387e+00
4.233048153867755570e-01
9.839551713057612670e-01
2.223271061657192682e+00
2.287991221368087302e+00
1.758532116987034044e+00
3.293149038434752374e+00
1.365709491846827106e-01
1.555157753235687057e+00
1.464317859806387734e-01
1.804388363030951403e+00
-7.119458845730286534e-02
-9.359988887175708649e-01
-8.115762626245797140e-01
-5.029741426981175767e-01
-1.899744822480851747e+00
1.791687918012647707e-01
-1.225002943954281553e+00
-1.616384243820282451e-01
3.865849160358258985e-03
-2.434564365605865532e+00
-1.009512265126938590e+00
-1.388999885185234984e+00
-2.084378689396256812e-01
-1.130788463875351590e+00
-6.694126475953672273e-01
6.229794544048586902e-01
1.492403240011965337e+00
1.022940605272394388e+00
1.912569496289779014e+00
-1.412678105481695034e-01
-8.361903288574690229e-02
-2.696863503313012167e+00
-9.060222422403914067e-01
-1.687537158950188410e+00
-1.686573736853700378e+00
-1.562379855437705745e+00
-1.934568600632806890e+00
-2.905079921908065854e-01
-1.274785654622171194e+00
-1.255517159832910012e+00
9.138890541824781222e-01
-1.747455975866332167e-01
-2.281124341249438636e-01
1.275123115554698039e+00
8.652798127770044978e-01
-2.085986107822368041e+00
-1.160666963806362695e+00
-1.548041855701947966e+00
-2.381882569125491234e+00
-1.408737296148414586e-01
-1.172801341073207437e-01
-2.098019689150059541e+00
-1.140845171168242134e+00
-7.627073418294140206e-01
-7.314494458601650262e-01
-1.971009270141184100e+00
-1.594949934428061322e+00
4.973004774317981713e-01
-4.128840648949330117e-01
-2.483443127569999742e-01
-1.205140458450398633e+00
-1.388062304963743276e+00
-6.096236035766167127e-01
5.281804148456306081e-01
-8.092959953467920853e-01
1.641368010330522598e+00
1.317209115155658639e+00
1.631437422460974673e+00
1.105239716695739727e+00
1.736868201912862286e+00
1.915619472810398793e+00
1.276997992196967857e+00
1.700933028164974381e+00
2.507573497067336010e+00
6.149207183146397915e-01
1.174104874238722784e+00
8.688160336481458579e-01
1.625399602941904220e+00
2.547433369576192153e+00
1.613006615265832888e+00
-2.984674648101337535e-02
-1.127158958739387984e+00
-2.281112311945705073e+00
-3.833078740682582808e-01
-3.782984342846050785e-01
1.585439058402482448e+00
1.425782544580861844e+00
3.011958127269895868e-01
1.789471310101404145e+00
1.567803599601066189e+00
1.432493096438340441e+00
1.548444993144084458e+00
1.337357180039647986e+00
4.563943755957154957e-01
1.613081454210350874e+00
-1.050390652501989930e+00
-1.223203124465760183e+00
-1.525250492416613923e+00
-2.069575665661864239e+00
-6.827863589722130699e-01
1.990328105263788894e+00
1.363442847367137833e+00
9.210088734826602508e-01
3.091419132992149210e-01
1.382944036493224171e+00
4.538323641328848579e-01
1.573878061512021143e+00
-2.640081794680784189e-01
1.073861943234688088e+00
2.444451844166949162e+00
2.497129152124411888e+00
1.334891189208673667e+00
1.204190506320139242e+00
2.331312428441837170e+00
7.802373195552034790e-01
1.460795078337929542e+00
1.404027209911499430e+00
1.110375822689109615e+00
8.547156853497628326e-01
7.923347279762028572e-01
-1.701988937195255902e+00
-8.585561534582957233e-01
-1.102762087562966009e+00
-5.296927077666072625e-01
-1.318833854144847884e+00
-8.561812706319993360e-01
-2.103987340827384589e+00
-5.215034566062493049e-02
-1.460384196235216203e+00
-1.422276177897564331e+00
6.339512414547110453e-02
-1.609732970143558095e+00
-7.417078345050566179e-01
-1.360669512135626702e+00
-9.382301383944081641e-01
9.698949453059579895e-01
4.467076940484315806e-01
2.562949205312915701e+00
-6.747475131753333244e-02
3.527355826281488582e-01
-1.308833719487261904e+00
-1.425815884171316217e+00
-1.917780068832824814e+00
-9.206049265679625559e-01
-1.264656879047398652e+00
-1.134083419921271929e+00
-2.151009447183831469e+00
-1.436951794452537179e+00
-2.315137807110343893e+00
-1.173746251822704867e+00
4.384430808661546886e-01
4.140969184516567481e-01
4.089796936991718646e-01
-1.608084030396583763e-02
1.080102410624338205e+00
-3.118072309145081267e-01
-9.143341432459197726e-01
-1.858330261421184737e+00
-3.780793880216396508e-01
-1.315133495878034520e+00
-1.678959729278974855e-01
-3.465394247272386430e-01
4.074769349797963125e-01
8.818409646798694990e-01
-3.715105278670993716e-01
1.272871533377860187e+00
4.722084200980052326e-01
6.945553495076864925e-01
6.506796905664390396e-01
5.925447883215805289e-01
1.198834913964461402e+00
2.356551707588993239e+00
2.672857083613878082e+00
1.577031590804644612e+00
1.596524495247353848e+00
-2.255626696894923455e+00
-8.942986231435032796e-01
-1.595182110835574374e+00
-1.500232265463655068e+00
2.468756929622095697e-01
2.536154683080860117e-01
-1.037267749154450192e+00
-9.878209820676869812e-01
2.586300591393506654e-01
-7.580551280305947159e-01
-6.165537629676657305e-01
-1.176054956582621269e+00
-1.631753164444825766e+00
-1.558665522741047749e+00
-1.287138546078958834e+00
8.063994039755745247e-01
-5.085829208946526236e-01
7.887237252683312327e-01
1.805756935681442243e+00
2.053781293599723057e+00
-2.170869846401781267e+00
-5.464877369181594391e-01
-1.165024898124896069e+00
-1.924555727614370770e+00
-2.077021738288106212e-01
4.556339421470516626e-01
-1.422279559549402883e+00
-1.015222083191154256e+00
-1.245654737598819839e+00
-1.422079996236647492e+00
1.313595209511786654e+00
-1.396975564753343946e+00
2.117569944122406955e+00
-1.017967559148802437e-01
1.548599220562950851e+00
-7.956440929932420136e-01
-1.375373883487879256e+00
-1.371053971488982448e+00
-4.660789313145279333e-01
-1.115263068222618559e+00
2.133146341931076329e+00
5.011943414617070491e-01
-3.000137556851365517e-01
6.537598069959423830e-01
1.625214429519549197e+00
8.953193474602313406e-01
9.842219368593247975e-01
1.400339592948403267e+00
1.042843522575688242e+00
1.075793662128253780e+00
1.292335172895834994e+00
-9.837990486618721775e-01
1.579585210937723749e+00
1.067363280891287181e+00
7.085311916687486722e-01
-1.070005031350678149e-01
-5.725413339158745840e-01
-1.165008684996293065e+00
-1.106337720001326907e-02
-2.051740165558823215e+00
-1.871005865508887922e+00
-1.604416644190190588e+00
-1.636084127966194401e+00
-1.340045370774633593e+00
-2.634955056709911592e+00
1.808797210037704772e-02
-2.003033290669280042e+00
-1.535703256235423142e+00
-1.548902373988117143e+00
-8.466395895719608378e-01
1.477104129402918353e+00
1.445906129013235786e-01
1.782827772191675209e+00
3.120148585765336602e-01
1.488909622081873163e-01
-4.560821088467859052e-01
-1.040458656205359267e+00
-1.296013699947721420e+00
-1.200054075980486967e+00
-4.470839892955675854e-01
-4.979511007851278315e-02
-1.607830813873595499e+00
-1.202848939111406779e+00
2.233881313080996467e-01
-1.862969355405533767e+00
1.219330880602131018e+00
1.820588853148048525e-01
2.068760048361728554e-01
8.418733774181467178e-01
1.339403951039276119e+00
-8.953188726576108980e-01
-1.306436576857820331e+00
-1.417027363748435409e+00
-6.347204606691470019e-04
-9.278864850163976996e-01
4.585773661740724094e-01
2.431510290463672064e+00
5.670839651425362282e-01
7.781037075806997994e-01
4.993635776351816880e-01
1.880824525789609458e-01
5.431933814784341008e-01
-6.181589171219958878e-01
3.872936644155180463e-01
1.403922968509165203e+00
9.156893217972601473e-01
1.859760199820757798e+00
-1.762380835235850540e-01
9.744793224419585620e-01
3.922118775803147273e-01
-1.625882452592330996e+00
-2.018363593067847184e+00
-1.009963302861053291e-01
-1.828551623546264882e+00
3.254440951408243965e-01
-3.695673421326722830e-01
-2.001305942049751430e+00
-9.553770829713549295e-01
-1.680250975421373472e-01
-1.410254088728928767e+00
-4.493126476735878061e-01
-7.325466153123292301e-01
-3.390194435970782516e-01
-1.392662700943624765e+00
-1.052337254875364003e+00
-7.478951023405322474e-02
1.147314946191812179e+00
1.116892913066845683e+00
4.854873470964252702e-01
6.765398314652808498e-01
-1.175467832928418499e+00
-8.705412388580504590e-01
-9.897478766378183801e-01
-1.447808390261863476e+00
-1.595378614841512110e+00
-1.018339669826509031e-01
-3.116031035263057136e-01
-1.644167283450094885e+00
4.591056049444186549e-01
-1.332133967798631025e+00
1.031929098617997642e+00
6.708228414526113959e-01
-2.800903139683574850e-01
2.227549702425013933e+00
1.505013015069468052e+00
-8.424172505547053991e-01
-1.400778154454590085e+00
2.342319440779516704e-01
-1.269899080215615816e+00
-2.567842719695677678e-01
-7.596985093305106407e-01
-4.339139271279274235e-01
-1.035238262443798352e+00
-9.648352835735699573e-01
8.534386601843912956e-04
-1.763666083423106601e+00
-5.650163062649382617e-02
-6.159128017304908997e-01
-1.889483706979632860e+00
-5.531275205723120703e-01
-1.564988334282395366e+00
-1.407564509618507653e+00
-7.594785931707251914e-01
-1.080484108205949312e+00
-1.383743621747512975e+00
1.329018646760316003e+00
1.006224198147561477e+00
3.740960133031285828e-01
2.914939962974677501e-01
-1.415009077308841956e-01
1.800549633110553716e+00
5.769808604049115885e-01
-4.420579488600173690e-01
1.432505171003352729e+00
5.271213863010897338e-01
-4.387904615942570530e-01
1.560055223699218896e+00
6.132688489352248196e-01
1.134256409674182953e+00
1.456466290644667483e+00
-2.365694808653766579e-01
-1.402204300828429506e+00
-3.705405526213394474e-01
-3.602768341305008226e-01
-1.901661560056041367e+00
2.105196769392339906e+00
8.230538129597744224e-01
7.231096959113925138e-01
4.839459458715262841e-01
1.841371084588246276e+00
8.187694288944222798e-01
2.830443898848802320e-01
2.284947192245809777e+00
7.014630662633866143e-01
2.473992352093118630e+00
-2.479644102617748480e-01
-1.298232481565507079e+00
-1.945826105014065055e+00
-1.768201247444548319e+00
-9.435056020351000328e-01
2.115285785905706373e+00
1.660914190222162468e+00
1.297569724977773342e+00
1.582475442784953001e-01
1.235033866749105647e+00
1.292281601607114361e+00
1.315947410890219826e+00
5.157053012574013273e-01
2.083257230311102326e+00
8.267409874746884935e-01
5.987842616762084624e-01
1.814865188520536687e+00
9.038829918900649352e-01
7.062694868464016729e-01
8.930364814046403144e-01
8.000527039693549058e-01
5.909783005792763610e-01
6.839512300389714028e-01
4.583923200092588912e-01
6.420110398435542320e-01
-2.211069885404151059e+00
-2.400479534092016642e+00
-8.348967372726197045e-01
-4.975375289085359753e-01
-1.102903883120588180e+00
-1.507208602886210613e+00
-1.704737900884849333e+00
-1.973086915336645930e-01
-2.167179949149868889e-01
-3.725305833415326617e-01
-6.808375658943588427e-01
-7.451441227334058004e-01
-1.139322647963473267e+00
-2.387028788417189684e+00
-1.578518432165272323e+00
1.836179776857727930e+00
1.340719685485796342e+00
3.381980458939541911e-01
8.970100325540464326e-01
1.893988482612816604e+00
-4.399083885986342368e-01
-9.267483974465300367e-01
-1.037428700752359712e+00
-1.255919956238416457e+00
-9.143002627904580626e-01
1.160386143686713556e-01
-2.750091095728422363e+00
-1.037469969307502682e+00
3.917551073402278927e-01
-1.997727146162518119e+00
2.531203629195431848e+00
1.515491358897097518e+00
1.029721447077939445e+00
9.596355121287390988e-01
1.011907903793653141e+00
-7.966659769227597554e-01
-2.264261759705909594e+00
-1.437073996298693590e+00
-1.440630010857785859e+00
-1.636334497692559342e+00
1.458473067168762238e+00
1.292475871513306007e+00
1.368974586886958722e+00
8.806604444551415778e-01
6.838261298131514954e-01
1.649591644975079374e+00
1.144161189031007941e+00
6.168759817790278044e-01
2.022048303241802625e+00
2.386103440188819036e+00
1.890636061982831517e+00
8.048207944222094401e-01
9.874167325024146846e-01
5.715297176038209859e-01
4.602840522542184232e-01
-6.800810937547252522e-02
2.014504003651853559e-01
-9.696389168243387813e-01
-1.792141197325586521e+00
-1.207513400425126004e+00
-1.200794930507879554e+00
-3.854963167305199834e-01
-6.703722591604769354e-01
-4.838993986083488519e-01
-4.584444279022603652e-02
-7.486213351140583727e-01
-1.333972974333507810e+00
-4.994239878151338630e-01
-9.455316175531723877e-01
-5.193925639261287586e-02
5.819936310518418754e-01
-1.073603551834974024e-01
1.309276308819845358e+00
1.559919847247903446e+00
3.228377024516795313e-01
-7.645983984936852718e-01
-8.432471200729169114e-01
-1.603424990056334654e-01
-1.262855220100667752e+00
-8.720985260517728488e-01
-6.539124282274444422e-01
-1.198889333176935024e+00
-8.481364710571250853e-01
-1.275334819144135823e+00
-1.427896146962218227e+00
1.607173646475317685e+00
8.882025315675383670e-01
2.754498682920293540e+00
1.070037875339552302e+00
-4.529979222080315893e-03
-1.649983792330694587e+00
-1.780674855112125421e-01
-7.431917523360159761e-01
-9.847475523470684555e-01
-2.111506582432029155e+00
-1.470762369561518179e+00
-1.284155915229594491e+00
-1.279892418030710077e+00
2.570032806271349557e-01
-6.834133600827980715e-01
-1.965792910581002584e+00
-5.617008551951360174e-01
-1.892233090587311484e+00
-2.508296742884504216e+00
-1.966897325803125263e+00
-1.473320056535754929e+00
-9.169203970622334943e-01
-9.732655173641567847e-01
-1.187870431079705247e+00
-1.668942222590698465e+00
-2.921704142789360859e-02
1.708865277438218477e+00
2.674431707677975556e-01
2.171491530579133133e+00
3.859139586136732802e-01
1.364896753627868886e+00
2.266643017704141894e-01
1.982690432813567938e+00
9.303747159204232009e-01
1.238690230441653162e+00
1.463655502922797336e+00
2.216935456088027223e+00
-3.843404736915267961e-01
1.298420144973009727e+00
7.494091136321134883e-02
-2.286993169869719900e-01
-9.430665601899130834e-01
-1.000540461129697523e+00
-1.838240333470378074e+00
-1.067542595382521498e+00
1.833889160553604070e+00
2.351338182872992899e-01
2.063627318755712370e+00
2.432857682942032307e-01
1.342009314040760515e+00
-3.070357344033782798e-01
2.308136234782604213e+00
9.785967991251898201e-02
1.161138391858703267e+00
5.191142307764713415e-01
-5.708450775801721111e-01
-5.707425805818047149e-01
-9.340125998440100830e-01
-6.706087945828391739e-01
-1.465007352568693300e+00
4.077676067481044164e-01
1.218155193987095153e+00
1.062601893132052000e+00
9.804575359065363926e-01
1.097204735021350741e+00
2.900168406458703885e+00
1.077136966041391641e+00
1.426589038639957341e+00
1.648355047565389864e+00
-5.697127210467045622e-01
6.518967183019483969e-01
4.349906042030087239e-01
4.694426535793549959e-03
-2.831202647492558899e-01
1.210871282675356708e+00
3.830115670914271409e-01
1.605905532091310706e+00
1.506839858953813671e+00
1.812617902130324365e+00
4.475456463628102455e-02
-2.955208162737148481e-01
5.100028827178493263e-01
-9.695100192652099658e-01
-8.851053122865678580e-01
-1.718421193282702486e+00
-5.498067321887167846e-01
-7.069112084406645735e-01
-1.185732302405026140e+00
-1.626441305825967465e+00
-3.035313308945105648e-01
-1.268494839045011258e+00
-6.030625443043053924e-01
-7.081608028560466561e-01
-1.495183501590696906e+00
-1.191792908997721723e+00
2.575997077386791290e-01
1.004245064958227962e+00
2.209105785060340388e+00
8.112075365031918839e-01
1.666562548079977057e+00
-1.779542576381478725e-01
-1.205969687788414957e+00
-7.303055810875663800e-01
-1.444342827400947327e-01
-1.183348353966129363e-01
-4.815600549271954467e-01
-1.898226527410897146e+00
-1.289246482443468622e+00
-4.522086108558588391e-01
-1.055043325941588117e+00
1.229719320070740363e+00
8.884527576552497807e-01
1.601166354463972707e+00
6.976406869005778999e-01
1.914850233392658474e+00
-1.328604211068894259e+00
-2.084892211696642850e+00
-2.567305317003975684e+00
-6.843610669633612975e-01
-6.441263118080170491e-01
-1.399013664756652009e+00
-1.545869353113244582e+00
-6.734265697484326241e-01
-1.521789962817346575e+00
-1.330021061298629181e+00
-6.900423956155545824e-01
-1.492525235528741945e+00
-2.053106624413473913e+00
-2.105490943392216430e-01
-4.924039678625643512e-01
-1.771911681725258259e+00
-2.661216732479283031e+00
-1.398870206660984383e+00
-6.434192851680485825e-01
-8.037448469902659376e-01
6.963413143023755580e-01
1.486427019705300001e+00
1.065723802699122924e+00
1.560755200463425085e-01
1.333831761786321568e-01
8.169294784801889309e-01
1.501005315706205323e-02
7.086633994048308072e-01
7.936449087724314344e-01
1.109254634784125670e+00
1.263344087100251478e+00
4.733227579876668756e-01
7.159541936693213371e-01
1.306258244092457499e+00
1.356577486718325121e+00
-1.415035591490241718e+00
-1.073104651970128831e+00
-1.399093563452870281e+00
-5.251502161937666724e-01
-1.535377116787357998e+00
9.582287335841607190e-01
6.152095036671275663e-01
1.394576197590475797e-01
1.679360910644982940e+00
1.266172651648505454e+00
-5.498473152028227062e-02
2.294594377884398018e-01
4.800028893577599209e-01
7.406135079456950265e-01
8.173221330622002512e-01
3.463782232506260605e-01
-2.433080745874997231e+00
-9.578434309125101187e-01
-2.032895653786732648e+00
-2.230975673879516563e+00
1.346871132485597755e+00
2.102055004303120533e+00
1.899200166157157366e+00
1.014267726674726866e+00
1.600706855412146412e+00
2.900188965891200787e+00
7.791699547044848018e-01
7.261839427694025684e-01
9.878039657777537563e-01
-2.353079990994557669e-01
1.594995348133343427e+00
1.324942912637057768e+00
3.125724754985611309e+00
8.758489549058455781e-01
-3.062664776607326722e-02
1.060501956875459895e+00
1.236871818602200523e+00
8.105276466261017720e-01
1.118952975044791298e+00
4.888274044027237641e-01
-6.700047811335092529e-01
-1.105719867279275181e+00
-3.686652757890406251e-01
-1.473743497116146717e+00
-1.775397424916996147e+00
-5.432745967880352467e-01
-7.712470364807955114e-01
-1.000751805630242908e+00
-7.581428002058019366e-01
-1.242742164431558383e+00
-9.182661115818783193e-01
-9.347320165376852286e-01
-1.411077912571192527e-01
-4.091016947192197550e-01
-5.585516353831869729e-01
1.460198874610779018e+00
1.236015322219508050e+00
2.407237501083858255e+00
2.917869255093686220e+00
1.202212737768444173e+00
-2.612511436649778140e+00
-6.499113498770554553e-01
-9.095471595092861072e-01
-4.357616945936335640e-01
-9.080369071081317855e-02
-4.600666272870517215e-01
-1.882453839415270558e+00
-9.376689978563111927e-01
-2.099807026598949022e+00
-2.120808021493314932e+00
1.760236070653764529e-01
1.003953017999587027e+00
-5.220423205701374414e-03
-5.041245149750688270e-01
1.426108357101958601e+00
-8.059410717764483589e-01
-1.262012452571887211e+00
-1.567639909508996565e+00
-3.831328222922283366e-01
-1.239222330258881843e+00
1.801351029983464525e+00
-4.939638028366046818e-01
1.346193297868491179e+00
1.336769568320276047e+00
2.094568755814302463e+00
1.693373377207491037e-01
1.577500472298415168e+00
6.259638153921995851e-01
1.186332692966389102e+00
1.192353525397527036e+00
9.761645516481767260e-01
5.063567629831371431e-01
1.776527568945504232e+00
1.048959964643214393e+00
5.206151231626108267e-01
-2.314752684857315224e-01
-1.026721428559500326e+00
-1.385257541994094677e+00
-7.949694009390377847e-01
-2.484654175769196893e+00
-2.897389824124367852e-01
3.583606168242314816e-02
-1.989745412483153508e+00
-3.831438971863820875e-01
-7.917814564306093761e-01
-9.574926327237273105e-01
-1.611304785655515381e+00
-8.839421100021827016e-01
-1.442691269307624147e+00
-2.555192101304653018e-01
1.241868261237599302e+00
1.372457722319848639e-01
1.832619871069712136e+00
1.630871973325236590e+00
7.545886138363888662e-01
-1.113691520417376957e+00
-5.124962437578443053e-01
-4.714395467146391683e-01
-1.377811568531202013e+00
-2.004279647722406299e+00
-2.333417252871209380e-01
5.826223588578764989e-01
-1.509984059153191449e+00
-1.119123238440500323e-01
-6.114437723231684885e-01
5.792492014483596741e-01
6.657515789132477657e-01
9.757248986023259185e-03
6.831093465368058837e-01
1.460764507926627820e+00
-6.150471742675087672e-01
-1.868455506582019421e+00
-7.396407542190645001e-01
-1.939627410384566097e+00
5.969065448606614144e-01
-1.566264849486577404e+00
-2.087134476225382951e-01
2.325081119238827654e-01
-4.929254731717933602e-01
-1.128884679253777890e+00
-2.123176468385621796e+00
1.264559865570610508e+00
4.202102296393039893e-01
-1.190142695669522688e+00
-1.871816497649864575e+00
-1.103436385845433465e+00
-1.622645913143261787e+00
5.403813890195641179e-02
-1.166887750278369662e+00
-1.454352938526204841e+00
8.237482314375321746e-01
1.685620942307375358e+00
1.671908639118883100e+00
9.251499629712122141e-01
2.676779011329779578e+00
4.796395578884075084e-01
9.568612025889422501e-01
2.081762107320966670e+00
1.051700062928628387e+00
-2.098907588543656999e-01
2.241151560916261332e+00
1.262987326999941873e+00
1.562955332915904716e+00
1.363442432231120272e+00
7.339334156245248542e-01
-1.200081667503227756e+00
-1.731790429097508355e-01
-1.568481599956679684e+00
-9.178801977144751545e-01
-9.954503784630033270e-01
1.387903144620827867e-02
1.328868361423773070e+00
8.741438613073762021e-01
8.940723587477128476e-02
-9.692016279552833069e-01
3.808460780593418971e-01
5.627907064098085499e-01
1.511743899796011092e+00
1.790092916900010378e+00
4.724651171903104796e-01
-1.638702561837503291e+00
-6.391656174516497924e-01
4.233584352363253256e-01
-5.000642723197662454e-01
-1.866802260263820568e+00
1.244443979792418720e+00
1.530831318189386669e+00
9.239221283126636264e-01
1.199808255012664526e+00
-4.443544435205910581e-01
1.338435985824375729e+00
1.086078921584692436e+00
-3.013625934916808191e-02
1.686593205434362863e+00
-3.010566735599755628e-01
1.131148760641389028e+00
7.316706529182861463e-01
2.012054280328463562e+00
1.377048834978717995e+00
-1.232974547582286196e+00
4.466762910021288002e-01
5.706286557300006557e-01
1.070094111952375471e+00
1.351533600358667098e+00
7.510872746346294315e-01
-1.494883671752959664e+00
-1.211926339919930706e+00
-1.815839846365959076e+00
-2.148044028090092539e-01
-1.865160869997127158e+00
-8.900306541881262135e-01
-1.787625478563245052e+00
-5.920939432041775197e-01
-1.316853913676376386e+00
-1.013141742968938885e+00
-1.020214215925097534e+00
-8.062731102597608945e-01
-1.232683043447985405e+00
6.431380274323501567e-01
-3.546639935285638146e-01
1.567149927186016978e+00
7.762065968056433007e-01
-7.368129704799488700e-01
9.058851319605192298e-01
1.613506910204139722e+00
-6.976143174119886492e-01
-2.836395078944992321e+00
-1.782691997527078742e+00
-5.602290639397907723e-01
-1.948783936950863716e+00
-1.594030132071790007e+00
-1.437200147054355615e+00
-4.127414821501226294e-01
-2.891929054042877700e-01
-1.382161267401362359e+00
-1.500883699153039430e-01
1.315936203477304778e+00
-3.039853870021191895e-01
3.111625024232339554e-01
1.794720625709924633e-01
-1.204030499611353999e+00
-6.112504408349221929e-01
-1.872249074293856452e+00
2.942030498995160670e-01
-7.410065362483568840e-01
8.337420153475402218e-01
1.303483062963592287e+00
1.282870543133869834e+00
1.929077457736004808e+00
1.699380212602459750e+00
1.406250360990378034e+00
1.255014772537950130e+00
1.486333121058430295e+00
3.457455801359954339e-01
1.289486736120838639e+00
1.740648804215346512e+00
2.873365057411556123e+00
6.200259601721606062e-01
1.141270629417094673e+00
1.157046246087455765e+00
-1.854618050111078498e+00
-6.107139983556215679e-01
-2.197695695328845567e+00
-2.915744355470120119e-01
-5.573671313225958546e-01
-1.534493502483731842e+00
-8.739599592811369000e-01
-1.278478167442204105e+00
-2.021790262218120748e+00
-6.695470810322852184e-01
-7.440072160931957557e-01
-2.518567445903046043e+00
-1.063138711068923881e+00
-1.974755500970906130e+00
-6.546981128358029256e-01
1.086918612053434208e+00
3.482638155760070520e-01
-8.143480760083376957e-01
4.258254162818639887e-01
9.589425969538718508e-01
-5.540238024764685409e-01
-1.789740279418493563e-01
-8.915079794994642537e-01
9.713078000544683732e-01
-1.100365024951762027e+00
-8.750943164827056364e-01
-1.453500650490141322e+00
-1.436425590210840042e+00
-2.692024355568818361e-01
-8.286090278800506415e-01
1.422803320117322468e+00
1.811991915829948674e+00
2.861716736949980522e+00
8.098144072927490056e-01
1.955679662941787189e-01
-1.228795101544896795e+00
-1.424553108252933686e+00
-2.177679823783407187e-01
-2.391729601902865099e+00
-1.037986960812208315e-01
-1.576523015604547773e+00
-1.801610269572555545e-01
-1.002973578297636559e+00
8.845509396068251817e-02
-7.644191484610740606e-02
-1.138234692648865787e+00
-1.153440400116771958e-01
-1.768721004583737377e+00
1.194506551699516805e-01
-1.301514989758325580e+00
-1.363111081271008107e+00
-1.380233389912965958e+00
-1.700047912235857606e+00
-1.658564676897019696e+00
-1.458592895772764519e+00
-4.957480261633673280e-02
8.893118823003760554e-01
-1.192222524750162549e+00
1.054795433720798314e+00
1.260214281730477115e+00
-5.845785036974890936e-01
-6.103570749102231741e-01
-1.790905661708233065e-01
-1.644438936285404829e+00
-6.317299502832729452e-02
1.936081329749681501e+00
8.645137605221813182e-01
1.300870206552838360e+00
1.819639921202028221e+00
1.447339226945680624e+00
-1.086711332252447537e+00
-1.424556646479662625e+00
-5.412923441786432477e-02
-1.523030008106167399e+00
-1.053253799995998996e-01
1.633435343693279362e+00
3.895397979841946912e-01
2.215400392296371646e-01
2.236686135772429918e+00
1.009489125398786324e+00
6.168696679922425208e-01
1.810081957929865260e+00
1.352063865705504409e+00
1.395366501563748862e+00
1.885021060789237035e-01
-7.333479099199864404e-01
-1.000476668018050574e+00
-9.175096902639384711e-01
-1.080860572272000608e+00
-1.250555288202894300e+00
1.919020290079292757e+00
5.637917954171446366e-01
1.141478585755531627e+00
7.947857982405285293e-01
1.831835904886547794e+00
1.630876808340486761e-02
-2.445131605010031350e-01
1.959671767247619822e+00
1.882558165254654359e+00
3.901684900798703115e-01
1.071751949734878862e+00
-2.336830998489938249e-01
9.791751320570815098e-01
-1.095587119795276010e-01
6.769220572871433861e-01
9.878140888617498172e-01
1.483252089251263506e+00
1.587057533026212219e+00
2.422098166971281330e+00
6.242185955334457192e-01
-6.314484200422874061e-01
-2.618342053957604110e-01
-7.321043231836021903e-01
-2.209070799981269762e-01
9.410223231380188125e-02
-2.202043068480087573e+00
-4.151079828941712790e-01
-1.069705084926297678e+00
-6.088020074473927679e-01
-1.185529552954475374e+00
-7.661795024808948362e-02
-2.221554062522343997e-01
-5.149905305557416213e-01
-6.216293113937161330e-01
-5.108684082376002689e-01
2.801527712803457248e+00
5.068352906737757513e-01
1.913644487490676394e+00
-8.104682928551554255e-02
7.490941569578806192e-01
-1.569001781601475853e+00
2.332967427899983459e-01
6.635257056297305667e-02
-1.402007215887047353e+00
-1.301992742016990778e+00
-7.558573026400732253e-01
-6.485617825720457752e-02
-2.124164141493535496e+00
4.628114012520256892e-02
-1.077079890438492837e+00
-4.012640562293201540e-01
8.005769576217760530e-01
8.650018237412334665e-01
2.242328296658530284e+00
-5.987246173762292845e-01
-3.705816237990759987e-01
-1.061884182088767670e+00
-1.908834768245768476e+00
-7.498999401313363178e-01
-4.365838875860039714e-02
1.231306225249882313e+00
5.058346320048654476e-01
1.993537514871257521e+00
9.144816994946356470e-01
6.499499799965234859e-01
8.264428385584480230e-01
1.388312720736220696e+00
8.445330624754762150e-01
6.481222923156880755e-01
1.560700886894024197e-01
1.066927165018046075e+00
1.093051307514696591e+00
9.160012239420503022e-01
1.737299093074522460e+00
1.893879312237787715e+00
-3.107248394205677222e-01
2.899170371956152348e-01
-1.745061552649564973e+00
-1.487123257629979101e+00
-1.917308744278596766e+00
-2.113885600707418710e+00
-6.052073585038053594e-01
-4.109468198108746639e-01
-9.603924168014089657e-01
-1.034460210354150922e+00
-1.076946528355226640e+00
-5.822201405573476096e-01
-9.098780345389875235e-01
3.463266965258982033e-02
-1.255288605237010024e+00
7.657271881707850003e-01
1.186591747570187261e+00
2.371589241015983340e-01
7.849971491328996409e-01
1.283158819229531789e+00
-1.504794871010896484e+00
-7.057478789870541558e-01
-1.430221750678534409e+00
-1.288974672216979922e+00
-1.278753509544815703e+00
-1.863613823270990011e+00
-1.590479109575821060e+00
-3.213364882695595171e-01
-9.462861408281989517e-01
-1.593772308608853994e+00
1.114049160772150771e+00
4.924639176550142938e-01
2.293048333702906838e+00
1.652593220358578918e+00
1.139253590815219930e+00
-1.840653770219269125e+00
-7.895581249947482005e-01
-8.719239693191035423e-01
-1.061901754655260710e+00
-1.949725502588231629e+00
1.049257657403883215e+00
6.945474502487554158e-01
1.131478909511424824e+00
1.606833729931283372e+00
1.047103816585284175e+00
1.779157027529365331e+00
1.174608176767830248e+00
9.501377734952557441e-01
1.322720537652258610e+00
8.654853650221434602e-01
9.398953340677810298e-01
2.598764990625280547e+00
1.998987626529771244e-01
7.332970457805949582e-01
-2.826237580716273179e-02
-1.246201421740389170e+00
-1.188700498811285033e+00
-9.426455948247658423e-01
-1.021706571232769534e+00
-1.447470259949831251e+00
-1.329515907637873307e+00
-1.831394987226794946e+00
-1.553221624340834772e-01
-1.608365632106977028e+00
-3.337755373868969144e-01
-9.019805017796544977e-01
-5.378644684185854841e-01
-2.065273702324850635e+00
-1.572637172806933492e+00
-1.804918919146322631e+00
2.065894145048746688e-01
4.235491530456294562e-01
8.564913170447538970e-01
1.534544789630310824e+00
1.011245724138273516e+00
-6.699688654422195633e-01
-6.121536800794069588e-01
6.937773391667736433e-01
-5.626427441090089410e-01
-2.037677400772277991e+00
-1.565952295381507486e+00
-1.185844217415024549e+00
-1.426218970941043329e+00
-9.221502418582497862e-01
9.715564457864103165e-01
1.767687469334831007e+00
1.704247755511271833e+00
2.558665858399316928e+00
6.492286613259526940e-01
7.950515189330913390e-01
-3.812548815962106818e-01
-9.503420152568980983e-01
-1.408004200424464170e-01
-1.461572106942703453e-01
-7.357895937338865266e-01
-2.033396198549352274e+00
-1.324493095224350325e+00
-1.366395180407306009e-01
-1.268991967374593521e+00
-1.010434372297881245e+00
-1.199487275245084916e+00
-1.843970332047809579e+00
-2.175725204380523969e+00
-8.449470602656292684e-01
-6.860584102526006145e-01
-1.144791694208749266e+00
-1.894868995417706037e+00
-6.424548780517955748e-01
-1.686339965522387629e+00
-7.129192689735988075e-01
8.817146051336374191e-01
1.681828110529941966e+00
1.127916964768089780e+00
1.561372921512302892e+00
8.745185025655147770e-01
4.137801518053451089e-01
5.372206611290264444e-01
1.712967268167615575e+00
9.817433354214019081e-01
7.744968636522242544e-01
6.440853223123339522e-01
1.244047168709409679e+00
4.952104063311546511e-01
2.244795011799523010e+00
2.194589329947342904e+00
-1.406178035513313773e+00
-5.320163594507314464e-01
-5.825648487618275695e-01
2.564958449613605751e-01
-9.902193428402219499e-01
7.958716922656927650e-01
2.484710772306037097e+00
1.674140272916115890e+00
7.178697141617356170e-01
1.060487559745708630e+00
1.625303207879775114e+00
1.928634227066009954e+00
2.509138551837830633e-01
-1.102804333620215349e-01
1.430313079415705513e+00
-2.446436889516671265e+00
-8.347667370898568251e-01
-1.926598236116963347e+00
-1.808281280611474973e+00
-2.031596413287526826e+00
2.711882229623981289e+00
9.008295573780906729e-01
1.020589992285135139e+00
1.783282854754658420e+00
7.733102144257810728e-01
-1.743185096053285976e+00
-1.603307945210448615e+00
-1.513542588209737527e+00
-6.697220138645193499e-01
-2.419706495956656100e-01
-1.004606982234925727e+00
-9.612804042685677564e-01
-1.665939305243857582e+00
-1.174146369972989490e+00
-6.321255143759474393e-02
-8.844091455643852129e-01
-2.960464078070939031e+00
-1.348841810477512393e+00
-1.875733723254771945e+00
-2.185363831228334774e+00
1.223845992737387256e+00
1.435472973957923060e+00
7.233634113458826675e-01
1.796011082597820163e+00
1.779070097295164077e+00
6.123368724473070568e-01
9.250600010131835305e-01
-3.359795028293734998e-01
1.768987849345010854e+00
1.390024217411501173e+00
8.749676687961785992e-01
2.361653785950633022e+00
7.252773295825865052e-01
1.305784116604944423e+00
3.476160843258679911e-02
-1.824802498628170122e+00
-3.535860183228738407e-01
-4.733940667036093952e-01
-5.872935881061608354e-01
-1.062197368236136974e+00
1.359640806516859701e-01
2.474546775209498062e+00
-1.911753312461961229e-03
1.177914823470502359e+00
3.684078030208365329e-01
1.922771933659011445e+00
6.555936559941837327e-01
1.549405277222333455e+00
1.224955470363869425e+00
4.699375750371247440e-01
-6.005702946113100626e-01
2.418617898572184011e-02
-7.038075682639648445e-01
-1.608883179190039536e+00
-9.673294488965481497e-01
4.721616439019342693e-01
5.834898170644285953e-01
7.177019195941350960e-01
8.053742333132031250e-01
1.362885396890892054e+00
1.339931209960078418e+00
1.342594582412688364e+00
2.314023853547810816e+00
1.648480655383396831e+00
1.241558706214847652e+00
1.932442099830802285e-01
5.299597767051191788e-01
2.422251280079361635e+00
4.570661869695846757e-01
1.471311703570599150e+00
1.698218131925545826e+00
2.180067978375761051e+00
1.384193577314032808e+00
7.232620710379056295e-01
1.679556115164772434e+00
-5.322718006934673562e-01
-9.923303421968709959e-01
-7.314325126603945515e-01
-4.566571410401846220e-01
-2.639956973677398677e-01
-1.056239144499431015e+00
-1.969177632521521781e+00
-5.717503289176674164e-01
3.154660959242092666e-01
-7.108015319848708380e-01
-4.732095025176158432e-01
6.565790826984652107e-02
-1.261319568459573492e+00
-1.010610353179218768e+00
-1.379364819784653751e+00
1.026760078286656608e+00
-2.019280860927987753e-01
1.917352148896664943e+00
6.831094678227714878e-01
3.669841863792216996e-01
-2.670497743082497877e+00
-8.582409454326304088e-01
-1.284632636649426951e+00
-8.693387027497477826e-01
-1.229364195049695851e+00
-1.061332007618453366e+00
-1.483857769237088675e+00
-9.049775684422892708e-01
-2.278169663853270244e+00
-1.783418488082612940e+00
1.098596354769934447e+00
6.360819420722896300e-01
1.528894880291869374e+00
1.750048950913199786e+00
1.265969741505384105e+00
-2.160956279846568684e-01
-5.349346315386824813e-01
-1.320070903655650163e+00
-9.357584997869176080e-01
-1.676069462811296207e+00
-3.886650781154374901e-01
-1.269965765458695106e+00
-1.812126471140732553e+00
-1.574870873778164482e+00
-1.441639531744747682e+00
-7.593510794287881005e-01
-8.231304438862179218e-01
-9.341285552657718760e-01
5.132976100530901586e-01
-1.644646295706731820e+00
-1.194366110955309201e+00
-7.318242183684646740e-01
-1.418800756986550393e+00
-1.424641498167932063e+00
-9.883390017439930286e-01
1.075148605700097626e+00
1.228734354557634356e+00
7.915202303275670204e-02
9.678085934671465385e-01
9.371690951579485507e-01
2.378296741762889521e+00
2.312409073814719607e-01
1.406323090668787579e+00
5.614285534325621496e-01
4.684401595766535253e-01
2.273622436706144168e+00
-4.419185174939015415e-01
1.285221981160801441e+00
1.560094685613086618e+00
9.603076473026456172e-01
-3.990788201706980676e-01
2.297568846266271336e-01
2.769788362884058053e-01
-1.039313359147471694e+00
-2.038652596587848809e+00
2.042430823599366008e-01
6.624471193645893319e-01
5.490193525989273127e-01
3.573629829959176218e-01
1.584801280891974251e-01
6.642890496088877939e-01
1.201651352183191968e+00
1.495941313803634598e+00
1.882882059055525747e+00
8.976376735853776045e-01
-2.012308007041035962e-01
-1.574114251036949685e+00
-9.311908370040797855e-01
2.031318800486299203e-01
-1.465019310629861460e+00
1.673176058883910411e+00
1.537961101060681512e+00
-2.113410650784031120e-02
1.164870330541804222e+00
1.378724098626308958e+00
-2.326775982545157717e+00
-1.641179898937931592e+00
-2.582953360071999604e+00
-2.732112426238025860e-01
-2.120539626640647768e+00
-1.704577466700591515e+00
-6.470873308260527423e-02
-9.987434870995115510e-01
-4.523161131078000663e-01
-2.034451629221762481e+00
2.411689302559305581e-02
-1.008314715822758778e+00
-6.660583200751959421e-01
-9.486161615121888602e-01
-1.175254230399185751e+00
4.320793844186537891e-01
5.833321268984329455e-01
1.201267599185148027e+00
6.898666395880161950e-01
1.039930967293308806e+00
1.054499171695732374e+00
-2.486561748644855463e-01
1.044330192631797827e+00
1.768233645801350118e+00
4.191417487082804705e-01
9.501611961932542316e-01
9.370345734562627316e-01
1.259773670376662213e+00
8.622803055700144492e-01
1.099982906991104681e+00
-4.414013997640074960e-01
-1.823442292261173936e+00
-1.301678223763310660e+00
-1.951108487371423283e+00
-1.021509435293852297e+00
4.732310708297404744e-02
1.050261389636066856e+00
7.044727141397412185e-01
1.663968756646360347e+00
3.449703210168436618e-01
3.688999330216827799e-01
1.865991930415451083e+00
6.956055298578911472e-02
1.194361706855583849e+00
2.946818938255226339e+00
-1.964678462532833070e+00
-1.184948475859378680e+00
-2.263012815600179639e+00
-8.816315428832239842e-01
-7.509875632335569762e-01
4.449467698733230447e-01
2.821694939418453174e-01
8.023498563978692655e-02
-2.067408484832986559e-01
1.905834666161224877e+00
-1.227639080313379649e+00
-4.964791115504899599e-01
-7.611058076179593179e-01
-2.217652002703314196e-01
-1.107001333685113664e+00
8.545999509108681558e-01
-1.866243927954228887e+00
-1.392542509571424780e+00
-1.437962840906403805e-02
-1.499650567445026006e+00
-2.079382297764092336e+00
-1.250048085339209969e+00
-2.241043055480513857e-01
-1.117321325791081454e+00
-2.393311851419235747e+00
1.001748797145940006e+00
2.521225469573074029e-02
1.374684350203240202e+00
1.640177915062282388e+00
1.804133860368076769e+00
2.486506034327378156e+00
1.835983821497338075e+00
1.193393458301654109e+00
1.535172372210802827e+00
2.341663161694476525e+00
-1.234653422436304826e-01
2.674414219729246422e-01
1.688516914385952195e+00
3.911667386291791670e-01
7.823065086711857852e-01
-6.011172936068029937e-01
-2.119299309528575037e-01
-3.829497791066555079e-01
3.416246188739784362e-01
-7.576939827821262963e-01
1.587040958667526480e+00
2.095705734978523527e+00
2.797230814399768173e-01
-1.772770760863706663e-01
6.163610888428097123e-01
2.828633646765403853e-01
1.236053370135139717e+00
6.765063680993221862e-01
1.730209671630445811e+00
1.122594816372953996e+00
1.164348509624213435e-01
-1.384490122314387506e+00
-1.409931839301705070e+00
-2.045546705595567838e-01
-1.250833780908209292e+00
1.802803851008338398e+00
1.243659649775034293e+00
1.517630518240484339e+00
5.190601986292696646e-01
3.515621585567004770e-01
4.163881440357528607e-01
1.828933624151728221e+00
8.295060417495736527e-01
1.555304276209761305e+00
9.694892025044995476e-01
-5.913530318116175799e-01
9.753329394036128752e-01
1.156999093662132827e+00
1.075138570386612091e+00
2.667814347564950950e+00
6.127241340435961581e-01
1.249416417639239940e+00
2.002803967966626519e+00
2.530992865812107251e+00
1.551475738468021559e+00
-1.647138851429561068e+00
-7.800866964308043050e-01
-5.515005052907269167e-01
-1.331140044730127592e+00
-1.482284495466219543e+00
-1.223914337331761804e+00
-4.784588609843962725e-01
-7.206312124064526703e-01
-1.578530358029304193e+00
-2.151475002570807593e+00
-1.227123007303244862e+00
-2.192382265683645581e+00
-3.654333900075649177e-01
-1.684162209075813710e+00
-3.053859241794136814e-01
7.256265378125166254e-01
-5.747853922357801792e-01
7.754557752025148520e-01
2.012491789435329359e+00
3.364518856669188596e-01
-2.281826289322258283e+00
-1.392592483104334811e+00
-1.511340071137958319e+00
-1.380897875525763485e+00
-2.363725699227389399e+00
-1.336009068349846007e-01
-4.507510157727682154e-01
-1.468291820066303988e+00
-2.839904312130939079e+00
-5.367594623565087320e-01
4.503432705847622008e-01
6.954203989308991307e-01
1.259049106838442400e+00
-6.637718464141064700e-01
1.811739607206944269e+00
-7.833601528351618049e-01
-8.899550180987152448e-01
-1.653412384256681689e+00
-5.599812251849136668e-01
-1.175059899305054945e+00
-5.978921054664789736e-01
-5.297367659781799798e-01
-9.102175480442098454e-01
-4.645639404193210309e-01
-1.017957635359159063e+00
5.727773815464032303e-02
-1.024037896651226909e+00
-1.808433498899113978e+00
-7.637262575479670801e-01
-1.846035562441044053e+00
-7.664686800078492901e-01
-9.058312221653981311e-01
-1.137039047581237305e+00
-1.127080248351749248e+00
4.899102833574975335e-02
2.006087747272623290e+00
2.220931792166396690e+00
1.654921586894017249e+00
3.349442601899412786e-01
2.177693575936348047e+00
1.988303561417166243e-01
9.353638748868150499e-01
1.036774570666199713e+00
2.401574370895975363e+00
1.206563436447456006e+00
4.487928301603620884e-01
2.053086008112774863e+00
1.956845286242803184e+00
4.819701045497207792e-01
8.312744715897668613e-02
-1.205524520052926096e+00
-8.960309574318927606e-01
-1.236938858394481144e+00
-1.213117252399701140e+00
-8.241205704660378162e-01
8.287874792503484578e-01
1.989561356483295906e-01
9.745984308107101812e-01
-4.651328442087043769e-01
1.219148674652213327e+00
1.089123170282087827e+00
5.679888322959372182e-01
1.693031646744120655e+00
2.258361743106311881e-01
1.092084782023510892e+00
-1.494169808190320303e+00
-6.467491643573830551e-02
-5.597543625400104306e-01
-1.585008721620019934e+00
2.208805022878177482e-01
1.833196470856413907e+00
1.675276409042675052e+00
1.182716456766511381e+00
2.924400235875612708e-01
7.807109940599579190e-01
-1.272495195536703871e+00
-1.053594376404016542e+00
-5.525055361398637510e-01
-1.049449883768597713e+00
-1.505615781512755325e+00
-1.444500814989426729e-01
-1.066400691148106539e+00
1.447014663062606843e+00
-5.437265628673142448e-01
-1.529361939772095447e+00
-1.239289338440592525e+00
3.125196194512018799e-01
-1.893404792505398726e-01
-2.654144199411575755e+00
-7.093122281416937014e-01
1.706507210695248133e+00
6.041838490306683518e-01
1.706821401981595265e-01
8.700200120006672533e-01
-3.776247478162453319e-02
-1.468386111008879169e-02
-5.702471117543295165e-03
9.456901567000670639e-01
8.912964369292102340e-01
-4.410577478927864004e-01
1.896468377340740474e+00
9.773472601234562962e-01
3.981619307744371783e-01
1.946872821086657934e+00
8.826785190159422978e-01
-1.866896946211025199e-01
6.961607956376489881e-01
-9.365908547718744259e-01
-9.944803118621065030e-01
-1.799209287342013130e+00
8.685853741414475415e-01
1.727144327435842897e+00
6.826134222044627498e-01
2.229473388598890438e-01
1.800792452507270713e+00
2.320491611354500439e-01
4.739978110189003724e-01
-1.456807967831048600e-01
2.428383757613418403e+00
1.530546329095236802e+00
-1.020731390509527214e+00
-5.784498566171722977e-01
-3.064321179590092648e-01
-2.245412154614332856e+00
-8.391632345197351794e-01
8.807344168328115064e-01
1.019237683094907032e+00
3.062562620036468619e-01
4.465287040722243361e-03
1.499757630313403478e+00
