-6.316218759893317269e-01
-1.844514258295122167e+00
-1.429027758077035859e+00
-1.571228713074603878e-01
4.995961914225959255e-01
-8.791525371933297528e-01
-5.483193579417204866e-01
-1.933728523473709382e+00
-1.933857954325677309e+00
3.158318725879321054e-01
-2.599346067910863756e-01
-1.143888865495117590e+00
8.132779607905837871e-02
-1.361422900492400112e+00
-7.751505500399413773e-01
1.192785769296717868e+00
1.675875003320231649e+00
1.823282728871563840e+00
2.129821404058255485e+00
2.079537498220552560e+00
1.408937058485717486e+00
1.130550916856685184e+00
2.476725381614167887e+00
1.749363317412091057e+00
1.225546559914092892e+00
5.241507199741367584e-01
2.128355663656011920e+00
6.446292459559769261e-01
4.331444158353177087e-01
4.157616797799690289e-01
1.933731959630928809e-01
-1.741535527125525729e+00
-1.122921611637748063e+00
-1.379982881032280728e+00
-1.180376362021354986e+00
8.757464519756151811e-01
1.934209741127305593e+00
1.176574347417276734e+00
8.345580299401291757e-01
-8.644106007390761626e-02
2.967811635012962412e-02
1.258407232936532782e+00
4.776979205999942746e-01
1.004355006976995313e+00
2.176411055881926959e+00
7.402687080246330709e-01
-2.074111910375766143e+00
-2.504177474653264568e+00
-1.358992277081079170e+00
-1.209581832991031503e+00
1.450471907438585895e+00
6.020841835368636596e-01
8.061341193393389837e-01
1.954002880611502624e+00
1.177666875837594773e+00
1.493950217413296588e+00
1.660965209104685592e+00
9.535249419447157093e-01
2.053407448212372977e+00
2.388151397604069359e+00
7.159230192562071604e-02
2.829079193230681355e+00
2.029447685066140261e-01
1.311683693076501678e+00
2.005017091404064367e+00
4.121238289776300023e-01
7.700791843995289376e-01
-4.652555754591167769e-01
1.374392901138836720e+00
2.734493085943300539e+00
-9.255804550206223613e-01
-9.267362889087100708e-01
-7.659858711033757928e-01
-1.521556763755659070e+00
-6.004145042258709486e-01
3.740044648408895611e-01
1.935548956279669053e-01
-1.527703645810768451e+00
-7.151214951896267547e-01
-3.183199030669311425e-01
1.034106193011312680e-01
-8.178003556613470115e-01
-5.748520416317633996e-01
-9.581643998231801351e-01
-1.238778294304619054e+00
2.145929937416669375e+00
1.169475735098900238e+00
9.152969525946487162e-01
6.766328345944854217e-01
2.595879868073860841e+00
-5.069589262986805567e-01
-4.533705633142760538e-01
-3.608523151696263476e-01
3.037093173791549638e-01
-8.412408073243424766e-01
-8.446187100899918976e-01
-1.325671478388229740e+00
-1.739579583565394882e+00
-2.116575109787245168e+00
-1.099059626112036891e+00
2.870983740508350479e+00
1.565773150781317069e+00
6.694612800972907785e-01
1.308317641847574819e+00
7.774855821174255777e-01
-1.147469533058091296e+00
-7.869638297162291352e-01
8.596522478145196544e-02
-1.076479287214401559e+00
-8.747769219162822019e-01
1.247903987051939279e+00
1.466623644547991656e+00
9.712283500874083764e-01
7.049715890770327231e-01
6.826608147429857887e-01
1.589167191417023783e+00
1.572302449170354777e+00
-9.766369986122160896e-01
1.643881802211086374e+00
5.430934997857159718e-01
7.212617631196405199e-01
-5.590625097868482385e-01
1.690047641463775285e+00
2.615107081524222110e+00
8.750335418847191571e-01
-5.121719780965527935e-02
-1.482404299615960097e+00
9.462489975598065151e-02
-1.985069530775195989e+00
-1.299513584412159695e+00
-1.969080120042190574e+00
-1.646949378609914305e+00
1.643777671805533025e-01
-2.230223473694856740e-01
-2.112159294377418561e+00
-2.071986260156573501e+00
-6.064401996811582540e-01
-8.225038023377111429e-01
-1.428828505241130253e+00
-9.635434294204620054e-01
-1.711616210840385399e-01
8.907799190871448225e-01
2.327235496890406985e+00
2.434326301522642400e-01
6.110069436285366917e-01
-1.402897827878594406e+00
-7.465502244087367512e-01
-9.808552394896454807e-01
-2.205765961432462952e+00
-9.592090098761473227e-01
-7.434973696292228595e-01
-1.173130792218559204e+00
-1.752051198652914810e+00
-2.455698834473241110e+00
-1.100664103292796403e+00
4.767012528844327690e-01
8.549880701409753314e-01
1.568700312138717745e+00
7.523607609700084797e-01
1.317326685054428514e+00
-1.219677181964581969e+00
-1.368866817730960861e+00
-7.910571987279255701e-01
-9.428628954016283759e-01
-2.277701500063024742e+00
-1.369173428804354442e+00
-6.551977605650268766e-01
-3.170496886306642947e-01
-4.353907034734545434e-01
-1.294193786517951583e+00
-3.594546379065215458e-01
-1.501411371807344741e+00
-1.180173833967421038e+00
-6.943367390115416926e-01
-3.422237359139737034e-01
-2.470417004400492722e+00
1.716139402158343152e-01
3.640394216812725681e-01
-1.579102064516643811e+00
-1.933675517264241694e+00
3.948165845810118757e-01
1.278407233457215408e+00
1.205021008399154603e+00
9.045227230981874866e-01
1.187779329615663348e+00
2.306498808004985079e+00
1.794265543890873449e+00
7.819683767475209546e-01
4.011201977679743624e-01
1.642507262088400033e+00
1.116937989529846131e+00
-2.489993107204988565e-01
8.445421857334709514e-01
-9.439873946006303029e-01
1.082427345818959052e+00
-6.596507843645204039e-01
-1.272961969569329721e+00
-3.814499403105729991e-01
2.302475281061866497e-04
-9.373320537357475724e-01
1.177113792712492835e+00
2.549852762002042361e+00
2.183177643951477620e+00
1.529657492977786637e+00
1.822103081396104995e+00
9.967503470790726183e-01
1.278274470136398167e+00
-8.607250236172045987e-01
2.742784638420673549e+00
1.385738405689966868e+00
-2.582105801191523220e+00
-1.259825673679226821e+00
-8.322512599930509403e-02
-4.034473405692818870e-01
-1.428176971357091096e+00
1.365903370837827646e+00
1.507005552377466806e+00
1.493583261452080091e+00
2.339181425977396867e-01
1.345078977152520228e+00
1.327563369531336690e+00
1.009741009546155421e+00
2.056422412477658668e-01
2.826365566828789255e+00
1.687758555262233173e+00
1.412594588507878335e+00
9.443412503797766755e-01
1.444012158862055362e+00
-1.213559369748884453e-01
6.397957014537631881e-01
5.835679967732031459e-01
1.948556558553449891e+00
4.516960079703666864e-01
-1.909200749840660460e-01
1.326870846609766508e+00
2.103594319563393267e-01
-6.470141544196413852e-01
-1.604735757538106267e+00
-1.315149859038093449e+00
-4.668049016540259943e-01
1.450158736458326825e-01
-8.688885747776395885e-01
-1.389211232576608612e+00
-3.837424353021943180e-01
-1.727030419093147362e+00
8.844239196105534440e-01
-2.712659059056039546e-01
-1.063017239120666702e+00
1.181847735076987149e+00
-6.528342733042351576e-01
1.489097748052794934e+00
-1.760178370222700295e-01
1.492016134696939611e-01
6.545428846671003109e-01
2.065407369204936394e+00
-7.953625187250048523e-01
-6.866126165357938627e-01
-1.220378179172330491e+00
-1.048134563464754310e+00
-1.006680547817692339e+00
-2.500721601021054674e+00
-8.980888204159832577e-01
-7.349655540347197480e-01
-1.275869710114308386e+00
-7.926833516187045126e-01
1.673136544206701659e+00
1.924546354075462595e-02
-1.179298136128550389e-01
1.436374783299797731e+00
8.183156315994893903e-01
-5.664996891673350632e-01
-6.997281117898437319e-01
-4.351013743320679694e-01
-1.221436870536278363e+00
-2.322678542326106488e-02
8.579232456735150780e-01
1.440426254771880910e+00
1.517478657211094983e+00
1.088288742890789695e+00
1.483304738055483574e+00
7.930303938865018720e-01
2.561253231202410552e-01
7.313521991918734422e-01
1.559350731250637612e+00
-5.260973269708646427e-03
7.189794544141814292e-01
7.263231578026122515e-01
2.050988417814804787e+00
1.842056212460551956e+00
5.657243110456100510e-01
-8.261210937296356027e-01
-1.995352797093221664e+00
-1.326202298013305914e-01
6.796138659235362312e-01
-6.172352276179551289e-01
-1.033626677844314834e-01
-2.429566272679598349e+00
-2.663432140657214786e-01
-2.639795246008500573e-01
-2.294718500997368071e-01
-1.185002631656964844e+00
-2.680501582872172328e+00
-9.121310793131784944e-01
-5.730843740353975813e-01
-1.148826788526098541e+00
3.889868880594392619e-01
1.862767652671801777e+00
3.322039020686170518e-01
1.638011537151399022e+00
1.166739363283222364e+00
-5.558973694576718749e-01
-9.790471798090818467e-01
2.223716789319662990e-01
-1.783082569677279849e+00
-1.780848849769030906e+00
-7.830189045660456149e-01
-1.788258685988920238e+00
-1.506446427534339882e+00
-1.049504634056858565e+00
-1.535175732620644773e+00
4.802086253457372722e-01
4.053434457320013173e-01
5.574430511220411777e-01
4.174287133032408281e-01
1.179192224812037892e+00
-9.609151704103008340e-01
-2.806804039877220935e-01
-1.493944809233076487e-01
-4.128155418344964245e-01
-1.912325685805542186e+00
-2.103198673248623862e+00
-1.944951228493040585e+00
-1.193087163163910613e+00
-8.712665042989995445e-01
-4.437366126796156163e-01
-8.097208135342884860e-01
7.548990650325295704e-01
-2.299977811198294475e+00
5.725191056213096985e-01
-1.273673183362932004e+00
-1.054771837682016544e+00
-1.493859874202121407e+00
1.143796432317926826e+00
-1.098768161527190701e+00
-1.185041451874979002e+00
1.260817423341211940e+00
1.405070230408292487e+00
2.552261517033417526e+00
5.373391611749279706e-01
2.197093504255968277e+00
2.569288523414481773e+00
-1.035273588159684177e-01
-7.775386369254297936e-01
1.529623319741479026e+00
8.972214312896624744e-01
1.504895969936814737e+00
2.006162717297913289e+00
1.606955455077166972e+00
1.090910955058568277e+00
1.829157682872199819e+00
6.955186883126320829e-01
-1.205118442279702773e+00
-1.638801954603448463e+00
-2.809354506474351920e-01
-1.269424863435854034e+00
5.777561912239026487e-01
9.154639425251661633e-01
4.167379972306364255e-01
1.339317927296491906e+00
1.331027363042526446e+00
2.919808104720431174e+00
1.755573361352626538e+00
1.611400252820011980e+00
-9.544401127230295323e-02
6.194491982439735978e-01
-1.050232275393645054e+00
-1.795348589641410753e+00
-1.385197342451736091e+00
-1.467648974791486260e+00
-8.391799470759804258e-01
9.148734275640469926e-01
9.657647672334171984e-01
-5.526305801393878170e-01
5.581418248433573925e-01
1.256367116148469742e+00
9.005831569775968326e-01
2.364963221852831587e+00
2.620982346517519268e+00
1.740205535772731515e+00
2.430290206435890887e+00
1.312339171388548831e+00
1.147134032860003927e+00
4.933850890028659286e-01
1.503455129007178481e+00
2.482950363463003463e+00
8.068621614371052075e-01
-1.623808591072806173e-01
-3.073739512369741966e-01
2.033252085461952907e-01
1.589674302124657324e-01
-7.787998657931863855e-01
-9.379300857663769309e-01
-1.623172552704291949e+00
-4.240190054178178958e-01
-2.656424839043975972e-01
-1.362418549968445802e+00
-1.784823052716967062e+00
-2.017155468801512086e+00
-6.428452810956554186e-01
-2.559656782055949265e+00
-8.194270936456934384e-01
-1.443878512159834759e+00
-8.161424134758091808e-01
-1.515436663183614252e+00
-1.301738835976561370e+00
-4.357940973977165733e-01
1.045152044209112674e+00
5.187487200085254546e-01
1.068058564918665576e+00
3.564060135718749578e-01
-2.757538621149713709e+00
-9.057846940526351753e-01
-1.326452040037778835e+00
-1.070961872370011836e+00
-1.278463810148825708e+00
-3.103098196596423275e-01
-2.253195326835657042e+00
-4.304212416431077992e-01
-1.993246277953721890e-01
-4.580090469773598905e-01
1.560274575906527295e+00
1.324701464228370096e+00
-1.985962924332671520e-01
1.735660032261540309e+00
-3.538100542540174587e-01
-1.574961302320028400e+00
-1.861434070230116644e+00
-5.769703937488654955e-01
-1.410459867607499973e+00
-1.411975256462245643e+00
-1.384742064766444791e+00
4.523029824182980274e-01
-1.330397840289302636e+00
-1.056757995962862129e+00
-8.164862030505370960e-02
-1.131588585178051831e+00
-7.761664933414855749e-01
-1.084071562849973969e+00
-1.309315925182390261e+00
-3.835001601958123452e-01
-7.654462309420361210e-01
-4.054540741147444338e-01
-1.789423083987173424e+00
-1.007027398800759643e+00
-1.124747642867352182e+00
9.663824358385120217e-01
-2.946193783943600319e-01
2.333119323500481901e+00
5.007287187548445928e-01
1.428356959463157771e+00
4.168331641748030947e-01
1.782634060854717317e+00
1.272542335857244966e+00
1.577812418260287064e+00
9.107079524132559722e-01
1.180651600019348768e+00
1.336680104754238263e+00
1.242327767237332736e+00
3.464717814145679142e-01
1.094841028783291481e+00
-1.117114712976952973e+00
-1.679084485741093147e+00
-3.331085630013893573e-01
-1.443668071728985147e-01
-4.754554577343611532e-01
9.093949437071504605e-01
2.072705997558550006e+00
2.121207178797292592e+00
1.365690967760520902e+00
6.585314299598896692e-01
1.262485251711727763e+00
1.040638255923003852e+00
-1.397765760222093423e+00
6.827633225357199187e-02
-3.482310344108305866e-01
4.695519862755492824e-02
-9.690076813898184094e-01
5.035412639507730326e-01
-1.695127655153584767e+00
2.222843965690342038e-01
1.209513643227988267e+00
1.602574442087110196e-01
-1.302855728189007412e-01
9.323294371997086216e-01
2.268741562345979457e-01
-5.395568196221618429e-01
7.162167579452036748e-01
2.486911212354562029e+00
2.344549914800782897e+00
1.449073275318768950e+00
8.714074427666040901e-01
5.305652252642137912e-01
4.272415592607331503e-01
5.247971742101978920e-01
-4.889173388020795485e-02
2.320874528134897474e-03
7.863079524695935074e-01
7.246326235721377573e-01
2.666262620737963607e-01
7.602701491299517222e-01
-1.971962954482715080e+00
-5.698502031780494637e-01
-1.104940360636049945e+00
-1.396631977445896844e-01
-3.599013079857880104e-01
-6.379756301572664379e-01
-2.636023458482743553e-01
4.375791059608113986e-01
-9.407329814113646327e-01
-5.457193616074561549e-01
-1.886728657007118448e+00
-2.773898854568825456e+00
-8.119668041368668376e-01
-1.576095912014873424e+00
-2.155692380911906625e+00
1.045833229209895299e+00
3.183707677816065562e+00
1.799281834394900192e+00
2.119940939640331479e+00
9.003838210536416753e-01
-1.091370608427655764e+00
-1.891427594000146151e+00
-5.946302278545244624e-01
-9.800457336187073931e-01
-3.337849093714184701e-01
-2.602723021174238038e-01
-1.031332119910944645e+00
-6.375179193268005751e-01
-6.457742915572305398e-01
-5.375454436580555662e-01
-1.378486419081501602e-01
1.378684088974340138e+00
5.755347788467222170e-01
1.194470491626505870e+00
1.117785676280306228e+00
-4.725437027259674627e-01
-1.089993888477657435e+00
-9.492701009191715222e-01
-1.124306516039437431e+00
-2.396822211474148645e+00
-8.649621047187452394e-01
2.768223455944560651e-01
-1.474006779919658561e+00
-4.342872371008624777e-01
-3.062564068526155703e-01
-7.333555175759896017e-01
-1.307441283011969269e+00
-7.149123570677708983e-01
-1.787293662143751849e+00
-2.939883137081834574e-01
-1.737755334436017041e+00
-8.020881976523748236e-01
-7.355719888516617511e-01
-8.543746600296570071e-01
-1.033929274721014258e+00
3.668325134646953645e-01
7.289856195433626063e-01
1.670420648942495978e+00
1.618651938120017730e+00
-6.836907348159957376e-01
1.687913561557214503e+00
6.762302410545428799e-02
9.618830525742451121e-01
9.106726804116942464e-01
1.025472427131952857e+00
7.013132860072971431e-01
-1.592009426532887684e-01
6.436887642700983569e-01
1.225467859549717708e+00
3.391308478606963606e-01
-2.702896461195813949e+00
4.671315610061437251e-01
-2.371728166031215057e-01
-6.247491464747569889e-01
-1.800869302961398466e+00
1.777166607476804661e+00
3.197385663045948512e-02
5.030993173742137614e-01
9.283945736754516398e-01
4.189316558730384887e-01
5.022799051184708707e-01
2.974167538213419171e-01
2.111659536993689024e+00
2.064747678311613655e+00
1.561367459095828636e+00
-1.713687844398867899e+00
-4.295629173968453784e-01
-8.218197817121324356e-01
-7.470742919877926269e-01
-1.217787754206375972e+00
4.637354372011659454e-02
8.828109145246413325e-01
7.708365841395111717e-01
4.256505194226237743e-01
1.208609200094406422e+00
-2.137784968738694502e+00
-9.863135030986357465e-01
-1.585412846769442385e+00
-3.683276045919147146e-01
-1.654917620773074249e+00
-5.379376734213501265e-01
-1.011747768196099129e+00
-9.579153508163122943e-01
-5.194022923823224946e-01
3.308549997204823789e-01
-1.045572128869618478e+00
-5.952794533323482185e-01
-1.419532713716707528e+00
-2.277351424157874504e+00
-1.120493623131526340e+00
1.354273898888594507e+00
1.706904930196005088e+00
9.237016112993130523e-01
2.033900069254759302e-01
1.099774448669305960e+00
1.834544280150487205e+00
1.629880728749490970e+00
9.652997521515797041e-01
1.346831919346346940e+00
1.482932092169580773e+00
1.604924870933097214e+00
1.370376141227998668e+00
9.607131086811617759e-01
1.292398131173380538e+00
6.021712220448863784e-01
4.810537216258088389e-01
-1.089006981564670795e+00
-8.568242614182357553e-01
-2.401704693599946427e+00
-1.252903515389754752e+00
1.227660456906776609e+00
4.745733655732962131e-01
1.580096749474775297e-01
-3.391806435932012143e-01
9.289722931985637810e-01
1.004558141911139790e+00
1.359703698907801739e+00
1.467021771556194176e+00
7.889541731434743799e-01
8.195116951851667553e-01
-2.650407496402678031e+00
-1.033299894325339308e+00
-7.795490320456168742e-01
-7.812349060719340210e-01
-1.597203792810558021e+00
9.759975464298897840e-01
6.192318119524995446e-01
6.229264455122780486e-01
1.105213240421936582e+00
1.361990482191528518e+00
-9.341572940015350213e-01
-5.961762790153698477e-01
-9.003632306828669440e-01
-1.177790016786164795e+00
9.195578039506897561e-01
-8.544479011964343229e-01
4.696005086452954558e-01
3.255228604642206314e-01
-8.890967266638472033e-02
-8.199342310793884536e-01
-1.295679768641147867e+00
-8.775870086623656086e-01
-2.128254772225760316e+00
-1.364571722781895424e-01
-5.855623956970276156e-01
1.624211479519042767e+00
7.073063806427540845e-01
5.860846535427355342e-02
5.730614537068647873e-01
-5.872009311751167360e-01
3.646944348147274084e-02
-4.129167064066563420e-01
1.095810061200992447e+00
1.060061586931584365e-01
8.769459636809945335e-01
1.535939285847224056e+00
9.191676881247379249e-02
-2.556338321298934346e-02
9.948179945817136050e-01
4.446900346586137864e-01
-1.054174994005903088e+00
-1.922594935235509617e+00
-8.398440228993158119e-01
2.591787981766262572e-01
-4.434618011925596237e-01
-8.304437679990237520e-01
1.059686154251507251e+00
1.736795958516640370e+00
2.524390470986241475e+00
2.156616035812415788e+00
1.414039054144613061e+00
8.547084452896832607e-01
5.808068336691676326e-01
7.060862878753125793e-01
2.267722393886955956e+00
-1.382856690059729221e+00
-6.634713847898752181e-01
-1.255540671384525186e-01
6.741877277181800299e-01
-6.623636731272386502e-01
1.063315465042402153e+00
-6.981581964532401763e-01
1.363863860638779180e+00
-2.144616168791926292e-01
1.462034893400195212e+00
1.311006723134242602e+00
1.708868814875299513e+00
2.707238456722119491e+00
1.584530650736349466e+00
1.185231880419068018e+00
2.364635684611827493e+00
1.782558312177892290e+00
1.752090657509611793e+00
7.718563352441111247e-01
7.730088134547723477e-01
1.051929941096770182e+00
1.049065658025807979e+00
8.415105501050519354e-01
5.995304746118313988e-01
3.873419124207347908e-01
1.499408354252562692e-01
-1.299681703187521187e+00
-6.139149600337056034e-01
-8.773275684628174531e-01
-1.564606871090042262e+00
-1.245031303593110206e+00
-1.561170286157944620e-01
-1.586773327973516112e+00
-2.170516749655524436e+00
-2.736489454093824047e+00
-1.457513234812856551e+00
-9.604518199939048317e-01
-5.399951586492347522e-01
-1.247315247617557521e+00
-1.111949975302298554e+00
2.591062878504455380e-01
9.077205585576119118e-01
1.001931118978449664e+00
8.503238229437379836e-01
2.330998126130041648e+00
-2.215968544071294843e+00
-1.916828207880822532e+00
-9.975358197824911732e-01
-6.059494790721069446e-01
3.638109558350965944e-01
-4.911635838879784277e-01
1.329997957957973487e-01
-1.717054743392399718e+00
-8.069712161942798057e-01
-1.521256700354334468e+00
1.136180870379543739e+00
1.682286531451753664e+00
-1.677785290808202490e-01
6.923531851183575281e-01
3.601694446705390185e-01
-1.693868997749722771e+00
-1.727603818684537273e+00
1.975387569978450664e-01
6.747925050295118243e-01
-1.348332186566262303e+00
-8.649799996106357636e-01
-9.701923049253103892e-01
-2.170858279050241979e+00
4.207444698411317852e-01
-1.240991356687849212e+00
-8.192097979246543149e-01
-1.419509693781973558e+00
-8.800809490200809382e-01
-6.644806371551659208e-01
-1.476360548903006276e+00
-4.737035332535003418e-01
-2.164390403612909353e+00
-9.587761340960868628e-01
-5.673772425303319489e-01
-1.470955114130399144e+00
1.390279045543135972e+00
9.357450223193605199e-01
-5.368565104755875783e-01
1.745383369027968978e+00
5.611213233564092961e-01
-4.495076676835652041e-01
5.554995501347328446e-01
-2.013444391540297751e-02
3.287943820747842860e-01
1.405701034639924796e+00
7.876451431338322706e-01
2.691782217979036274e-01
9.790981244607964706e-01
6.940621844360136405e-01
1.344679304311810375e+00
-1.151555763698970836e+00
-1.064727453888855591e+00
-1.172534594982685530e+00
-1.285718421995289962e+00
-1.251911200583952777e+00
3.003244696735557495e-01
1.043934464686727459e+00
7.652915422128788725e-01
1.652996488707904055e+00
1.697065647033944469e+00
-6.529983638495786558e-01
1.029208322878218951e+00
7.807557138679946940e-01
9.907400544971509682e-01
2.039574577329139604e-01
-1.417351640701793869e+00
-9.200025412353483034e-01
-5.936661301016595838e-01
-1.631815112397175804e+00
-7.264439219283753690e-01
8.287118719228114827e-01
1.360036907290677277e+00
2.172880304970492560e+00
2.244946492563282270e+00
2.469748051285934665e+00
9.669261212586408583e-01
1.034719628091022914e+00
1.857671593519716113e+00
7.900547357708138652e-01
-4.111219569703195020e-02
1.036424437382275077e+00
-6.651080435194236529e-01
1.022944899770034111e+00
1.260909525954899690e+00
-1.303446536649559562e-01
6.251761920081071455e-01
3.010091907210445950e-01
2.060158631069109347e+00
1.865788122443986508e-01
3.957268399739211073e-01
-1.326271053538933709e+00
4.086384607829494087e-01
-1.287875542771484305e+00
-1.820839763833299152e+00
-9.374301853851596533e-01
3.499171083775252100e-01
-1.070951146291857725e+00
-9.147208814390912490e-01
-2.227274586162304892e+00
-1.404808127064536505e+00
-3.299284809459286372e-01
-1.340606014281594538e+00
-1.861297350402101314e-01
-8.147802531370942347e-01
-2.239809635638750906e-01
3.661994163425084103e-01
5.036428180240952734e-01
9.569915751289588268e-01
2.048204847901089476e-01
1.603775653375042465e+00
2.567054572854314820e-01
-1.400259152169692101e+00
-1.739187363078499526e+00
-1.086523903791666745e+00
-1.465079359514120938e+00
-1.850399113229232784e+00
-6.579220933792579995e-01
-2.280345047397559721e+00
-2.207684139068526896e+00
-6.264596608482789764e-01
4.994390912578943187e-01
3.557540759534119079e-01
2.299034170914243003e+00
1.106275515121823316e+00
1.405476377618114281e+00
-1.507634146377730966e+00
-9.354148783285443081e-01
-2.479030329993415771e-01
-1.580595048645085487e+00
-2.113421706594182048e+00
-1.085850658540472580e-01
-1.437934798664811886e+00
-1.773200178146829176e+00
5.348780473994150242e-01
-1.195634937352601623e+00
-1.698085956947319008e+00
-3.002123558402239878e-01
-1.702595751273499047e+00
-1.013956444673598911e+00
-1.307599392256287851e+00
-8.733290050166500063e-01
-4.491876641201972831e-01
-1.584738061989436897e+00
-7.093149636357602983e-01
-5.534699660362748519e-01
2.645278386796605652e+00
1.301965573633497630e+00
1.718051372056533799e+00
1.027752883687733876e+00
7.935620770431038862e-01
8.192179025949238858e-01
1.203458861484181464e+00
8.082546297371913102e-01
1.492529353279998805e-01
8.501610760355144958e-01
1.943847277925141226e+00
1.498366133629534858e+00
1.729755864914441110e+00
-1.818931279071711593e-02
1.197816558935547393e+00
-9.189221659196896708e-01
-5.377489571219882247e-01
-1.423333940252879515e+00
-1.676253275829389988e+00
-1.311198549590263607e+00
6.740531460996346258e-01
4.904366124425039164e-01
1.136571848251872074e+00
1.562720977839701764e+00
1.801639295064519919e+00
9.929585178925657285e-01
1.388411729653694637e+00
1.077263659629345449e+00
1.154580620155845949e+00
7.579079184262788038e-01
-2.756950136623378400e-01
-6.320291844785279611e-01
-7.800461317441291786e-01
-9.634931200006929819e-01
-3.452472021629029442e-01
3.085896285746173584e-01
2.358845625100499888e+00
1.204000623158844041e+00
4.840972969520884739e-01
3.858980014257928914e-01
1.573349738533825537e+00
1.872441633443191478e-01
5.946605832100690936e-01
9.821879835098533684e-01
1.759287946924212864e-01
7.448332901747172219e-01
3.988415519513235363e-01
1.031475570937755881e+00
1.395637416732411484e+00
9.954000507100621009e-01
8.184790161465568259e-01
1.155252718924850930e+00
1.626455457143165306e+00
6.089737026136032849e-01
1.421940715402211453e+00
-2.466522316775557888e-01
-2.373513335996423557e+00
-1.979676152822991364e+00
-1.889892922309509782e+00
-1.245964270865112855e+00
-6.504401785478786113e-01
-1.109827196331793386e+00
8.320285349624079174e-02
-9.640782627350686917e-01
-1.491368000742070876e+00
-1.767190974752404387e+00
-3.090329996992577044e+00
-1.176430947794018467e+00
-1.221206886098964661e+00
-2.295033118912152226e+00
3.893780857598213574e-01
-1.029666068183916483e+00
1.246844356272890364e+00
9.615560673284433424e-01
2.710558262645702543e-01
-1.805978955761793348e+00
3.205908169968019195e-02
-1.380166318208867038e+00
-6.953967065149160298e-01
-1.816083298919803690e+00
-5.357761492233026335e-01
1.127017550695397219e-02
-1.564861347203852171e+00
-4.970508442050585174e-01
-1.552223118494370002e+00
4.935529297372580615e-01
-1.595643207975230293e-01
7.993065813060422631e-01
1.779951772815209665e+00
9.735800905907574521e-01
-4.985612689448774004e-01
-5.014367156618031451e-01
-9.010696950150893780e-01
-2.397277307158237836e+00
-2.226938900737570615e-01
9.330062997117185564e-01
6.152020180502585367e-01
1.258240525692450040e+00
9.156860369229860019e-01
-3.008916011230455823e-01
7.662869890694927744e-01
4.249322885445538933e-01
1.279708213058447619e+00
1.013691214646032401e+00
1.427277510679132888e+00
5.678395637081018466e-01
2.005606425897474399e+00
1.721468065084412746e-01
-3.190611103910021562e-01
5.668742824788772783e-01
7.280295463275003875e-01
-2.126816113108178641e+00
-8.194887705308242509e-01
-1.212909719606692249e+00
-1.643965285350259098e+00
-1.241668453561549423e+00
2.017268308492869977e-02
-6.198045295716614334e-01
-1.209958480402987258e+00
-1.477244649672281529e+00
-1.001944757124356489e+00
-1.813457341952012358e+00
-1.007933524529979641e+00
-1.244529326436745409e+00
-1.260467214947246228e+00
9.335307291302425980e-01
-7.432215596005415925e-01
1.244099990018263213e+00
2.375480596631501573e+00
1.308773631753550326e+00
-2.641635502533760782e+00
-1.051029569512152984e+00
-1.041019245559821060e+00
-1.400909630256517158e+00
-6.029850600974848707e-01
-7.676416093352661507e-01
-2.737019820208862697e+00
-9.849374950264452311e-01
-6.926194714023562460e-01
-7.661628129782982466e-01
1.100492323690833496e+00
1.420657679443990240e+00
1.056502434402132318e+00
8.919513367688501893e-01
1.341197926677687891e+00
-1.530144085591789604e+00
-1.655575212724762713e+00
-2.015705815402198731e+00
-1.082881681711702626e+00
-5.927915365453603203e-01
-1.187396947031819527e+00
-3.364452217670976797e-01
-5.129858992523851358e-01
-1.531210155214963287e+00
-7.139697272640104231e-01
-4.948527496208976473e-01
-1.332233013159468848e+00
-1.921366509909833376e+00
-4.439314437667982727e-01
-1.547420310704216151e+00
-5.843409535531534083e-01
-1.467616091349574159e+00
-1.301722635525676575e+00
-1.871338394417896733e+00
3.923767503751653951e-01
1.232295517570307197e+00
3.519235520788511762e-01
9.106353245192779777e-01
1.557382417458190726e-01
1.159399479978604930e+00
1.777161864231232569e+00
5.978365485986042449e-01
2.227033398607355608e+00
1.567539645250237479e+00
9.809436169243755943e-01
-3.167659666751694303e-01
1.677770878755834971e+00
1.970928689404875644e+00
2.134933836542462604e+00
1.128812623079811228e+00
-8.044479021462771495e-01
-1.326120510824637888e+00
-1.468487763594807038e+00
-1.140024482766486269e-01
-6.591850190953201238e-01
7.883319636932690777e-01
8.319618060451108299e-01
7.689463568066090549e-01
3.094005998975928318e+00
7.770997722072106040e-01
1.646854796801311416e+00
8.191164496533478445e-01
3.315868793502929623e-02
2.623924362475296146e-01
8.895532741686135170e-01
-1.537491158226802046e+00
8.666017920775521688e-01
-2.257570067601053498e+00
6.070101889342374157e-01
-1.740114822269868133e+00
-4.572932312203770167e-02
5.553895665215461408e-01
5.497998789032025879e-01
3.881740324022724398e-01
5.850052114979372719e-01
2.298764477112833493e-01
-3.807401543641120156e-01
1.914477388749814102e+00
1.834544189994063990e-01
-1.922819722134700982e-01
1.292379358827300040e+00
8.666526906313080092e-01
3.190428205912092530e-01
-1.355681667849730765e-01
1.467581464010201397e+00
1.545110790082168783e+00
1.219224443897558352e+00
1.006591088476359808e+00
6.397130585258157254e-01
8.323920246240665843e-01
1.709996015399164460e-01
-1.546863035416744747e+00
-2.103663960267120103e+00
-2.410739236453923739e-01
-2.292977824723005931e-01
5.565437288723584786e-02
-1.223944382767003125e+00
-2.696193994046168108e+00
-7.869023518550664065e-01
-1.681368813598447254e-01
-1.475794848288661587e+00
-7.060172623229418187e-01
-1.239527496458485256e+00
-9.024333478159324295e-01
-1.732274338014108128e+00
6.626577856127611188e-01
1.273688178447553998e-01
-4.632687974138924858e-01
1.150720616130824103e+00
1.232727299557404343e+00
-1.057086867707400124e+00
-1.938807290926675808e+00
-1.363258740570029603e+00
-6.458359848306561846e-01
-1.572153088159081058e+00
-5.126106646717539794e-01
-1.039856444976643868e+00
-2.150218315666818647e-01
-1.284506355631976904e+00
-2.664429488600895679e-01
2.096987245297809110e+00
5.692817662738209883e-01
1.689122054991811783e-01
6.603536683794792861e-01
3.572525544034104161e-01
2.922513125182590876e-02
-7.309578820054497550e-01
-8.240194041030055594e-01
7.544877393334445959e-01
-1.790144445498808690e+00
-2.046067130377986931e+00
-9.312113318631244363e-01
-1.364481103047882948e+00
-1.064700339250101102e+00
-2.127660725589547219e+00
-1.676392997553017850e+00
-2.346940235116163898e+00
-1.768806430687748232e+00
-1.372361248574058834e-01
-6.503902970451653776e-01
-1.268266776461836276e+00
-1.435979689761708755e+00
-1.127412189769612549e+00
-1.003514040626915627e+00
-2.989565260469218000e-02
3.591497548526123573e-01
1.777360876793636413e+00
1.089904061119275624e+00
8.176438955718954293e-01
9.103319479481848386e-01
1.325632917220164408e+00
2.532474929504288097e-01
5.454088880638587877e-01
8.836651253355355395e-01
2.110085717834674135e+00
-1.648930707130373818e-01
1.899795280001451925e+00
1.747886426877465871e+00
1.827605151294248831e+00
2.243864159620722720e+00
-1.101089398537603348e+00
-4.731596415380603382e-01
-7.964402638922998268e-01
-2.227923704352960499e+00
-1.231027385320120349e+00
1.229007993498833162e+00
1.708269476344060234e+00
4.234765435776161047e-01
2.276631470913987876e-01
2.489159481431435506e-01
2.108460684685218300e+00
2.105269746832933997e+00
-3.978897068834097439e-01
8.474438184228068049e-01
1.727981291762837435e+00
-1.029346039780903777e+00
-1.695598483290172265e+00
-4.828779172620494275e-01
1.312242842797286535e-01
-1.999499233345081395e+00
7.811960263549670991e-01
1.583014939398291965e+00
2.194998126403686634e+00
7.855451178733785511e-01
5.120654299439262314e-01
5.879325459120416930e-01
-1.298241956866804214e+00
-1.719401739093486370e+00
-2.893690083750835917e+00
-1.868925645185250506e+00
-1.255827766522941369e+00
-2.083316840371202128e-01
-1.835030324089075071e+00
1.801631053952101880e-01
-4.914428547491671573e-01
-2.755598347888861710e+00
-3.238479218824483752e-01
-9.743708924493645895e-01
-1.543566980892514540e-01
-1.090909900400774069e+00
1.834874967969055692e+00
-2.204552402605262085e-01
1.400733508038567665e+00
2.383943677780002712e+00
2.089045067271444012e+00
1.514356602239042004e+00
4.196381853683771590e-01
-6.078879744232081883e-01
8.054133949351246491e-01
5.528290872836805203e-01
9.514633774441423331e-01
3.485341524839669081e-01
1.372663954517819640e+00
1.515606430654669934e+00
1.167672287518313645e+00
-2.654229598190932737e+00
-6.938665097409923987e-01
-1.419163541474485868e+00
-1.136213125630227694e+00
-8.734747570323546650e-01
1.525905825106039782e+00
1.570250644632490422e+00
6.963298705990974558e-01
8.428504211768212961e-01
5.421917075312217005e-01
-1.481903595450400069e-01
1.145764637228282146e+00
1.322726432183361389e+00
8.159800760896011029e-01
1.606775868616149294e-01
-7.181556238627395672e-01
-1.405941555565253687e+00
-5.412738889652437546e-01
-9.238104328642823271e-01
-1.442874865540338059e+00
1.556544350075592664e-01
1.130554469962906650e+00
-5.070061932860119303e-01
1.621377148839659998e+00
5.449055337383520436e-01
1.030661355546706126e+00
5.179660824809301234e-01
-5.370906408898612483e-02
-6.821933376595801235e-01
1.051565904858518863e+00
1.728870882990036772e-01
6.423585605914530205e-01
1.223771118422758875e+00
6.491844539184157270e-01
9.317518694864295181e-01
1.211178946898862963e+00
-3.191154489320791043e-01
1.088025413224521065e+00
5.059967231138022825e-01
1.780020554677272493e+00
-5.042662101552256582e-01
-1.116381015719920766e+00
-6.711752039619334198e-01
-4.933220570894977230e-01
-1.566206282651203985e+00
-6.795871581885577495e-01
-1.041361776833029662e+00
-1.223056374020123682e+00
3.551588490248716035e-01
-8.687503225913243421e-01
-1.138087894613454054e+00
8.682443642604575906e-02
-1.670033343086655409e+00
-1.128304083982116790e+00
-1.060285348063405353e+00
2.312755325092130221e+00
1.088751920520935501e+00
1.421806466654710110e+00
1.556908525856674164e+00
1.139782915612853609e+00
-1.180199338703529222e+00
-1.641327555082048750e+00
-1.220755853874358365e+00
-1.185608705936051610e+00
-1.629663936492553589e-01
-2.174586215725104132e+00
-1.317560096526582569e+00
-2.736964323471665628e-01
-8.071397518091605328e-02
-1.066258405518768937e+00
2.160695277517150181e+00
1.291969940445597320e+00
4.797724261977398541e-01
1.195402683912778929e+00
1.138125797867589828e+00
-4.317347078856130782e-01
-1.453454855710082150e+00
-1.819713260545392730e+00
-1.824379120236846674e+00
-5.404947339191160660e-01
-1.517270467493550878e+00
-2.456366331135082959e+00
-1.645568263771659767e+00
-4.490801214413677744e-01
-2.410708955701065470e+00
-1.114009643288765172e+00
-1.869401324852314916e+00
-2.305466594355696230e+00
-2.126426433204317235e+00
-1.083434990791057873e+00
-1.257468466951048081e+00
-2.363782643588584698e+00
-1.207787314808432377e+00
2.795756124828630007e-02
-1.585259035256180837e+00
3.168713696962190962e-01
1.474463639472619825e+00
1.393266210778826952e+00
7.857955307267742162e-01
5.043495151923638176e-01
1.250786668629305431e+00
1.641538477615278602e-01
7.217980207394758541e-01
-1.224545103484736774e+00
2.353985575309322620e+00
2.357356471398680320e+00
3.491418201563677437e-01
3.140622365914204073e-01
1.211339947292657593e+00
8.854914275863392525e-01
-1.308719506063417359e+00
-4.019374195505291958e-01
-6.882738992734884764e-01
-5.616405096857305379e-01
2.651103766682278984e-01
1.263094634916732684e+00
7.623202604965362283e-01
9.610168224767241529e-01
2.053766402923650203e-01
6.811807592773124753e-01
3.994778153997697867e-01
2.289681352867968478e+00
1.157638645353839868e+00
1.716205925379231667e+00
4.637519688556450692e-01
1.283679922839329191e-01
-1.110705427767642695e+00
-6.404533512275133456e-01
-1.465654969544874398e+00
1.439949512935585485e-01
1.187134427651572732e+00
1.271040954612862484e+00
1.601493738334001993e+00
1.423310813009544873e+00
1.938918426462132416e+00
7.919822470734230180e-01
1.070071535629222748e+00
1.174526226646181559e+00
7.382271865541862876e-01
1.154106611853963793e+00
1.052726096433379999e+00
8.773007233011408390e-01
2.497514102261381375e+00
1.004955954161860454e+00
1.092828350819919025e+00
1.041960473406392307e+00
2.302354496690472985e+00
7.226679807460403282e-01
1.617348841341205823e+00
4.029089922107469413e-01
-2.251977691434534634e+00
-1.693044771676453619e+00
-4.702348573748130756e-01
-1.848373684119663629e+00
-1.654010920306569599e+00
-7.379655835426879307e-03
-1.648375354372209500e+00
-6.860800617977482752e-01
-8.894706966265659709e-01
-2.356387920610664821e+00
-1.770626219375927235e+00
-4.394523850744158633e-01
-9.547139766458965227e-01
-6.684732258109351566e-01
-9.900172595582341639e-01
5.845064788740094164e-01
1.750842495146346378e+00
1.337758598792444964e+00
1.101938117215750301e+00
2.577112121868236461e+00
-1.155592350622272502e+00
-1.369571393761926270e+00
-6.734237168961325626e-01
-1.918603483960563238e+00
-1.995541520850272477e+00
-1.697601584694434340e+00
-2.786316072763570517e-01
-1.777457953591707440e+00
-8.748259600173886597e-01
-2.095201592278764124e+00
1.179659418674201987e+00
3.806449742496704758e-01
4.082185526884980487e-01
1.522143897097037790e+00
2.041753062088477400e+00
-7.111756164608855624e-01
-1.789589712788902442e+00
-2.398566337219817157e+00
-1.719390732118697862e+00
-1.047681993512357579e+00
1.831451402995956990e+00
2.030561646181812563e+00
8.835725763719580739e-01
2.059405968919701735e+00
-2.805889720477758864e-01
4.958469565913037336e-01
8.457572642129579377e-01
3.942736340933341577e-01
1.040993704583725865e+00
1.783668555693819213e+00
3.570517990097571426e-01
1.370338112021620702e+00
4.178052489840965444e-01
1.215363069790424522e+00
-2.935415679342883166e-01
-1.827858592446340857e-01
-1.385154632025933363e+00
-1.598608012072418871e+00
-1.564748019758176456e+00
-1.409428115793121439e+00
-1.408956840261358590e+00
-1.358479071447628250e+00
-4.186655314115650395e-01
-6.065645235706460525e-01
-1.852174579736216353e+00
1.879873075346574218e-01
-1.651007247578412329e+00
2.575722460452920526e-01
-7.855272823310378572e-01
-1.164654956187630042e+00
1.546820988250106277e+00
3.504135774123778857e-01
1.660017438887694929e+00
9.433672698593098538e-01
3.030052705737080743e-01
-1.559986556597892093e+00
1.299406400298313002e+00
-1.025577079477426157e+00
-5.349541234481334229e-01
-3.740021017641260714e-01
-2.267485529574326808e+00
-1.171679520595965585e+00
-1.248692371358983699e-02
-1.328585457968279648e+00
-4.048288000113927643e-01
1.747782653473181291e+00
1.546652216877416386e+00
6.561143359773176087e-01
1.059804901172098468e+00
1.352062702478352918e+00
-1.256529523000431192e+00
-1.578517649410944745e+00
2.684109639968603744e-01
-1.700632543894561310e+00
-7.430018064432825087e-01
-2.919831712221382380e-01
-2.627487688510373509e+00
1.151958906637325253e+00
-9.195650512976543123e-01
8.186450927729511662e-01
2.307038503416338759e-01
-7.447567016064997603e-01
-1.335295604508429657e-01
2.044811739926308825e-01
-1.747055559509484546e+00
-1.647300355120417059e+00
-7.096887202606900757e-01
-2.814866976520600694e+00
-1.857586400014255013e-01
-8.736006829311859789e-01
1.828782634659035899e+00
1.231583923620577448e+00
1.720912610327894665e+00
1.199641713764832973e+00
9.517001417812999131e-01
1.586745886412560314e+00
2.822420323682640841e+00
9.703246009829002983e-01
1.629346376392975637e+00
1.545696812872008774e+00
-9.246310167334881314e-02
1.208396450604991124e+00
6.698612224245283908e-01
1.781495288286640166e+00
1.773148491280247541e-01
-1.103746946544357233e+00
-8.629320391327314210e-01
-5.670596257636150161e-01
-1.431574643933120727e+00
2.337841513605223298e-01
1.058973393408841668e+00
3.780785348927671041e-01
1.798048120369158953e+00
5.916453881368205492e-01
4.752761302071588645e-01
-2.090416266212229424e-01
4.785508940293473623e-01
1.237245586240067752e+00
1.143802884647712848e+00
2.669851434329999496e+00
-1.034132610279893338e+00
-7.926577636102236646e-01
-1.852314537159195806e+00
4.900017620668797313e-01
-1.359671603427926367e+00
1.313519359538861675e-01
5.444422619156370491e-01
3.070486302976698223e-01
6.692727227331336515e-01
-1.319025812236835904e-01
-5.504779140167657125e-01
2.288209085602909809e+00
1.059882068245337594e+00
9.405226163406837925e-01
1.625005463344338708e+00
2.015770086661868632e+00
2.664502926468396371e+00
1.790491894575299447e+00
1.485173618528783823e+00
5.364891201114438957e-01
9.521109160640320868e-01
-7.636442723141612099e-02
2.617922921628857980e-01
-2.487286141512621285e-01
1.254318256744007654e+00
7.376637368333613942e-01
-2.070269954786753797e+00
-1.558998312068337277e+00
-1.920409171445185414e+00
-7.339852156421090568e-01
-1.168554779610090133e+00
-1.440026838743938109e+00
-1.523253958770198757e+00
-1.458624524744465578e+00
-5.058288544345386217e-01
-2.053204260191065167e+00
-8.704904661526760012e-01
-2.427356896031522382e+00
-5.779247232380511079e-01
-1.130748720088361470e+00
6.054965962433600524e-01
6.674576246113497202e-01
-7.082791750449723978e-02
1.374146962744119405e+00
1.203374986704688343e+00
-1.796040351011965130e+00
-3.156238042812156142e-01
-1.219631090606555723e+00
-9.586880955894507839e-01
-2.612193719497446942e+00
-5.579959218205070570e-01
-1.418256392523931320e+00
-1.166547044518265963e+00
-9.867122271539903178e-01
-5.958726977543391534e-01
9.011379609504958088e-01
1.623920917745158343e+00
3.147761002113735884e-02
6.846826082086061582e-01
1.578779961381990171e+00
-5.420423396447215936e-02
-1.549509504354354972e+00
-1.710934258223916204e+00
-1.070061656740102674e+00
1.450976436301338879e-01
9.382467798510730761e-01
8.474568833230912146e-01
8.000620077337501357e-01
1.517938430258966687e+00
7.654855416785120159e-01
8.785388350261562618e-01
9.298139348166511997e-01
1.934700902163078329e+00
6.721490786249968430e-01
1.652870531459349479e+00
1.968122788566730286e+00
2.749610354687554992e-01
1.247193410655329071e+00
1.024758638165105928e+00
-1.604222105841856205e+00
-1.741552648153133376e+00
-2.402731722762069255e-01
-2.129631325235689765e+00
-1.483874042798050574e+00
-2.983813102627050906e-01
-5.453565187787536850e-01
-5.186283822043566971e-01
-1.824865672458137578e+00
4.468587861618686929e-01
2.552046320859879813e-01
-2.126910383092546208e+00
-8.907759695993163751e-01
2.482867168211200237e-02
-1.062303400850948210e+00
-1.724872754062016789e-01
1.589333758843781697e+00
1.170946269207830071e+00
3.733235361366504801e-01
1.273812774525003633e+00
8.556328499723806491e-01
-9.244708555616379941e-01
-3.355066270203926893e-01
-9.464440391267835428e-01
-9.327248606319693547e-01
7.560389197177785903e-02
-9.635824739189191579e-01
-8.212089613819616440e-01
-3.468177200906725766e-01
-1.628287901096458601e+00
-1.752066122145711224e-01
1.188773733919626707e+00
1.101976435501814677e+00
-3.810995954086926485e-01
1.248595347271143075e+00
1.817064125121106155e+00
-9.871511723200014909e-01
-6.236086323801824927e-01
-5.748169996178105201e-01
-1.237807406563971924e+00
-6.780897288974969683e-01
5.780968651753471965e-01
9.210485501938106001e-01
9.336565468172782767e-01
1.659207891568042159e+00
2.456063316693555265e+00
1.464951164635901026e+00
1.847281680179030383e-01
1.150550548845074683e+00
2.403955394333966433e-01
9.287135444552717667e-01
4.608700674545089804e-01
1.466633385463727013e+00
1.085306328278420773e+00
-2.843613794342059187e-01
-4.819185428760697221e-01
-4.886248825891332803e-01
-1.065997311345665333e+00
-1.340374496119716596e+00
4.555439486054571052e-01
-1.171161518566384840e+00
-9.721125565529679102e-01
-8.062154797354490476e-01
-6.467616448610872260e-01
-1.767175546267051978e+00
-1.126405943649386732e+00
-8.750090755684868382e-01
-1.110948601951144754e+00
-1.562018572186306242e+00
-2.660712507808160598e-01
-2.250308992048981160e+00
1.541742133492272293e+00
2.555915916873591209e-01
2.224904441784065767e+00
-6.814575082828455699e-02
5.686540125223020770e-01
-2.882804771434372970e+00
-2.220845734408308569e+00
-1.131724167959691663e+00
-2.466440179578567315e-01
-1.031068077188314946e+00
-1.692801008317392109e+00
-7.668861116209204631e-01
-3.002373813380614376e-01
-1.500424605107745002e+00
-9.050014577549787553e-01
4.655908867000047024e-02
9.770354240775973587e-01
1.111323428767549970e-01
9.646320357406970025e-01
7.739553152739373498e-01
-1.811390712783358170e+00
-2.459520368548597791e-01
-1.440521522281656086e+00
-2.024433625542971349e+00
9.613788911322402875e-01
-1.023371592303397692e+00
-1.627032378633056275e+00
-1.248558618285245281e+00
-8.432992744167521204e-01
-1.616465724660050007e+00
-4.808966989853750151e-01
-1.420167457404526878e+00
-2.448067996724688999e+00
-6.780527287021070881e-01
-9.021134794557665870e-01
2.901470807245218886e-01
-2.520223539136892121e-01
-7.284495085618036825e-01
-1.893046897145717500e+00
-1.707786589819495715e+00
1.440986779620102798e+00
2.648767755198105256e+00
1.661141829443702367e+00
1.662522753249622731e+00
7.492993575885177338e-01
5.282653260268356243e-01
7.474998876635110534e-01
1.112492516199627746e+00
-2.349134538821631146e-01
6.237047186894694173e-01
2.059854019161357908e-01
8.838135981810316677e-01
8.459237303005630038e-01
2.361725364173368202e-01
-5.445920412397255994e-01
-6.838685842374397916e-01
-7.731363169987880424e-01
-1.674587190656370517e+00
-1.787964146210776706e+00
-2.165324468492141552e+00
2.037902238299485802e+00
7.346492334056237139e-01
2.088213642940257575e+00
4.467634002696878603e-01
1.597827327978470935e+00
1.287221025360393956e+00
8.908372812050359135e-01
1.480463157606033420e-01
6.359312803962662297e-01
3.324501945059544772e-01
-4.949564250577553892e-02
2.824495220993636924e-01
-1.070613917462721165e+00
-1.343659873426224616e+00
-1.222826597888390099e+00
1.017124120805127374e-01
1.173977703655915139e+00
1.726992591367208840e+00
-3.479829893344597025e-01
1.387580876104709482e+00
-8.893335254941099333e-01
-2.005974547940160946e+00
-9.375683156840441956e-01
-1.566009367298888399e+00
-1.917378278908938194e+00
-1.995307191095445631e+00
-6.552404251312886618e-01
-1.011540280188081287e+00
-6.847079137550973194e-01
6.076432882700659732e-01
-9.873150542133980467e-01
-1.385439497802918751e+00
-7.318258371132948525e-01
-7.685551255297335960e-01
-9.584197843174252496e-01
7.700117675895072900e-01
1.391933690029511395e+00
7.230425223883865105e-01
3.486243734664100646e-01
1.103198180639783477e+00
1.392252975071166299e+00
1.034576994724305754e+00
1.784494284644313034e+00
-6.674009843985175827e-01
4.734100844969343358e-01
1.172303193340489713e+00
2.291978777816265467e+00
6.709082194435576074e-01
6.097794752798946227e-02
6.830884061222053383e-01
-2.033090919025735133e+00
-8.125229732766581225e-01
-1.063984048161139118e+00
-4.336313882048424828e-01
-6.400547212054248369e-01
2.354374097629503559e-01
1.358904732920453995e+00
2.479208489708349283e+00
1.419890560350618447e+00
1.224292919358012099e+00
-2.231393111573884980e-01
1.404877520653327050e+00
4.274082487153071375e-01
6.031495271842453043e-01
3.405079703865392382e-01
-2.832287044176792223e-01
-1.355932011636994172e+00
-4.824624554007228561e-03
-2.539242348595768917e+00
-9.506160075434629819e-01
2.883798214172776930e-01
1.616515769014727155e+00
1.205044173683567532e+00
9.776193288404610993e-01
9.606968451660062858e-01
5.821539508170293642e-01
1.257545597594805997e+00
8.300188674343104145e-01
5.275317426829408962e-01
1.577727672101864265e+00
1.148437101598011267e+00
9.329886673206422287e-01
-3.675393596630605053e-02
1.451706537939831732e+00
1.011778328917278369e+00
2.093871138181059299e-01
1.249680140357718239e+00
3.397920551771638209e-02
8.111058210854631412e-01
1.400474923456889176e+00
-1.541879454950610295e+00
3.821099730879251588e-02
-1.609735519774235790e-01
-1.882376788052621208e+00
-5.428382670599396498e-02
-1.041639501501400833e+00
-6.867681036555614016e-01
-3.806297760011981834e-01
5.898933657831495481e-02
-6.307235210614071663e-01
-1.305724169624460806e+00
-8.020268403422139425e-01
-9.686675971840363886e-02
-1.981980556056770038e+00
-7.863732610714271321e-01
1.803753658171924013e+00
5.542664510618993123e-01
2.775936726816901068e-01
8.122183660586799192e-01
1.266765328321938222e+00
-4.954004519207819701e-01
-2.466467782469690562e+00
-1.260258716055491446e+00
-1.537110030228842517e+00
-2.087327341794672719e+00
-3.783942077272989257e-01
-3.991850586665246503e-02
-1.244344275959142321e+00
-1.770783452004344394e+00
-5.653711327661351538e-01
1.029245103341079437e+00
1.865065839313774676e+00
2.005040437052949542e+00
1.180729347695306020e+00
5.757017116894154185e-01
-2.189149635195631882e-01
7.510649335160346496e-02
-4.229467236519940387e-01
-1.474205114042129505e+00
-1.305874625307318571e+00
5.291057038718809391e-01
2.899651577744030151e-01
1.191759888016896474e+00
1.303094429899758433e+00
1.502387998675078329e+00
6.826233360474761591e-01
5.453871786546239386e-01
6.174368273025894194e-01
1.063432421364593594e+00
1.035013788494440368e+00
2.270965070285389409e+00
4.073343822818844551e-01
1.954977336434813306e-01
1.189560950126113292e+00
1.167019004570034379e+00
-5.155321502326056793e-01
-3.053345999162745406e-01
-1.438021738807690131e+00
-1.379264499611414951e+00
-5.374690476271617445e-01
-1.227163237044272215e+00
1.745530243352599875e-01
-6.766800069748801771e-02
-2.033489604542784601e+00
-9.053746714437976850e-01
-8.550331358750241639e-01
-1.734887040893819954e-01
-8.115075372722311275e-01
-2.328253850766998312e+00
-9.786795546010055302e-01
1.012928094264434531e+00
1.207391133596297461e+00
1.635805388956916628e+00
7.621087487602575816e-01
7.075919626690139186e-01
-1.093746530168140163e+00
-1.645223523821912615e+00
-4.798400993250826474e-01
3.250294416739978320e-01
-7.832289392392337568e-01
-8.744066273690541680e-01
-8.647863685441775639e-01
-9.574865873857185683e-02
-3.539879129371916733e-01
-6.454748853052871826e-01
1.604397892169932227e+00
6.648875110050419535e-01
1.330900199732432787e+00
1.918785591093770559e+00
8.930533823873308963e-01
-1.093876356632514035e+00
-1.544499236295886035e+00
-1.364968678658137646e+00
-1.733935405707714317e+00
-1.279739536729878058e+00
1.380579846375920461e+00
1.420202473660980624e+00
1.094193687587507569e+00
-2.919755886367625397e-01
1.611489828386013512e+00
2.609551127637486090e+00
1.391221125788144608e+00
1.064531555512388650e+00
1.340207738761150180e+00
2.038877424481348122e+00
9.448511895728149979e-01
1.356495587278057080e+00
-8.737371809605085637e-01
1.057689904464320207e+00
1.295470622664322002e+00
-1.814531353716765327e+00
-2.566574921224487937e+00
-9.601533011290157571e-01
-3.000006291716790230e-01
-2.386450517112454150e+00
-8.847044387048171865e-01
-1.189023041628512800e+00
1.746942438027645483e-01
-3.274987479272701840e-01
1.866936272110266692e-01
-2.455976568977573660e+00
-1.971357232194143716e+00
-1.829301424684932176e+00
-1.432462376034102647e+00
-6.582637230602386147e-01
1.300840517476769653e+00
1.175884939252733963e+00
7.449118964495831108e-01
1.135336256290659485e+00
7.698209732090910418e-01
-9.791437091303587525e-01
-7.230352799439954126e-02
-7.892881814749908020e-01
-2.358583350824249081e+00
-2.032274844663781277e+00
-2.003788841112883468e+00
2.308783237295308766e-02
-1.512948693660511212e+00
-1.327518648214511154e+00
-1.102648648521016073e+00
9.818773848144587424e-01
1.781343564546769009e+00
2.216869699441641473e+00
1.903167339795559965e+00
-7.432779005602849765e-01
-1.213283829598746699e+00
-1.764878068717300907e+00
-5.342222262173885738e-01
-7.692635145304529409e-01
-4.342885325788752304e-01
-3.985904888969227233e-01
-2.563167319902934338e+00
1.183567696339586917e-01
-4.493452275292431075e-02
-1.829192172394437321e+00
-7.099191967337290521e-01
-1.093579494223671400e+00
-8.603612723251785610e-02
2.599493242607895382e-01
-7.341706314661576860e-01
-9.900843807730675961e-01
5.626140430499346756e-01
-1.759577582416340658e+00
-2.036390714622433151e+00
-1.757353873587634618e+00
4.396104965185276825e-04
1.593345306970946229e+00
3.465672445033824989e-01
4.433239606589367554e-01
1.481534721834421475e+00
2.003801488325028579e+00
2.412871718204988802e+00
6.577348571672450017e-01
9.618439285463648014e-01
1.330295206151715703e+00
1.192089646241149214e+00
1.353558773286150041e+00
1.161704492837756231e+00
1.505628627522344054e+00
7.535453539105715359e-01
-2.255051606404969267e+00
-1.055002639888066307e+00
3.443952493101165580e-01
-2.371655116178792433e+00
-4.588256657915666947e-01
2.895984747264157555e-02
1.425929214537654754e+00
1.223752969543381086e+00
1.280648097609556890e-01
9.257526119533225906e-01
-2.859730613904813978e-01
1.892471535893043511e+00
-8.685750663846203423e-01
4.701462848212715206e-01
3.124616234835994044e-01
-5.375812592483747432e-01
-1.464179301791955767e+00
-1.342457639768824817e+00
-1.197783574241485738e+00
-1.569266329976868990e+00
1.301163038297833641e+00
1.182120727806895033e+00
1.515287996322165043e+00
1.089075304860582127e+00
1.689276583078622718e+00
-1.768222678656729219e+00
-9.587558309362261832e-01
-1.621189463344007375e+00
3.366746378024318975e-01
-1.447817613492967670e+00
-7.474333812314085668e-01
-1.018868661785773178e+00
-3.946178321153614998e-01
3.735296401519876408e-01
-5.969519024393312723e-01
-1.703480782317960074e+00
-2.220425841839006154e+00
-8.799753291726190030e-01
-1.994342513468657874e+00
-1.329678983261389114e+00
2.008341307812409049e+00
1.855383604485724369e+00
7.631482070467217049e-01
8.668765536777990333e-01
1.357491011338783027e+00
2.841926255390773148e-01
3.636394392694752842e-01
7.271606051102904589e-01
1.341033635153509485e+00
1.266451165716794058e+00
7.591694971469420405e-01
7.331765900731449515e-01
9.119999422740491246e-01
1.646591307855509001e+00
2.613169198838903640e+00
-7.599445337383852195e-01
-2.818961484883342195e-02
-4.215721914312737795e-01
-2.193976685878285871e+00
-2.601871413053100657e+00
1.144097339584732698e+00
2.927223513945920175e-02
5.859752857569791029e-01
5.629195305300311869e-01
1.948721695239865159e+00
1.314026813587350961e+00
7.130223703620075515e-01
3.918242830011862132e-01
7.274406029790394523e-01
3.053273907857931846e-01
-1.352444912122050091e+00
-2.439744232025398141e+00
1.044047054557184495e-02
-2.566441264181942739e+00
-9.839758323552134645e-01
5.284407663145100909e-01
1.455763926221301130e+00
2.147134993623917687e+00
1.593249165516899435e+00
8.265596507144249427e-01
2.154719627576852758e+00
-2.553772143560273378e-02
1.123045669722796180e+00
1.268779085685009633e+00
1.831142856995262358e+00
8.245945315461833403e-01
1.350333816221400252e+00
5.302916285890169057e-01
1.324048134323518200e+00
1.558444611482916242e+00
2.740656998339621175e-01
9.495240595738293488e-01
1.600131729606893760e+00
1.405778989622743502e+00
8.011228486776739155e-01
-1.668399846641506201e-01
-6.709686461791226630e-01
-2.546753128465366611e+00
1.562790313248241247e-02
-1.765002906229131696e-01
-8.635205998486098489e-01
-1.541761350892023597e+00
-1.132276435694467676e+00
-1.231156970554857288e+00
1.206712857125444849e-01
-1.237624024150594471e+00
-7.953192956667863855e-01
-7.861303370127736834e-01
-3.413380325472332721e-01
-1.469873513152315070e+00
1.003527118423096942e+00
1.408581500149494126e+00
7.872595707801270937e-01
1.932115732964162724e+00
1.391656215516511752e+00
-9.807627344862600571e-01
-6.441602318581663988e-01
2.064828711364752323e-02
-1.886032168862503688e+00
-8.241396174863346857e-01
-1.281922072058498285e+00
-1.061678684531590866e+00
-1.716405248079011292e+00
-1.708722346486673205e+00
-2.966180249725532958e-01
1.832846104145736676e-01
1.341362717896446899e+00
-5.452046440501989721e-02
1.292608770381608707e+00
7.546693148307979104e-01
-2.219720583662464275e+00
1.183339961869847023e+00
-1.935801133985495248e+00
-1.218562259046381158e+00
-2.063044949549607043e+00
-2.029155525246777003e+00
-1.693177320154712007e+00
-1.321518873460685306e-01
-1.066795510273597314e+00
-1.501665694645469173e+00
-1.772699859658680488e+00
-6.745084473369631350e-01
-6.501296738855139035e-01
-2.315398688435637009e+00
-5.714007181371485444e-01
-2.525785047177800946e-01
-6.197241744952421971e-01
-1.176142698939920184e+00
5.954589233374742996e-01
-7.212410548714389691e-01
2.019132311596566254e+00
1.650404736709795372e+00
3.915530397693965936e-01
1.309807609385477356e+00
7.039587981798378635e-02
1.399125457626225311e+00
2.518732531761338489e-01
8.647137896815814129e-01
1.261944183946418052e+00
8.976816803350583518e-01
4.255957539875353524e-01
1.494313587897865947e+00
1.523451547635953807e+00
8.079582295482423682e-01
8.495707718842175904e-01
-7.698638568641491542e-02
-1.306202201195155732e+00
-1.530204715836349205e+00
-3.745068003579391513e-01
-2.032679631319696867e+00
1.022536713520199259e+00
1.696108370807477339e+00
1.832909941038988189e-01
5.099128659693420440e-01
1.002795713267685240e+00
1.411777937835302588e+00
1.972976969351676324e-01
1.637617948492764874e+00
1.137235262451793183e+00
1.074248381983505585e+00
-2.948887807277721373e-01
-6.846367086487893383e-01
6.329415499468042938e-01
-8.173412875612302564e-01
-1.490737003805281180e+00
9.713111370953403378e-01
-7.545659169511971243e-01
1.074143514280045952e-01
8.020967458329284483e-01
1.689089308957548941e+00
-3.132009454698910123e+00
-1.449113919875439027e+00
-7.489870956618154274e-01
-1.675030140741945450e+00
-1.495645738391252255e+00
-1.706975681930293920e+00
-7.890819289052728447e-01
-5.470764366470992623e-01
-1.112920357109890013e-01
-1.325021101106469201e+00
-3.584952356885732216e-01
-1.644349623852419562e+00
-1.253236750811354216e+00
-7.516095531638473659e-01
-8.948118872725333572e-01
9.928085293672984646e-01
8.739721160263913546e-02
2.162218165926245383e+00
3.845268747506145335e-01
6.916469941473255556e-01
5.879867246164778294e-01
1.224748182107195271e+00
1.263897551941722597e+00
1.025462855538311402e+00
1.094813102231999125e+00
2.337944339341408995e-01
9.850064015358002134e-01
1.868704309890817372e+00
-3.000692535960995944e-01
7.729828198471415668e-01
-8.943759847490351245e-02
-1.457227956425804161e+00
-2.697200315761496547e+00
-1.160931165344790239e+00
-9.504608034142414397e-02
1.786942744930678284e+00
8.341613875134951117e-01
1.471851874338094168e+00
1.023637213413874925e+00
-1.654920111765698643e-01
8.650862755464924225e-01
1.500937479915524619e+00
1.259047632681972395e+00
2.065102354112016592e+00
2.827668799467810690e+00
-9.912133698379324009e-01
-8.967430918612213642e-01
-2.205787642798759940e+00
-1.595762902601564059e+00
-1.029127705556188932e+00
1.314836794335610737e+00
9.786726579384763536e-01
1.429290398719896160e+00
1.187999569918379184e+00
5.685306340695962524e-01
-4.659782785587229803e-01
1.178993179651792511e+00
2.722196142687292042e-01
1.549420113965836787e+00
9.436041039860477708e-01
-7.071168596343535562e-02
1.590167326890765676e+00
1.969994712599812292e+00
9.549939679498419265e-01
1.324797685990244389e+00
1.699477935537859530e+00
1.140952175719302186e+00
1.882600182906757569e+00
3.056813525551599353e-01
1.646544611754285015e+00
-1.664806460871029126e+00
-1.650315619690805313e+00
-7.625012334978941153e-01
-8.404316277644545696e-01
-1.207651863816245896e+00
-3.494473661910857398e-02
-7.473537832650691826e-01
5.395019865876475862e-01
-1.237894714829921305e+00
-1.386140047243058504e+00
-1.580724648916701502e+00
-1.957088177774095383e+00
-1.257419324056946230e+00
-2.684909635697149133e-01
-1.371283536259804148e+00
1.007347885639772178e+00
4.019101851556816651e-01
3.430161598478512763e-01
7.184123460739381128e-01
1.548799286520434082e+00
-1.672017934301316622e+00
1.855429894230842258e-01
-1.046999437126122867e+00
-1.031297489129302747e+00
2.940214113587424904e-01
3.960717340998964886e-02
-5.405692095141181319e-01
-5.832898573524092356e-02
-1.870532782382887005e+00
-6.427497517839553254e-03
9.316686539486719321e-01
1.637932287343579985e+00
8.647411403910304495e-01
5.562809141727291795e-01
8.446778412848132689e-03
-1.762313366638422973e+00
-1.731696898355596259e+00
-9.810331825345144363e-01
-1.373322925368128500e+00
-1.523551388488170399e+00
1.701726167604969309e+00
8.190711767415974620e-01
1.263202726684426791e+00
2.100054979302329095e+00
1.514671950232277631e+00
7.400066598122331252e-01
1.822154680064731913e+00
3.696112723086304452e-01
1.539417778214910326e+00
1.559915480009576028e+00
1.906726077177471890e-01
-3.802762563767754234e-01
1.047832804171620058e+00
-3.688144915977624727e-01
2.343843880755180464e+00
-1.852587947255353695e+00
-1.413008843139968329e+00
-1.728573368108561992e+00
-7.665565529426345837e-01
-6.278978845037404000e-01
-7.308470804826049383e-01
-1.790347362051317948e+00
-1.587888317374976932e+00
-1.580106666536896132e+00
-1.135498060996679603e+00
-2.113135977405416810e+00
-6.360587468854177473e-01
-1.748550314103696657e+00
-2.351766650333428466e+00
-3.711338251406038902e-01
1.837639477630138574e-01
1.945214660437896592e+00
6.319581934052638239e-01
9.272352311730748253e-01
7.527772204209681739e-01
-1.014325778270502187e+00
-1.752046128107534795e+00
-6.348201670718519596e-01
-1.437525591784982737e-01
-1.614616711069722488e+00
-1.418075170803833718e+00
-1.300140862893494953e+00
-1.045577473365837173e+00
-1.450881910104039996e+00
2.195123686358628756e-01
1.332499169649099535e+00
1.346283890529838878e+00
1.371825074942082390e+00
7.404600162158501142e-01
8.293743380401293885e-01
-1.173096936122161260e+00
-2.081439661641881322e+00
-2.402425962632807721e+00
-2.021873912979583299e+00
-5.391900286726634128e-01
-1.197797297650671222e+00
-4.377758673092517760e-01
-1.366822869925017780e+00
-1.343218343488305599e+00
-7.395469725962240393e-01
-2.610616117555855542e+00
-7.357277691586824320e-01
-2.026708377926259796e+00
-1.338423687271496298e+00
-2.251498530063497761e+00
-1.628317500249345517e+00
-7.248149019357085221e-01
-7.155625794250911609e-01
-5.932782451757846465e-01
-1.147149272118769492e+00
1.285821791443604756e+00
2.035116731474307716e+00
6.296674111269039420e-01
8.017275588637193806e-01
-1.073841043018624930e+00
1.103889392756505661e+00
7.741822798695017216e-01
5.652623554580804566e-01
1.639483276542139656e+00
2.150600083780776384e+00
-5.177222169615047775e-02
1.791291633455483812e+00
2.238005140804026460e+00
1.841119171486286898e+00
9.668226516428392037e-01
-8.079745402093970741e-01
3.317241989155597093e-01
-1.140284672601927118e+00
-2.132236104382044140e+00
-9.468566233617723427e-01
2.505202207103683243e+00
2.669347757899842577e-01
2.021703731125098713e+00
9.211284618869554075e-01
3.252424561332678543e-01
2.352116458842151037e+00
6.943077926860585780e-01
1.105878437750313470e+00
1.410284095648296265e+00
6.479895823113381859e-01
-1.223346421678562779e+00
-2.430075530610256163e-01
-6.866202230917906046e-01
-1.167062559913842001e+00
-1.154259651335264758e+00
7.754744787435359221e-01
6.301870020584140475e-01
8.566664644843912102e-01
2.347679150313997987e+00
8.922883935956607004e-01
-1.271576581194806543e+00
-6.252008953969612204e-02
-1.691679061424285591e+00
2.107745031761965038e-02
-1.120744625771703085e+00
-5.628653598473232211e-01
-1.075167663525185002e+00
-1.730765214969327781e+00
-7.204565583309816557e-01
1.834199024079585794e-01
-3.725310636385990026e-01
-1.368616143189487433e+00
-1.457351411049347512e+00
-1.238106256393139981e-01
4.539673070508976060e-02
1.469409194801904128e+00
1.030816383440239292e+00
8.597444343514909493e-01
1.915310105510574346e+00
7.079508772791931470e-01
8.997523469105090932e-01
1.439698173262032865e+00
3.748481588822121235e-01
1.174675156530514908e+00
4.051167566076629978e-02
7.250631800868578836e-01
6.520560847048713082e-01
1.614214963751830600e+00
-2.748675979088850418e-01
1.302378198414187338e+00
-8.852906792044012985e-02
-2.113253705966429585e+00
-7.834573938289581818e-01
-1.531094777511627036e+00
1.545057614699599569e+00
1.796120676245932302e+00
1.014796614041188816e+00
9.570993756912150596e-01
2.080747882157522710e+00
1.049304909282931630e+00
1.023359479279478679e+00
9.267598776757478563e-01
2.201906069840522395e+00
1.825483398751990949e+00
5.658715695445916127e-01
-9.185824281805143876e-01
-9.089575590073128986e-01
-5.391246136927284605e-01
-7.247022271195189269e-01
-1.278240566645212795e+00
1.278720188604713925e+00
1.751707530862612217e+00
1.011817941180309877e+00
7.817752854880398727e-01
1.775690936109154183e+00
9.085863347989064920e-01
-1.543124605077004219e-01
3.399065542351361602e-01
1.644073458041551694e+00
1.254263216254709157e+00
5.371559756792563256e-01
4.169375537783692742e-02
1.269622050731398666e+00
1.189492281935181417e+00
3.120555238584876712e-02
-2.027389981606164682e-02
1.254882702040339026e+00
9.092539896410343214e-01
1.754179219745408691e-01
1.923468480506664413e+00
-1.117141234663661109e+00
-2.977407236983782290e-01
-1.526082028042876626e-01
9.241605330599433898e-02
-1.620264656531019920e+00
-1.506111070572332178e+00
-1.291697936444700545e+00
-1.333460301772119827e+00
-6.367650634454005143e-01
3.609016203067725304e-01
-1.063981406246640837e+00
-2.625993615155163052e+00
-1.399992606094397907e+00
-1.305517635900971696e+00
-1.894040476847875798e+00
2.176884297069572760e+00
4.726657605706005016e-01
2.929928374320804885e-01
1.261708239752687977e+00
3.068032849072065638e+00
-1.176292932593416385e+00
-9.324646259924090907e-01
-1.229554429918888525e+00
-5.593812628156079603e-01
-2.762245370553033652e-01
-1.164836251849098447e+00
-9.902389548869309222e-01
-5.804033729555606591e-01
-2.733591077630854294e+00
-1.702781540199489907e+00
1.868859271883033024e+00
9.891667040289624513e-01
8.926145390386182044e-01
-1.341800964857196021e-01
8.863623504078274040e-01
-2.807915634213832501e+00
-1.003583743342164603e-01
2.323382900904662485e-01
4.310106213589137703e-01
-1.736865292877395994e+00
-4.357083576759699373e-01
-8.738565642479896312e-01
-4.968574396933734816e-01
-2.366065352143900569e+00
-7.518076578659638187e-01
-7.582132012868777471e-01
-7.009290379726510478e-01
-2.126946742351219832e+00
-1.233807278455247847e+00
-7.737056654658120980e-01
-1.587131009662693826e+00
-1.682755665174622273e+00
-1.085419056227056034e+00
-5.068902335021050476e-01
-7.589419711069067542e-01
1.669954713830373194e+00
1.603114452996023953e+00
-2.638495547042554179e-01
7.321501537488945832e-01
-4.221617427559056779e-01
2.517335250833933058e-01
1.741046149820205668e-01
1.070382671229670013e+00
8.462290298097062680e-01
1.721293832148972580e+00
2.627189191589422101e+00
2.585273451623619323e+00
1.302706945992583520e+00
7.066719240488176235e-01
1.989089053623588788e+00
-1.186199607118535893e+00
-6.305081722265337696e-01
-1.104049846142286295e+00
-2.307687958519634819e+00
1.549089736383448823e-01
1.242998265592988982e+00
7.032978214063434486e-01
2.152060931332618665e+00
2.311711942093615413e+00
9.820629890204031209e-01
1.132876646332174442e+00
1.829933398302352021e+00
1.379151690895765281e+00
1.687054223989763457e+00
8.285328734289110209e-01
-1.678897864381626359e+00
-6.801984358831294486e-01
-2.354573638413217651e+00
-5.563231730908254624e-01
-1.328161655260915230e+00
1.436351064968219848e+00
9.623045004154597848e-01
1.428563250508140037e+00
-2.131493192114271018e-01
5.103282153530039889e-01
2.072324322972955102e+00
9.511014703539975024e-01
8.332093462786970273e-01
6.607459347162172314e-01
1.714398609812849195e+00
1.683285096283253957e+00
1.708480337530235538e+00
9.377654770623653491e-01
4.171968389444045133e-01
1.339867695902563050e+00
1.483051893826914380e-01
1.008606690896530322e+00
1.364106223582108424e+00
1.756101513722456708e+00
8.364193911457412645e-01
-8.022876747641592976e-01
-1.260418281898527448e+00
-8.621282111760613098e-01
-2.054636547670706914e+00
-6.836979978028666638e-01
-1.562673019931641427e+00
-9.517217898364862538e-01
-1.490758205853366158e+00
-2.456805580001280909e+00
-5.156613417207012162e-02
-1.648787470965097146e+00
-2.805931807391262911e+00
-2.765910300998194460e-01
-1.543852834169403998e+00
-1.324787999702579100e+00
1.132809574771452166e+00
1.340914311432090056e+00
1.088472312595954783e+00
-1.108288223497675418e-01
1.230957166834592886e+00
-9.079255114592147402e-01
-1.270318806217472396e+00
-6.252132444763485175e-01
-9.769183282482676312e-01
-9.857601464925680457e-02
-7.227550023386770661e-01
-9.561296823184971538e-01
-2.335223958873966055e+00
-9.024651053305922099e-01
-3.658883043710325911e-02
1.456237552232279908e+00
8.308961894069339937e-01
3.579863989579786798e-01
-8.866398111284161665e-01
1.270330465773245487e+00
8.080235968364002375e-02
3.443661693464408202e-01
-1.934311987299697000e+00
-1.694551992205473478e+00
-2.034110344773136791e-01
