-7.377834914500031038e-01
2.028618434275666349e-01
-9.099994895841507780e-01
-1.222819582873904576e+00
-8.168385685675692010e-01
-6.720730705488868750e-01
-1.058339874426751148e+00
-1.332893939514877335e+00
-1.005089075085228156e+00
-1.136651644955905205e+00
-1.362184340638481483e+00
-1.101824308758231563e+00
-1.296116855414880753e+00
-2.466339890389894762e-01
-8.632943691035153133e-01
6.345825864552916418e-01
1.121761192873865776e+00
6.643855397471529756e-01
2.134479695947575806e+00
-5.007822163801338711e-01
2.511347487098538611e+00
8.757718963299484516e-01
-1.452390930946734215e-02
1.214112317337866287e+00
2.487138693281925050e+00
1.542267041824398000e+00
2.435821373519204691e+00
1.923409127531755303e+00
1.719204594602630198e+00
1.575722878139150795e+00
-8.638969837281486042e-01
-6.780564111942227745e-01
5.063045699589276971e-01
-1.425370059777803178e+00
-1.083594381353090386e+00
1.305633396618851805e+00
1.485178701442957383e+00
1.619922869477561367e-01
4.726782941129432647e-01
2.204992606648314535e+00
1.256249891744878111e+00
-4.323985283992739515e-01
1.072347472930229584e+00
2.021465947172606192e+00
1.709351133038902848e+00
-2.325921853002547834e+00
-7.116244521996319961e-01
-2.907070847299042526e-01
-3.599012465693793850e-01
-1.083648347457335070e+00
-1.002130324642016568e-01
2.161994851028714137e+00
1.410295886956635769e+00
1.375479224759052599e+00
1.189046190986217555e+00
5.549390614808535904e-02
1.566449750948701203e+00
1.873386081198438191e+00
6.888062075917786853e-01
8.948850798110475901e-01
6.196359863460564332e-01
7.408434834991498574e-01
-4.073083933078223140e-01
2.882878270491988637e-01
5.583687538970105724e-01
1.526056747420453163e+00
2.058693334239951600e+00
1.861744204003657810e+00
-1.101323760046712952e-01
5.440921799140204795e-01
-1.262633625480658495e+00
-1.168890897841373233e+00
-1.375255593168053014e+00
-1.501357331001510698e+00
-1.887580616703053327e+00
-1.883930148380669412e+00
-5.895792706660698546e-01
-9.699346095808424328e-01
-1.720071447140235410e+00
-1.230652507546494689e+00
-7.914942464729234350e-01
-4.808190527066871223e-01
-6.157720272262858785e-01
4.512569914695403472e-01
-5.111785912291799683e-01
1.882184551317880317e+00
5.526322234292900815e-01
1.273796708877750206e-01
7.828463523370586818e-01
-5.711635873551359488e-01
-1.779637792779910743e+00
-2.689165940543929434e-01
-7.468585916085784815e-01
-8.844300014704955526e-01
-8.655712922643670204e-01
-4.852687722941206871e-01
-1.932310372916517860e+00
-2.729830129285936158e-01
-2.100027834355118195e+00
-1.418651071022604349e+00
7.418572984072377974e-01
1.546142776390165841e+00
2.206224610164442268e+00
1.143613283348636323e+00
1.053228538566186812e+00
-1.374699786031502668e+00
1.663795765780673452e-01
-5.880780541713637177e-02
-8.732091332960147945e-01
-1.243619245975468690e+00
1.358776881284283977e+00
7.724823331975378959e-01
1.288988650036734906e+00
8.016741789054611100e-01
-5.517518071633082943e-01
1.378180334344300872e+00
1.066065844845562660e+00
1.128782178870448183e+00
1.157407116765633237e+00
-8.322606408157895430e-02
1.649465948639535107e+00
2.279119999486589165e+00
1.736027365048644633e-01
1.310198242538590963e+00
1.086303404651225879e+00
-1.215783626198440048e+00
-2.767685949320869199e+00
-1.276086808096548397e+00
-2.003819864570429488e+00
-1.033418110864078532e+00
-1.281230918958092158e+00
8.311276947646906166e-02
6.420440085992784596e-01
-1.364404902639630324e+00
-5.636908674317123724e-01
-4.077626369326086131e-01
7.062297950193068274e-01
-8.975418041633064226e-01
-1.493169659624643986e+00
-1.673933403271248510e+00
9.587466540953335503e-01
1.667440575109280676e+00
9.341390806110128064e-01
1.487013892301523255e+00
1.062616447619895155e+00
-1.117525574380669795e+00
-9.028374747413761003e-01
3.481648497401106379e-01
-1.872148434137126394e-01
-1.106546518263058498e+00
-2.695738309151338719e-01
-1.259946775157484655e+00
-1.961479065798619192e+00
-9.749944065660063330e-01
2.990975392937711419e-02
-1.535467786295097170e-02
4.390186838787596413e-01
7.685488206678690037e-01
8.144611372838640451e-01
2.298672634294874895e-01
-3.455842130773768561e-01
-9.751628562295922009e-01
-1.601809806571257822e+00
-6.856097758174168888e-01
-1.344792045513156342e+00
-9.067793411853943830e-01
-1.503927360150263404e+00
1.167717636617500165e-01
-1.089677790031915672e+00
-1.036838531168846389e+00
-7.154320469617144740e-01
-5.385132959751757209e-01
-1.543278505773458376e+00
-1.792146013452039721e+00
-1.665042481174729971e+00
2.763825563302724220e-02
-5.398916431992710763e-01
-1.508731942457142150e-01
-3.108894031283033765e-01
-3.452650862968327239e-01
6.796598689446496921e-01
2.627070310924319863e+00
1.932446280409838790e+00
2.090808932064900816e+00
5.549732729898675387e-01
1.173148528119499323e+00
2.445125791207570565e+00
9.574913865238489086e-01
8.273514611686432207e-01
7.425842471273251810e-01
2.513192272162893648e+00
5.839981962419408257e-01
2.499297390664381169e+00
9.184470982204555600e-01
1.439858420801015448e+00
-1.240404275772895026e+00
-1.289153148363316070e+00
-2.079112849636262972e+00
-1.228661192812762426e+00
-1.343165014779936106e+00
7.411666519852424528e-01
6.628553179018370489e-01
4.878080683829212338e-01
1.133575760208070049e+00
7.311070500215186563e-01
1.334721588578047902e+00
1.380427939692570494e+00
1.809909137293416403e+00
-1.292672541304278333e-01
4.631598797051961203e-01
-1.346865842336509855e+00
-1.872277308927639883e+00
-1.191215144369686119e+00
-2.007783779993492779e+00
-5.417616856776394929e-01
-6.859402209709135612e-01
2.066678454144849297e+00
1.516734202602642245e+00
1.809110932523557036e+00
1.314214836869785241e+00
5.732668173142205781e-01
2.134141413996603731e+00
1.438773987430462142e+00
1.264116814923899046e+00
1.349387544231539504e+00
1.599356520996980224e+00
8.953325585588365332e-01
-8.292980383896191299e-01
1.480403343320853882e+00
2.078689971638330913e+00
1.430275205654761184e+00
8.685339041268875793e-01
2.340635356036256720e+00
2.401460341161071099e+00
6.066979902657321233e-01
-1.960622759010779648e+00
1.313424305950587900e-01
-1.449294719335422199e-01
-2.220789309527486655e+00
-2.520702113500072450e+00
-1.319301858308787878e+00
3.739422541077930262e-02
6.475108957682582655e-01
-3.618651799642711442e-01
3.868830621776171430e-01
-1.389248514278524915e+00
-1.057074728950501807e+00
-2.667523499057967484e+00
-8.671723569653981833e-01
-1.853225428733325408e+00
2.789288488093251139e-01
1.368490502073635318e+00
8.835010319488598718e-01
2.153675386702319727e+00
1.610414541761389984e+00
-1.228391275868186305e+00
-1.123613290579608126e-01
-1.987240190142002483e+00
-4.701977301257138642e-01
-1.213646885304542122e+00
-2.275610979961263602e+00
-3.344586106101686163e+00
7.331698733564850912e-02
-3.645977438690997108e+00
-5.834192829088775678e-01
7.016653780844477328e-01
4.662897160217134296e-01
1.312624103002497211e+00
1.008339099506320169e+00
1.632991291068405904e+00
-1.779198673245796503e+00
-4.814406239848406655e-01
-1.893592894473266286e+00
-6.158930021102102526e-01
-3.938652023942992297e-01
-1.999605252319556437e+00
-3.266807085444474179e-01
-1.365143998455815355e+00
-1.627584179235794126e+00
-6.945058894837422558e-01
-3.780616244358385725e-01
-1.210819307135264422e+00
-2.049636208751575595e+00
-1.081716566943282665e+00
-2.254425685759717801e+00
-5.205562811960049441e-01
-5.382408671952605417e-01
-3.202868125471734384e+00
-3.870780652162481017e-01
-3.329949216262446665e-01
1.427304627161661399e+00
1.134585567869117906e+00
1.188043814031604972e+00
1.293820116711368318e+00
3.986618903636548472e-01
1.792062669105398465e+00
5.328422865374053963e-01
9.012335040647200257e-01
-2.875480418699898344e-01
6.272813227369827827e-01
1.210264746973623184e+00
2.366665975836004687e+00
5.589898067978529284e-01
1.227699752580576398e+00
2.494602271472863286e-01
-1.431619907868280750e+00
-8.765783593745555269e-01
3.721524201729220493e-03
-1.311180064056059580e+00
-1.660405100950310908e+00
1.185519097265750776e+00
1.561320077035069254e+00
9.179058480897255290e-01
7.974010252731501547e-01
1.313971463335837031e+00
1.352511632201465197e-01
4.703165815180927467e-01
1.301582893964127408e+00
-4.991215855834418846e-02
1.988400368761131798e-01
-7.239380739716645419e-01
-2.279615159564956084e-01
-7.126958649349401931e-01
-8.892048334404023535e-02
-1.092863536028347404e+00
1.147490262704133457e+00
-6.097251896533051330e-02
1.136109248453363918e+00
4.629289198807170491e-01
8.729766932053646400e-01
3.684651838744146257e-01
-1.595709954846365131e+00
-2.996647725992550582e-01
-2.321390355661638871e-01
-1.585637955974231961e+00
-5.813569249935353067e-01
-1.714970727664503425e+00
-2.365668836720030033e+00
-6.330752112685521515e-01
-4.904427069901410308e-01
-2.207054908311965491e+00
-4.409573549969869610e-02
-1.501674806315183908e+00
-1.874900610472651330e+00
-6.598549018175806635e-01
5.700646452918739504e-01
8.540461444820128811e-01
4.701086083113720226e-01
2.150779434222541475e+00
1.884526462569184879e+00
9.704897235190065308e-01
5.932813532613677721e-01
8.268400862452471856e-01
-6.041920551870392231e-01
1.103092411438217013e+00
8.754787039129705573e-01
1.352823065394314295e+00
5.960851506753999107e-01
1.838840804560414322e+00
5.464344699538230543e-01
-2.435515498259375633e+00
-5.308924804732241265e-01
-1.290063848322411388e+00
-1.330005051081391665e+00
-1.470100980919314626e+00
-4.000594335969100968e-01
-8.435371790791879043e-02
6.609034377935304461e-01
9.290396022570848178e-01
1.070654106917810156e+00
8.328691061996501555e-01
3.722556257258395895e-01
1.409843920842862586e+00
2.095948568125445277e-01
1.168965388552149376e+00
-6.234243524335042475e-01
1.298346602025119534e+00
-3.192045638975480326e-01
-8.376276299379473711e-01
-9.177900616111434040e-01
4.434655024250148125e-01
1.088328088686949524e-01
4.336793831679548461e-01
1.366451116452941372e-01
1.630158979707659217e+00
-9.305857509625442558e-01
-5.500199905084925955e-01
-1.734310413326828115e+00
7.640046059767957587e-01
-9.555966397699371395e-01
4.252088166220291399e-02
-1.168683863745646478e+00
-1.243342205919515386e+00
-8.255821184196502349e-01
-9.645086935756177482e-01
1.339690561662618684e-01
-1.429271417419387458e+00
-1.513493900014355464e-01
-4.212557386726918374e-01
-3.014667143499918378e-01
1.632145012452256072e+00
1.101337174168214750e+00
1.601083290324214925e+00
7.673723621750516699e-02
1.491231492454613949e+00
8.348374711373403034e-01
1.446082081696522526e+00
9.860814932375125963e-01
1.036167442678070483e+00
1.255244838974367561e-02
1.679426729920443506e+00
-6.438180083678495258e-01
1.923121071812182503e+00
1.248071262596830433e+00
9.277444082286984139e-01
-1.554566555700138242e+00
-9.701067977449343571e-01
1.871424836575887873e-01
-1.040089596929855587e+00
-5.100159849483139052e-01
1.251325803000556958e+00
1.547316193725886357e+00
3.777349807482487387e-01
8.018910325719428300e-01
-5.487573237204570464e-01
8.340982252223771987e-02
9.596591738892282786e-01
1.669440936900520756e+00
5.258701783481531944e-01
1.212154968666750543e+00
-1.849098625584200573e+00
-1.206679865108194027e+00
-7.881416310287958638e-01
-2.084711369054884855e+00
-1.938374169952013837e+00
4.100854172023367106e-01
1.186583250716877203e+00
9.134391830516741528e-01
2.263117125042651168e+00
-3.682067321850817088e-01
-6.925486965312461773e-01
-9.826693836039559482e-01
-1.084665816851813069e-01
7.992489210757729445e-01
-1.919345765726011566e+00
-2.076241509205605240e+00
-8.541564085060406875e-01
-4.389894971033289073e-01
-1.666926269361003410e+00
-9.506387869917052313e-01
-1.594338674375111564e+00
-5.694712350614097307e-01
-7.755404542799022582e-01
-3.529870708467713891e-01
-5.019759790075083439e-01
1.165694255271628732e-01
2.018830895266485292e+00
1.660926037289960799e+00
4.048885991536745887e-01
1.341303673291269316e+00
1.475769990354022010e+00
1.538726553519461415e+00
1.464860700993029674e+00
5.628576768457115298e-01
1.752711720946023011e+00
-6.467518466538191291e-02
-3.053972546484806649e-01
-6.629600031949123284e-01
2.372349076252194600e+00
1.937595850858238045e+00
-1.136052628371356343e+00
2.558767200732461333e-01
-1.666729233814635780e+00
-5.073158694262484003e-01
-1.512839628003663783e+00
-2.460522982641761836e-01
1.840763163758314613e+00
-1.699344105549160933e-01
1.080861064958783313e+00
8.575573944797774129e-01
1.014092971010743360e+00
1.759691648683465726e+00
1.695438821358945081e+00
1.464017436572166320e+00
1.470413526674909654e+00
-3.209422335503275825e-01
-8.153850108696168997e-01
-9.915824160454387304e-01
-1.388950410995348328e+00
-1.493877526271567779e+00
7.310127089108934273e-01
7.692690159449967480e-01
2.266702023882380956e+00
1.546129495057385395e+00
-6.479538070065919975e-01
7.075522829803211344e-01
6.493054003117905149e-01
1.235217227071302659e+00
1.851438558876579821e+00
9.383114476137132121e-01
7.004640559233537012e-01
9.942701103857429779e-01
1.721771251190687080e+00
6.983435088465916873e-01
1.853131845789860677e+00
1.976992963552866023e-01
3.730123646584100339e-01
6.514747427281974979e-04
1.505504475086956617e+00
-2.986820677740782415e-01
-8.484402743159675797e-01
-2.824771099657054307e+00
-6.298553707643781419e-01
-5.842882566515351650e-01
-6.297320485939805756e-01
7.557744581905820880e-01
-1.228094859542276707e+00
-4.239000786132215426e-01
-6.253157750040660989e-01
-5.548771928975654300e-01
-6.230266250811842266e-01
-1.093494338842063041e+00
-9.867721137086360450e-01
-2.729971664965530342e-01
-6.281276836339566572e-01
1.345596054809656383e+00
1.217607135458444567e+00
2.522012851478574458e-01
6.145037002767885781e-01
-3.065197516280928625e-01
-1.678547576546193465e+00
-2.339421495632144854e+00
-1.636086002511540016e+00
-3.083125184603152658e-01
-1.343160102801232991e+00
-4.446382513470228393e-01
-2.502868289415085545e+00
1.060284321276785402e-01
-3.788689400606674029e-01
-2.349745171621353101e+00
-4.532146317326486429e-01
7.801093877750010508e-01
9.219913806855979388e-01
1.786745098362891859e+00
1.289922963938476164e+00
-2.612909332525068518e+00
-7.806689442754199959e-02
-3.746008109453873303e-01
4.067980241746240733e-01
-1.535198384207027367e+00
1.139445129240060250e+00
2.323419492386613605e-01
1.812752594389958727e+00
1.878531327805463169e+00
6.333262764929457056e-01
5.418261630464560330e-01
8.408313380740275456e-01
-8.083447515843089626e-02
2.540822171635809035e+00
9.309127482738122072e-02
4.543600167129226985e-01
1.405321937044472058e+00
2.313318876234419896e+00
1.742553245790679384e+00
1.691307102758720315e+00
-1.200939663677888403e+00
-1.502378903321905934e+00
-1.659363129968604911e+00
-5.878561973312046440e-03
-8.424952272641108575e-01
-2.112061098718471808e-01
-6.622964818093488581e-01
-4.669919088383258643e-01
-1.690681170356169938e+00
-9.336728216459749818e-01
-1.845362269411443545e-01
-6.795741758094656637e-01
-2.439844424277417545e+00
-2.906630479216405050e+00
-1.275912393850638260e+00
-7.169613669388759103e-01
4.347917363839426397e-01
2.457945353622845719e-01
1.023540458420001631e+00
5.186446770624685287e-01
3.159689387760982182e-01
-1.864450705639128847e+00
-8.748595868604858161e-01
1.693277114061806365e-01
-2.021695764583980370e+00
-8.563783422560491410e-01
-1.555638821831598184e+00
-1.031948950561454303e+00
-6.915986283660423561e-01
-1.278908614988164993e+00
4.940720477301790980e-01
1.152536751159016992e+00
1.188935200013383264e+00
7.417598717758894233e-01
8.607577641957990799e-01
-1.611463464821480951e+00
-9.583403279349923531e-01
-2.047880231951227703e+00
-3.674709060601168975e-01
-1.609501195011678876e+00
-1.529158306870028294e+00
-2.234027254861384204e+00
-9.819408954227020203e-01
-1.799818025645405495e-01
-1.143304392975440509e+00
-2.021392775432182987e+00
-1.951948227865243357e+00
-2.041327816543138329e+00
-2.135960553763827985e+00
-1.698243760347323050e+00
-1.347200715575560759e+00
4.772922553237113341e-01
-1.814366209223301940e+00
-1.625108836257056488e+00
-3.094169907226421712e-01
2.824578511413515791e-01
3.747702737564637676e-01
3.440698583831616197e-01
3.036141120264859161e-01
-3.842188050722490367e-01
2.096827281245609242e+00
2.720632176662245438e-01
2.234272731868741646e-01
1.341784154084555425e+00
7.035721578494253947e-01
6.209205118135137091e-01
3.244229312784148167e-01
6.060622255711136663e-01
1.601453016073926872e+00
7.435471475103699879e-01
-7.629983847168742006e-02
-1.326964589784930038e+00
-1.211598846367373916e+00
-1.802079972356781079e+00
-6.077121816107126095e-01
2.485082694341258502e+00
1.623337704472239684e+00
1.875741012737144331e+00
1.089546879563765724e+00
3.252730596939071850e-01
1.136379703484023063e+00
9.773947136224316878e-01
1.086920864344387727e+00
3.493016745104284393e+00
7.748153102248800383e-01
-1.231121272626356955e+00
-1.289931110498514943e+00
-1.217180319888590656e+00
-3.101640535006034982e-01
-8.670225918864888914e-01
1.718922945047255180e+00
2.597801699678376153e+00
8.091130888539164179e-01
-7.098463301803952241e-01
1.662926471537507389e+00
1.328546517627135604e+00
1.297006920263946483e+00
1.167862829250578383e+00
7.393294887512433800e-01
1.517489001909719581e+00
1.789834364248465759e+00
1.922341220022113939e+00
7.129446202450240300e-02
1.799413188003072817e+00
1.960469345127231477e+00
1.108148588416678848e+00
1.380773845488142859e+00
1.440599458582977554e+00
8.360925796472435945e-01
1.831334666122617083e+00
-2.641588035568350090e+00
-2.398905697620084432e+00
-2.089637598300152499e-01
-2.038115960888420730e+00
-2.463652830676899441e+00
-1.337614457037650917e+00
-9.437816892597585827e-01
-2.092516486334111470e+00
-1.409622911343706875e+00
-1.331326392613769727e+00
-1.835014814040710318e+00
-1.403683908081317711e+00
1.104463375119861812e-01
-1.128179608157480640e+00
-1.894760708900573576e-01
1.303325319469590404e+00
1.856852801593294133e+00
1.823711426714871742e+00
1.280920162600994727e+00
5.891232919874150875e-01
-2.150606984516003628e+00
-8.419089878674418381e-01
-1.224296164026411837e+00
-1.912310741276477266e-01
-4.224299764963226345e-01
-1.212811478277956434e+00
-1.783798921108354696e+00
-2.488570644808785204e-02
-1.760346920490033273e+00
-9.023313934341770093e-01
1.200098986997935935e+00
4.973994534725888483e-01
1.290829458605607716e+00
-9.729005469119611504e-02
4.813534402198257345e-01
-9.006519176118522596e-01
-9.220914465696178342e-01
-7.034000657629408959e-01
-7.426748633711804937e-01
-6.005361231260529786e-01
1.209722600933298420e+00
1.862754655268149984e+00
2.914213256028951315e-01
1.967394013123430430e+00
2.688708713265404171e-01
8.418636012430467108e-01
1.018640135149920800e+00
2.041445131749224373e+00
1.864087990111424453e+00
1.887891225750763624e+00
6.508864059527303958e-01
6.123921542799182216e-01
2.221809954968418488e+00
2.434784681298562070e+00
7.851871862935612123e-01
-1.105325509464079481e+00
3.304410717540671172e-01
-1.589877758740941616e+00
-1.882000132366030698e+00
-5.760573892783964478e-01
-1.188982784640276735e+00
-3.204127781872319058e-01
-1.296274722666576729e+00
4.015149791444718730e-01
-1.464270880032679800e+00
-1.323773790373796055e+00
-1.502214938235251651e+00
-2.253359701702785323e+00
-1.570835243169607987e+00
-5.116188597981442543e-01
7.790545786130906869e-01
1.223433819322416571e+00
1.225750682002431757e+00
9.694327367911315108e-03
1.242842601727564888e+00
-1.243180801497075993e+00
-1.275707534907584151e+00
-9.485016957779600633e-01
-9.106862498164139952e-01
-1.449334317667964278e+00
2.162717144956955995e-01
-1.089542599122407696e+00
-8.141333802878216730e-01
-2.137857830160866612e+00
-7.446943609621575755e-01
3.999006741811721444e-01
3.889864925281927288e-01
-1.406857881453833503e-01
4.261942813647847661e-01
7.640975974405126436e-01
-1.993786050599984039e+00
-1.404354027144916639e+00
4.396860572509364573e-02
-1.473931461902985740e+00
-2.308850352061499578e+00
1.415870603782608761e+00
1.943662883458184165e+00
4.621961448644785753e-01
4.773542931921401777e-01
1.278265301442474522e+00
4.167162647887803217e-01
-6.217938917464205240e-02
9.386578785673749259e-02
6.138818336753211202e-01
1.486117589957090201e+00
1.088325684083431666e+00
1.216025404476140270e+00
1.989914707325215026e+00
-4.116611841328494670e-01
2.321852637322395996e+00
3.162170808073061501e-02
-1.018541205230229618e+00
-5.531589906837847126e-01
-1.306149920060325265e+00
5.472513347403313855e-01
-1.255263702201827591e+00
-1.313294636614453559e+00
-2.802820154997539781e+00
-1.260095856380466950e+00
-9.903745289244810790e-01
-1.932407390658654744e+00
-1.597752491436947642e+00
-3.172400703874096450e-01
3.957366625417271244e-01
-1.870422652051084711e+00
2.077980578112342158e+00
2.471896058782826477e-01
1.041430237724647601e+00
-4.167333397763357539e-01
1.333433493256664937e+00
-4.319052038120518855e-01
2.809218542359714910e-02
-1.041549135209300037e+00
-1.430612624925055476e+00
-1.535720413407737350e+00
-2.067166154355493113e-02
-5.863730999876498595e-01
-1.740980122771861094e+00
-1.444553253035533835e+00
-1.442381219328734865e+00
1.245023111866110810e+00
1.069154410354747231e+00
4.798558603840834547e-01
8.998227649994299249e-01
8.412199070841526183e-01
-1.629663917698816578e+00
-1.267502995810176225e+00
-6.214108512626215219e-01
-1.936948934584331594e+00
-1.791676884486517185e+00
1.002590109417250019e+00
2.380879547316872902e+00
8.689375309596133468e-01
9.468457933679061966e-01
4.727735940800671388e-01
1.551233780446229282e+00
9.770885976677843310e-01
1.043440576481422966e+00
1.532424581203536418e+00
6.388555594938443161e-01
1.998822598131207995e+00
1.084468004325836343e+00
1.724676921169845389e-01
1.776567530398870831e+00
6.424537002852761525e-01
-8.609896431067711742e-01
-9.290093997360910905e-01
-1.656096935460039443e+00
-4.491581819268863907e-01
-1.646167657844859855e+00
2.976722914922036445e-01
-5.227187310971794787e-01
-2.350117423222009005e-01
1.407655376386318657e-01
-1.689516601588350930e+00
-1.313829731336089823e+00
-8.962045147340726992e-01
-1.061478019216043789e+00
-1.250582803440230428e+00
7.645731456128761483e-01
-7.113290219404881931e-01
1.101918079742444379e+00
-8.602767240366238077e-02
1.437724748306783873e+00
1.917023949151750672e+00
-1.414954859779340657e+00
-3.461929351680947953e-01
-2.208475884702708392e+00
-2.251975560202832405e+00
-1.567752041921135930e+00
-1.117932298112440659e-01
-2.187084784792588721e+00
-4.258007191168872163e-01
-1.549043659999653766e-01
-1.679808665834209513e+00
1.368283829905626137e+00
-5.285590769495198682e-01
-1.645202337854545505e-01
1.859572808068303829e-01
2.806095286309267856e+00
-6.655168237763262606e-01
-9.936391790860912288e-01
-2.230617981482839518e+00
-5.781734442538706276e-01
-1.690972189291513939e+00
-1.074346935332879394e+00
-2.059244924277443989e+00
-1.784176035513260317e+00
-1.439673690314482224e+00
-1.357125409548967099e+00
-1.126215650862675277e-01
-1.868076150592042461e+00
-5.225422848381195973e-01
-1.729562497708611257e+00
-1.734413947485441643e+00
-1.770207603509457828e+00
-1.736746031724826222e+00
-1.019970887659954473e+00
-2.047614052994550349e+00
-1.162274802559502662e+00
1.626623739073314034e+00
1.539326832600834249e+00
9.822952359494194763e-01
1.564869493481213070e+00
3.279645601840426750e+00
1.742072163832472098e+00
1.097478091921282983e+00
1.171022542415179224e+00
1.007461240746688746e+00
5.631524902518435516e-01
1.831081100824901275e+00
-9.214744207868952319e-01
9.956503742699164272e-01
1.231271081185558058e+00
1.488883288833933394e+00
-2.169089514571709287e-01
-2.754028648535148172e+00
-1.051449462477525909e+00
3.225592712539484541e-01
-3.733343068527088526e-01
6.390943699514870513e-01
7.005727907950416444e-01
9.098177246590251066e-01
2.181511755088596516e-01
1.446806378656051661e+00
-4.550021771310008845e-01
1.712693668315371287e+00
1.002070863244000742e+00
3.883486172051379137e-01
2.613335604353150821e-01
1.379026809274306320e-01
-5.615378724434890723e-01
-2.518121534192162780e+00
-4.950445037040047680e-01
-2.603246868749558907e+00
2.210031439777282447e-01
6.218704894438358277e-01
1.842668911493534400e+00
1.193662927712278554e+00
5.892220062217699006e-01
1.021948877007324841e+00
-1.012870083174963742e-01
9.984108621711278442e-01
-2.157465986724194096e-02
1.408933460340054733e+00
4.069021380969324309e-01
2.303434640749841833e+00
7.217998055470851160e-01
5.968120313721161363e-01
6.966914827761997442e-01
1.179654943442530524e+00
9.112243088219260656e-01
7.387040667430877505e-02
1.903059421545679752e-01
1.615152223395980302e+00
-1.418446871194795067e+00
-1.752344764663298582e+00
-1.080626525426286344e+00
-6.138537705009508016e-01
3.381523616367372309e-01
4.308330509811546527e-01
-4.994092284359311629e-01
-9.295821011596376859e-01
-1.446773565117264182e+00
-1.105706757222500780e+00
-3.556909608831437808e-02
-2.356405369089103807e+00
-1.691091177282453506e+00
-1.205410897945110360e+00
-1.044144956141838554e+00
7.285837781386989009e-01
1.218985291032834484e+00
1.609380464434655877e+00
1.437741823898349036e+00
2.509375050176805289e+00
-1.494898869426035670e+00
-1.830540711257922837e+00
-1.027442160958337514e+00
-2.203426882887364879e-01
-7.457767912871846594e-01
-1.092493933187512534e+00
-1.551810443630231573e+00
-2.620863189727847153e+00
-9.037764816116012900e-01
-1.251720031502146391e+00
3.411096726568852988e-01
1.548522678128150476e+00
1.000258096260859819e-01
8.098492951786486760e-01
1.023323290959815113e+00
-4.997775399398046714e-01
-1.913896930723029577e+00
-1.279402774476524174e+00
7.705180540408131940e-01
-5.429362111831654847e-01
1.720568772493528353e+00
1.341138064958665055e+00
1.240986489890469890e+00
8.451354353910234263e-01
1.833202213775710021e+00
1.187671610548020062e+00
4.730961747985080734e-01
1.900752131513255172e+00
2.087372415344413312e+00
4.720943979053108253e-01
1.967181872831948564e+00
2.596134662009847993e-01
1.731002047570951774e+00
1.144491582975570632e+00
1.406536005195401673e+00
-1.055343513018471846e+00
-1.096843903971611134e+00
-4.558338062747498975e-01
-1.421635105481902084e+00
-1.581894232004041445e+00
-7.024295294604983031e-01
-5.953518265188035841e-01
-1.287936152400412038e+00
-8.260844712269777013e-01
-1.792559029560538253e+00
-1.605773876325420346e-01
-8.398989549424566992e-01
-4.857040448186145110e-01
-1.482401432673026154e-01
3.953858653255593048e-01
1.710515842112619200e+00
5.646247864255290461e-01
2.039784587187964959e-01
-1.381441866527762574e+00
2.950464336098650442e+00
-5.255283960397436616e-01
2.126869956289967334e-01
-8.350096267974960185e-01
-6.650432405336810238e-01
-6.428614289983093366e-01
-1.340216923205034050e+00
-1.787754733773225357e+00
-1.283126259582967776e+00
-1.167775109104551179e+00
-1.033954270268624409e-01
-5.431513119981254967e-01
1.724189456579732216e+00
1.065068831125254745e+00
1.080719772820337266e+00
1.774917243790040455e+00
-1.138657637095402464e+00
-1.007178878090066343e+00
-1.545008745579969256e+00
-2.500319834953795173e+00
-1.343971994850027940e+00
1.071952301426631671e+00
-1.011468457601630178e+00
-1.071338303570835038e+00
-1.901022531096933754e+00
-1.139597961892591993e+00
-4.826217646434574071e-01
-7.274958260643995533e-01
-1.026213771304722577e+00
-1.691962107422970707e-01
-2.145046001414168124e+00
-1.364907712946026086e+00
-1.021186367048946719e+00
-2.063002076469468982e+00
1.353832420993030805e-01
-1.093802222548438063e+00
-1.512321506673752758e-01
1.144294350024191997e+00
2.762069017344939148e-01
1.350191788937145310e+00
2.835848460394382098e+00
8.790843284433470517e-01
2.748802715643687389e+00
2.123027225800099949e+00
1.405891163446133074e+00
2.956728975492955769e+00
-1.132536990876573668e-01
1.134316492584551250e+00
1.102236739284731426e+00
1.852517208092229417e+00
1.201354730770742396e+00
-1.431680181781480155e+00
-1.340439101716857317e+00
-1.133911717639417338e+00
-3.159673470139300333e-01
-1.788514858025384235e+00
2.212402865650847650e-01
9.468049385784979011e-01
1.823429914495519277e+00
9.270996691138515544e-01
9.200665942480237280e-01
1.479908739762696435e+00
1.080128912550939901e+00
1.364007110453897553e-01
7.932059720424455840e-02
2.037419186020587247e+00
9.732527753939157478e-01
-1.087351838697630635e+00
-1.535736082127866498e-01
-1.325887486040834728e+00
-1.441790725950168328e+00
6.459308691178056172e-03
9.725187228753143787e-01
1.930348710373420040e+00
5.058923364654746013e-01
5.019318874316912593e-01
3.600371989731487865e-01
4.333532892817228976e-01
4.815841686696366031e-01
2.581484063198152157e+00
1.234384102183949672e+00
2.224808627346886780e+00
-2.152533905827878069e-01
1.313054932320024459e+00
8.483520894027218873e-02
8.491013037511697670e-01
1.093019274095460291e+00
1.715196218669098549e+00
1.331484609662047625e+00
1.328654816173436393e+00
1.105561487669714182e+00
-1.078043065575055470e+00
-1.585485725006681834e+00
-9.215034566701491014e-01
-1.886328820804844320e+00
-1.568862869240458258e-01
-1.469502409622737149e+00
-1.507663962889404408e+00
1.322242247651135294e-01
-1.963776722036870259e+00
-1.573408030357798637e+00
-1.986055746610161599e+00
-1.642857786348725480e+00
-2.091460435982836596e+00
-1.036946374526275028e+00
-1.260267661247347570e+00
1.391722446132692692e-01
2.458441080622923991e+00
1.085239190168824974e+00
8.822566152279087692e-01
2.064925708391198711e+00
-1.477035114501927815e+00
-6.569736952152286369e-01
-1.510351073765229923e+00
-2.199868675805396023e+00
-9.626404747972100440e-01
7.219227772796978915e-01
2.467474860118263891e-01
-1.243991932557475977e+00
-1.464122454065671874e+00
-2.844100544064734226e+00
1.996046016972162995e+00
7.501365975332004998e-01
4.583238178181771039e-01
1.554698108162999359e+00
1.578500454738526404e+00
-4.801121474600795747e-01
-7.329636518115356658e-02
-7.572887380117465650e-01
-5.887948141432308713e-01
2.578557340762963612e-01
-1.378428627371846016e-01
-1.063782032961558599e+00
-8.996966377801630665e-01
-2.769174339773526894e-01
-1.188489623843916210e+00
-1.523082258654882448e+00
-2.060916605544696800e+00
-4.524465860866069278e-01
-1.037141112196054982e+00
-1.911517124700746528e+00
-1.382625256148221515e+00
-7.816611237286859026e-01
-1.222843417075466732e+00
-3.247136066569298318e-01
-5.280773194321064512e-01
-1.297386430890072884e-01
3.076614190331865561e-01
1.844469088455957362e+00
6.906362713998501768e-01
9.279033984404205793e-01
2.534048797328618541e-01
1.362082748065071236e+00
-4.042539367546555962e-01
3.377744632162249516e-02
1.668618626205395250e+00
1.029806974997560021e+00
-2.201463678885293707e-01
1.837103667078811231e+00
1.260043595396345362e+00
3.767589302133319551e-01
-1.058058042324911074e+00
-2.101516258888565858e+00
-1.694880677850315376e+00
-7.046976782124011462e-01
-1.064145234338330859e+00
1.096069593605150105e+00
7.701261313325522551e-01
9.272196814975885992e-02
1.259216197330532694e-01
-5.290338069151401257e-02
1.796789370741923575e+00
9.240172029343141080e-01
-4.272807078434637251e-01
1.555237931657856176e+00
5.914557019162203222e-01
-1.281614154390881666e+00
-2.005397405441658343e+00
-1.680926661058375515e+00
-2.275904378069330214e+00
-1.406448309093040860e+00
-2.196166569246438272e-01
2.661264273216589427e+00
1.788965239909647398e+00
5.606628156777098138e-01
-1.355541426899087298e-01
-1.045241640702817776e+00
-2.102185496075065885e+00
-1.728050861787546522e+00
3.785714514456683943e-01
-1.937779370192015627e+00
-1.684235821350957618e+00
-1.611928168460415867e+00
-4.611665392070051217e-01
-1.736010899072514269e+00
-1.639126025677750009e+00
-2.097388972069710533e+00
9.714275566706804810e-01
-1.765844513368040936e+00
-2.258697617852448047e+00
-1.734351549400817927e+00
8.959411665646500600e-01
9.875954159758398854e-01
1.149311825058691339e+00
4.038395136159830257e-01
6.272700616928179596e-01
6.662035787113752550e-01
2.520899094141221264e-01
3.961664521162482355e-01
2.612790742157048207e+00
6.277251877420468862e-01
1.208125579384744519e-01
1.933057964847418653e+00
2.572636152720412461e+00
3.211504826058675821e+00
8.344839881296386430e-01
-1.560459622627524245e+00
-3.277829601310243701e-01
-1.173015433946559050e+00
-1.710845952667499947e+00
-3.191470572344672352e-01
6.331114169254770108e-01
1.434284016303104536e+00
2.398953608583607178e-01
6.258427772507237918e-01
4.094005122611690251e-01
2.350941970080787868e+00
9.821471289012976280e-01
1.080684060850617856e+00
1.598903494343018261e+00
8.400983835423346813e-01
-9.712910220913477666e-01
-8.668930918006949593e-01
-1.191834560364527729e+00
-1.561603880609494066e+00
-2.734458433052322501e-01
8.618456703422359144e-01
8.163501306308833527e-01
1.983700065836123239e+00
1.418957739942794394e+00
1.780003123801624287e+00
1.180193786098183706e+00
7.064145110917905424e-01
1.184402912796164387e+00
5.925581001002968584e-01
1.356605418580627553e+00
4.927447846864754233e-01
1.275304484642746372e+00
1.318244240875519502e+00
1.606632528004480864e+00
4.283915991173286031e-01
1.151726487534573629e+00
-1.422197444878166017e-01
1.501130456233861210e+00
1.317447573131304228e+00
1.469342354702528164e+00
-1.054870925118859937e+00
-1.365348065506794439e+00
-1.439095995956050755e+00
-1.579343032477478204e+00
-6.188972084726919176e-01
-1.086739720114461072e+00
-2.178669009729131467e+00
-4.975518682486304023e-01
-1.018227937967061791e+00
-7.728805424157483284e-01
-5.248606298905462708e-01
-1.826807422678450088e+00
3.560523727236124536e-01
-2.912020639856673476e+00
-1.224348951821520037e+00
1.193798013032417282e+00
7.393158524911220830e-01
7.888047002241722616e-01
1.833618250602542243e+00
1.092236221287283371e+00
-1.021287112249213758e+00
-1.434658330704515983e+00
-4.694771098472343418e-01
-1.895744079817674788e+00
4.604468799358780728e-01
-4.160647389673861607e-01
-5.005738612958962053e-01
-6.665254107690077312e-01
-1.341685562221450967e+00
-5.079698392870125589e-01
1.604940369539015421e+00
1.501637624058298481e+00
2.616346717972378499e+00
1.759252925825650626e+00
1.830048163407306472e+00
-1.237647967251000347e+00
-1.229090625155185634e+00
-1.725867327915266092e+00
-8.412919856296782184e-01
-2.849837132813693996e-01
-5.503232397852400037e-01
-1.338029354901651979e+00
-1.101394910920987735e+00
-1.438947895019771384e+00
-6.418478316389077953e-01
-1.903902799400513324e+00
-2.492188501416739754e+00
-5.541794811274804999e-01
-3.744619234120274420e-01
4.918960706139621220e-01
-1.503679864766499730e+00
-9.191117834927271524e-01
-4.198731586394773840e-01
-1.667028193286994586e+00
-8.625326413912652868e-01
2.497833260534112920e+00
2.130565440187389470e+00
1.173650841764610542e+00
1.891188109860771460e+00
9.760106466062385966e-01
9.348438983061212459e-01
4.176551646049627697e-01
1.543217276005319105e+00
-4.848823448585899420e-01
1.136351442867658434e+00
-4.347796049738710256e-01
1.192017868092133170e+00
2.840400379664151487e+00
1.003611347967501954e+00
2.599648224191954959e-01
-1.471453975164288552e+00
-2.469391208607611965e-01
-4.049492308086465320e-01
5.004834925752645880e-01
-2.169671983331658893e+00
6.422695285326552872e-01
-1.389081911191267782e-01
8.319294407696609106e-01
1.352849597571257334e+00
1.230325693848247859e+00
-2.077847436227409084e-02
1.818975423445320150e+00
9.587357037256352132e-01
5.736581575621853002e-01
1.918942443642854823e-01
-3.005810119610394793e-01
-2.038538509462751946e+00
-2.770724832549836814e-01
-5.265284485953661830e-01
-1.010730226286234323e+00
-4.377231407616375414e-01
1.170481925858370520e+00
6.849352335067115938e-01
1.876640438623362384e+00
7.002696797354615033e-01
9.833136504691644131e-01
1.771208579908219782e+00
2.351360145012078018e+00
2.740791824478141514e-01
2.159294914111919983e+00
1.939108057128279938e+00
1.449077421708895308e+00
1.007295100678880173e+00
7.858609026163696498e-01
7.830597680079152134e-01
-5.527719623670912519e-02
1.431759041490856976e+00
1.924705704121526750e+00
8.360858028654764018e-01
1.137173894081639602e+00
-1.645183143654464608e+00
-1.780148113310964231e+00
-2.375932745659170564e-03
-2.455367991066836453e+00
3.233949465200538498e-01
8.680236422186560219e-02
-3.818248952637530724e-01
-1.232785767436951341e+00
-7.183141678933553376e-01
-5.809423827164880150e-01
-1.051221006169000383e+00
-2.273321649626162344e+00
8.012022422428348722e-01
-6.650876505682636886e-01
1.579821368501399537e-01
1.163251259600401211e+00
1.102759921057597348e+00
6.136498860776649078e-01
-3.842296907324889155e-01
1.953959016703939788e+00
-2.134742137970269127e+00
-1.556847276154121662e+00
-1.910775223992991378e+00
-6.872478035724183254e-02
-1.424771924584880889e+00
-1.657791893764733793e+00
-1.891723976975586918e+00
-1.066599590266400943e+00
-1.965606093507245022e-01
-9.699201965824801874e-01
1.709430925335324813e+00
2.095892919948624034e+00
1.176684015608717715e-01
7.125195385646305724e-01
5.484910925155001005e-01
-2.623880880415779826e-01
-1.407904465998877086e+00
-1.310712721237598632e+00
-5.358338585348421113e-01
-4.858896066463405106e-01
9.534369238982179917e-01
4.930739445703649082e-01
5.211331697309854460e-01
7.409207193426043947e-01
1.705371180602483383e+00
1.876358850414897361e+00
1.092516304716918629e+00
1.749366582996701780e+00
1.290917816821638642e+00
1.395097783746379605e+00
5.535936344578633594e-01
2.186447059947675076e+00
-1.543310325131290739e-01
4.468057973026984264e-01
8.644587638678933317e-01
-1.760361364919037053e+00
-1.530462308699032326e+00
-1.172006578240433416e+00
-2.103390020093701906e+00
-1.004951433079291467e+00
-1.315912756696592911e+00
2.229970496025095450e-01
-6.750253671308205083e-01
-7.144539532559538442e-01
-3.909281933350698957e-01
-8.003085676918617608e-01
3.486853883785057118e-01
-2.581370676632057659e-01
-5.724625632176008061e-01
-7.590218969343345279e-01
1.427982296946106899e+00
1.638584879740855982e+00
5.909341244776735724e-01
3.339391655374122081e-01
1.591656985160143645e+00
-8.212089242290250279e-01
-7.936773215120109803e-01
-8.118613900779324544e-01
-4.113077019845103877e-01
-1.175252296242574657e+00
-2.270310407176075795e+00
-1.221560675269808049e+00
-9.238929436864191658e-01
-2.294090453927935869e+00
-1.151411798134297726e+00
2.373058451424589599e+00
1.247108231596029126e+00
5.339731176647904975e-01
9.944228582183921583e-01
-2.422240246175193512e-01
-7.514412962597050161e-01
-7.511818153545080090e-01
-1.894156259504507833e+00
-8.797944951556415649e-01
-1.317540264847783860e+00
-1.402228064604531088e+00
-1.044025765337137646e-01
-9.462474442349630976e-01
-1.219934940428119008e+00
-1.524383224534401116e+00
-1.746430111541197761e+00
-1.028544224713496158e+00
-1.139435440413119061e-01
-8.990729098503142946e-01
5.906461274003804718e-02
-1.837360761587329971e-01
-8.401653669481559117e-01
-6.743016909248457091e-01
-6.996354150802279737e-01
-9.801135108261112006e-01
4.105475239727626180e-01
5.364616975191586201e-01
1.047383560387016965e+00
1.048981929213848030e+00
1.722067632388880387e+00
1.320106497320261196e+00
9.063194812400380274e-01
7.922538351644329291e-01
1.180481233099901051e+00
4.279918745229155386e-01
-1.546735072427605218e-01
1.566021794250397337e-01
1.194493468225344746e+00
9.539494103841181794e-01
2.615211043046969497e+00
-4.317777396201583073e-01
-1.510056173417022141e+00
-7.926141839944232936e-01
-1.018786666783116468e+00
-1.107298786932782164e-01
7.042070039679956261e-01
2.321095354541781841e+00
7.415024730810700904e-01
-3.819035143305016256e-02
2.069128580566369280e+00
1.643925039411871403e+00
1.065200389227993538e+00
5.167594588877072459e-01
6.533635498378860262e-01
6.507860802676501688e-01
-1.561106329594971864e+00
-2.911111323418453800e-01
-1.867925613687335895e+00
-1.771159786487539467e+00
-8.342560323744453443e-01
1.338681376879582885e+00
1.513068964047451281e+00
1.288483961085562068e+00
1.491840473883882634e+00
1.744947057718350347e+00
5.512658798544392003e-01
2.020058232720267632e-01
1.743581539407288883e+00
-5.670875532526531426e-01
7.507362825299996878e-01
9.301904349665850447e-01
2.142828388357690184e+00
1.125467218986186957e+00
9.880961252264511829e-01
2.057160211871108313e+00
4.226248644548631361e-01
-3.322982472446502911e-01
9.909296367907223235e-01
6.497475080840076078e-01
6.773835367052356560e-01
-3.700392430563943513e-01
-5.654618132678306264e-01
-9.453563790299326364e-01
-1.469802423174221717e+00
-1.171674032593056136e+00
-1.970741778256779098e+00
-6.896691470663708357e-01
-1.628268380226031820e+00
-5.552586430423545050e-02
-7.624309777675082334e-01
-2.506379178803883612e+00
-7.698463500785129865e-01
-1.028453022384520743e+00
-1.194437530659168134e+00
-1.352898611425547681e+00
3.086736699898724900e+00
1.803351873881244183e+00
7.281154945591711281e-01
2.231214302835347940e+00
1.472504214238204767e+00
-4.981174683689824079e-01
-2.099711940885981232e+00
-1.426645594183689081e+00
-1.885733419259054022e+00
-8.644301426644952491e-01
-6.320683904363804118e-01
-1.744624822548260346e+00
6.277694898621577480e-02
-2.352777197940917331e-01
-6.543761390500709707e-01
1.479753158087609988e+00
-1.665825245747187822e-01
1.042787051428425205e+00
3.356575489427365611e+00
1.949348797355956453e-01
-1.003937675134918051e+00
-1.176861779624895910e+00
-6.716647852665059704e-01
-1.984218968744728029e+00
-9.583525056568934497e-01
1.928127334874824017e+00
5.385655322132253398e-01
2.244690862921292052e+00
8.278001308425725346e-01
8.549527474515388192e-01
1.542863916694158011e+00
1.361625227348408629e-01
2.185250563503422505e+00
6.803003565783896089e-01
1.480875544751933504e+00
1.694846790197942710e+00
1.213821289415430771e+00
-1.004985556062563123e-01
1.525194247526076907e+00
4.933417519825470388e-01
-1.239802951585177837e+00
-1.645079002625096543e+00
-2.145155242535207396e+00
-1.278616541985136745e+00
-5.423672986913639082e-01
-2.412725374315363602e+00
-2.676396056479046326e+00
-5.246026381239118352e-01
6.405060412182002061e-01
-1.906937057463020668e-01
-6.074226126402092474e-01
-6.349140389292078357e-01
-2.019326742368829031e+00
6.383039180741016949e-01
-2.420945993807491536e+00
1.100251632642478716e+00
2.693290689866987275e-01
2.129934913160703047e+00
2.089485323019224516e-03
1.399238219352598733e+00
-9.927300265160634574e-01
-6.445197332061037843e-01
6.715967693342461686e-01
-1.399738195345040515e+00
-1.498413998900923971e+00
-1.739647024303293765e+00
-1.438064441275590299e+00
-1.212077877703724438e+00
-2.610054216397270643e-01
-1.705691806661741250e+00
2.867458661323282865e+00
2.572591728615644113e-01
1.353838918277921355e+00
9.859621736250737678e-01
1.509558758295162395e+00
-5.245162277159630682e-01
-1.722097975573523732e+00
7.688483802697665404e-01
2.646976974896610990e-01
-1.271787094596062762e+00
-1.356380419094818768e+00
-5.238882432165992142e-01
-1.681316478806015535e+00
-1.480157077352781680e+00
-1.302566892024441536e+00
2.261050192515294821e-01
-1.554216799206119770e+00
-1.138015053706413315e+00
-1.183719424411141530e+00
6.478265778486449467e-01
-1.289248426429848715e+00
-1.899932275322616659e-01
-4.908669597580560540e-01
2.169774258422885183e-01
1.200286369422403077e-01
2.777012245762655596e-01
5.193228161369239926e-01
2.038998866869117244e+00
8.012882249136810131e-02
-9.963797495165784834e-01
2.013477185436241435e+00
8.682972900323761012e-01
-4.595110575760505967e-01
1.101746483934664456e+00
4.721163111093171771e-01
1.785976313795470727e+00
5.712927821131169592e-01
1.164878783311393828e+00
7.423920069248062248e-01
9.482750264585021460e-01
-6.978414608831537969e-01
-1.479393188478667520e+00
-2.573334381304515084e-01
-1.720226288164675044e+00
-2.067673477062405674e+00
6.118495442720683908e-02
7.724442570809144648e-01
1.671868751619402849e+00
-5.067755078915636702e-01
4.575155241529699213e-01
1.680386162381966475e+00
1.843273645036431541e+00
-1.148041435803699439e-01
4.087310989657876314e-01
1.085107843197802069e+00
-1.307329634759189618e+00
-9.270635880148702102e-01
-1.554121454634057153e+00
-2.127281215253024715e+00
-1.052902517210199784e+00
1.902299751116548032e+00
1.365671733038067215e+00
1.320392869170897487e+00
1.893000365608372260e+00
1.826219933643729920e+00
-1.166384923253252826e+00
-5.799586852053841834e-01
-1.738027838270411962e+00
-1.396673688415986492e+00
-1.415417553121232963e+00
1.659760077256740018e-01
-1.174230832082598042e+00
-1.838746986853754928e+00
-2.347533081816099987e+00
-1.372594500170848386e+00
-2.394914625707992295e-01
-1.507402910417788178e+00
-5.089422909476615242e-01
-2.578802912394274838e+00
-7.691499680950778517e-01
4.485017870101049020e-01
6.072912541965933553e-01
2.531097608671104560e+00
-2.487147590124996199e-01
1.201805329115486209e+00
6.505677578064701372e-01
1.977183804729344629e+00
2.174570266960685672e+00
2.153837975942378691e+00
5.584123416110998717e-01
7.865991681473343267e-01
4.494125882047551590e-01
9.859520771958111274e-01
1.078029108709988693e+00
-4.969833276569424196e-01
-3.755385801820522174e-01
-2.595505941772927372e+00
-2.144677853244398857e+00
-7.731734325748742531e-01
-5.781892679014171144e-01
1.507695615452846472e+00
1.076061867710100373e+00
1.496308787653766181e-02
1.123093025138607759e+00
2.832972834536538809e+00
-7.910897254774194032e-01
1.833993122185658020e+00
1.871759352793233466e+00
7.472223759909151219e-01
4.921074276864554342e-01
1.624140329399088589e-01
-1.626776726046942345e+00
-2.626240495668826558e+00
-9.379774583294282486e-01
-6.275737347023224721e-01
1.379772361200926056e-01
1.099328866432976559e+00
1.053820872678796983e+00
1.261630350923925725e+00
8.962507390586429423e-01
-8.754354340345090746e-01
1.440901928344644478e-01
4.469406031385148026e-02
5.194008095674544911e-01
-9.649145222668358279e-01
-1.649172230471657397e+00
-1.765647761821958150e+00
-3.938683100141273652e-01
-8.310648584458117938e-01
-1.635891494618869624e+00
-1.305661136212314055e+00
-1.723901253906994002e+00
-1.058722755430770324e+00
-1.074176772152670267e+00
-1.826599247471188514e+00
1.643407426889613721e-01
6.525166199277490087e-01
8.974232871785516874e-01
5.927046246117075867e-01
6.787026678726886253e-01
1.354055708991875662e+00
4.236870316177945295e-01
4.716896661086813491e-01
1.063828913196686932e+00
1.788174752303406834e+00
4.923494546938268490e-01
1.337625292954243150e+00
1.129439094245714426e+00
1.146998942694514856e-01
-5.182462460265604420e-01
-7.688691188567806645e-01
-2.723756505099106828e+00
-4.096690271282075191e-01
-9.410321312560053775e-01
-4.154341487244221920e-01
-2.374445250075500891e-01
8.896481128909720093e-01
2.267401042690321056e+00
2.481770419610515255e+00
-9.161590747758774356e-02
7.792687977251139264e-01
1.644082138114484337e+00
7.965826942464285798e-01
2.168586010511670548e-01
8.421333907092705129e-01
-2.870876220181281635e+00
-2.096660751877525097e+00
-1.292208520554412043e-01
-4.808918919719723517e-01
-1.008695154833156193e+00
1.225913032009328774e+00
-1.409109234294083635e-01
1.649636078608715861e+00
2.184191504600557554e+00
1.825998001851411923e+00
1.925865291953115399e+00
5.595931099523849817e-01
6.769571771951732320e-01
-4.337109742129152679e-02
1.216715522905918556e+00
8.184975723384879664e-01
5.046920522732754044e-01
9.353926353212871359e-01
-1.823505261170799141e+00
1.289492544577517830e+00
9.683665706498312264e-01
2.250018138254989530e+00
8.279062522034600358e-01
1.466431926849571798e-01
1.084370290317651975e+00
-1.541167552712539912e+00
-1.302552233984159535e+00
-2.514645531013631752e-01
-8.383082007783169143e-01
-1.197473624489241661e+00
-4.021210713837142237e-02
-1.458089787715275421e+00
-8.995041217096531039e-01
-1.090722577094270340e+00
-5.633319253358300971e-01
-1.256006282472271085e+00
-4.158741069635439880e-01
-1.150584744657368930e+00
-3.052908802026621515e-01
-2.005282708020523774e-01
9.399227390675901628e-01
-4.359336068865662384e-01
6.410997490419113598e-01
2.120752458944726637e+00
1.795926227905738415e+00
-6.302919989628998909e-01
4.216174581724598802e-01
-9.361514187458561675e-01
-1.509302295837841701e+00
-1.985777783402121299e+00
-1.440218468936465213e+00
2.831656784080260891e-02
-1.211397134365143957e+00
-8.742752288718651510e-01
-2.289481682057133760e+00
1.007257169134053498e+00
1.385895282380208871e+00
2.515317465712228806e+00
1.043390528441640930e+00
1.927574364948685615e+00
-2.289199287965363983e+00
-7.471210025525976128e-03
-1.826408078331694051e+00
-1.227228484154506694e+00
-1.501314237799454165e+00
6.163866864777711729e-01
-2.996185926002143951e-01
1.527156867556715092e+00
1.753062894685398998e+00
2.329261276481742193e+00
1.382226079417233411e+00
1.406405557296597220e+00
8.545332969014360902e-01
1.661868101548705567e+00
1.474239177735046535e+00
5.874366778156799862e-01
5.100080390952479448e-01
5.089649620340751524e-01
1.397703217018411381e+00
1.943037475834322070e+00
-1.440516106169956734e+00
-7.223381712569220126e-01
-1.234615820439835865e+00
-2.765396130024009302e-01
-8.519980962960770343e-01
-5.952643915059769864e-01
-1.317795892310904105e+00
-3.779194841684411221e-01
-4.870338758319131545e-01
-1.369056442934437623e-01
-1.148982704767042673e+00
-8.025994410406095403e-01
-1.077185493022507767e-01
-1.680709612026576760e+00
-1.754120708787408667e+00
4.915779404806611685e-01
1.229442957524930602e+00
2.450441700942338485e+00
1.169063556759440736e+00
-1.973518253146200330e-01
1.140180254011546879e-02
-2.514154726753624836e+00
-1.963006097923608362e+00
-1.254424003214259287e+00
-8.167263633103422071e-01
-1.481468636907926850e+00
-5.571233946796457781e-01
-9.024684475508861770e-01
-1.734423381223246352e+00
-9.126560192933674820e-01
2.124471245343764636e+00
1.936803715696616024e+00
6.716556952207687337e-01
4.132346911154889391e-01
8.841038875691523691e-01
-2.537925124823385392e+00
-6.994633503848389777e-01
-1.127545825688851977e+00
-1.592980555355301364e+00
-2.377984445203964903e+00
-1.363851292012707939e+00
5.469398118788098007e-01
4.134166664327878493e-01
-1.248079693017837277e+00
-1.363782689448547636e+00
-5.101197725426380725e-01
-7.361085859576547152e-01
-6.848483843077837196e-01
-1.360246118635519030e+00
-1.572872670024468844e+00
-1.372623173696082333e+00
-1.789161254603794493e+00
-9.334207336966432456e-01
-4.277022383783168902e-01
-1.985091618939248015e+00
4.254267353962305487e-01
2.471048908730016258e+00
1.265272723727214554e+00
1.132001111572531693e+00
2.076669781148988925e+00
-3.901573133284772510e-01
7.955459387383639891e-01
8.850002364192529614e-01
7.140243734833500167e-01
2.917081992487779996e-01
1.249401779462190776e+00
1.285563939335733430e+00
-2.766335282154543940e-01
2.250260268097893590e+00
2.993666637469556413e-01
4.624897162858523370e-01
-9.660393272460667813e-01
9.382410128063467525e-02
-1.073053015434461965e+00
-4.375624832358118166e-01
1.045409297380540670e+00
6.332192956828689434e-01
2.192546854132134904e+00
3.094216946647130317e-01
1.089531050964355874e+00
1.319213992613442521e+00
2.445544297801954592e+00
1.830271198600211591e+00
2.497219616550137022e-01
2.127172449206269800e+00
-1.904099898983356631e+00
-1.864538977662371089e+00
-2.205289331447223278e-01
-1.772472049279411710e+00
-2.315541622853856119e-02
7.946326733037711865e-01
1.548069559345569335e+00
1.089338841186952234e+00
1.191926186884239458e+00
1.986618913369873063e+00
-2.564189317624181452e-01
-1.853681605521331210e+00
-5.552295927340580306e-01
-1.205938693629987180e+00
-1.515685381917292629e+00
-1.536489678309175932e+00
-1.948305047528003486e+00
-1.402973850974153169e+00
-1.919819034262066904e+00
-1.679599933588479033e+00
-1.586859889325359374e+00
1.130362793325292436e-01
-1.109797367261437850e+00
-1.219774023673804830e+00
7.703449808709805779e-02
6.998208458939141341e-01
8.898836935603559040e-01
7.814843803526783095e-01
6.992971358083958089e-01
2.441801436727562447e+00
-1.303592476781050280e-01
4.807045332869588350e-01
1.381071109901307103e+00
1.193169285123466317e+00
1.760354603842246624e+00
4.318082271814468465e-01
9.702804823824564551e-01
1.088678084113495981e+00
1.237687510027424054e+00
2.251258398859325105e+00
1.351366844275030399e-01
-1.340728978149965389e+00
1.537465250797445115e-01
-1.594395378528034257e+00
-9.738447936218690426e-01
-8.403092659534574516e-01
5.324994740375355029e-02
2.324283365762230602e+00
9.651213617067714301e-01
1.511393441781060387e-01
4.291955373494604764e-01
7.778826116481443176e-01
1.363218546216842242e+00
1.215586220924145922e+00
3.832034750265709278e-01
-6.806104131717445327e-01
-1.203951973191223601e+00
-1.154803365625740597e+00
-1.855081361348830393e+00
-2.184684347065082299e+00
1.568857803610800072e+00
2.840062677982961858e-01
1.600127897818826916e+00
1.906105529612261540e+00
1.344253751867490632e+00
-8.439097918585017899e-01
-9.191461549398647346e-01
-1.116883197453917509e+00
-9.568771734355545622e-01
-8.549441273671165575e-02
-2.112008723975412838e+00
-1.815309358501472348e+00
-1.535605959382799757e+00
6.344830590710670570e-02
3.182418538205489256e-01
4.535974769431754261e-01
-1.167877074243836022e-01
-1.173708383921107323e+00
1.804366034362796523e-01
-9.539661809037550677e-01
1.218539306344166073e+00
1.019679208990527997e+00
2.829831575852565617e+00
1.431231277764737797e+00
7.940947037264109998e-01
1.241419876349044049e+00
1.668245763962382000e+00
-2.735607541957092437e-01
-2.306918378820825843e-01
1.882130880454333521e-01
-4.909307497604764592e-04
-2.576062077797642846e-01
1.432374376540194172e+00
6.737956912536113840e-01
1.423405413561219524e+00
-9.620243526263336786e-01
-1.905360563167476151e+00
-5.784832695536609171e-01
-1.306195822672568063e+00
-2.540170989250523093e-02
9.708636327309102532e-01
2.006034869995174663e+00
9.649832608375279452e-01
1.922200141410913554e+00
1.201468434774472183e+00
1.005973755951238724e+00
8.913101512135659377e-01
3.708541122272563939e-01
2.568344901736252517e+00
1.333474876387080066e+00
1.905287727265103648e-01
-5.323229228259571677e-01
-1.864686880101496858e+00
-6.408692440139003299e-01
-8.422882323683369421e-01
6.959390950160111444e-01
1.068266591269494858e+00
1.767972471260026435e-01
6.131694245890331185e-01
-4.824181692845574965e-02
-1.680420774995201594e+00
-2.261685686985627219e-01
-5.596490971286746108e-01
-7.602339991549440512e-01
-2.915218855259969377e+00
4.058790583153779608e-01
-7.781547241796940018e-01
-1.148122404661917173e+00
-1.571761421498619082e+00
-8.108077195227370026e-02
-9.839359665786413522e-01
-1.821142185996092566e+00
-8.494438596815736542e-01
-1.310900388503210667e+00
-2.712664517984013202e+00
9.206493075457379271e-01
8.241603751036884473e-01
9.095389703678619098e-01
1.343535241475079189e+00
6.612176586681015600e-01
-2.637869675436588235e-01
5.256852740076515262e-01
8.102435249404336126e-01
4.798387672492498979e-01
1.376498210238614295e+00
9.970562106701115201e-01
6.766223810886048406e-01
8.492748235513000177e-01
2.834679261862818045e-01
-3.433340798608437439e-01
-1.314924379273699984e+00
-1.000938300898690958e+00
-3.240549714837170914e-01
-3.202711237970601310e-02
-1.416633727589334368e+00
-5.852404547616358865e-01
1.314069279289278525e+00
1.107763021137702752e+00
2.048077135385762748e+00
1.012778670456081498e+00
2.588338024871629894e+00
1.962203315830988171e+00
1.354410780246831703e+00
1.414025836190713870e+00
1.210661073568070956e+00
-2.320370640880103918e-01
-7.059937916961813720e-01
-8.279505246953378084e-01
-9.845333435426230073e-01
-8.010108356651604034e-01
7.748946675140748752e-01
4.126363940439796707e-01
1.517994535644614063e+00
1.137321711943137359e+00
9.662785402943341317e-02
1.437923971701817072e+00
2.434852932316247554e+00
2.130895973016156297e+00
9.274869758102696204e-01
8.179001876396605475e-01
7.111261030775605230e-01
9.790780193054030578e-01
1.520436854791246795e+00
2.724085230452804929e+00
1.959137586460170333e+00
1.716516009849611724e+00
1.000840973495178199e+00
1.594568251989467278e+00
-3.841107351538974868e-01
8.242534290678757980e-01
-1.123644586218225827e+00
4.181364825421480802e-01
-3.985099995259280270e-01
-2.907346213032230287e-01
-2.024761765600859409e+00
-1.404835149666518346e+00
-2.083656027969296609e+00
-8.250428657919282038e-01
-4.713561301341822052e-01
-1.407988574912919066e+00
4.291467698697504218e-02
-1.453488346645563922e+00
-3.884039251628098599e-01
-1.071468077169975830e+00
-1.959261855421233989e+00
1.273485946462943330e+00
8.958942500011599641e-01
1.077758830514371491e-01
1.312687745206374101e+00
1.561144577533130295e+00
-1.269074813787517408e+00
-2.704767223725876413e+00
-1.475827051903747522e+00
-1.155874377275691645e+00
-2.640216938880715070e-01
-1.552829389116902936e+00
-1.082620060816124496e+00
-2.637244302375983729e+00
-1.420236884801193256e+00
-1.380013215800312221e+00
9.771942403355970974e-01
1.012474076115039034e+00
1.603057276103636131e+00
9.462394078927408581e-01
4.396645112108270581e-01
-4.335400954139753127e-01
-1.467410432733540215e-01
-1.822403979399948026e+00
-2.861665117372874656e-01
-1.837081434115066081e+00
-1.374598803820575199e+00
-1.431873134548486970e-01
-2.078443068098360103e-01
-5.034955018398028503e-01
1.926716511360226924e-02
-9.133467664226930793e-01
-1.415768854634978258e+00
-1.278068040869885680e+00
-1.777100354472876065e+00
-1.293059263122467994e+00
-9.646536064819568601e-01
-1.393369055933484368e+00
-2.308274373801453283e-01
-1.335425915867385793e+00
-1.336329519730584003e+00
9.960730440103502392e-01
1.533686406311967731e+00
1.571395080641675879e+00
1.056790158812813019e+00
1.985876519931069062e+00
1.570108014648081696e+00
1.398164430640294942e+00
5.491607238082218956e-02
2.156962026449200653e-01
1.823674574420349082e+00
1.880731905006167937e+00
1.322117009073019211e+00
1.154059444385326039e+00
8.280038283023238854e-02
2.344142627943886836e+00
4.788339917744832697e-01
-2.181198558818440603e+00
-1.317021344071319211e+00
-1.534666996363995173e+00
-3.749213444947121499e+00
-1.590573975853240007e-01
7.802747178197821931e-01
-6.959366114498810596e-02
2.475495354785866020e-01
1.115976878623705648e+00
1.501498162672234571e+00
1.824567873070599866e+00
1.673112788345192392e-01
2.317715504582235742e+00
1.269932772813867849e+00
-3.521888911874873074e-01
-1.113614393209354514e+00
-1.031249575472336089e+00
-8.082371609041292260e-01
-1.799241177768858613e+00
2.006318487084775892e+00
-8.178000336772228707e-02
8.666090814098190709e-01
5.783849552806235028e-01
1.958953179648539988e+00
8.360697565816919141e-01
-6.755468439330725161e-02
1.444783316329375289e+00
2.403542229648872652e+00
1.478151853448005815e+00
4.355209840432854307e-01
1.700270837830418547e+00
1.657616648810987581e+00
4.321535081017926494e-01
4.972542233705340431e-01
1.461458522330844279e+00
5.452841099527949709e-01
8.649721112849957372e-01
1.781096699262751049e+00
1.894189882636818423e+00
-1.304187977598867620e+00
-1.394307238633123891e+00
-7.285801385384739204e-01
-1.520279779272219578e+00
-3.767206098205392317e-01
-6.356042423202488134e-01
-1.455486361593782307e+00
-1.243758408664303428e+00
-2.126532109382536007e+00
-1.300537853939516042e+00
-1.349762956259660918e+00
-1.569856770769500365e+00
-1.382373714019696997e+00
-4.263862893781845687e-01
-8.722576870683950157e-01
7.402682653889374187e-01
8.799386692441035773e-01
1.590071188893450227e+00
1.086644551531563918e+00
2.586647261295738076e-02
-1.885700161064907121e+00
-7.873385733023812172e-01
-1.684726826395390731e+00
-1.875602338013008463e+00
-7.408753402392121989e-01
5.270517854404921376e-01
-8.293552193498459069e-01
-8.353985296342514300e-01
-6.577929398358132174e-01
-2.762788090152906717e-01
1.402345033842423483e+00
9.927923809890246698e-01
1.207554071302243015e+00
1.293922232300138475e+00
2.518617323662561969e-01
-1.035051460957079339e+00
-2.836292873332737496e+00
-2.297311263901727241e+00
-1.062947124655533537e+00
-1.022414099638888185e+00
7.242801397493912052e-01
-1.502793352977642938e+00
-8.769406400225531195e-01
-8.188222601268563272e-01
-2.004432940594512935e+00
-1.696053300880741466e+00
-1.278956343309368693e-01
-6.431061202174759295e-02
-1.501226504018891905e+00
-1.598794622385478537e+00
-1.416605895775521651e+00
-1.716940475409014066e+00
-1.593874052445541256e+00
-1.354945760144650624e+00
-1.345389873136389358e+00
9.282056760102896931e-01
1.649401401017864810e+00
2.789232884178987071e+00
1.078513131204775988e+00
1.496291032604917692e+00
1.408801163740730056e+00
1.584190259709933102e+00
2.106014147887977916e+00
6.758613064090489564e-01
1.797524681505171529e+00
1.604473030348401608e+00
1.032790741743683016e+00
6.374081254800729734e-01
5.648768378603455931e-01
1.524881631463546938e+00
-1.950298570228628403e+00
-9.983816934255115294e-01
-1.265769844731720273e+00
-3.233095409336220749e-01
2.602976539601751238e-01
2.995719048744026392e+00
9.564262594390713357e-01
1.382377690664748915e+00
9.615615805778671143e-01
-5.455460967140668416e-02
1.777149777118783636e+00
2.155532057584457206e+00
1.865697718746395006e+00
2.079213545478670877e-01
5.941553056896834439e-01
-1.525413373526277594e+00
-1.414373710615113744e+00
-1.723686625055200761e+00
-9.234048663479803576e-01
-3.888215195818978120e-02
1.354287588360385097e+00
8.104096386860609735e-01
1.355530017602601500e+00
-4.451983814409521401e-02
1.172446626666146852e+00
1.683786322986077888e+00
1.295293295561672275e+00
8.243008816407033645e-01
1.018275798466670157e-01
1.800216816642371098e+00
1.091487333981419505e+00
1.570055722483640892e+00
1.411445845206985350e+00
1.301040462938152009e+00
1.162159245892980142e+00
2.009282377693707211e+00
8.711932156818541495e-01
1.034038853808242120e+00
2.349420245250449568e+00
1.465385997424276887e+00
-1.627675620736644291e+00
-1.536749111515835375e+00
-1.777738413777231852e+00
-1.433911188673399950e+00
-1.339909193294748224e-01
-2.580496250335717612e-01
-1.081022637335991465e+00
-1.853438969064368225e+00
-8.692073561190845066e-01
-4.999392913111054826e-01
1.779676563806324996e-01
-1.449035967434115113e+00
-1.977683037552512735e+00
-1.315366951447915378e+00
-1.351985351171684391e+00
1.416028457035678034e+00
1.123992151629434888e-01
1.534952793610349087e+00
2.135350053501368084e+00
1.217572052938641569e+00
-2.790993364859888359e-01
-1.379433521350363456e+00
-2.978192442209706137e-01
-8.802667220307819340e-01
-1.122651747548550683e+00
-1.028298394732415355e-01
-2.855954730625198668e-02
-1.251531237962883347e+00
-1.330873851422849530e+00
-1.189469062592828141e+00
1.030794534122465578e-01
-2.883125080524022721e-01
7.970906437922531396e-01
1.625011364690567950e+00
1.676695895451782548e+00
-3.716666726071189419e-01
-4.781205911016450649e-01
-1.349071969794573889e+00
-3.400649809823038439e+00
-1.502865941829427676e+00
2.110906994244446278e+00
2.913509241125511462e-01
2.003057570307493762e+00
2.244079406551834133e+00
5.759637439525158165e-01
-5.484944407060041716e-01
3.043198373643263288e-01
1.635768233085290957e+00
1.579005502581137810e+00
1.499098460289392420e+00
-3.507394606921034885e-01
1.216177220981903950e+00
1.305025196724551861e+00
-7.725243548194193899e-02
5.111117168810561662e-01
-1.003062581948420018e+00
-7.653387675335511231e-01
-9.342668386659558344e-02
-1.573154874950339011e+00
-1.821114048031576615e+00
-5.698226288325642930e-01
-9.942572230429417290e-01
-1.198801201192043919e+00
-8.908910888361838420e-01
-7.743445575279374049e-01
-1.104182930894851422e+00
4.980077509866025487e-01
-8.670840365562669794e-01
-1.351325566954902024e+00
-4.678522451072182342e-01
1.622158209224175307e+00
-2.954780033958144259e-01
1.967160367801197296e-01
1.107445138889928682e+00
2.554808913036067608e+00
3.720840753067853335e-01
-4.997630744520294988e-01
-1.697209772661099736e+00
-2.431981407778711635e-01
-2.805453884054264213e-01
1.578441770447969184e-01
3.638156839788693198e-01
-1.772766947318823005e+00
-9.942522900794870111e-01
-7.424617978930396767e-01
2.607206800304365579e+00
2.179062937971566694e+00
1.555126955073479422e+00
5.852525267827404232e-01
2.165071133531279557e+00
-6.908376751557024908e-01
-1.720754564928023145e+00
-1.142127384812412716e+00
-6.423515535807715615e-01
-1.832903603957858341e-02
-2.481610695634067776e-01
-1.304876985438314430e+00
-5.747997227501819850e-01
-1.090482903649771185e+00
-9.743909662323484433e-01
-1.797968396271010239e+00
-1.605141933424247824e+00
-8.917699117866126901e-01
-7.493227496541556842e-01
-9.886990928472471074e-01
-6.713423153130051446e-01
-4.945385631759791067e-01
-2.631649728964331469e-01
-1.629478234773889422e+00
-1.599411203745145116e+00
1.004527862660909543e+00
1.936015665791535723e+00
9.970483246250773091e-01
1.740354548266361601e+00
8.048212178916023252e-01
1.804447407237068424e+00
2.151257127824959259e-01
1.745970310890755606e+00
2.310548376422743466e+00
6.451958510265066726e-01
1.997926377418943522e+00
1.613462327992917666e+00
-1.113360885412133072e+00
7.900007112717049029e-01
6.800174291596599030e-01
-4.156053473855839675e-01
-1.129896216719467716e+00
-1.932575807295425330e+00
-3.212444622657266713e-01
-2.560641824762251995e-01
1.485273561593799085e+00
1.103760853339059267e+00
1.194733387479086417e+00
2.926636937876176958e-01
2.281198902894401304e+00
8.443620537149461036e-01
-6.816205417281051560e-02
1.377222405608707234e+00
1.179078211659926989e+00
-1.059771247658920057e+00
-9.845162438449130970e-01
-1.341899791110608087e+00
-1.764013038173335657e+00
-6.673577940520035723e-01
-1.487919437908411524e+00
7.928920035684267065e-01
1.599342402039386268e+00
1.491789827002131474e+00
1.478841893408574304e+00
5.436651192156245482e-01
4.862475626082166658e-01
1.895594437654050779e+00
1.845095753430898711e+00
-2.601018482605559345e-01
1.279675799179714746e-01
9.804626192974668086e-01
1.338246156487107763e+00
1.276261874589124545e+00
1.739702360621028898e+00
1.278158185898650157e+00
8.341610336910911805e-01
8.454710948760283395e-01
-2.114584874607676745e-01
1.026190171329841805e+00
1.529759146274709547e-01
-9.123426751696154247e-01
-1.016105853905523659e+00
-3.024535710123276822e+00
-1.870848554218661253e+00
-1.555779048834938116e+00
-1.113519418194172994e+00
-1.115889195895864550e+00
5.048069451941543662e-01
-1.181481833606196075e+00
-6.348656726281509677e-01
-1.253997265250583970e+00
-1.285071478313490445e+00
-6.969959809262924466e-01
-7.653052051821607193e-01
-8.292462735743661995e-01
3.351025072964923801e-01
1.672327177852974467e+00
1.062906834599911976e+00
7.606093989015414447e-01
2.893851521710432140e-01
-9.555759383896803572e-01
-3.235212186045448579e-01
-1.205017277894668837e+00
-1.099390547973929211e+00
-2.167151723565487131e+00
-1.242904376910026976e+00
-1.160923491622612769e+00
-1.922941102312468509e+00
-1.478929934790643497e+00
-8.833332351031820684e-01
7.780877528098593121e-01
3.096425210618120261e+00
3.760276761196743589e-01
-2.559025159246848258e-01
1.460352205774294143e+00
-1.404944847378650552e+00
-1.789258013881012577e+00
-8.830347580684533293e-01
-1.965714962908283292e+00
-1.218255700832064026e+00
-1.292323259759742271e-02
-8.090027708194826861e-01
-1.464902641347833878e+00
-9.060028799839087155e-01
-7.523683265469960357e-01
-1.927896868259119323e+00
-3.961762732537242870e-01
-1.487195242534272932e+00
-4.096681098431775858e-02
-1.496915679152838186e+00
-1.462564058951306034e+00
-1.897730054468725891e+00
-1.139408999432617087e+00
-1.771174433240216173e+00
-6.603253730380824749e-01
1.686975312665450755e-01
8.783855318736257800e-01
1.816444449522448101e+00
9.118258651929445069e-01
9.983632192494175106e-01
-6.179758893356119831e-01
8.121982481148042332e-01
1.352741184209528935e+00
1.975274772593197170e+00
1.435231544072432808e-01
1.775096612083104652e+00
4.667386163257607468e-01
1.769584335789216034e-01
1.610885538562250474e+00
1.254959750260893347e+00
-1.510054041355263443e+00
-5.325701301410488142e-01
-6.494834033497484116e-01
-2.230898226465085621e+00
-3.733744913187090342e-01
1.230317925203685325e+00
1.175731186052124899e+00
7.474925903250386749e-01
1.226942341430437011e+00
5.491134154550486590e-01
6.186413648968325241e-01
3.502263795908007182e-01
3.288048332222354153e-01
1.593400996757544430e+00
1.702170693753805253e+00
-5.266275117422970498e-01
-2.705512511977677725e+00
-9.536730645758687563e-01
-1.554608844860920325e+00
-1.130883655055479942e+00
2.164296367645058616e+00
1.069948259150290015e+00
-5.781327577882886537e-01
-1.343509093383827846e-01
1.813133224544355881e+00
-1.007437528877695776e+00
-1.520333613673040318e+00
-2.233338676375356879e+00
-5.788571367180609384e-01
-1.382258847295946502e+00
-6.811183269767314696e-01
-1.021418655595121017e+00
-6.052241458368163851e-01
7.903291565125019069e-01
-1.828406621634524498e+00
-6.456374159296449644e-01
6.234877881334361938e-01
-1.024235713590315289e+00
-1.196961173662490552e+00
-1.080705788221183683e+00
4.776319120801338913e-01
1.260324387582734351e+00
7.510805409666135857e-01
1.166510120988237365e+00
2.415604157571578980e+00
5.571736892616523384e-01
1.912276064316018820e+00
2.220306339775191873e+00
1.664352695250017167e+00
1.830858262944704551e-01
8.089131050245287335e-01
8.809002948267842248e-01
5.482346921626299885e-01
1.576960807111193574e+00
8.369222656284920348e-01
-1.033518983858699336e+00
-6.338686066103608185e-01
-2.086827763788981827e+00
-1.277415381420590412e+00
-4.684443449746034105e-01
8.455610800454569365e-01
7.463454356924271726e-01
4.340769461142934826e-01
7.186618145123779833e-01
1.820791880399281304e+00
1.524479538790391775e+00
1.222589111681112506e+00
1.253390536241847375e+00
1.267689320743295323e+00
1.455436226884958995e+00
-1.223375008117123741e+00
-1.572019784762759942e+00
-2.183837220756607245e+00
-8.741094952897950909e-01
-1.962127992545849464e+00
2.204576204413312368e+00
1.085444111621204577e+00
2.951063933856094001e-01
4.778419409587303379e-01
4.780326266485723785e-01
7.103353671025175453e-01
1.698821732476962332e+00
8.058393762404190142e-01
7.560432904360241402e-01
3.073641940258876604e-01
1.311037186721685899e+00
6.508983881323735510e-01
1.904538081086407209e+00
1.542751474792969590e+00
2.015865768568965599e+00
1.331279191549663121e+00
8.674517981745670792e-01
7.288393242825221829e-01
1.691050940721534390e+00
1.816914536638493560e+00
-1.669352029746388411e+00
-3.306432074116447684e-01
-1.890272285525101292e+00
-7.420289313305015177e-01
-6.442045132930098728e-01
-4.032618541758439257e-01
-1.590535198655652183e+00
-2.059656686641062606e+00
-1.879089313685036622e+00
-5.427688924063583942e-01
-1.460041794753386579e+00
-3.784453795856221880e-01
-1.018509161534728591e+00
-1.061296390616565999e+00
-5.002084880653620003e-01
2.774971888282149468e+00
1.599170677683244834e+00
1.072118143121434386e+00
1.299973214711478420e+00
1.862567661839857891e-01
-6.275599050333866558e-01
-2.338044266222083500e+00
-1.160612950769893015e+00
-1.464292333542531077e+00
-1.173316661716360176e+00
-6.833485765365279185e-01
-9.902064846480519433e-01
-1.517094390124586356e+00
-1.510863171629858837e+00
-3.187918774456213189e-01
2.006063399059416774e-01
1.724318770166788362e+00
4.159230580475488104e-01
1.395901220196558157e+00
1.907150670479570431e+00
-1.336144899420433907e+00
-1.433603636216580712e+00
-1.177525074164518459e+00
5.390689640041834707e-02
-1.337152636706510744e+00
1.196038086785681021e+00
1.388212208595113850e+00
1.492421240215485945e+00
1.265687859641746904e+00
1.467041411912530791e+00
1.821014778636889764e+00
1.809409575966349770e-01
-1.081004335565061147e-01
8.450045018756713322e-01
1.136090414537122673e+00
1.651984494748070409e+00
2.254345640543743201e+00
1.100878141504941343e+00
9.025494188515033045e-01
-4.501309689086081534e-01
-1.459681085388804922e+00
-2.277671886966313952e+00
-1.281027896269993915e+00
-1.725470779077116434e+00
-1.516112433787347058e+00
-1.540098299311686514e+00
-1.295863986355334507e+00
-1.852585635402082431e+00
-1.520395380437546962e+00
-7.174525770397733870e-01
-3.164230909829981453e-01
-1.561493998602507816e-01
-2.388228634835011022e+00
-1.733422412816610025e+00
-1.216973809356890701e+00
1.434517416998781325e+00
5.987820978292788254e-01
1.510527744753185964e+00
2.063432838985721496e-01
1.308615526951320218e+00
-1.270526341704484530e+00
-1.229049159044770523e+00
-1.168712236104046065e+00
-9.410189172501647326e-01
1.048531572175210869e-01
-1.929848718994022105e+00
-1.277420475244510856e+00
-9.312467537075459489e-01
-1.955160254908643092e+00
-2.403709602562543957e+00
7.964382167714123550e-01
-2.738839646673130179e-01
7.410214242436556908e-01
1.711746909066359512e+00
1.950952465850268602e-01
-1.445190408219025890e-01
-1.539091813185661906e+00
-1.252796590867676363e-01
-1.055534428840607664e+00
-1.134004117867744021e-01
-1.630185821674250857e+00
-1.160789031017954720e-01
-6.406684194878541350e-01
-1.393343612618820559e+00
-6.723402678093109985e-01
1.150707582148471353e+00
-2.207573109116311549e+00
-1.990736979042504462e+00
-1.662086909857562134e+00
3.001301620157592609e-01
-1.145081515979138764e+00
-1.395037133388844275e+00
-1.295139399454368290e+00
-2.349902823781591099e-01
-8.360931836817748763e-01
9.975340334520725882e-01
1.121803454617533724e+00
1.155715785163107912e+00
3.216736942278725087e-01
2.107631798978895521e+00
7.390682598102082945e-02
5.340106265822093246e-01
7.489883494682277876e-01
2.331093844054427766e+00
2.163822654698296377e-01
1.430121384755975944e+00
3.769550913984942575e-02
8.826697969115274711e-01
6.744768826421185803e-01
1.425253257529379702e+00
-1.451527469437759787e+00
-1.349881773576124377e+00
-1.798331705712489903e+00
-1.152324930089390076e-01
-2.413902577935200799e-02
1.280112383710156898e+00
9.252582010581288374e-01
1.153614718732183908e+00
-1.201071566076783892e+00
1.683546157736214521e+00
2.207371120074830273e+00
2.373424832591968237e-01
1.963522872056091106e+00
6.097302591112609971e-01
4.198155876355151861e-01
-1.049448351354719922e+00
-1.175845629625721811e+00
-1.091033822017638988e+00
-1.535748713626894357e+00
1.961495628606313435e-01
1.433664203698195916e+00
9.533198094618299256e-01
1.456438965022153420e+00
9.485956656806162623e-01
1.879689837836147515e+00
4.866672035626782300e-01
2.233282625049370917e-01
-1.854296147215409807e+00
-2.022274927452453852e+00
-8.070145147554079745e-01
-5.137030370725007566e-01
-1.388317863410298836e+00
-1.009607142261193857e+00
-1.780065589244917312e+00
-7.192023582543649596e-01
-1.350770073225538548e+00
-1.449160373998080287e+00
-1.048395690796348312e+00
-1.951451210428936101e+00
-4.049791038966713552e-01
1.638979315189198482e+00
1.006861183892799438e+00
6.495233906335161622e-01
9.261585578604434321e-01
1.419776897208007149e+00
1.071451244917176693e+00
1.543312346903159327e+00
2.246723672526730553e+00
1.344904439133000285e+00
1.806856736432452815e+00
5.522142100271252296e-01
8.857320102016681407e-01
1.310335054186740233e+00
1.019497005349614627e+00
9.456814391999873726e-01
6.757973703278290500e-01
-1.279447938785744920e+00
-6.919172938177085008e-01
-1.237525984464860507e+00
-1.028389769320039449e-01
1.988744402161630731e-01
1.234655691913564279e+00
7.221639845606078190e-01
6.984701944193588696e-01
8.394038838494033428e-01
6.902021995318576852e-01
1.784790435590011937e+00
1.070673269876107669e+00
8.360364573770516783e-01
1.429223891014432590e+00
-9.004842882101276036e-01
-3.428905903939513111e-01
-9.737639619218009246e-01
-1.240451381683244758e+00
-9.261101542046304980e-01
2.428434736744151223e+00
-8.584860554092310636e-02
1.186629606703988982e+00
7.987238206991760237e-01
4.101293763164557404e-01
1.758532328908117615e+00
6.531047769425133431e-01
2.126889560050501338e+00
2.161107364783614315e+00
9.576833286162452774e-01
9.294778487990076332e-01
-8.176288581288093660e-01
2.124361219318494420e+00
-9.870634329279193153e-02
1.835685506273587730e-01
1.480685233991738237e+00
1.153832299215290291e+00
1.607456737247727752e-01
6.007625172923174439e-01
1.182296047625030821e+00
-2.067052029906495392e-01
-1.590213025903767008e+00
-1.640885912625491994e+00
-1.357826554096135840e+00
-4.553637799650195328e-01
-6.323156436790895452e-01
-1.740380021444530856e+00
-7.723367048408067426e-01
-3.745951818476636053e-01
-1.623008467778531916e+00
-1.079108236784337427e+00
-1.797789015732492723e+00
-2.335510884387362651e+00
-4.637302003288150676e-01
-2.511603955505009811e+00
1.460455008579629954e+00
1.452815583011652256e+00
9.810893741821145042e-01
-2.316916421553509853e-01
1.444919469182311289e+00
4.423626504299578155e-01
-2.698458639630980649e+00
-3.106757085899435111e+00
-2.489704519141632044e+00
-1.403707649869220031e+00
-3.127047521255336138e-01
-1.187135853591685608e+00
-9.333824976896041292e-01
-7.055123300251349150e-01
-8.254059365812304039e-01
1.670144392877994877e+00
-1.560354435102331294e-01
1.368327151290172239e+00
2.365745283499503859e+00
1.643291212692034930e+00
-1.342121976013580298e+00
1.317899417718884081e-01
-7.952501181230460237e-01
-9.716050832272190574e-01
-1.444891621856811526e+00
2.154422729404764425e+00
1.937163486534366319e+00
-3.406825343484465307e-02
1.391329343486014114e-01
1.435249664442868056e+00
1.533829153352817221e+00
1.759260540225720204e+00
1.467029200970275893e+00
9.195082306198476552e-01
5.401507424697764570e-01
1.468964094772780449e+00
1.482067827996969900e+00
1.310059538205464058e+00
-1.728158906301890951e-01
8.149633062091832247e-01
-2.217300919077477506e+00
-1.428723087586349916e+00
1.002501544163321157e-01
-2.156203992562737426e+00
-5.490389193864606554e-01
2.615654495509693866e-01
-1.646731394197562537e+00
-1.022569637571011825e+00
-1.214426336185204569e+00
-6.590594985551629925e-01
-1.723677770390049657e+00
-6.889570795276860338e-01
-1.728973182761045946e+00
-1.646782584436101482e+00
-1.317816778790927845e-01
2.777305993218092128e-01
1.503682667919656879e+00
-5.569518947542677623e-01
8.814607890930459266e-01
7.687333795665355352e-01
5.864280592254473845e-01
-1.354613028767453597e+00
-8.225999305329079192e-01
-1.454911288318738283e+00
-1.931355407593779550e+00
-1.531082654267569954e+00
-1.393516134903452386e+00
-2.398301644690747914e-01
-1.853996868845854351e+00
-7.540539204677566554e-01
1.771514774058032371e+00
1.575415201639890794e+00
9.057075093883781847e-01
2.045775862759353636e+00
1.327039449236042667e+00
-1.254290325597460454e+00
-1.609970440376320866e+00
6.304309994708265918e-01
-9.722969664054746941e-01
-2.050450549464077898e+00
1.881687823450638453e+00
2.190243011957524022e+00
1.899166559567409429e+00
1.306355316908882180e+00
-3.147936901005372601e-01
1.139572836928286481e+00
2.105488834370793150e+00
7.836987635018697329e-01
9.896559805107820740e-01
5.611377187544497325e-02
3.809875027984546136e-01
1.200845944661677933e+00
1.228327444855239259e+00
1.556470547128008031e+00
2.544408946075378264e-01
-1.965745520824421888e+00
5.130374179427881209e-01
-2.004473411259156457e+00
-5.923552247077038535e-01
-1.440050269830260188e+00
-1.054653774498579555e+00
6.733652917977139829e-02
-2.475732196618448455e+00
-6.890493286823542451e-01
-3.325718570793174678e-01
-9.500016720691054628e-01
-1.396130188130760619e+00
2.077351907875746306e-01
-8.941702609837176574e-02
-3.781292229406338912e-01
-3.699668753362255202e-01
5.978216863187721941e-01
1.434154331752707012e+00
1.415527818874101174e+00
2.145267343959163409e+00
1.473160350319209222e-01
-1.575358351772117249e+00
-1.109672614531155954e+00
-2.547722466000290620e-01
-7.407607672259854947e-01
-9.187689430348385811e-01
-2.998534601082058160e+00
-4.047265130651065412e-01
-9.375399603831832129e-01
-6.282832577640119487e-01
1.351215445718469965e+00
-1.375529407633544476e-01
9.684273772560937354e-01
2.489400654641397370e+00
6.360211238465416361e-01
-5.432411525106667360e-01
-4.331895865474607588e-01
-1.945685344723654620e+00
-7.917072641178674042e-01
-1.477927943647586950e+00
-5.640174978134360195e-02
-6.400329180290993403e-01
-1.388267245803687544e+00
-6.104372867166656391e-01
-7.375634053685437008e-01
-3.541253684804319679e-01
-4.998908289188794818e-01
-1.752012549600652669e+00
-1.347958211895387004e+00
5.301646664524946040e-01
-1.989249702400288644e+00
-1.265232011613664387e+00
-2.949976624125041358e-01
-1.777237905242426752e+00
-2.597510909962854164e+00
9.838017681671202830e-01
1.337323494700113802e+00
5.037746711688547707e-01
1.772018133549019936e+00
5.562670773756401843e-01
6.027377879646764747e-01
2.295566742924113335e+00
1.240813948014760193e+00
4.586016261541352446e-01
1.071346484951982925e+00
9.334309097392645693e-01
1.362454708847045337e+00
5.789301669756223845e-01
1.078782455272783602e+00
1.229132634555767600e+00
-1.483760417196904324e-01
-4.503153857380849390e-01
-1.175818627148632833e+00
-1.522228243763682043e+00
-1.067928294077096663e+00
1.432400419928615776e+00
2.940778343485497270e-01
1.315294770693966830e+00
-3.064566515955533532e-01
6.505622588478241486e-01
1.203622865663837249e+00
6.514311165058619402e-01
1.724611978668029622e+00
2.288119210019264216e+00
1.854208716915477284e+00
-1.981721631595539934e-01
-1.862306806409852022e+00
-1.020920543669644243e+00
-1.990108270837620985e+00
-6.321934923421992369e-01
9.688248199854350151e-01
1.752928307411950604e+00
5.017508374032652041e-01
7.328805688635133819e-01
9.066907112221356257e-01
4.917685847599578830e-01
1.198429825692295836e+00
1.422458742038101631e+00
1.310737746557865346e+00
7.805766008656178645e-01
1.266313214453896663e+00
9.448043479272371092e-01
1.494894214981120850e+00
6.142610586581587206e-02
1.743873435932524751e+00
5.967223586450547401e-01
5.546416484712181072e-01
6.722096686628429296e-01
1.184958596550582666e-01
1.000361158213986190e+00
-8.743414393425141817e-02
-1.159834459959349084e+00
-7.764643547851004524e-01
-8.054193124832111916e-01
-8.900256600205940227e-01
-2.032155547827030340e-01
-7.747848976103258734e-01
-5.826065265923290326e-01
-1.594801753847452375e+00
-9.605293934777893172e-01
-1.105111627551328857e+00
-9.717082870546819295e-01
-1.359833108617306774e+00
-1.631647037186697125e+00
-1.639768818290684438e+00
1.473580069598275255e+00
-7.537601780458418332e-01
1.615424936436190340e+00
1.649203040049939117e+00
7.169970876290592265e-01
-1.409204041755953707e+00
-2.308179626503289450e-01
4.592426619104279517e-01
-1.164369486690560063e+00
-8.058871916687817549e-01
-1.052912587228291619e+00
-7.307085623608022829e-01
-2.296702541286176569e+00
-2.024783733124923657e+00
-1.048569331237128699e+00
9.158828876640557892e-01
5.458969281770293946e-01
-3.317974231005904606e-01
1.904222112456989802e+00
7.788024849575845288e-01
-1.136505137151276434e+00
-2.252803861012353970e+00
-1.855908356806012627e+00
-1.271019477634566019e+00
-3.459861026416477969e+00
-8.429528299826016813e-02
2.941860832837925877e-01
1.212305780940631017e+00
6.601496640554649353e-02
1.658741484982463765e+00
1.181119488051387778e+00
1.265670381371446496e+00
2.541093443264599294e-01
9.754690882508352257e-01
1.193787712083140606e+00
5.910129862187808447e-01
5.896470798724171569e-01
8.053716638729612187e-01
1.867921524822945711e+00
5.649834098363493151e-01
-1.141284472081755208e+00
-1.393016737376048031e+00
-1.584936432976489007e+00
-1.148383236743218516e+00
-1.403132225074288142e+00
-2.527253419402412105e-01
-1.886469723324599057e+00
-1.039091045745889064e+00
-1.182004960159954265e+00
-1.223110969775806245e+00
5.481554028732160688e-02
-1.556400541979583885e+00
-6.276982924367244809e-01
-9.867883879245260559e-01
-6.005972151004688175e-01
5.394771398683386732e-01
1.114024575331488354e+00
1.380886999306587537e+00
9.789092772644919505e-01
2.112156192729423010e-01
-1.353424324976273185e+00
-9.258515437679060156e-01
-1.137993212990755731e+00
-6.197850799370014929e-01
-4.941726097656107264e-01
4.149512430184314482e-01
-3.217101803044619679e-01
5.740245583067453694e-01
-6.235048648290748563e-01
-1.481760399162934227e+00
6.256033109385786828e-01
6.512933525881514640e-02
5.743491319259264039e-01
1.127491838241165389e+00
4.480804684003930616e-01
-9.842826546189780146e-01
-1.872380848059625791e+00
-6.045658333532797357e-01
-9.693029007909264028e-01
-8.456029845664814193e-01
1.296672258223304564e+00
8.175774876852787143e-01
1.274829002546199463e+00
1.539432079053789648e+00
1.649266061155401975e+00
1.770771974904604029e+00
1.720099058245674994e+00
1.473322123149580776e+00
7.656998104954283457e-01
7.166793422857802298e-01
1.576910537131605228e+00
-8.462859325783753661e-01
1.454526724489754619e+00
1.787319995379665460e+00
1.862413305998436686e+00
-1.345990545045848918e+00
-2.121285197983089787e+00
-1.708137398329254708e+00
-2.339057208500757490e+00
-1.015250642252613522e+00
-2.909533341324280542e+00
-1.875632589814794748e+00
-1.468731092574110608e+00
-1.500348898210136284e+00
-2.278105229561068867e+00
-1.098658779971223520e+00
-1.280343571498058663e+00
9.923030770664809097e-02
-1.714298757625420500e+00
-1.310619010886804769e+00
-6.755988418450487032e-02
1.058322609806702008e+00
4.667770264683052117e-01
1.622557662745320872e+00
1.830437973187913014e+00
-1.093065798710664227e+00
-1.380723360842605274e+00
-9.981183474920476417e-01
-1.792997595359387297e+00
-8.010702076799607330e-01
-9.336785951047422705e-01
-7.098853073228044153e-01
-9.344418181206296525e-01
-2.547594579198324993e+00
-1.395982847444530606e+00
2.133517284817285198e+00
9.684484635756281934e-01
1.369679470040988001e+00
2.042709394964379310e-01
1.342191856422924268e+00
-1.712050793912424096e+00
-9.387718715339248288e-01
-1.291045711886266822e+00
-2.282884235609095036e+00
-5.787104819157982138e-01
-1.333346409829814894e+00
-1.018249511343276126e+00
-9.792352442990966965e-01
-1.974506849029330713e+00
-3.866850397280685581e-01
-1.030020453215359177e+00
-1.532760597271332292e+00
-1.215850963097340642e+00
-1.606356770369028464e+00
1.758203748338176275e-01
-8.185778515815992362e-01
-1.929508094629757364e+00
-5.945145262432004474e-01
-6.875199476764161099e-01
-5.818016286363654199e-01
-2.432594791673785561e-01
1.605446378866921986e+00
1.324923118424296220e+00
1.338234878905081748e+00
6.066607641230354897e-01
2.395305328910209974e-01
6.648116770297993749e-01
2.037122956223526238e+00
1.147654840031590462e+00
1.749798834912734247e+00
1.996354698322608812e+00
1.291951912144351011e+00
2.994908651948199108e+00
-3.242777617999381690e-02
6.249407999327690755e-01
-2.025306581345707180e+00
-1.148808587725014041e+00
-8.329709512683554085e-01
-2.093189040791973987e-01
-1.755030793939798439e+00
8.467305954837145432e-01
1.150309298136663161e+00
8.198520955699728496e-01
2.748802778778146827e+00
6.426110320001982013e-01
2.321089986356111634e+00
1.215149650022964600e+00
1.937181576737103228e+00
-2.940237331627510997e-01
-6.618437720721677131e-01
-1.097112174800768836e+00
-4.926436856582765422e-01
-1.050277402638255086e+00
-1.565226229010611370e+00
-6.362531806167733839e-01
1.759510166695253064e+00
4.979129308021654765e-01
-2.713644064275433365e-03
1.932745424488470309e+00
-4.520508701802143925e-01
1.230510987838426606e+00
1.860166827801518208e+00
8.487037893718456516e-01
2.421847019190472849e+00
2.153742504892086629e+00
8.304707756477008873e-01
1.960585448169507972e+00
6.255241450261879166e-01
2.312239963951229882e+00
5.497260694626286970e-01
1.174664148019699095e+00
3.393034694019869679e-01
1.868212442138093010e-01
1.389421378992448552e+00
5.097575993845491205e-01
-4.375105862853502225e-01
-2.704856788756390351e+00
9.813100293869259083e-02
-1.253244643962871940e-01
-9.353151953785791006e-01
-7.931722464306469877e-01
-7.004865172710330601e-01
-1.386878602841975061e+00
-2.126985861158644298e+00
-1.657417233152167046e+00
-1.482086417565183556e+00
-2.139177561470696709e+00
4.633570259486714527e-01
-1.755878167655464894e+00
-1.333512784064345258e+00
1.615796513345309382e+00
1.952705354866706600e+00
8.030310581151665072e-01
1.571666916637882050e+00
-1.955992540602702334e-01
-3.203453447475428373e-01
-1.167383053764626144e+00
2.246473969951301441e-01
-1.162226579815381688e+00
-1.998091199975314591e+00
-1.229804520669800949e+00
-8.458849107951469382e-01
-1.014047200734629062e+00
-1.474800195777564937e+00
-9.792972748543183892e-01
2.640199000754402725e+00
1.358354858499998929e+00
2.214294520180014825e+00
1.292261887316062952e+00
1.492292955979149349e+00
-1.230487326224801503e+00
-6.782534666168593684e-02
-5.604847979324325546e-01
8.673331898352061309e-01
-2.756405301716236877e+00
1.194909592555329247e+00
4.202302095271679416e-01
2.140766126181104401e+00
1.533496741935503449e+00
6.479271726971090883e-01
9.750276644266987480e-01
1.435266987528032834e+00
1.700251896411188790e+00
5.829684204156140304e-01
1.155031324941408810e+00
1.695854520749523697e+00
1.277177329936421080e+00
1.040648062864519829e+00
1.291328138628470734e+00
9.509431617055178476e-01
-1.558793215545199562e+00
-6.346795182628205412e-01
-1.111517135669119583e+00
-2.261842302520082892e+00
-8.033826399875322322e-01
-8.234204896635355375e-01
-1.403413416309646555e+00
-2.443769194847631443e+00
-2.699423804559563322e+00
-1.036236661752217181e+00
-8.917934863431025150e-01
-2.942041467914345843e-01
-2.646879121164019688e-01
-1.329783281485435786e+00
-2.228424311000048341e+00
1.510152914054326612e+00
1.838103126533927600e-01
9.706333203490989936e-01
1.602454237950661220e+00
8.092824898786286081e-01
-1.271291115930049287e+00
-9.632690255759839282e-01
-2.870767066858584293e+00
-6.725543958312123483e-01
-9.949838265848534036e-01
-2.271893734637171480e-01
-1.036861185940417318e+00
-6.708399479317939118e-01
-1.263013005709435088e+00
-1.107489285433444159e+00
1.767191829734130248e+00
1.520125234381386914e+00
7.117049880508115045e-01
1.262493509637273581e+00
1.213527241825762992e+00
7.119320617481528224e-01
-1.111537692567065694e+00
-1.921585329563393341e+00
-1.641357953613790333e+00
-1.682110782231651669e-01
-1.815469924851082828e+00
-2.272648574813572964e+00
-1.927115428791783547e+00
-9.846943624357632485e-01
-2.986555106455047515e+00
-6.725668165796780951e-01
-1.247282162590397148e+00
-4.330978220711940718e-01
-1.329641226068375648e+00
-1.676899910249064041e+00
5.425500916584620192e-01
2.317487330058827233e-01
-1.594775546014777001e+00
-4.411133916228325846e-01
-5.214932983423589130e-01
1.046248988616174103e+00
1.252550183629578040e+00
1.710491617404456210e+00
2.196688754978776803e+00
2.555698816280028707e-01
1.398234246942469783e+00
1.031505189551521484e+00
1.249768238018954758e+00
-9.746658742528890862e-02
9.948470712513357572e-01
2.316488087040279087e+00
8.661930436637665931e-01
6.197878891255579337e-01
-3.753228770666003911e-01
1.187309927856802005e+00
-5.016516993603705732e-01
-3.748287727784207490e-01
-4.937576111098361809e-01
-5.435507522616174203e-01
-9.238657588013190480e-01
5.042266211437259615e-01
1.666853337187675699e+00
8.876780171549292220e-02
1.383918049420337137e+00
1.777068998434661484e+00
2.115124545350559160e+00
-2.050764301842473714e-01
1.190666211493166537e+00
1.372715357916806767e+00
-2.316383797735264150e-01
2.564226671581582018e-02
-1.873128099163241078e+00
-1.965438097804069528e+00
-1.248663534635535921e+00
-1.841500751760532850e+00
1.039425648169820304e+00
3.975022009717571470e-01
3.124690049255938185e-01
6.137551631516213746e-01
1.568257724927236252e+00
