-1.878996188294563163e+00
-2.110349453585572022e+00
7.142593365193672383e-02
-8.254257105806656059e-01
-1.569843080019127868e+00
-1.220573521894024793e+00
-3.333257884282293526e-01
-5.343474051515584300e-01
1.743830937780583845e-01
-3.658089293542527987e-01
-5.894138465143650141e-02
-1.600694105018567015e+00
-7.392445440780637256e-02
-1.785165012070521584e+00
-1.588782716631715219e+00
2.263555067433818957e-01
1.683963929206129029e+00
5.705216003159985227e-03
1.746632128148535301e+00
8.638591196647555925e-01
1.323026889246129656e+00
1.455466349851844088e+00
1.667543975400336720e+00
-3.703928767410813450e-01
6.795544372217364737e-01
5.753818150693772449e-01
1.106908457148403357e+00
8.844329346667776370e-01
1.185639465429322525e+00
4.699805736928056588e-01
-1.405501083278912100e+00
-1.976556307127919521e+00
-1.073800160872046439e+00
4.914225703737071793e-01
-8.707490758040580259e-01
2.216567844371719609e+00
9.130231155898909101e-01
5.165751922812036323e-01
-8.267623365150122972e-02
8.081005027250849349e-01
2.496641165038525623e-01
1.415744661568747897e+00
2.542517228215090963e-01
1.315311421433655870e+00
2.248418750970883728e+00
-1.703557692145777569e+00
-1.421415948451291156e+00
-8.997289379900901274e-01
-7.723394755338304218e-01
-3.697506307714008011e-01
2.233482495528980483e+00
2.603428307241710815e-01
1.855228966847092265e+00
5.951517074923258210e-01
-3.224963108729874683e-01
1.247577793637035581e+00
1.100399564841290978e+00
1.051761851804860592e+00
1.746757338883053734e+00
1.538123748236635890e+00
4.107125389428564199e-01
3.226314525499188957e+00
1.404385527133839240e+00
1.325684223714773680e+00
3.609226196048278545e-01
-6.174830868595160283e-03
1.666176233878548629e+00
1.225827739495605639e+00
6.888888872646300454e-01
5.646771683533188257e-01
-9.010890939580241676e-01
-1.871225041885987039e+00
-1.564593077629914841e+00
-1.933632376884241832e+00
-1.090790458395666018e+00
-7.707380101661633898e-01
-1.118118352539065885e+00
-4.977757893050009930e-01
-4.702255266007614454e-01
-8.172918834634319563e-01
-1.041757595239970247e+00
-2.226261630358932209e+00
-1.563598847709118056e+00
-3.066649790905948691e-01
-1.792454348806076458e+00
1.318147869313341713e+00
8.987178885598661182e-01
5.075117667320150350e-01
7.892809355362870871e-01
1.345618660498534069e+00
7.148212319970204121e-02
-1.447744363279508173e+00
-4.562517927140881113e-01
-1.060556304075951362e+00
-1.429013082214606101e+00
-1.198842105167081673e+00
-6.541204767794257524e-01
-1.917885705284814613e+00
-1.742237565033983859e+00
-4.821054295820035307e-01
1.554256019913036191e+00
1.431674322266167199e+00
1.140893366125182329e+00
1.727051197939591498e+00
1.800799179539562145e+00
-1.152045924421459144e+00
-2.163797340425168692e+00
3.633417396152940348e-01
-2.213828331182810416e+00
-2.672580468653518171e+00
5.223171294405609677e-01
2.510042338947203966e+00
1.693082151535742819e+00
1.046884960617915139e+00
2.137345039257629864e+00
2.700781281926381894e+00
1.248533600469567961e+00
1.025535606053328053e+00
1.194783293426379123e+00
2.437254164362452347e-01
1.585906381552189215e+00
7.073104606192937016e-01
1.990174978707375253e+00
7.816092230697608834e-01
7.773685297000867411e-01
7.777081987660101614e-01
-8.699081961014160091e-01
-2.502695349925395663e-01
-1.502897815872729748e+00
-6.077482913872329640e-01
-3.878377372358202679e-01
-2.478423374603300200e-01
-3.845502442500821072e-01
-3.396288102332759573e-01
-1.541339825943469188e+00
-5.985077440067813059e-01
-3.065052854030085427e+00
-1.223908835571732023e+00
-8.208768795511052208e-01
-9.291341804206660893e-01
1.079167323410242796e+00
7.082707307540201391e-01
6.373032221295552580e-01
7.685773528339803207e-01
3.039283846744964546e-01
-1.008870273576213172e+00
-4.132755265563987646e-01
-9.802777918096304832e-01
-2.002509977908113470e+00
-7.900167876013040047e-01
-3.331729757062164010e-01
-1.275366146687500812e+00
-2.468326982142424963e+00
-2.028675544716207924e+00
-2.269291579111761603e+00
8.701836767635247050e-01
-6.304233739927429525e-01
-1.327574885971921415e+00
8.846788492486165056e-01
-3.996750892312150860e-01
-1.728447755699143995e+00
-2.288105082500041298e+00
-1.255249418966256636e+00
-1.007007482349052241e+00
-2.280595947054480099e-01
9.073231629225491091e-01
1.718633740531050780e+00
1.851061163910015850e+00
7.086280510072082706e-01
1.217588138353763449e-01
6.029114307319191068e-01
5.895348980141216222e-01
-2.691138147067249076e-01
5.494117400701794551e-01
1.127906159684716858e+00
5.286930064437220800e-01
8.892574042072068918e-01
3.409710872604713172e-01
-2.061956350338205457e-01
1.575877989283265279e-01
-6.221931904919799639e-01
-2.471499333851512326e+00
-6.227211566172614621e-01
-1.091578633579363133e-01
-2.531319530089798375e-01
-1.928997137659131278e+00
-3.103233699074473773e+00
-1.829127731502542487e+00
-3.648491224597714133e-01
-4.608602127765697443e-01
-2.912011263667243499e-01
-7.537385282420957511e-01
-7.256739008614365716e-02
-1.780328783783019952e+00
-8.255625503332453263e-01
2.372295868398708318e-01
8.680004541252350769e-01
7.209366562836956316e-01
1.664338016100649131e+00
1.115445306421509297e+00
-1.432778696906341187e+00
-4.091547434145392792e-02
-1.118424183403750050e+00
-6.677795217434079333e-02
-1.693366474202376626e+00
-1.488056334136317105e+00
-5.812826102969921305e-01
-1.345169716698298323e+00
-2.047498093093157223e+00
-1.402436605033449801e+00
1.016140644539322846e+00
8.208943033160588376e-01
-7.068824167765641597e-02
1.272357819661376510e+00
1.357158295960928074e+00
-6.552614908762643964e-02
-5.936376375235025149e-01
-1.101256979989700291e+00
-2.025554997196981954e+00
-7.319776790047255455e-01
-1.068124489100611862e+00
-1.809574176175803295e-01
-1.167180129457086712e+00
-2.994310741176312352e+00
-4.757138219210824692e-01
-8.706575412813830628e-01
-2.063122692528177815e+00
-4.105613153309004559e-01
-2.584688148698979226e+00
-2.421077385806835736e-01
6.882424566294145230e-01
-2.734285050341869194e-01
1.072036108578056535e+00
-1.706061952759377220e+00
1.001310498994911757e-01
2.125912112206046700e+00
5.569947172139646518e-01
2.068460837029024724e-01
2.491159047730683307e-01
8.001825429697586589e-01
1.300057735824046823e+00
1.747986728077318253e+00
-1.674699730657684960e-01
-4.169018105921473705e-02
-1.939160730271547450e-01
2.014034696247496647e+00
5.770927838027134493e-01
2.852941368936114941e-01
1.699893145269908867e+00
1.635397614800866428e-01
-1.023888360475585735e+00
-6.215817720312973860e-01
-1.059187909612763212e+00
-5.481927744819634629e-01
-5.097289794025595677e-01
1.822304119284834822e+00
4.987788332062009777e-01
1.055575194062139621e+00
2.574064979542427523e-01
1.068626835890385873e+00
-3.099445910304752250e-01
1.411793045568463079e+00
3.402470763171184798e-01
6.045996279092425985e-01
4.254947013205538919e-01
-1.110859953580564774e+00
-2.821420626228032802e-02
-5.913528900511626496e-01
3.820846870885659108e-01
-8.017648419063210241e-01
5.549395648930675051e-01
2.682813798322424281e-01
-1.167269062379294731e-01
2.029585416728538316e+00
6.073153481034829770e-01
-1.784973228947684065e+00
-1.469018174499919560e+00
-1.376052597731323157e+00
-2.401843450609907116e+00
-9.602756951630115889e-01
-1.601015582183682007e+00
-4.277636017378735334e-01
-2.096041509325435648e+00
-4.879561911842701383e-01
-2.898086510613825162e+00
-3.008027388557473536e+00
-1.008857101648572785e+00
-1.863469447779201538e+00
-1.916051383645159367e+00
2.568032961777102496e-01
6.934401682580204618e-01
1.058233118567654563e+00
1.516872391642256179e+00
2.182907576212303358e+00
1.681934264643966781e+00
9.643468406300802487e-01
-1.374522811231568831e-01
1.229548721929209165e+00
1.198186216577668217e+00
2.296583342613093492e+00
2.347640063966898172e-01
1.288545373331957844e+00
2.508124343726795935e+00
1.417465034604984186e+00
-1.117639485266663790e-01
-2.129270249233693235e+00
-1.363509037688900749e+00
1.469701976613615457e-01
-2.477302892623171715e+00
-7.324431415373200416e-02
6.870393219026729170e-01
2.021011308603774648e+00
7.264006150367006143e-01
1.093856523668851333e+00
1.332039398841656563e+00
1.034151640177433107e+00
-1.184811115007544657e+00
1.706645003536325866e+00
5.571535722422330528e-01
1.432951773936864459e+00
-1.834313762600378261e+00
-1.359965778059744945e+00
-1.302672694668895792e+00
-1.666632110740229322e+00
-3.330177189729241150e+00
1.615532452778668748e+00
7.206549450735469931e-01
1.195319658605860980e+00
9.346440199766370416e-02
-3.838267665269907702e-01
1.907506361392673710e+00
7.056669495172025464e-01
-1.862130914987196739e-01
-3.726238380134010431e-01
6.162686029142045996e-01
1.004688432508272333e+00
9.979259115784810952e-01
9.385294710497633641e-01
1.053227913989458031e+00
6.755588363440060418e-01
9.872936819399229513e-01
1.784790737823820361e+00
1.869351575539374810e+00
2.020624748957383865e+00
1.087882565363955667e+00
-1.179373329734631826e+00
-1.726397828882952235e+00
-1.629894666603515008e+00
-9.579661850034048021e-01
-7.938115335494961844e-01
-1.012676282074122414e+00
-6.325717814202989064e-01
-1.119859251839065317e+00
-8.352337028706084965e-01
-8.692502579670466911e-01
-6.817689320490720739e-01
-9.188942676263622822e-02
-1.899142813690639420e+00
-1.378953512334861964e+00
-1.535961949379071045e+00
5.777366104707968297e-01
1.428117786123854316e+00
4.237956564592161302e-01
6.776444257348661626e-01
2.274959643161517775e+00
-3.070170840150517222e+00
-1.531613810538689169e+00
-2.154620878167035070e+00
-3.165062411255182173e+00
-6.768809684672710825e-01
-1.718291952073178974e+00
-1.431147206583761822e+00
-2.430012726684967816e+00
-1.918408371913292498e+00
-9.105805643217667056e-01
9.247210361214260876e-01
1.162399767689857200e+00
-5.824514680932426636e-01
8.560317243144593968e-01
1.076197629742512651e+00
-2.951803452177139686e+00
8.822828415818051440e-03
-1.058197210948913058e+00
-1.245314839874390289e+00
-2.664340668090047881e+00
-7.140074941048002444e-01
-8.963483897347145346e-01
-5.401566253071471424e-01
-2.786754259885360963e+00
-1.733561226077358963e+00
-5.519335000679566061e-01
-1.373685422274646184e+00
-3.990643104732564117e-01
-4.181252079712211023e-01
-1.709244315210345366e+00
-1.116372209572273011e+00
-3.460767904286965457e-02
-5.239626247593061059e-01
-2.286789026278703396e+00
3.143972790210303181e-01
8.142093080026163721e-01
1.175641712088948854e+00
1.437825481426411756e+00
2.255367039813716001e-01
5.085591302702190397e-01
1.575706772600862227e+00
7.509920153441121959e-01
1.518767515716910488e+00
2.476931137009741324e-01
7.968477235808675285e-01
1.954232178919018903e+00
3.612021694580405118e+00
1.654604317160915272e+00
1.516904909615178543e+00
7.926100697041198462e-01
-9.111104407011817452e-01
-1.262492682278672174e+00
-2.227173938097050776e+00
-7.572095217329251060e-01
-1.601395928777819000e+00
6.715984250648990850e-01
1.347528822261941928e+00
1.264463115244677915e+00
4.595342492113732025e-01
4.216444174833615666e-01
8.400332667398120456e-01
1.300815727949041545e+00
1.034251784966118581e+00
1.736596614463558730e+00
2.346863133200174367e+00
-1.620581272082548319e+00
-1.184868841514051363e+00
-1.810353619689590410e+00
-1.395436295270589433e+00
-8.929639271831034675e-01
5.805397215826003654e-01
5.951655866114897719e-01
6.804563019197010787e-01
1.245296290626847879e+00
1.214957691331946199e+00
-1.488755740136237460e+00
-1.209256327403989584e+00
-8.483348416343901022e-01
-1.657132029315833144e+00
-3.348162973372798001e-01
-4.081874337490964955e-01
6.806012597392419039e-02
-5.175790517215267394e-01
-4.586223532638461498e-01
1.063841598716559478e-01
-1.856304152217360448e+00
-1.076056201572886062e+00
2.341163787632951632e-01
-2.047118195570356125e+00
-1.144052506355483834e+00
1.392765397108179037e+00
1.402670995281455335e-01
1.513786770131080095e+00
1.548175044095926545e+00
1.255377842926987064e+00
5.237860962483047444e-01
1.084013267950502124e+00
1.758152070160387215e+00
1.089737135821824632e+00
2.194677260239008554e-01
8.174965170909511691e-01
7.933906296582393658e-01
6.661824350046763321e-01
1.736628462200607181e+00
3.590061925476828453e-01
-1.038884346297050509e+00
-6.721345974996868478e-01
1.356142352108284932e+00
-1.622946276188596215e+00
-1.291192337341033891e+00
6.526806352579601622e-01
-3.505308134701823342e-02
1.115196202241345524e+00
7.774015293807721161e-01
6.304267177302831371e-01
1.462923300616947753e+00
6.142451728661914023e-01
9.798621200041768287e-01
6.927681829985288253e-01
2.349191217397911480e+00
-2.373807890444628033e+00
-3.928412450930960365e-01
-1.725026660383177646e+00
-1.390003875080574325e+00
-2.103753081650954204e-01
7.186949987736634959e-01
1.927352891766698217e+00
1.695856888089606329e-01
-9.944587017531247852e-02
3.273197714006329528e-01
9.476299859542973714e-01
1.219927479381547109e+00
1.091915584506986558e+00
-3.652497424776823820e-02
1.261721296857158059e+00
9.907786857762285182e-01
-1.309378620712433605e-01
2.096726106597749606e+00
8.155436306024633764e-01
6.500711504675142915e-01
1.228205562347828295e+00
1.359761393360192194e+00
2.507102516757135469e+00
1.312031606810300843e+00
2.140749708527309725e+00
-5.446793021929011713e-01
-2.972999973977691335e-01
-1.882112243732530388e+00
-5.838227874616152002e-01
-8.349747143990351450e-01
-2.060812483905791748e+00
-6.201306909384624033e-01
-1.146554450694123650e+00
2.605364430011221089e-01
-8.782426795883908621e-01
-1.643281372610626123e+00
-8.747247996164950745e-01
-6.927208733212553149e-02
-9.693733235584542918e-01
-1.795361185417513772e+00
2.120208426790275880e+00
7.959598441549391445e-01
2.960138091745605493e-01
9.006718466297541914e-01
2.853055051068992043e+00
-1.080259751917832300e+00
-1.986200786002506824e+00
-4.986216458346175440e-01
-1.158542295388749199e+00
-4.304695949354603313e-01
-8.800103767319218395e-01
9.758917778628806161e-02
-1.110408439667585068e+00
-2.083541691908286531e+00
-4.716278578389740961e-01
-3.403947878122086657e-01
1.230106369002673228e+00
8.186769315973170258e-01
1.148315403036083371e+00
6.135528589867285110e-01
-1.646431035931299025e+00
-8.129103694575053884e-01
-8.014222914568015499e-01
-1.756902363180340654e+00
-1.808190420385982433e+00
2.194920990085889478e+00
2.080015863018561895e+00
1.143191218075294557e-01
1.769118927628157145e+00
1.536385335470004776e+00
8.184770908324439098e-01
1.989240980661357572e+00
1.087251085441756970e+00
1.710882462461304820e+00
1.437978342194794701e+00
1.367108081845353595e+00
1.001103141429410259e+00
1.495408840564182107e+00
4.700771738073594719e-03
2.679731501118509662e-01
5.168587519790128759e-01
-1.668082309128425367e+00
-9.036517817607658820e-01
-1.414648728836688019e+00
-8.186388045795727209e-01
-2.737692927292320055e-01
-9.918060156123196247e-01
-1.807831635094969691e+00
-8.050778538382876715e-01
-2.756437813453633812e-01
-4.954633246806813274e-01
2.284828568710306484e-01
-1.346159742597737186e+00
-5.514461539614590180e-01
-1.900727074119135107e-01
8.603081059062702707e-01
1.545878196620595890e+00
2.343573185688113680e-01
1.371127605220028300e+00
1.747795565875116530e+00
3.580776063353370287e-01
-1.448155723713590026e-01
7.854037596501814988e-01
-1.839107816965701581e+00
-1.615311517503115635e+00
-1.096070804618090255e+00
-6.421662293538996646e-01
-2.737471911848088357e-01
-1.649114961802632839e+00
-1.021492189986909382e+00
6.209194839572801383e-01
5.280618896422278885e-01
1.179512429251511563e+00
1.618195517411932238e+00
1.079482119485548175e+00
-4.105436240385160751e-01
-3.319238030313490517e-01
-8.047800222820558069e-01
-1.582600292930345320e+00
-1.742955155572946335e+00
2.244828172860297677e+00
1.384679210080169032e+00
1.054084038142881319e+00
4.100872816291587508e-01
1.416235554851938305e+00
1.751015388861837829e+00
6.880185240157998816e-01
4.061979040528236329e-01
4.959667148588299268e-01
2.051274470037895981e+00
9.970551096791326895e-01
1.455613090310730051e-01
7.036102435111196707e-01
1.099048190882571330e+00
7.736720135815629007e-01
-5.542697243580546607e-01
3.178497949318239701e-01
-1.378991567036223387e+00
5.435505030418363859e-02
-7.830374497817241819e-01
-1.207115971177488367e+00
-1.595598812839730041e+00
-2.173459293353333877e+00
-1.719071329636913337e+00
-8.925929855276864000e-01
-9.299311934143054126e-01
-1.008643333242597473e+00
6.296175189235582170e-01
-2.624714046250093968e-01
-1.353108870420444143e+00
2.388416043347219020e-02
-6.498622307194563685e-01
1.419666956162568550e+00
1.479284986650157396e+00
4.780603374074111622e-01
-7.069296093400715408e-01
-1.568255874812932493e+00
-1.364745424925798201e+00
-9.665303006477996561e-01
8.300602032376103168e-02
-9.259655865305378430e-01
-1.382885547933190962e+00
-1.942124236571154849e+00
-1.226526461102266374e+00
-1.030251708283868028e+00
1.017661013675863035e+00
8.482826245018642020e-01
5.010088942468744477e-01
7.339721795669061910e-01
6.667717344815369263e-01
-1.831368002855496613e+00
-1.442877315543098504e-01
-1.731517332156649491e+00
-9.483175163523627216e-01
-2.012261106426880719e+00
-3.091737303336260512e-01
-6.328718187790500771e-01
-1.111008974721610087e+00
-7.765586651385354422e-01
-1.511931873414564809e+00
-5.467722798055798528e-01
-9.535774659346081261e-01
-9.274722414500422563e-01
-9.874006310430679667e-01
-1.097622259739430728e+00
2.621365346963266951e-01
-3.454070371788605653e-01
-1.263487678686110893e+00
-2.507913120525069317e+00
-1.302545789171261070e+00
9.093003140639732695e-01
1.966055658174853171e+00
-1.008151034473627750e-01
9.011834085979725240e-01
1.297962719515497687e+00
1.388834054647827498e+00
9.748514905331214786e-01
1.252149311974280588e+00
5.330588001005702736e-01
6.400972002212307332e-01
-8.207833214245865427e-01
-2.963997351921616730e-01
1.904979963876097582e+00
7.585932721619181862e-01
4.556473077706915120e-01
-6.372958242195836398e-01
9.970243455143856792e-02
-1.257125844151073535e-01
-1.487769630312843150e+00
-1.345671481602415120e+00
5.255922007498026183e-02
4.805833818667480939e-01
-8.435786057425649354e-01
1.149528656192017717e+00
1.974531136615362836e-01
2.266448409020723975e+00
4.403382370892390263e-01
1.506156929142576928e-01
1.402148168674534956e+00
2.463220831127517219e+00
-1.816980542515413743e+00
-1.936962797321614360e+00
-1.575428943352185973e+00
-1.207935413029595395e+00
-1.727738722896308143e+00
8.184561496484858978e-01
5.995769188692189333e-01
1.594675517665397724e+00
2.652839456465706514e-01
9.576117874927929652e-01
1.576667484434379762e-01
1.618879802731149731e+00
3.372131153327628805e-01
-5.695693564802126740e-01
1.583482152495895079e+00
1.196849250544309795e+00
3.200629737113309670e-01
2.229709949736817354e+00
1.878327912652614895e+00
1.212071067033870353e+00
1.858085375884960033e+00
1.465862733400550066e+00
1.288178022224806263e+00
1.578861403093007709e+00
2.959479276014547189e-01
-1.717279661367346000e+00
-3.363899182514281661e-01
-3.119241285029551447e-01
-8.295467112481177407e-01
-1.781577358412866241e+00
-2.768033412514756542e-01
-2.585348924740052290e+00
-1.565986173913534341e+00
-3.235888613845412376e-01
-3.015453723221289684e-01
-2.099844079184894241e+00
-6.806051838975902823e-01
-1.517791727293765769e+00
-1.515156206112588944e+00
5.470872672714621743e-03
1.808040232767352817e+00
9.231415895297712115e-02
2.867489936069324008e-01
-9.326838153594319003e-02
6.367762615492081890e-01
-3.896891626818522747e-01
8.207615194709183548e-02
-1.005095712636282057e+00
-8.084136782682700417e-01
-1.039923838012778878e+00
-2.700671321462326802e-01
-9.936387383577449661e-01
-1.037185233398175477e+00
-1.239820228649085143e+00
-1.104657481897761695e+00
1.266833200972151685e+00
1.461483021161845475e+00
1.402708061455940625e+00
5.083088365981829337e-01
7.535287722478791750e-01
-1.815681446199820748e+00
-1.244997087325863561e+00
-1.379582474637821132e+00
3.805328274682127088e-01
-1.778217152379252708e+00
1.687397743337503364e+00
9.286849328216963961e-01
9.126797292694802666e-01
1.172740377211270779e+00
1.819279195481566358e+00
1.475052401908699018e+00
2.126830689778056005e+00
8.724674213694620928e-01
1.682403269090603448e+00
1.668251051889066527e+00
9.690985680980207517e-01
1.595526454858199772e+00
8.760794099191248074e-01
1.073120780581531708e+00
1.855352227299902790e+00
-3.692463836781221254e-01
-2.098150443054391801e-02
-2.026987325787660943e+00
-2.127933838307258796e+00
-1.865394189105521239e+00
-1.514294680717629848e+00
-9.291404264380614952e-01
-1.453474289037208766e-01
-1.796668956916155357e+00
-1.941334123293616987e+00
-3.948832803656096013e-01
-1.567604666365715715e+00
-8.588519936542979849e-01
-2.960279642181534721e-01
-1.999044479453005563e+00
2.376431294113574566e+00
1.648836178643503292e+00
6.080701576343073844e-01
1.831742863898812246e+00
9.335651658490633498e-01
-1.482287218836954246e+00
6.316051833438223184e-01
-2.880978061180806682e-01
4.385988586084299534e-02
-1.609556019462941467e+00
-8.289895258711423853e-01
-2.005101427337351971e+00
-2.215650129741839613e-01
-9.335092943118450393e-02
-1.836518861890371834e+00
-1.193794384609470072e-02
1.218983210261934014e+00
-7.331306035082780781e-01
8.448785530464152371e-01
2.025739713117364005e+00
-1.033651423934996538e+00
-8.465683266597208156e-01
-2.802532621302505689e+00
-1.261834073942002199e+00
-1.005444937940553674e+00
-5.028062792379788259e-01
-1.068491956697578127e+00
-1.105152433692484948e+00
-1.535069643064685962e+00
3.041569126435088588e-01
-1.040860586759444928e+00
-9.716498956851925550e-01
-7.586421712242417126e-01
-1.436068182030135310e+00
-3.125002227687446732e-01
-3.265491681531813573e-01
-1.644167046365285767e+00
1.355993964576418520e-02
-1.040037461507866468e+00
-1.646631805334378473e+00
2.418688236497537059e+00
1.107132947953997526e+00
-2.190268989713048953e-01
1.701160653303766424e+00
1.577896926475035322e+00
1.931701021245146421e+00
7.806803024643507172e-01
1.104048967135802473e+00
9.781137721357884285e-01
5.819249883809657353e-01
-2.536951199587440531e-01
9.280337074372106976e-01
1.122819242118699101e+00
-3.028590809946556384e-01
4.087044051852641857e-01
-5.681445711429611301e-01
-2.103496638824651654e+00
-1.645772537834631066e+00
-2.698453562963416541e-01
-8.354433472158097063e-01
1.093310222632490891e+00
1.879250555690637370e+00
8.656050164126758428e-01
1.970914958882466372e+00
3.985545272925166138e-01
1.913540599242579576e+00
2.717093230983998797e+00
1.691049632503158096e+00
1.190998424462907934e-02
2.139708181314798896e-01
-6.798363989113550554e-01
-7.917196827446648655e-01
-1.458537594849637964e+00
-2.230873379226819608e+00
-1.351599536318472961e+00
1.643442466722599082e+00
-8.142830653929888918e-01
5.040462202123655588e-01
1.883385645185265744e+00
1.831713906604334641e+00
-1.731348704500785818e+00
-7.797647690358300299e-01
-5.233394054857517519e-01
-7.132725406063572526e-01
-1.972118033788180957e+00
-3.545578117741161606e-01
-1.039548748900664732e+00
-1.097307585279769349e+00
-1.137015587573848130e+00
-2.338675676295719263e+00
-1.203984442496755181e+00
-6.331531817893976122e-01
-1.592289325946820711e+00
-1.629069428783058715e+00
3.509788574294963048e-01
1.120373272130463782e+00
3.290059924586760109e-01
6.591717595511509264e-01
5.852212178589952796e-01
8.593283493030208220e-01
2.113965726036016957e+00
1.298198363813780398e+00
1.875938189839251091e+00
2.801507755553214629e+00
5.462715810723125509e-01
1.764455003068846839e+00
2.218295183830903738e+00
4.989133231773258403e-01
-4.763820136902681135e-01
1.667413666765575453e+00
-1.836794644453490610e+00
-6.008536362850118717e-01
-9.900701829190492465e-01
-2.707759485298895985e+00
-1.458566790136853752e+00
9.655962706155765130e-01
1.665737122237781254e+00
1.381027284528696164e+00
9.888350049647863793e-01
2.948090103724943400e+00
1.703329252091486223e+00
1.514797045467221714e+00
1.732222940261465283e+00
1.675951990695123017e+00
1.220907825247258049e+00
-1.530883341016794352e+00
1.816958080704409451e-01
-1.930097281498305506e+00
-1.918792665968284350e+00
-2.124025107001741297e+00
4.966486249516872675e-01
1.013799475962243957e+00
3.142666629567547609e-01
9.749253156232462469e-01
7.050206483399529267e-01
8.396001836830392362e-01
2.288988423772767344e+00
-1.287946684595659974e-01
1.255952677482652380e-01
7.541984773482193205e-01
5.900962727301110045e-01
7.356131636852243361e-01
7.966588103549596678e-01
1.025095666067104228e+00
7.574147962677748591e-01
9.842567998026058307e-01
-4.579131940403486922e-01
2.347723210070111755e-01
1.601484506835113564e-01
1.264397293648266141e+00
-3.678056527921413910e-03
-8.738727934090229077e-01
-8.175607812401320951e-01
-6.292838649620324798e-01
-1.647354853582885692e+00
-2.025901666651241051e+00
-1.628084480879540275e+00
-4.411441652137497726e-01
-1.468293619714430953e+00
-1.563492217953766250e+00
-6.786488801925214531e-01
-1.896208433364459989e+00
-1.397870119047511350e+00
-1.863451294511581091e+00
-1.556784377929513408e+00
7.141604980055369367e-01
1.750567617235512907e+00
1.146452061266670652e+00
3.629456031411060213e-01
1.949279200940598811e+00
-1.688657572616203417e+00
-1.366259213715771637e+00
-1.784565138963911224e+00
-1.156186633460954516e+00
-5.849701620225855603e-02
-1.982327423104284891e+00
-1.100524111871640009e+00
-5.552514312619185599e-01
-2.076556442026677551e+00
-1.267692954171975694e+00
6.883347672693366226e-01
1.233396448447671601e+00
1.645764896629957619e+00
1.026279356263715137e+00
1.587910559346911610e+00
5.529048075171858478e-01
-9.375150661772558847e-01
-6.205004482884926009e-01
-7.941399577401805354e-01
-2.029990462184720901e+00
1.956462583192363436e+00
1.857626541928670827e+00
1.014882895258038653e+00
8.973807661375609035e-01
-2.147868966663442070e-01
1.841542642234803573e-01
2.517082859322199440e-01
1.533754323169379541e+00
8.597193196682022531e-01
2.571979127243216645e+00
1.538085526264123981e+00
1.337108723105199459e+00
2.798156630185705041e+00
6.524929284142008123e-01
1.534789005561189912e+00
-1.424892241047057695e+00
-2.169659433604747001e+00
-6.983385582901026067e-01
-7.388625428306863085e-01
-1.585953037630628115e+00
-9.118355608667164658e-01
-1.758474032806249809e+00
-1.196530172969094252e+00
-1.338207524411427096e+00
-1.060985184617748711e+00
-1.248006330625521354e+00
-1.999702233041149579e+00
-1.210857612841214737e+00
-2.407788478978537317e+00
-2.077327059909062523e+00
2.382577726254517803e-01
1.168405173171266798e+00
7.930284789787067634e-01
7.817235497368150154e-01
4.488673166791610214e-01
-5.917693032112670837e-01
-1.868112320100327350e+00
-1.884564291671172009e+00
-1.128882499421545393e+00
-7.668309240436173013e-01
-9.341183492789673082e-01
-1.162678571927720617e+00
2.453681245366334807e-02
-1.515261622919951812e+00
-1.087928402589599441e+00
1.522353112018676402e+00
2.383386038049533084e+00
5.556727683043649613e-02
1.599290925720278977e+00
1.351057063460668672e+00
-5.762209346727619197e-01
-1.332113971637047811e+00
-6.631060837245417172e-01
-6.031097699255425493e-01
-9.743109573813384383e-01
-2.006469483997765035e+00
-9.063278973271665651e-01
-1.584518816028447352e+00
-1.135321059561445800e+00
-6.050875370324677593e-01
-1.355559293940446386e+00
-5.585730837673976712e-01
-8.699172601972993135e-02
2.230648646527937373e-01
-1.049031517421769255e+00
-2.087202255606655399e+00
-1.657845363411724726e+00
2.750793853919806242e-01
3.026523316282794251e-01
-2.242122533396984085e-01
6.869801463417005705e-01
1.918283632124588856e+00
6.578071381020726971e-01
1.144401344224610373e+00
5.011238006942630996e-02
8.289812693880893590e-02
1.023224926116752531e-01
1.390187307947484241e+00
5.449449903306514686e-01
1.432030627085671970e+00
-2.088338399671747503e-01
1.778965556276546511e+00
1.958857419728373461e+00
2.464266687527323807e+00
9.194133870346410387e-01
-1.627494800079358761e-01
5.722143588437520467e-01
-6.384485289980005307e-01
-2.471397884741561857e+00
-6.742391064936452683e-01
-4.877338497160499386e-02
1.404732025107787052e+00
2.086101091351959536e+00
2.277099655553536550e+00
1.033562483914645114e+00
1.544236367526830911e+00
1.157272050978465749e+00
1.207734132544790784e+00
1.444901116669571772e+00
5.661780033257104439e-01
-8.766312977705437159e-01
-1.263784927882364961e+00
-1.118872461554775155e+00
-2.340618401885408595e+00
-8.981642557181365172e-01
4.724403768594417352e-01
6.593338284070903166e-01
1.542524656988910614e+00
9.492875336148132170e-01
1.403722796275558959e+00
-1.032481772932471786e+00
-1.738245172834057772e+00
-1.655337758182142682e-01
-8.363458823975156164e-03
-1.078759288420971130e+00
-1.545641168698597134e+00
-1.319869787589504906e+00
-9.772927335273462468e-01
-1.321793862213270998e+00
-9.022291311093871835e-01
-1.114161403377223802e+00
8.282923338118299839e-01
-1.403235966681485536e+00
-2.183227726850074379e-01
2.136022316780892272e-01
6.567242951665142048e-01
1.373233141924905754e+00
1.178247770610028944e+00
7.880288136246074160e-01
-2.496010803586101723e-02
2.047899390474129389e-01
1.509976527112958600e+00
1.408588836128316757e+00
1.357159889950542597e+00
2.073621050345612282e+00
7.879037675715565570e-01
1.881887405540419556e+00
1.446697778102679521e+00
1.909244063559472071e+00
1.516418851781678567e+00
-6.586877029845588094e-01
-1.393617672108500516e+00
-1.066557750546619054e+00
-1.402634046364661824e+00
-2.397430247644896539e+00
1.183236127761959633e-01
1.251229174435686486e+00
1.696423898836862065e+00
1.636068449471112185e+00
1.067224029972165367e+00
6.367525219488781030e-01
-8.070425272940151551e-02
1.107714735259762273e+00
2.605428074634867919e-01
3.813987105621252649e-01
-9.978232447993978793e-01
-3.563127199657192268e-01
-5.097058785161736605e-01
-1.155139072295954028e+00
-8.239309158926777510e-01
3.637731976358105079e-01
-1.719648249100032000e-01
5.373281937957662402e-01
6.960685270071489406e-01
1.362865546319249610e-01
-1.163004578596551930e+00
-1.060485727694174596e+00
-1.225994738208668000e+00
-9.896177261533556369e-02
-1.715851192677321890e+00
-7.928283237152049523e-01
-1.277598571023946139e+00
-1.531766339624474949e+00
-1.814418916297517725e+00
-1.449375084624253462e+00
-1.811679411603747569e+00
-2.684856748849882901e+00
-1.496521354741194632e+00
-1.316138961916959449e+00
-1.055485890786754366e+00
2.219171179616792777e+00
-8.336098308217512187e-01
5.495857415306809601e-01
2.110013484067295497e+00
1.896661268860420302e+00
1.406779074434082899e+00
2.811214894141700338e-01
1.027027163590981118e+00
1.641723706757088008e+00
1.154160682218003497e+00
1.232909554755276860e+00
1.123041448681215027e+00
-4.573472657853128176e-02
3.131808840209848732e-02
9.149635671895752775e-01
-8.680023737187569921e-01
-4.650372752058719028e-01
-1.661799382694823191e+00
-4.762158005842389574e-01
-1.010437835278720220e+00
1.259227726294761762e+00
5.287890037566266299e-01
1.023380236390258879e+00
1.227369023037137019e+00
1.273487567802157994e+00
1.963927359098586845e+00
1.447559572559185437e+00
1.406696305960327242e+00
6.317262232011408019e-01
1.693346263695261200e-02
-7.197516231876244230e-01
-1.134975483492472570e+00
-4.822633896145679389e-01
-1.560953419620005445e+00
-2.861676538314611218e+00
1.903016320013956042e-01
4.048828473674492834e-01
5.968259899925951739e-01
8.040857114474466716e-01
2.244206196028416533e-01
-1.022949714375303021e+00
-1.029042274595705964e+00
-7.926632582527486370e-01
-9.877436388230939057e-01
-7.468993154393046563e-01
-1.194179823200136159e+00
-1.803639262605005067e+00
-1.978370967637378630e+00
-9.776570158143425004e-01
-8.196554590170901378e-01
-3.883847169873920757e-01
-4.772553509448770326e-01
-7.467211944164647841e-01
-5.951172580030291703e-01
-5.139997871409818231e-02
1.414330424765312344e+00
1.361431599071601717e+00
9.833175454466549503e-01
1.636904311870208684e+00
-1.522204985830712953e-01
8.908631362805559117e-01
1.427369162948227022e+00
-3.084977686915961748e-01
1.154801196486818116e+00
1.704905751178875217e+00
1.642207931157625644e+00
1.854508322825337174e+00
1.107524366058510790e+00
1.402146326346332961e+00
2.659421275776158389e+00
3.699164848986598031e-01
-1.079128077482880865e+00
-1.103885167410410872e+00
-3.906957555968781914e-01
-1.704638795721454159e+00
1.885313393958121253e-01
2.706852700861078986e+00
1.040161413759208564e+00
1.097419190625846586e+00
1.664157720399142448e+00
1.094312412993505568e+00
4.138138581371916258e-01
2.066288149101371818e-01
2.015394028882493416e-01
7.590909426932708204e-01
-8.945087388880649248e-01
3.565016428690555017e-01
-6.506319178814106152e-01
-1.446934985749566582e+00
5.612506362213738331e-01
8.089390606281903207e-01
1.023860008825931089e+00
1.291751813731484066e+00
6.677310300349156291e-01
9.082656054599563822e-01
1.544066447480118676e+00
1.519153783950711656e+00
1.582950515057079066e+00
1.611186949250020373e+00
1.407250533382310431e-01
1.703343889894932017e+00
5.906948762517618690e-01
1.015379161255177465e+00
1.774876680637575310e+00
1.255122927654873433e+00
4.018873344675601977e-01
1.937055602915105812e+00
2.610187043475846735e+00
1.034509880683506688e+00
1.318946124815338905e-01
-1.158048224656927694e+00
-1.367512482132196006e-01
-1.085638197050333709e+00
-2.238169083242552482e+00
-1.278168828712793470e+00
-1.723245094876845185e+00
-5.606098504548628902e-02
-2.145868708271606362e+00
-1.626538344843338590e+00
-1.249879042964186171e+00
-1.159949225877841883e+00
-2.272651064916905828e+00
-1.939683201193764805e+00
-1.545537247826573424e+00
-8.874736062110639701e-01
5.340682794761072438e-01
4.676048581813065930e-01
1.436542072741704423e-01
7.592065897068518421e-01
1.419702105438945816e+00
-1.811849355705785314e+00
-1.082847384704062499e+00
-1.576017624755915003e+00
-8.920387374912018830e-01
-3.938438600833532588e-01
-5.486623876399148170e-01
9.509798393965069874e-01
-9.304572535776234332e-01
-1.274488119831669763e+00
-5.588942509306238371e-02
7.395479960109829776e-01
1.018202985052686582e+00
1.184136629089185266e+00
6.728309584629936779e-01
6.401602611130741138e-02
-9.617641016390905406e-01
1.320984433102316835e-01
5.489937458969271766e-01
-1.359419541021740452e+00
-1.623907581955393420e+00
2.179842078225899815e-01
-1.628052114034991060e+00
-9.658876368269542212e-01
-1.215158707260750148e+00
-3.216122267534132773e-01
-7.331013607593028780e-01
-1.164100493203616526e+00
-9.422200593395539947e-01
-1.225753973160455645e+00
-3.130068833216657076e-01
-9.770728177098986222e-01
2.973612655142487959e-02
-6.693646178372936184e-02
-1.183597054072393018e+00
-7.747389186031197195e-01
1.571741013673881859e+00
2.443335999198246178e-01
1.629202533509158224e+00
6.464758092663480671e-01
1.466598260505972195e+00
9.880116409210137896e-02
1.971225544944452901e+00
2.078093523425368350e+00
6.818085994680728179e-01
1.335698836595754724e+00
1.848292330858381183e+00
7.690168475228333911e-01
8.858927070519184710e-01
2.412015354478984186e+00
2.255615070889215090e+00
-1.957607806193438105e+00
-1.546361582136594359e+00
-4.962616124773291393e-01
-7.821543925937184394e-01
-1.613110268272150982e+00
-2.355170768945371584e-01
1.215153560099000218e+00
1.254024589960069935e+00
6.637232553079479569e-01
1.139920258540173759e+00
2.254995454276967681e+00
3.393770010857586339e-01
1.332451951767136933e+00
5.643555596924246798e-01
3.688710166978456106e-01
8.546563350730802533e-01
-5.930900051161774877e-01
-1.944477196383828543e+00
-7.095215442102129622e-01
-8.450123070806715431e-01
8.883709904620208375e-01
1.712642072062533050e+00
6.631173479581755625e-01
-6.880719306001719104e-01
8.228907964260459007e-01
1.240930089565033256e+00
1.949537262246112235e+00
-3.763607851327046561e-01
-9.499329852971740706e-01
5.570471566479244796e-01
1.699303667724157973e+00
1.335825891721834413e+00
1.000495442672102442e+00
2.024454033961990973e+00
1.068894845107508651e+00
1.123815652066789905e+00
3.627137036633274469e-01
6.191163110038072626e-01
5.929959569196665559e-01
1.825034175077281162e+00
-2.205398436486355696e+00
-2.509796444799464732e-01
-1.940986805712110908e+00
-3.500972925670105873e+00
-6.944247275702830624e-01
-7.432770048569823373e-01
-8.605321322569683407e-01
-1.776849520945193106e+00
-1.053305165256127163e+00
-6.298978465164042362e-01
-1.797700551167488170e+00
-2.267200921618411247e+00
-2.029653743391136578e-01
-1.042974215271663674e+00
-1.352362733472118883e+00
3.097787699169882725e-01
8.789952398594956806e-01
8.327704176901221667e-01
3.388492808369837350e-01
6.342192235233918840e-01
-1.596935944207307667e+00
-8.904214838052161296e-01
-1.761896329708717346e+00
-6.951811092622040000e-02
2.976286280220341585e-01
2.639032054123975346e-01
-1.410169359325845972e+00
-1.623326804970285142e+00
-5.300129317484181257e-02
-1.389194965446109764e+00
1.664978320493315289e+00
2.306039564480335535e-01
1.019089991504277481e+00
9.736022347749626604e-01
5.493451900985979464e-01
-1.275517050120094087e-01
-8.738126565034651794e-01
-2.301046903155800294e+00
-2.380561763422583965e-01
-1.689340203763764148e+00
-1.528695986994070832e-01
-1.056877332253253199e+00
-9.626084335537430370e-01
-2.230642852703222268e+00
-1.543949276002112292e+00
-5.518035201289017699e-01
-3.882813780086904476e-01
-1.921963350028320416e+00
1.312624939468798324e-01
-1.639220930790442843e+00
2.765285080761548109e-02
-2.016471181975375782e+00
-2.344314518349724930e-01
-1.132863742927224804e+00
-1.408791504757557433e+00
7.884951341766595068e-01
1.775581081405068762e+00
2.956821902145698733e-01
-6.238203013776191241e-01
1.126058677057514057e+00
1.403547724181920087e+00
1.098418883193322371e+00
1.207867211608388391e+00
1.148428575782212580e+00
-4.344200244177365278e-05
2.694716750579325915e+00
1.407408352727500533e+00
2.300693615732036790e+00
2.635094412000056785e+00
2.217138656609515479e+00
-1.036165947209630955e+00
-3.155265457065847823e-01
-1.049177564655707551e+00
-6.382506191997392442e-01
1.618466185296715043e+00
1.941223481122781758e+00
1.572480939301647451e+00
1.058890315191692855e+00
1.230011794222462429e+00
2.664569339488316757e+00
2.481187808351120516e+00
2.358379282119424047e+00
9.142568507594586169e-01
9.369357078868741917e-01
-1.249381317170206174e-01
-1.442089674870933758e+00
-9.745547356760884128e-01
-2.257737116995464977e+00
-2.166798997380096736e+00
-2.370331495923759579e+00
7.447948081647441931e-01
-1.415054014921057757e-02
1.789851469905259007e+00
9.921346017226443381e-01
1.581607589069346398e+00
1.326068383325047284e+00
-3.949657313062941988e-01
2.809474683810254669e-01
5.373464227066525600e-01
1.722552156444333793e+00
9.527076403640302171e-01
7.443062171768330959e-01
1.257413425080251113e+00
1.143354995373644378e+00
7.667791105804446783e-01
1.300573798118529023e+00
2.127292631306038295e+00
1.372000807242632625e+00
2.009747598868891316e+00
7.114928006457177379e-02
-1.169271274293133267e+00
5.890668222178816471e-01
-1.055923020584269123e+00
4.759911309651121414e-02
-1.422089437693454306e+00
-4.947275536129336349e-02
-8.133453746530927564e-02
-7.872172809456088327e-01
-1.508607120001411284e+00
-1.069813862675076166e+00
-2.902175744803811241e+00
-1.697752251409053947e+00
-2.797705062591875347e+00
-3.561252379508305754e+00
-5.325448174834574999e-01
1.734680247858829238e+00
1.708192933003340741e+00
8.248225615644499964e-01
8.122734786235974447e-01
1.165562849312473670e+00
-7.993182347788954090e-01
-3.462281984690235292e-01
-3.574073053561614977e-01
1.111107312890347032e-02
-4.395745380964404259e-01
-1.787277848738844988e+00
-1.019523164498508994e+00
-8.487894626584622237e-01
-9.381751893884264781e-01
-6.936819176440837120e-01
3.482396147023708588e-01
1.983833753298077429e+00
3.979997649404617421e-01
1.167692870497720969e+00
1.621321404617851458e+00
-1.732288160025808876e+00
-1.356956263426836395e+00
4.591218719809893045e-01
-1.306038285659712805e+00
1.062008135811052245e-01
1.796329980790487335e+00
1.517781024616118968e+00
1.188224917476584652e+00
1.347769524688646303e+00
1.195597649072173141e-01
2.548756661451811567e+00
-9.514508622758111045e-02
2.387822246112960567e-01
1.917127502055812061e+00
1.384708112954403436e+00
2.047611202065565683e-01
3.089493606701185779e-01
1.776281622783808523e+00
2.425870288832608690e+00
1.030772456670782544e+00
-1.269422374427723321e+00
-5.103918091178283323e-01
-2.258394630534079184e+00
-7.092821237400102063e-01
-1.161083975549206393e+00
-2.333929629188785437e+00
-1.202291809809399092e+00
-2.433311293996312852e+00
-1.561355030647566533e-01
-1.411666897293883505e+00
-1.545594006999593706e+00
-1.686527663246407460e+00
-1.431509842964982404e+00
-5.026490315112135399e-01
1.297492132177020530e-01
8.002352131834179483e-01
1.380536872218114386e-01
1.035548427867266641e+00
1.244786457063727703e+00
8.735102244411150352e-01
-1.283120427048560774e+00
-6.705409223407389208e-01
-9.775342843091916478e-01
-1.812467580390185296e+00
-1.249810799737608669e+00
-1.208886288696469524e+00
-1.822723116976300073e+00
-7.430821378646959019e-01
-1.465744037154557367e+00
-1.118647875430707650e+00
1.317603804683090463e+00
-5.481505952346779065e-01
-6.766705481634405217e-02
2.215831179073093793e+00
1.452796768007864614e+00
-1.097540079469719432e+00
-1.069408392366798077e+00
-3.822157247877724373e-01
-7.604809531813370160e-01
-3.188716470546967274e-01
-1.761283852475382661e-01
4.679680211339609652e-01
-1.449927704258217709e+00
-1.714635493260925125e+00
-8.803926229726825037e-01
-1.355806895547737589e-01
-1.163649731800077580e+00
-2.665829000173667307e-01
-5.364631789848848253e-01
-6.857670907251767201e-01
-2.153280915014975427e+00
2.466978056638806649e-01
-2.490678040865275555e+00
-1.053313319892718258e+00
-5.952578406939624811e-01
-2.260384066822940241e-03
1.101475053444932239e+00
2.126694460734183778e+00
1.695594243726616490e+00
1.067657046302308954e+00
1.713701275708589655e+00
-6.448781432006422953e-02
3.589769397800643969e-01
1.065538337685620673e+00
1.447043317610924973e+00
1.957475739396999925e-01
2.893934322374169810e-03
1.788853659544549224e+00
4.491285012980609226e-01
4.619624013323855305e-01
-1.469270896472920418e+00
-8.152792448142185400e-01
-6.307995709936564666e-03
-3.575795999240337641e-01
-1.563385442155092342e+00
9.720067878880060963e-01
-1.449257978581888207e-01
5.602154201720233040e-01
4.842209876480596531e-02
8.169143188278208401e-01
2.003632503878994164e+00
5.942937052236219042e-02
1.176774258221797265e+00
2.775378822865826489e+00
-9.885494959856244712e-02
-1.079788897475812748e+00
1.628763932034000828e-01
1.884107057510113759e-01
-2.643138539870389936e-01
-2.321769910339903653e+00
8.316798352674595884e-01
1.167342293921068253e+00
2.013914630127502825e+00
1.385441862715029782e+00
1.115866985767336894e+00
-8.458132144649388451e-01
7.529473476323252923e-01
1.192408699969474073e+00
9.216300399127870246e-01
1.392255302340521084e+00
1.902444828885679673e+00
9.141755145110664893e-01
1.092488446829003035e+00
2.871468850368796843e-01
-5.821198190864045330e-01
1.090644360773700194e+00
1.148971206870364359e+00
3.863164029072809758e-01
1.328635533324050044e+00
2.567474034896384261e-01
-2.051290962961304309e+00
-1.648174004885499588e+00
6.573300909465267239e-01
-2.833848187966192533e-01
-2.509883305477222937e-01
-4.994019137515791629e-01
-1.111890017457916269e+00
-2.260781336903455063e+00
-8.426611955326075432e-01
-9.845366995220821149e-01
-6.646321317594580114e-01
2.104045336831474877e-01
-1.591352337055804700e-01
-1.127613313542835449e+00
-8.431177578631390279e-01
1.486713604104523689e+00
1.521329349160569500e+00
8.422815988190327507e-01
7.102500480816463790e-01
-8.205863595361129192e-02
-2.033063222733735298e+00
-1.160624938910638448e+00
-1.220892413211404293e+00
-1.617788386291008962e+00
-1.430844360417390604e+00
-7.598010391569951505e-01
-8.960537086057946965e-01
-1.359615381450268723e+00
-3.006761960106050235e-01
5.491946344140838931e-01
2.711334319669185255e+00
-1.095662482761541323e-01
1.831672033464567972e+00
1.950396399082485299e+00
9.468939575650958673e-01
-1.334334485217255839e+00
-2.020647507904940632e+00
-8.758955005283822759e-01
-1.036090476092903279e+00
-9.909727689787268812e-01
2.677264490563622257e-01
-7.788084153030552237e-01
-6.807350149258548644e-01
9.096622046699305297e-01
-1.584926439442257307e+00
-7.015915643462495854e-01
3.130054214421744696e-01
-1.198147527934237067e+00
-1.747166151683272828e+00
-1.469914554616895686e-01
-1.635985116686801799e+00
-9.197187987799639863e-01
-1.857924086792867246e+00
-8.502972769873898828e-01
1.748264644158203929e-01
1.117991541696586433e+00
8.510080267738746596e-01
6.474694292724003652e-01
1.233398574356201483e+00
2.053055982323571005e+00
2.093411975374441791e+00
3.914080182132506636e-01
1.056584800696541704e+00
1.477095487824352071e+00
3.606971301027783738e-01
2.016972407532525935e+00
2.903903498076574330e-01
1.247275767770691601e+00
9.988453653189643955e-01
1.133426522405838410e+00
-1.229134829941853191e+00
-1.582768329250355155e+00
-1.106055276149602973e+00
-1.468068594486417577e+00
-1.485987607610417705e+00
1.508532706596599215e+00
1.520331414300435169e+00
1.839450408545574955e+00
9.812223748369857113e-01
1.879463404469673415e+00
1.549656939204793193e+00
-9.678778282400202215e-02
7.582157119835214454e-01
2.131998303837431052e+00
1.017489337312768471e+00
-7.989609977300836663e-01
-1.092678115315349752e+00
-1.379161804717498718e+00
1.069305638188979835e-01
-1.307294118627606805e+00
4.342812650150283948e-01
-5.875252122702918633e-01
5.428682605495842584e-01
1.017988140907354122e+00
9.516521760238061400e-01
-2.030010662109550612e+00
-8.578786836794980442e-01
-1.393878831424998577e+00
-1.724704819063066497e+00
7.608804474488144454e-01
-1.603592751695541718e+00
-3.149583787778347244e-01
-1.109515546025525268e+00
-1.857664145585992577e+00
-8.752671419816037135e-01
-1.379753921224420310e+00
-1.098559751720037614e+00
-1.124972861694220283e+00
-1.450085922534922300e+00
-8.796265677172010466e-01
7.043139111602285674e-01
1.373112254465243876e+00
1.483675320606191228e+00
1.025736030079349437e+00
1.226130954749838020e+00
1.685211177273916228e+00
1.684369888618303168e+00
1.736669531453071791e+00
1.824585648934128335e+00
6.627917876962565735e-01
1.179000284648646923e+00
1.132025482496744173e+00
1.273685005114756130e+00
4.015316086469640222e-01
1.246214119406228171e+00
-1.204191247223758809e+00
1.093933177462718120e-01
-1.467473396731871382e+00
-1.068701805499127522e+00
-1.200737219624209873e+00
2.105197429263307995e+00
1.167026446564819908e+00
6.369116919305140012e-01
6.342632779443804214e-01
1.985660246258203365e+00
1.491119134732529883e+00
1.302715365721317298e+00
-4.352846483957522050e-01
1.127636908063298415e+00
1.621076946064218927e+00
-1.988084855188850364e+00
-2.896992849362653999e-01
-6.747478033885249138e-01
-1.312876656837857814e+00
-2.001254483226659442e+00
5.641536840797700680e-01
4.441491583991574732e-01
1.863862407449984770e+00
6.277114836366777251e-01
1.188460463109508369e+00
8.775117007320278883e-01
1.520103489444025957e+00
1.079202251267532553e+00
7.077112113270574989e-01
-3.641342284476771773e-01
8.808589918597842239e-01
1.179879273893179148e+00
8.734115567027791460e-01
7.946511122353009382e-01
7.705451862834231669e-01
7.171092392854705455e-02
1.377978471948521078e+00
2.070764025667723995e-01
5.064224371617918052e-01
1.952012436434218401e-01
-1.915671804853962268e-01
-9.019741853916334318e-01
-1.158869772051579483e+00
-1.522798157891771309e+00
-1.547434387000611089e+00
-1.809091639467553359e+00
-1.194874670198585731e+00
-1.840135602554173078e+00
-1.119991997144585749e+00
-1.431468377561676553e+00
-1.288163832788129293e+00
-2.694405138533233490e-01
-1.182472568172906913e+00
5.659345459100193487e-01
-2.316724506447603638e+00
9.849453840440103303e-01
1.522614930907377540e+00
4.560811669042625915e-01
1.994995834403365809e+00
1.193585265038674681e+00
-5.762647438125150234e-01
-9.959772647450001459e-01
-1.960911357858180271e+00
-9.322039281090155338e-02
-1.206336974938060358e+00
-1.401844511972442753e+00
-1.241130666136738503e+00
-6.157370134616508839e-01
-5.268575381937250501e-01
-1.817900545995758232e+00
-2.216526321522871434e-02
4.171579047873068546e-01
8.887385586603330223e-01
4.336513122029548306e-01
2.240171162406894734e+00
-1.374306141031705675e+00
-7.799417783311523023e-01
-6.705002885331368123e-01
5.737927815493826245e-01
-9.227298877248579778e-01
1.782115901200625796e+00
1.696522303001503973e+00
1.450732920330650266e+00
1.153693856111877913e+00
1.426610393414030842e+00
1.972053871247437140e+00
5.174395068627686278e-01
2.361716280834105675e+00
8.935048442691825299e-01
1.343783163270274139e+00
1.366944078745353064e+00
1.552857883646252990e+00
8.875072190041985998e-01
1.643568341881784578e+00
2.426118859792691929e-02
-1.108050469591193021e+00
-9.250823287781788640e-01
-7.435555408745945227e-01
-4.409245359950071386e-01
-1.720965031473356888e+00
4.509412439279967266e-01
-1.518136807640328989e+00
-4.376371948975696924e-01
-1.972907373237517969e-01
4.521599205552195855e-02
5.484545207854352178e-01
8.976982472657264456e-01
5.391335646604145104e-02
-1.910252901622111699e+00
-2.069040262451691259e+00
3.986431541508352883e-01
1.164208548681693989e+00
3.376775078140902275e-01
1.375537600108561964e+00
7.757940393289347591e-01
-8.004233887702740802e-01
-2.125202667794390710e+00
-1.032146198135503123e+00
-2.016892349461560041e+00
-1.293340726536011731e+00
-7.758859104867327217e-01
-1.289978079474477957e+00
-1.581265982449765684e+00
-9.272912072518387783e-01
-9.075022708927934501e-01
5.577404102034493327e-01
1.758658452435967190e+00
1.566466189618048954e+00
1.083794606961471896e+00
7.450082667540713910e-02
-1.931826232157161094e-01
-1.154069706483052737e+00
2.143625368787547281e-01
-8.008499468303740265e-01
-1.693359104531134918e+00
-6.249055100824465470e-01
-4.759775349707320302e-01
-5.464530217878335039e-01
4.469763109579700799e-01
-5.673844608074378737e-01
3.079995033614832955e-01
-1.103435229120675931e+00
-2.335788356852524394e+00
-9.488331279610986435e-01
-1.318598055368260136e+00
-2.492534194495659161e-01
-3.424749698992236580e-01
-7.711806177476991930e-01
-2.125083710641441748e+00
-8.838398260474323864e-01
1.796969271539026192e+00
2.483362090077003703e-01
2.037223457153634065e+00
-1.428639830584574000e+00
4.396943873250057644e-01
2.160956967748543622e+00
9.403544164909036773e-01
1.149835745975392065e+00
2.332005563876450527e+00
1.840388178760061333e+00
1.887888084739135053e+00
7.668844588043237653e-01
5.876072315009546188e-01
1.066421588099585316e-01
4.460670360278321533e-01
-4.492464011150091308e-01
-1.206850407650170487e+00
-8.223776780144962384e-01
-1.183853641835883597e+00
-1.728786949114912819e+00
-1.441144241894998235e-01
9.022817407399688072e-01
9.273331333465318904e-01
9.414286870847206057e-01
6.382945858567200537e-01
6.547225703977630484e-01
1.285757293764706599e+00
1.139206491674480404e-01
2.713016080990000134e+00
1.958704999596501573e+00
-7.258911865515196293e-01
-9.534835114854880445e-01
-1.416559077078316520e+00
-7.660255184781503690e-01
5.532035108954111990e-01
5.827909848788140890e-01
1.872420873307698130e+00
1.292248491317182779e+00
1.425633500724461378e+00
4.584781913976698764e-01
-4.580069984604895339e-02
7.268977462115883137e-01
1.081818096063938084e+00
8.877570054645318454e-01
1.973006285769979051e+00
4.334059404976198238e-02
1.929589917590105008e+00
1.053442413735495853e+00
9.688106981915801663e-01
7.224354248876692086e-01
6.374556682126780727e-01
6.008971445389170718e-01
4.360562859715381157e-01
8.163361773739858940e-01
8.528871419036039292e-01
-8.641960075909151939e-01
-8.338486856856399676e-01
-6.793486447157346397e-01
9.080001950702609737e-01
-1.721413423165733869e+00
-4.483097120729919727e-01
-1.182838406760400307e+00
-4.031086923801812105e-01
4.309233031626307220e-01
-2.617000996620563402e+00
-5.044919381374173284e-01
-2.579411662725128451e+00
-1.081870041981380703e+00
-4.278216371049139433e-01
-8.443155216547795217e-01
1.786529271093225235e+00
1.295817088761481717e+00
7.779846679983666302e-01
6.892627393001204972e-02
7.639630357853521847e-01
-2.549279090892822008e-01
-4.417809338637079808e-01
-6.424141577607183073e-01
-4.921058253785738357e-01
-7.187785929419543418e-01
-2.413910967100616478e+00
-1.233112762178990129e+00
-1.003272114196518627e+00
-8.045473461992072028e-01
-4.482375397920441706e-01
4.161230080001961928e-01
9.696347116031465152e-01
2.237115007513354126e+00
3.098461397160554576e-01
-8.580863457865741672e-01
-1.539185826121083123e+00
-1.419412986295098822e+00
-1.252699530227836089e+00
-1.482281274845397512e+00
-5.483396889596999779e-01
1.572939350419790827e+00
1.040570379772810083e+00
1.419112821069017372e-01
1.847438709503576026e+00
7.151170361777318130e-01
6.456980263071414594e-01
1.454626772749664676e+00
1.958624309283368170e+00
-1.526712323540614591e+00
1.134111580573516465e+00
7.539546886739756371e-01
-1.584742357861190776e-02
3.320231267944495634e-02
1.739294003584153758e+00
1.055060699945344460e+00
-2.222755134640090890e+00
-4.981713059487885564e-01
-1.397638310221152036e+00
-5.963406936829855898e-01
-1.377124242913706720e+00
-1.998443102394029669e-01
-2.492503779121398644e+00
3.049447578908948131e-01
-9.213931981296971108e-01
-1.649462036435266121e+00
-8.541725741972444608e-01
-2.357359065338428650e+00
-1.338892962685115595e+00
-2.255348164762419394e+00
-1.570121444847215386e+00
9.294979009817136983e-01
-1.170176829084390580e-01
1.355421820996973503e+00
6.363190083201636371e-01
1.300245895698574516e+00
-3.178675454091690611e-01
-9.108665374644868695e-01
-1.522509348561426057e+00
-1.087935939662476592e+00
-1.674596512630238232e+00
-1.079546535919131856e+00
5.378991840242206557e-01
-1.978697462938311391e-01
-6.308000231650465750e-01
-8.241429438895264692e-02
1.433426990988153626e+00
4.875334335475544068e-01
5.383308630500602820e-01
2.692591520848443221e+00
2.234817554239849624e-01
-1.623888026630827097e+00
-7.355771511244477701e-01
-1.272468540530776515e+00
-9.954665390423478311e-02
-1.146608770001348088e+00
5.268042322564009394e-01
-3.416607759092908925e-01
-3.653245831332800897e-01
1.156273506359954295e+00
1.235333866033152761e+00
2.249928054615846218e+00
1.981869140383586414e+00
5.293790436251056830e-01
1.079592965155690143e+00
2.977969007147152070e-01
8.635549990298936329e-01
1.677886354879663866e+00
8.456594693534396079e-01
9.623088100979495518e-01
1.653705499070376561e+00
-1.747174277340230564e+00
-2.035371360660817031e-01
1.685641022100070607e-02
-1.382474959206370091e+00
8.176991149448475937e-02
-1.791943995625830510e+00
-2.939709687900382562e-01
-6.893361938095965424e-01
5.348208739272708456e-02
-1.321074885622630868e+00
-1.639993417324433045e+00
-6.050780441381709007e-02
-1.873371568082661032e+00
-1.153713767333069518e+00
-4.096978826722287303e-01
1.348479472960251613e+00
1.488375180672358855e+00
1.137376685609175375e+00
2.165995513509872517e+00
1.121235587805080147e+00
-8.771756421159551120e-01
-1.550436256867610219e+00
-2.694439864379400529e+00
-2.699021417941658285e-01
2.930852929654261807e-01
-1.241897167167567595e+00
-2.448571058010002854e-01
-6.399016519517153334e-02
-1.289200561503883291e+00
-1.616797472171249694e-01
1.393008425711520060e+00
1.951446798416306860e+00
1.063487127238281982e+00
1.189074333450411913e+00
1.237142929151676007e+00
-1.363227758261260636e+00
-7.519594538433527209e-01
-2.933012676987436951e+00
-1.523654550740853875e+00
-9.846014904409802204e-01
3.810714698673824952e-01
-5.963931218699392023e-01
-2.728893421743672221e-02
1.053870604855227988e+00
9.580438975650132916e-01
1.601315811936851130e+00
6.845725473919794801e-01
1.640869542383822655e+00
5.929584288146070303e-01
4.436583467602537301e-01
1.852780493275919760e+00
3.291248097430428121e-01
1.559883626918843635e+00
2.261366776048578053e+00
9.622607311401830676e-01
-1.616381978215598814e+00
-1.441149712470447541e+00
-1.604208726581694222e+00
-7.230821983738581205e-01
-9.670371437452318641e-02
-1.900685938594370405e+00
-3.547649015192133604e-02
-8.804317597122462979e-01
-1.926394969463130602e+00
-2.013220710936889368e+00
-1.071523442428313988e+00
-8.345486402304542750e-01
-1.454602352769200024e+00
-1.995948089682516802e+00
-9.432004228886228248e-01
1.264100391471145723e-02
2.299235811934583040e+00
1.521892003220772782e-01
-2.924633955662716556e-01
8.858167549757929304e-01
-8.599421325956737583e-01
-5.348397571122027738e-01
5.797317908918695473e-01
5.679576891211248757e-01
-9.554045789957370527e-01
-1.088834364152156953e+00
-1.306653717628964539e+00
-1.563910304286275199e+00
7.414129766948640565e-02
-1.126172800113258932e+00
7.481608007312873232e-01
1.449608335650371949e+00
7.206961240466991381e-02
9.033392570526942444e-01
1.259802074322821985e+00
-1.320704209956068187e+00
-1.973408730299796909e+00
-6.861321059606517725e-01
2.677970993394280796e-01
-6.266827509876276014e-01
-9.302214781693202150e-01
-1.218973308521982046e+00
-5.483145038691301654e-01
-1.690617763086184944e+00
-1.764971821079898584e+00
-1.455637089864542988e+00
-4.617364579203336872e-01
-3.576740122427854995e-01
-2.203511400024138034e+00
-1.506948856484713772e+00
-7.068033751002047449e-01
-5.845167866075172691e-01
-8.566979566076727837e-01
-1.503549794081359803e+00
8.366025263521477129e-01
9.546987365068994036e-01
1.490565226015024836e+00
2.098352618729022012e+00
1.955833968089363717e+00
-9.935053230370649580e-02
1.975601429098443829e+00
-1.128520088259454823e-02
5.885314169607871460e-01
8.046357931920395945e-01
1.882964521486778731e+00
1.611443808258887334e+00
1.476772793970018371e+00
5.858166336222567772e-01
5.840351411216443411e-01
1.519209711729544221e+00
-1.041842113657562408e+00
-6.733886135414538510e-01
-1.754190238377487665e+00
1.523258358766990117e-01
-7.475706015022232087e-01
1.690573805046585498e+00
9.036016971212812443e-01
1.846962100809882434e-01
2.369921095760433083e+00
2.589108803191602082e+00
1.038126261010211548e+00
1.013223388208078113e+00
1.227888901030569357e+00
2.468041042690618081e+00
7.783357393447418726e-01
-1.224444009835625735e+00
-6.884299476372410798e-01
-1.402016174885590161e+00
-8.687105330302079542e-01
-7.031962480125504289e-01
5.900606757271176228e-01
6.307507465628154897e-01
8.206165879586597711e-01
1.174135869248052799e+00
3.466838121255313432e-01
8.791821715346515020e-02
-7.537922710322364495e-01
1.323254031872148406e+00
2.718402330733586947e+00
6.427682719854213023e-01
1.576838393198423116e+00
1.781759304596712834e+00
1.084347921892627742e+00
8.971159470536619329e-01
-9.678008411465333083e-02
-7.366542211266757789e-03
2.050891793485464909e+00
1.124978124978482485e+00
1.927728124879954708e+00
1.158270346800066797e+00
-7.914935435840317890e-01
-4.959773663377198272e-02
-1.255230240166337552e+00
-8.891757748873190259e-01
-5.978908729587559812e-01
-5.761759925461880094e-01
-5.900854427918804657e-01
-1.081103944254280691e+00
2.450959281714526483e-01
1.640999365849136193e-01
-5.361376764603448253e-01
-4.057074078434691478e-01
-1.009021987112163510e+00
-1.389648663894680558e+00
-4.729719034111068421e-01
1.459871816706829195e+00
1.153989797268462514e+00
1.303173441939704080e+00
2.296427402062473533e+00
1.163984534259421944e+00
-7.849144754104586674e-03
-8.908345460497442136e-01
-7.010359036821660617e-01
-2.882352687740927788e-01
-1.557478736497213134e+00
-1.168558039768225143e+00
-1.523121166008882366e+00
-1.343611761120724779e+00
3.685326585500796615e-01
7.625965560239866825e-02
3.032402972926129259e-01
8.772337905678597725e-01
7.565884132652211935e-01
1.669225988737738531e+00
4.662323729958425256e-01
-2.129729251730573480e+00
-1.105321466608705006e+00
-8.508079171359399506e-01
-4.461065698891235609e-01
-2.246695884690469214e+00
1.139029912122272892e+00
7.158382413133552724e-01
1.455339019218886643e+00
1.375392159798465075e+00
1.538158811395036185e+00
1.459997876129618177e+00
1.535076113047571855e+00
2.696923145718758796e+00
1.264144554038723278e+00
1.669389432544764240e+00
4.908269964920687345e-01
1.352316288099260078e+00
-3.369541392521731016e-01
3.976747601159198453e-01
4.936338824273684978e-01
-1.680373265784431691e+00
-1.478065026495701595e+00
-1.105261706238028774e+00
-1.439587266337015947e+00
-1.030738019461355126e+00
-1.244797137019634015e+00
-9.770268783556643744e-01
-9.839996937416355394e-01
-4.822779361563278577e-01
-1.299007450221906002e+00
-1.384776553475197236e+00
-5.503431353008562121e-01
-3.241039364066282680e-01
-1.075556087618833034e+00
-6.046935983239117851e-01
1.675606671259191938e+00
1.281514702882067036e+00
7.094163242228903599e-01
1.677626607327621588e+00
2.556472751645512131e-01
-3.987068372426667562e-01
-1.224905092114495497e+00
-6.628676622103737426e-01
-2.327044273337934843e+00
3.817618895658925204e-02
-1.229448930327726952e+00
-9.756515016056646061e-01
-1.513115047278455805e+00
-5.017406992087858342e-01
-4.589433002158418429e-01
3.497475387126476321e-01
4.941057757024432950e-01
1.117832291831233338e+00
1.413305039634892957e+00
-4.186197572379777299e-01
-1.912239235881832755e+00
-3.124040035431916884e+00
-7.208481958708213844e-01
-1.008267354805696847e+00
-1.152238413132320671e+00
-6.918494483334569622e-02
-8.625319733761133145e-01
-1.802478801932115182e+00
-2.293700966529266694e+00
-3.456146310708569924e-01
-6.969417868334755184e-01
-2.206218737881759928e-01
-9.633725957044023680e-01
-1.151077891641698381e+00
-1.497324793589673853e+00
-1.340851891244347227e+00
-1.174112773806026189e+00
-1.625676139222346883e+00
-3.066510337660854901e-01
-1.779065517232597982e+00
8.772458564470113629e-01
1.304430991851986521e+00
7.494740393214878171e-01
-1.309274383494889449e-01
1.157930791929013603e+00
2.235945594133237790e+00
-1.341071015023187485e-01
2.066456671892750396e+00
8.509443823319347011e-01
3.180036845037691462e-01
9.423692887422576714e-01
5.470206929563594667e-01
-1.103095845188667212e+00
1.804533750646947432e+00
1.482131177061332128e+00
-1.578165656059436817e+00
-1.551470609606268480e+00
-2.032192890997045698e+00
-1.767968302812521486e-01
6.315026898934688049e-01
8.439667873260833231e-01
1.516925352161261564e+00
1.644337719353565097e+00
1.542000775556007230e+00
1.379881644898907300e+00
6.210634372752021903e-01
1.433112289448634336e+00
1.161993928568098911e+00
9.159419036347076215e-01
1.554679559862721883e+00
-3.032057579184043838e+00
-1.694277641795436828e+00
-9.606151439900405542e-01
-7.973882371761540355e-01
-9.443697120340400764e-01
7.466274460893886911e-01
-1.245179126564761596e-01
6.182793563645575530e-01
1.421342002634991886e+00
1.084720445925072774e+00
6.071648248484027288e-01
3.855006847117437019e-01
6.174575593623623515e-01
8.230032228570079988e-01
1.130179966064593922e+00
1.510761606602502027e+00
2.472812863983287812e+00
2.507660455623342166e+00
3.895091782703185013e-01
1.291635194527591013e+00
-4.089581617140314318e-01
4.324533609610408114e-01
1.766217419506771469e+00
-1.209589479423476277e-01
3.479104364707888308e+00
-3.033312255490026033e-01
-1.716397958305416971e+00
-1.039479029124125375e+00
-2.027662529247294287e+00
-4.602913933584183992e-01
-3.254921889307657024e-01
-9.934211392524290307e-01
-1.425434309995593063e+00
-1.281265015440338217e+00
-1.325157714379005203e+00
-1.679723211810351113e+00
-2.076863508904863931e+00
-1.474105755708366550e+00
-1.177280203299388095e+00
-7.433879059102906917e-01
2.676818981069749359e+00
1.536691886193700451e+00
1.577139804704741133e+00
9.335311072628337259e-01
1.326267255369199871e+00
-9.847229934947698826e-01
-8.160768470022679022e-01
-1.022596386670644453e+00
-1.841959270801541093e+00
-4.128594956404504357e-01
-1.117117781560193812e+00
-1.113734046806821087e+00
-5.082648458048915074e-01
-1.340410748153123333e+00
4.992403550657567024e-01
1.665208202113197755e+00
7.737500703645403544e-01
1.795677048181470781e+00
1.090741744267788249e+00
1.780527952790197821e+00
-2.428030187385787464e+00
5.727247279648350897e-03
-8.361613913268022280e-01
1.562762794759438023e-01
-1.839272487566058434e+00
-1.527651408169943048e+00
-7.329367243634758999e-01
-1.295231507828200623e+00
-1.541535149388617576e-02
-9.509130231332705296e-01
-4.426983070558997424e-01
-1.400137423196829101e+00
-1.660709538776614647e+00
-2.264766819344941950e+00
-2.336319995370986113e+00
-1.577981017090774429e+00
4.244731116209852217e-01
-2.026509543399267699e+00
-1.379217274825178530e-01
-1.835879522567966937e+00
1.703843494711215545e+00
6.335660240804874554e-01
9.207908170789150804e-01
-3.704285756322165390e-01
1.171067781843316613e+00
8.442866606218842884e-01
1.158363704185357390e+00
1.353297947367286813e+00
1.563314322345139118e+00
7.354433247908920279e-01
1.553122672357996947e+00
1.502095809754678379e+00
1.983737230204612789e+00
1.347917133328573325e-01
9.711423135079104707e-01
-2.016057584332667574e+00
-5.850364924396682653e-01
-1.202300293804918985e+00
-1.297593018281028243e+00
9.499089819027095594e-02
-8.708030668329127533e-01
1.324893442580526326e+00
1.534963624159978668e+00
8.514971027269220283e-01
1.277230431343310713e+00
8.289420365010080616e-01
1.912460981781895608e+00
1.615591914462132461e+00
1.091187806706228614e+00
1.627426879633734114e+00
-1.698540183274873883e+00
-1.231106199314640381e+00
-1.808526579077951446e-02
-1.794851697800832202e-01
-7.815345934554562835e-02
2.342879890990079428e-02
1.600964967695170049e+00
2.310787752250561766e+00
1.610567727543926075e+00
7.830899929026213790e-02
-1.982159578889009621e+00
-1.232309621195870841e+00
-1.588496732083456875e+00
-1.407303088028189153e+00
-1.299470165109840813e+00
-7.216719743988315727e-01
-4.309924271627276759e-01
1.177632233148228735e+00
-1.899201320282012162e+00
-2.586958271545031218e-01
-1.792113782349026962e+00
-8.763986795897139581e-01
3.041658034398762034e-01
-6.943331470199787248e-02
-2.229303324373201889e-01
2.746218236998945184e-01
8.007763714126197030e-01
8.300308071450317460e-01
7.928930799179974009e-01
9.181630335127073383e-01
3.080833053484787420e+00
9.806004581922631580e-01
1.382309889463278374e+00
6.588596987859165477e-01
1.872554117904636328e+00
2.030039347412192718e+00
1.451554967285918929e+00
-3.810576922433619451e-01
1.368656446496737678e+00
1.222066771565423426e+00
-1.281375124781128250e+00
-1.486772542609855030e+00
-3.639090970181899642e-01
-5.453213532403369257e-01
-1.880731554421103180e+00
8.456314569262188829e-01
-4.330797704219446764e-01
2.506469292623956235e-01
6.669149323034283539e-01
1.699580445178275223e+00
1.667825390786025430e+00
4.893337190529963854e-01
9.112460863809939138e-01
-9.711166254485981142e-03
2.086147902842168111e-01
-1.291319345980597166e-01
-1.051787335361482612e-01
-1.391304362201069678e+00
9.157206911883313261e-01
4.574066207436224829e-01
1.135239550173284373e+00
1.520176973291087474e+00
-1.052812405845289234e-01
-7.776215373065920033e-01
1.194834299486474016e+00
-7.532808130958286164e-01
-1.719054255888856186e+00
-6.116317084650171321e-01
-1.896704909033362974e+00
-2.910399854834813116e-01
-6.900059743750786012e-01
-3.032008662996018566e-01
-1.525764668678796010e+00
-4.322298227586740538e-02
2.535261355927582727e-01
2.067470589350020038e-01
-1.480043857918158512e+00
-2.945845975686660623e-01
-1.896293577768947802e+00
-8.937105589360193614e-01
4.438721013468541754e-01
1.097696317934422350e+00
5.113752931188608741e-01
7.237253619532587612e-01
1.553014623129837624e+00
1.409778881653394933e+00
3.174986139135989038e-01
8.967546654198481626e-01
1.599064332278096412e+00
2.225456378598385854e+00
1.076935713498392344e+00
1.165875300512384083e+00
7.386745418768203564e-01
1.200816616525195446e+00
1.355223932700120315e-01
-4.885537756191411507e-01
-1.102677336184735735e+00
-4.962162218585089990e-01
-9.286026432623716298e-01
5.653619180878870498e-01
9.132884308118625061e-01
1.020116869075146759e+00
1.974881678190288259e+00
2.247524803572671370e-01
9.584469177846429710e-01
1.187039592101863272e+00
5.366394919437363908e-01
1.255822518684648337e-01
4.352394515530026986e-01
-5.202822405018605600e-01
-1.783900468720510224e+00
5.730379802334950590e-01
-1.173991538362026965e+00
-7.470906435774822274e-01
-6.931270734737662309e-01
7.084598152614165478e-01
7.316151747781832748e-01
1.284675099510594443e+00
5.254859984095754388e-01
4.212240514419940407e-01
-8.588874464319118385e-01
-5.716126703174362333e-01
-2.019873418868698423e+00
-1.653782677314349137e+00
-2.024404519371567623e+00
-2.727522478762807179e-01
-6.843232765880430390e-01
-2.055591512995268655e+00
-1.284964673451111761e+00
-1.516741297061461102e+00
-1.161609169576041989e+00
-1.374894516732644734e+00
-9.686797357509375761e-01
-2.429831531328151328e+00
-8.932462393822806490e-01
8.060530542315462732e-01
4.736433963782844536e-01
2.356146865784964461e+00
1.129269728014587137e+00
1.308874976396252388e+00
7.034352587066792228e-01
7.172301359526691567e-01
6.529740249576987399e-01
1.220322510909478853e+00
-5.267690138056053684e-01
1.104316991914042534e+00
1.415376501958037769e+00
1.631135660008398602e+00
1.213045330598975680e+00
1.409650732629814662e+00
-7.336852557685857867e-02
-2.027554271165782129e+00
-2.015245170821027276e-01
-1.806528192122625054e+00
-1.523410503267534466e+00
1.796209522406600589e+00
1.898697885887223213e+00
1.446063137772746199e+00
4.884634112309322873e-01
1.871256674237355311e+00
3.467724304824091330e-01
1.193168841342698183e+00
1.751730887850679874e+00
2.318472832071666323e-01
1.496280537846778280e+00
-1.155286662935151920e+00
-1.157643151932397529e+00
-3.061695673936872808e-01
-1.223975144841191964e+00
-6.010863140968534246e-01
4.188195300779808949e-01
2.143288125811518618e+00
-7.794930755054618743e-02
1.338221158589495641e+00
1.745816657472045952e+00
6.965095919867989593e-01
9.504202066084443956e-01
3.294457458576793396e+00
8.379303045205886979e-01
4.216532163693338386e-01
6.827765321973273682e-01
4.195957804823516879e-01
4.362102872016988542e-01
1.350794221230808612e+00
-1.157207439136822558e-01
1.694549606407390829e+00
5.240201767678459577e-01
1.502787904197938396e+00
2.161558846676493673e+00
1.522002825354387134e+00
-5.607899988949736070e-01
-2.739714850908497867e-01
-8.399868247978177216e-01
-1.115797452547574231e+00
-1.920105169329221262e+00
-5.273442808210155874e-01
-1.758474212588284846e+00
-5.438358895842170249e-01
-6.148792358280728010e-01
-9.933666787449473290e-01
-1.197722580071147735e-02
-7.257962934259261090e-01
-8.060085395661991114e-01
-1.869257425933957162e+00
-4.447853197257601865e-01
1.563720840758041408e+00
8.083426265637511099e-01
1.176801100738720463e+00
1.374844267545177967e+00
8.522818480887413006e-01
-2.168732132045968264e+00
-1.150035128745160451e+00
-2.710328418489462710e-01
-6.687734416289580208e-01
-7.668751873232773075e-01
-2.463167000577018761e+00
-1.428612758735565702e+00
8.487721258852505279e-01
-9.599284521457078778e-01
-1.649427340894597860e+00
7.023413236673576865e-01
1.584059475555146923e+00
7.990519841029337655e-01
3.443552600294896848e-02
5.915922908772998090e-01
-2.379793511089795643e+00
-1.709162685249871805e+00
-1.196896597337476109e+00
-1.475595946269361525e+00
-7.226670624259461384e-01
1.408579110945359147e+00
9.906653082684342415e-01
7.444812941854511701e-01
6.343922689135927939e-01
1.414261651185778845e+00
5.617008840598635144e-01
1.504259245230101349e+00
2.220674867545966436e-01
1.396414149585324393e-01
1.034788216480223566e+00
1.585139102702783687e+00
1.555919873125534814e+00
2.737368503547947363e+00
2.192149522796258410e+00
6.045954090077376719e-01
-8.649696675088280884e-01
-1.289987710595325687e+00
-1.955288518966859845e+00
-1.896635824417054916e+00
-6.247563778212739116e-02
-1.828029845407900034e+00
-2.494453896748257904e+00
2.615916078387761079e-01
-9.960540201245294822e-01
1.094394447518522995e-01
-1.742212276426262196e+00
-1.678049402269510715e+00
-1.407470909673024684e+00
-1.815306916586022945e+00
-1.855295962480467464e+00
1.096083907136814029e+00
1.493508929039633060e-01
2.392427109983268352e+00
1.750564535370138453e+00
1.563866525072585389e+00
1.057199288158006123e-01
-1.722750476083587223e+00
-1.413117413065292371e+00
-1.030669108751574692e+00
-9.497768925327496614e-01
-5.612896216495598667e-01
-1.639778376130103688e+00
-8.933255493767894295e-01
-1.241978276227404976e+00
-2.395035037053584226e+00
1.421973521599142476e+00
5.460067677578078760e-01
1.222520560412252211e+00
7.990821463837873839e-01
6.934862107061345871e-01
4.379522268124138584e-01
-7.328925558190722001e-01
-1.367043674370095108e+00
-2.991972929106744949e+00
-1.065634451790179016e+00
-9.142361421791674880e-01
-1.203719603283422757e+00
-7.541526565047595998e-02
-4.428833651577048780e-01
-1.791284548569901380e+00
-5.072019607621247594e-01
-5.934949204284032387e-01
-1.207537404701051642e+00
-2.926584498552808888e-01
-1.829133857630528048e+00
-1.633088926613197378e+00
-1.035956499766738537e+00
-1.100562491913364305e+00
-7.416120949521847194e-01
-1.146902126703302383e+00
1.273306070443590343e+00
1.523250838436396082e+00
2.273272921401491509e+00
1.498002757158184872e+00
1.858074446429395454e+00
1.465666152660617172e+00
9.249861998266234453e-01
6.956031351539171403e-01
1.568107338931007178e+00
4.745187671351369652e-01
1.794653745550032209e+00
4.366779272637808518e-01
1.384698000079466196e+00
6.503378146940260729e-01
1.462244076823822958e+00
-3.577353640602698448e-01
-1.690059249706701294e-01
-1.749024378403018165e+00
-1.596722906281403898e+00
-1.596177748007119535e+00
1.321346731203459912e+00
9.100370671239125242e-01
2.451209337347591166e+00
9.733106485605078628e-01
-1.511746440467698349e-03
5.219291298292839665e-01
1.173099787723816290e+00
2.324409977147997353e+00
3.844467375247992980e-01
4.405284813512255759e-01
-1.549074299686191925e+00
-6.845538513284998849e-02
-7.664413329030896893e-01
-9.484191003216577709e-01
-5.505136346859709207e-01
-9.695629019574472096e-01
5.315472633871121122e-01
6.397690344356402603e-01
6.872075545004925345e-01
1.246832925663581504e+00
-1.139392986562237864e+00
-3.315730920012819327e-01
-1.645818480093265812e+00
-7.880614008285383720e-01
-3.880086901556794032e-01
-5.223127309930054585e-01
-6.474965784909700872e-01
-5.647113982633213958e-01
-1.868131383256286249e+00
-2.128073691614011054e+00
-1.423008414169219193e+00
-1.592746192722459098e+00
1.917773653560050917e-01
-1.362592808664571109e+00
2.855016607765989978e-01
1.444755232064560690e+00
1.391319620596470186e+00
9.806344691812176606e-01
9.488871853946080348e-01
9.646666785143436229e-01
3.418621941945967357e-01
1.626736557364777180e+00
1.628565822952525721e-01
8.354635855467182903e-01
2.002161052321509427e-01
6.842895721810490217e-01
-9.229429819112875411e-01
2.637360746308390791e+00
7.202587384050105346e-01
7.771590873502547403e-01
-1.477815848755601458e-01
-1.185507672329394024e+00
-1.690016809842000090e+00
-4.660408649595010333e-01
-2.222247524264911789e+00
1.417388184637916826e+00
-2.883900922045568027e-01
3.725146993128140016e-01
-5.635393943500539571e-01
1.654537817243263209e+00
1.565254678047334203e+00
1.534125899141730365e+00
-3.868359813559878457e-01
1.202819128602724774e+00
1.850117043737480316e+00
-4.102249104085264886e-01
-1.488756334577201690e+00
-4.657267124929348467e-01
-1.996483430969068440e+00
-1.002453764053881313e+00
1.451376361882387833e+00
1.080791989851530577e-01
7.917986399922810614e-01
1.155063308417495493e+00
1.601065017822399295e+00
-2.633859854402219369e+00
-2.039159436793328339e+00
-8.193196375870438475e-01
-2.725640011914515215e-01
-7.452954949260885975e-01
-1.549513830532755154e+00
-3.889770071265234996e-01
5.526791656138185793e-02
-2.369392699654979673e-01
8.779760180112075041e-01
-2.179268277008228338e-02
-2.258291451581122544e+00
-6.004494850933781436e-01
-6.199179591919086185e-01
7.439890840289464791e-02
1.977434558299635992e+00
3.027383612253057077e+00
6.055888455629026002e-01
1.509946189533191374e+00
7.376227795386174346e-01
4.843957601093319409e-01
1.864129561354598064e+00
1.998133577003840866e+00
9.752076102218869558e-01
4.915813980511144488e-01
1.419497696540379827e+00
1.895872748282371623e+00
1.651911256954177176e-01
1.299316354122341588e+00
3.301778947528207775e-01
-1.563512339203171120e+00
-5.797845554453182615e-01
-7.980017709325333275e-01
-2.568211828722799517e-02
-7.701910825810586170e-01
-9.347291937096846581e-02
4.684765406452733316e-01
2.450122841695090870e+00
1.509148144965305471e+00
1.057772722977357915e+00
1.812155417208536123e+00
1.164518753869633771e+00
1.504345199796893962e+00
1.036621035116123579e+00
2.535046807658933865e-01
-3.402886124083781549e-01
-9.875113829411285016e-01
-1.994882195300873295e-01
-1.583205627892377176e+00
-1.103269645247769715e+00
1.480999903818398522e-01
7.775308407606430494e-01
4.021380454226838319e-01
1.701954892266227759e+00
2.145603331233763011e-01
-1.719854448264282354e+00
-8.705275750753321828e-01
-1.440180398603858380e+00
-1.076692974378098189e+00
-1.185138441097759898e+00
-9.137308551809740775e-01
-5.046324325506766906e-01
-6.197058771097292418e-01
-6.893067108311965452e-01
-1.823493114912491331e+00
-5.618931633255752622e-01
-6.499038838562209985e-01
-9.799272177751460200e-01
7.086982586519976479e-01
-1.579449479764881037e+00
3.440019643026970275e-01
8.713758383859464551e-01
-6.800418203729963196e-02
7.270624520774331412e-01
1.029976471469415733e+00
1.191934029972257836e+00
1.199772743925046514e+00
1.160720297913765631e+00
7.089326524489171222e-01
1.052858265654659453e+00
1.154556115165018326e+00
2.502456050208241578e+00
-1.624620850725930765e-01
5.215051732995444889e-01
1.157750773510218156e+00
-1.010411471490557656e+00
-1.331024681627073880e+00
-1.723671303109828301e+00
-1.449700036053838570e+00
-9.354299784163024878e-01
3.462778798999673890e-01
7.738007062970215788e-01
6.447860659919378845e-01
6.446386240627690611e-01
3.680946305442123201e-01
7.120981152248874180e-01
7.591046777838481585e-01
1.627402037737267770e-01
-2.007579882284458161e-01
1.880950818823997173e+00
-4.470478407664888465e-01
-1.131448447964461979e+00
-3.839836338989254250e-01
-7.974554196640588621e-01
-1.235960765857488264e+00
2.564203579235041497e-01
1.556324449123870135e+00
9.707321034875748822e-01
2.774853181507533906e-01
1.162717286517717108e+00
1.385489577120604388e+00
1.835930914707806672e+00
1.617478272390964422e+00
1.734788047441575554e+00
3.593089828129802932e-02
1.252928335410119054e+00
1.984829174674378693e+00
-3.800494899620248113e-01
9.747615010720296347e-01
1.320743268591149988e+00
-9.065659558585632549e-01
2.021628181075599828e-01
1.090935355357844694e+00
4.249390386847167189e-01
5.901950191525328071e-01
-2.142873398762403792e+00
-2.104682932331925826e+00
6.022111337768349948e-01
-1.794036014371403809e+00
-1.068588519327698272e+00
-5.721491763954777987e-01
-4.329800193229269567e-01
5.270625027064954615e-01
-1.951878986101691416e+00
-5.275309135912213954e-01
-3.467549953597549361e+00
-5.883252578748222605e-01
-1.606359392558781130e+00
-4.522096331991130036e-01
-2.435234009782832665e+00
1.359925505232322918e+00
1.137445807888107119e+00
1.083107580696828665e+00
1.714855116816680569e+00
3.581307982818942026e-01
-1.371435837986656248e+00
-1.348356359106274160e+00
3.439339073544249725e-01
-1.587743537804097604e+00
-1.107534349790473716e+00
-1.233251822785020213e+00
-1.914383943579013758e+00
-1.487114717267179698e+00
-1.209804562456171961e+00
-2.033322415465125932e+00
1.098570954861674442e+00
9.359197607112171857e-01
4.648639059490543568e-01
6.075539289568463452e-01
6.705825229844639690e-01
-1.653415322983021074e+00
-1.958659673818674340e+00
-1.873096001374718877e-02
-3.171737684695442594e-01
-1.024208212160785392e-01
