-1.966562217083609010e+00
-1.022712031339768401e+00
7.677007455849138573e-02
-1.215493934367241069e+00
-1.029334206316779632e+00
-1.266170079436067963e+00
-7.274394956368931409e-01
-1.561767478485872607e+00
-2.194934122355071127e-01
5.528710411322501628e-02
-2.203370115030972354e+00
8.361635706036953941e-01
-9.591157287166557355e-01
-1.096623556592081217e+00
7.152823720520160578e-01
4.535396348320426263e-01
1.153423342153125031e+00
2.114608727328747939e+00
1.627172130042640052e+00
2.697329223155429112e+00
1.870178944210695970e+00
1.238125726242202962e+00
7.316331404793738891e-01
2.470429881873604572e+00
3.054065955225975681e+00
1.182304465057328002e+00
1.841207946678309115e+00
1.199390772831443908e+00
1.236350554016210079e+00
2.148996667013653550e+00
-3.202474153252642397e-01
-1.584150843569221312e+00
-1.013480407790017468e+00
-2.444909202501714951e-01
-9.473002475829560565e-01
2.069087937980487624e+00
6.028496281854287542e-01
1.791058525228226284e-01
1.687274092234162026e+00
1.503067759694945327e+00
2.331166291049075134e+00
1.100282955610986102e+00
1.506189137568540115e+00
2.297355914564429558e+00
5.938326158622964090e-01
-9.517496093571866655e-01
-1.303875534078323906e+00
-1.577232589306955424e+00
-1.257900724739585030e+00
-1.718181051219878519e+00
1.221759893242463813e+00
2.983673104487648331e+00
1.467226954985843435e+00
2.143352480138275062e+00
4.818121061092267565e-01
1.925747481331399058e-01
1.049254356430062707e-01
1.036900903316037681e+00
1.936098400048662960e+00
1.586019601629491405e+00
-3.061191331634525170e-01
1.144631429121679700e+00
1.721769305661737803e+00
8.105037478876930823e-02
9.695539029041312373e-01
1.421997560521052861e+00
1.421890161637527905e+00
-4.275507335779156204e-01
1.709512796558773751e+00
1.923706597385273387e+00
-1.595545082662643832e+00
-1.405942910385081346e+00
-1.906462472852605394e+00
-1.373853264736586643e+00
-1.509829269432233279e+00
-1.536483602495176459e+00
1.853644317056919455e-01
-8.911720530179962907e-01
4.226164593369041711e-02
-9.739398061395588835e-01
-9.318894768391455807e-01
-6.949719073027582628e-01
1.294045356428303872e-01
-7.368531195660383837e-01
-2.250850879070020127e+00
2.010602999222887100e+00
-6.142709622291488980e-01
1.702015911729503284e+00
1.284999805078810287e+00
1.423151318065607018e+00
-1.427897088628031774e-01
-3.438195547774087757e-01
-1.045376046302411543e+00
-5.383183107866329475e-01
-1.271487736392494572e+00
-1.119694909785297954e+00
-3.989933525339294240e-01
-2.036664845153965953e-01
-1.923114698214854812e+00
-6.107942295401802557e-01
9.184515977278653320e-01
3.295742036474530234e+00
1.103018851265296085e+00
6.177775956049665895e-01
1.471660474392371576e+00
-1.426719205895796705e+00
-1.164689503011916871e+00
1.631354045392563457e-02
-1.396358725888968699e+00
-1.543637629592949256e+00
1.192796174817371435e+00
2.792168696541900141e-01
1.696307412530529302e+00
1.130408507653799077e+00
1.036156525503453052e+00
2.766379210226852514e+00
3.375357098496268859e-01
-3.203834473167024299e-01
2.190849404890743202e+00
1.820431899760378336e+00
1.127506345764016649e-01
1.794311192990023951e+00
7.920892518903877022e-02
2.006781683142440542e+00
1.421964627726689745e+00
-1.921650562082002356e+00
-1.255622294057783028e+00
-2.332979354629099333e+00
-7.225960865917249176e-01
7.857372104278215197e-02
-2.412011236366859546e+00
2.255975902514659737e-01
-1.309241659583294082e+00
1.068154751216063847e-01
-2.172612047523107215e+00
-1.097487689769145458e+00
-2.061040748803661060e+00
-1.013834925704979684e+00
-9.143806599768892207e-01
-3.265822374536834216e-01
1.881101174631612860e+00
1.230168374997933523e+00
6.343138311377330973e-01
1.413716195154283817e+00
-9.583836241313274940e-01
-2.017506385784484380e+00
-7.801822628955813466e-01
-1.801908807579596594e+00
-1.472767526494702661e+00
7.394662722083855666e-01
-9.789245984058827510e-01
-1.614233789079593695e+00
-6.553039466697254678e-01
-1.019696208242547808e+00
4.078832801936034258e-01
1.418058468314062015e+00
5.752034467554956176e-01
2.526923306849878426e+00
2.447201728449444502e+00
1.243432346172130831e+00
-1.019023752032357955e+00
-1.783800324735243858e+00
-1.707151420430697897e+00
1.345430627101542598e-01
-1.594083277692674550e+00
-1.572299097524936240e-01
-3.401346037319560311e-01
-1.625713455366072591e+00
-7.648157470959547899e-01
-2.724963002176123972e-01
-1.250407277909235670e+00
3.786916970042344399e-01
-1.352015933248161605e+00
-2.251275987401337719e-01
-1.842279897181472226e+00
-1.175563967955495892e+00
6.681565678663383689e-01
-1.294199052502717384e+00
-1.188083069375551304e+00
1.108953872811473840e+00
-7.913254655456514186e-01
7.940030442211736261e-01
1.687896789615505710e+00
7.141774670246054946e-01
4.946114363986456874e-01
2.328543369825982090e+00
4.460180904480520736e-01
2.021137055285564088e+00
6.695559122828325105e-01
1.953990778135712425e+00
1.735152761117396025e+00
1.002931442649092730e+00
6.691430317563025199e-01
2.141975797773556067e+00
9.963008065051391915e-01
1.063009829927328287e-01
-1.134850905772361696e+00
-7.972112634238177620e-01
-5.100540198881493570e-01
-1.008419608180676885e+00
2.267146364608493059e+00
5.168744675392671351e-01
5.038636776703571130e-01
7.326446323812854100e-01
1.017640567184533218e+00
3.184895976219404012e-01
7.191770872666878311e-01
2.419391211525203644e-01
2.671621324390963892e+00
7.237581222876011688e-01
7.611086605034769192e-01
-1.510467450742248197e+00
-1.557845482902922685e+00
-1.132922360703000342e+00
-1.001449535087794773e+00
1.074734419428968302e+00
1.294916972756352314e+00
1.954045301491204034e-01
1.406268432592078677e+00
7.909804447474867439e-01
-2.163070512391426448e+00
-2.861348986981337106e+00
-7.317929169868557793e-01
-8.219777617701968797e-01
-1.562684190743494739e+00
-4.305454772712141720e-01
-1.523958778623527355e+00
-8.236402798166706507e-01
2.438537565107656846e-01
-1.074108847273714362e+00
-5.405117776349723790e-01
-1.036510143225944924e+00
-3.731674342010404821e-01
-3.241203014257705295e-01
-1.091742052706304644e+00
2.750624116702705457e+00
2.518389012699804752e+00
1.998866015334673785e+00
1.408980434397140602e+00
1.440833518503535915e+00
-1.463700116931871964e-01
2.542283163919153433e-01
2.152497802214325962e+00
1.349004170534966018e+00
1.035315266343554530e+00
7.196982228192403408e-01
2.763165916642131847e+00
1.082964664934606080e+00
1.100511823918629339e+00
-8.166175007165830113e-01
-2.271019948484364726e+00
-9.826904149433351998e-01
-1.726466756253655088e+00
-1.371628942664611994e+00
-1.489661765258771364e+00
-5.146519503562572151e-01
2.237107018270270586e+00
1.345699839328271086e+00
-4.233168816455337158e-01
1.800752150659456596e+00
1.385803885803224667e+00
5.869311999625330678e-01
2.147290252625277951e+00
2.035944198406133943e+00
1.212859427739106266e+00
-4.932703194129319790e-01
-2.113019678560839054e-01
-3.865620588589276929e-01
-3.423168502546509728e-01
-1.038559347285648249e+00
7.897818885068959016e-01
1.219701549753398728e+00
-6.862402902785196268e-01
2.514203808237437165e+00
1.884749008704227791e+00
1.237949599677699020e-01
-1.669239618770849809e+00
-1.101031081613220497e+00
-1.873394970336039744e+00
-1.502223047613658879e+00
-1.286245723929960949e+00
-9.285336807624533506e-02
-1.004775509673915268e+00
-1.848731795765248265e+00
-2.347498285746342006e+00
-2.084769105999635386e+00
-5.565150619624076311e-01
-2.184630053377859538e-01
-1.226767986869324645e+00
7.803633224149113534e-01
5.856900633792616606e-02
2.180783725443064203e+00
-1.375943242344148665e-01
1.994676893178505939e+00
9.126433976020259520e-01
2.955053588264444642e-01
1.200684015200335297e+00
3.626410181799145649e-01
4.833504381387607740e-01
3.181274656213181062e-01
8.979291972092529051e-02
8.579116538490757504e-01
-5.728836852177736638e-01
6.751059621831513313e-01
8.584973683237833164e-01
-1.185906054303365265e+00
-3.559914870648726026e-01
-1.732324904009288735e+00
-7.761446744846778323e-01
-3.897520874143966196e+00
-5.930245858931537661e-01
1.875643700081752741e+00
2.863099152493814969e+00
2.035609446231168462e+00
7.588333444506133452e-01
5.795036043959149730e-01
2.286775491665791193e-01
2.003032594372340824e+00
9.729611832042956987e-01
9.662371848799579110e-01
-1.030687269551587626e+00
-1.588318844183117529e+00
-2.267521148759297667e+00
-1.472599613957869646e+00
-1.049135617747494864e+00
1.782285514924271563e+00
6.114469627905736449e-01
6.702480622165485347e-01
1.820342161666468339e+00
1.379643587555305695e+00
-6.147914275641732651e-01
-9.222037197464023617e-01
-3.798058156138178543e+00
-2.142694736240428277e+00
-2.685318168419370100e+00
-8.659169020134612760e-01
7.391118113392169953e-02
2.833510759951209934e-01
3.776257365375845776e-01
-1.758902298025419420e+00
-2.854578744751219865e+00
-9.765215622450379440e-01
-1.412529664003199903e+00
-1.317781026621018370e+00
-8.093136552145895335e-01
2.213917963585271265e-01
2.399010069613252139e+00
7.949399923870901219e-01
5.997289222281687593e-01
1.793942442414457439e+00
2.210016374569918618e+00
1.575452489284986601e+00
1.436009512220270068e+00
2.654274532551443855e-01
2.009710612984806133e+00
2.675398151775607580e+00
5.800493513205440266e-01
1.158449256233140545e-01
1.461181101338514532e+00
9.284477780864958119e-01
-5.779267383064361496e-01
-4.128535381885767297e-01
-1.287012306745279000e+00
-1.489158851429313923e+00
-1.751290779994117530e+00
1.736862662204974317e-02
3.655686997824848516e-01
1.385316911051388100e+00
1.665481051196212814e+00
7.790262414700830362e-01
1.567186160604415734e-01
-3.020123297915529026e-01
1.550048739469553016e+00
9.714010193723955355e-01
-7.064964590115785370e-02
-1.694513691226672503e+00
-1.745963713097684167e+00
-9.750821276800765158e-01
-4.104759284147827536e-01
-6.984868902125247470e-01
1.240928459734493394e+00
9.104583185750122487e-01
-4.184692268351732913e-01
1.406723106209205376e+00
1.829203955907029888e+00
2.548319508293632740e+00
7.591824604323208492e-01
1.232178465827823199e+00
1.656337500219684955e+00
2.130340310594729836e+00
6.678277512342671862e-01
4.555058559435664067e-01
2.532148791499780671e+00
1.387435032176238314e+00
1.193500372246767416e+00
1.095369910583037898e+00
1.217647423922096683e+00
1.447557388677667589e+00
1.207870937613335638e-01
1.947539574007449481e+00
4.924837424192922697e-01
-8.670474803712835410e-02
-2.629575902439946322e+00
-3.500914887547665888e-01
-2.104671406708456427e+00
-8.627899131454979109e-01
-6.563170461222402885e-01
5.998087302495500595e-01
-5.662146604932012384e-01
-1.004935259426023242e+00
1.206913505136752995e-02
-1.777551257167370391e+00
-1.444758386642690962e+00
-1.011097278788052112e+00
-6.052949536632996619e-01
1.377842575084020638e+00
7.230332438518674021e-01
6.911488007149351187e-01
1.564677156824902937e-01
1.013979837809907414e+00
-1.695944629076336918e+00
-9.471750893177467434e-01
-9.749725732748519835e-01
-1.360627226818451829e+00
-1.775301632018974285e+00
-1.887545712926953279e+00
-1.792509412501810395e-01
-1.085881316491009940e+00
-1.766446473083712387e+00
-4.907954609505508214e-01
1.759526800398093060e+00
-3.417529324379264821e-02
1.068196912602067172e+00
1.595785490884403135e+00
1.206494736159982484e+00
-1.344369942058015743e+00
-9.635056554526375550e-01
-7.276844232173860227e-01
-1.319998663681216211e+00
-5.010538018011242434e-01
-2.044213257831779984e+00
-1.250312310803471050e+00
-3.442823236166896894e+00
-7.507055208574330285e-01
-7.435377477751241582e-01
-1.509478538434974038e-01
-2.216195643832918449e+00
-4.795972676519414390e-01
-1.689366851334134001e+00
-8.361505439925501770e-01
-2.037529039615157522e+00
-2.210231857089867802e+00
-1.461759749842091338e+00
-6.153373155716834741e-01
-1.873568619067964125e+00
1.405306335956812314e+00
1.714492594024190852e+00
-7.100503529488819687e-01
6.579393132903726960e-01
1.191171638367749086e+00
8.558883130519323590e-01
2.835564671325244701e-01
3.169769532663159195e-01
1.148220472060872410e+00
1.424115096769221989e+00
1.110348977570250861e+00
4.038239758390466116e-01
4.149536796958586127e-01
1.658492172248710483e+00
1.597138913161318285e+00
-1.580365560877438735e+00
-2.766952062257221900e-02
-1.371426261107125733e+00
-1.628379782322859848e+00
-1.738647129329850438e+00
1.073523773808284787e+00
1.588662056051525218e-01
2.024176958041532970e+00
1.253957045369474166e+00
9.423613807667818865e-01
2.534827315617227406e-02
9.011476966375635556e-01
3.368347908468081187e-01
3.591871298034565729e-01
5.961376222971601635e-01
-1.256399418088351316e+00
-1.885462290807706331e+00
-7.720004060822819314e-01
-1.075789172509926672e+00
-7.025000113966328730e-02
1.894208724391702292e+00
2.477205790651046513e+00
6.411533227805339408e-01
3.275955061742850560e+00
6.978740821287641172e-01
1.982107318007511276e+00
1.825999636080515298e-01
8.276838393440814068e-01
6.334599489831544972e-01
1.295422359028719050e+00
1.214856623523581369e+00
2.650988125693520825e-01
2.226198940557077677e+00
6.076283681067984332e-01
4.265794067081994934e-01
1.012662290228600437e+00
1.057893346056930195e+00
4.498231815387937482e-01
7.750206412004732037e-01
1.174939139197300531e+00
-2.192294243230801243e+00
1.845031505128937876e-01
-5.455030498584176879e-01
-1.285558616475829252e+00
-1.198417084965225143e+00
-1.520727551973825697e+00
-1.365938408232030277e+00
-1.116302380495344915e+00
-1.810103889862209714e+00
-1.013994567461945051e+00
-1.622883099875574775e+00
-1.157673887713098315e+00
-2.223883118781078139e-03
-1.210766880335260254e+00
-8.651196294090941485e-01
2.467643578096554435e+00
1.127686882100249255e+00
2.699794748360683228e-01
-1.996452845088845240e-01
1.357148755934757700e+00
-1.779847742085326479e-01
-2.744015517987477004e+00
-5.956451392390604838e-02
-2.035836161185729409e+00
-1.207199687082986861e+00
-1.447674604502054096e+00
-1.828613245423583722e-01
-1.609053744400327890e+00
-2.085534202909290258e+00
-1.245579352547818708e+00
6.262477282126819311e-01
1.266049236231103992e+00
9.977766441313260515e-01
6.992831612530904239e-01
-1.097740433756495104e+00
-1.370591075045086038e+00
-1.160417886313641622e-01
-1.720935452929951426e-01
-1.918943624058168762e+00
-1.625957906541396714e+00
1.122538747720702723e-01
-2.182604758991999461e-01
-2.166351995809105979e-01
-4.573787859787742383e-01
-1.813254928310094272e+00
-1.350184473751355974e+00
-1.757284742538471445e+00
-1.352097832004941935e+00
-1.835307528063955473e+00
-1.866632567620802430e+00
-2.236495802090630924e+00
-1.037892314992859832e+00
-8.794314670016347701e-01
-1.948183595581227445e+00
-2.287146889544250605e+00
1.329970996378389003e-01
1.247646948557983748e+00
1.967225409653167389e+00
1.397592572099402020e+00
9.882246258014417695e-01
1.120083898050285853e+00
1.247286083331605067e+00
2.244447692857442611e+00
6.217681143504689700e-01
4.739590830664478505e-01
-4.030316271743661360e-04
1.399073002294318524e+00
1.285746142233535227e+00
-8.618331659736422345e-02
9.316443308246901145e-01
-1.574254093208973693e+00
-1.678137862317532480e+00
-1.649335022643994009e+00
-1.985871943111859661e+00
6.279432723497180291e-02
2.077208830928950700e+00
1.176426200299305558e+00
8.819925703959539121e-01
1.880876663976651209e+00
5.879542660831844625e-01
1.564421282525114254e+00
1.517156708522573449e+00
7.189303508817577182e-01
1.968529975678991351e+00
2.273812240078115998e+00
-5.200882144059426615e-02
-2.246593551387597865e-01
-5.654839100096169524e-01
-1.924053245743801988e+00
2.352750944281636336e-01
1.699793205503730364e+00
1.403802885499052966e+00
1.591786423950194429e+00
4.643548884593051707e-01
1.934887578776594896e+00
6.318574427013461392e-01
1.217607802643582815e+00
4.670992158231823677e-02
2.228271560070164137e-01
2.649734469858473496e-01
8.531060004477386549e-01
4.904087090374852353e-01
6.607809279264367230e-01
2.004533940098058409e+00
2.017704357221957068e+00
1.024151994110820585e+00
3.793575852445220109e-01
2.235732574103177939e+00
1.180116609340858824e+00
5.301192091121942340e-01
-2.562550387573128141e-01
-3.255157709783733644e-01
2.217459640605630167e-01
-1.245780021665991777e+00
-4.643295140583171277e-01
9.115008246421067994e-01
-1.766735308360277701e+00
5.079473036109640738e-01
-2.079631788138202708e+00
-4.740624111957865150e-01
-4.759822589520144032e-01
2.678620163258800257e-01
-1.014284615686251723e-01
-1.857911065080426027e+00
-8.565718499686106879e-01
1.562170273488992844e+00
1.570884749757206933e+00
2.099352336434961774e+00
4.103218426793916462e-01
4.796872701494726554e-01
-3.631858782735504221e-01
-4.271763533384625999e-01
-2.139084208825018152e+00
-1.483036993994056862e+00
-2.091602420619398384e-01
-2.588282114547359125e+00
-1.469260497736098792e+00
1.795656358211483727e-02
-8.108726982596777821e-01
-2.577872919304606825e-01
-6.134691044699902562e-01
1.782267534313018764e+00
5.657048972096480055e-01
1.030408093434328709e+00
2.674684960175811810e+00
4.931181720682804581e-01
-1.090312523777358988e+00
-6.765812841636241748e-01
9.226121180872686178e-01
-8.349927077896348582e-01
1.355236913857328140e+00
1.763588760896843244e+00
1.393623736779209255e+00
1.975823854858004047e+00
7.102409950238339764e-01
2.079111981629155892e+00
2.131037885853747094e-01
1.890282701032799162e+00
1.315456800133176118e+00
6.843486721223175362e-01
8.566509607577981189e-01
8.786742723089671081e-01
2.815442202962691098e+00
6.324565537401516391e-02
1.277900438141120754e+00
-9.985171997380939413e-01
-5.907566544013747034e-01
-9.282292755002384821e-01
-4.845226285480381812e-01
-1.677719875953820994e+00
-1.519865022155644230e+00
-1.261935280061793119e+00
-1.847509605385480036e-01
-2.583726435163076207e-01
-4.727573888599750918e-01
-8.738426724002392731e-01
-1.921907913612473262e+00
-3.532803894801379574e-01
-5.898787222835764066e-01
-2.572778958769413205e+00
1.758004065375102787e+00
1.289063084638485623e+00
1.075880311296850245e+00
9.070877624478597134e-01
2.171957461175593629e+00
-8.376689535202423986e-01
-4.758205125501259181e-01
-1.088887476492404582e+00
-8.044344763457993430e-01
-6.340399530643574533e-01
-9.290664462294943027e-01
-1.517838571864562391e+00
-1.103800490989364169e+00
-1.775718833443145073e+00
7.290884963776118610e-01
9.088026897240824020e-01
1.576830733923911598e+00
2.335923893825569975e-01
9.774516671481153773e-01
1.152507123814667800e-01
-9.424082661048633902e-01
-8.054450121036222932e-01
-1.035713857992866860e+00
-4.670643110924254104e-01
-1.753913893404793090e+00
3.439477381382083365e-01
-5.813812780857248175e-01
-1.031789145142301134e-01
2.968439213570495117e-01
-1.752209171672288068e+00
-6.182540625812940061e-01
-1.184436152662937447e+00
-3.752675547867798667e-01
-1.553711952923370054e+00
2.911547520368151787e-02
-1.572718987979514704e+00
-9.212642139284691334e-01
-9.071908914857431672e-01
-2.465315289796270903e+00
-1.646670241200364204e+00
7.778893951128762474e-01
1.579532554434878389e+00
1.346895163669022955e-01
6.879747385344101573e-01
1.778193179504640176e+00
7.803054213086757507e-01
4.725791066133627760e-01
6.837855896813986867e-01
1.317458702641249424e+00
1.538522225510125185e+00
1.376277735979481998e+00
-3.676037311249487072e-01
1.212004561529630209e+00
8.234979035610190401e-01
7.654543521597749756e-01
-1.082885973544192693e+00
-6.798179586176227307e-01
-2.400756039972983924e+00
-1.448057897995594701e+00
-2.479964900155506413e+00
3.388174953771456721e-01
1.660606333892396425e+00
2.086810247801641260e+00
8.052275163768713995e-01
2.088939882356427802e+00
3.562451195849307695e-01
1.307875709101683492e+00
1.909857118344078453e+00
1.254473223038883534e+00
7.429088432156916166e-01
-6.835786132028531803e-01
-1.559862601142027572e+00
-1.420032066085231026e+00
-2.223034097713277646e+00
-9.848443293472971538e-01
2.705958331337557699e+00
4.564104709519989367e-01
1.513965679372939466e+00
1.048523142522120644e+00
2.246465461400196872e+00
1.385414755075838666e+00
7.846626643011177515e-01
5.824608522032224123e-01
1.439269036017928993e+00
1.586331275433101595e-01
1.522335131007609421e-01
3.730279886158069935e-01
-3.738021782997149600e-01
1.204170509350478424e+00
3.171662462126965121e-01
-3.278711800665823350e-01
6.556917071543969522e-01
7.880137124617397903e-01
8.639595313394684561e-01
1.986715194794163031e-01
-1.553170560903603059e+00
-6.147931973964833041e-01
-1.403212391995275032e+00
-7.477442660552766629e-01
-8.599407621516743649e-01
-8.443122739275518152e-01
-2.150682530039230711e-01
-6.598348079655318443e-01
-2.021369870048798312e+00
-1.123323179147751150e+00
-2.868080769148702913e+00
6.795398806336150344e-02
-1.511990920263689642e+00
-1.016100726645548846e+00
-9.125675623343365572e-01
1.191003493912574873e+00
6.810527119943567964e-01
8.152058537818038797e-01
1.444275968897614337e+00
-9.883316935630568345e-01
3.854204433418360054e-01
-1.591839658407047331e+00
-1.139299196806522252e+00
1.215935904638658638e-01
-9.197876792507664323e-01
-1.623618133778517159e+00
1.183207968373868102e+00
-1.190991335296015752e+00
-8.845897804677685938e-01
-1.388964091574791837e+00
2.366321569319687512e+00
4.421593075899049596e-01
7.060828234101368395e-01
3.098425058223827744e+00
1.146023731798928580e-01
-1.200775830070942796e+00
-2.174534818508998546e-01
-1.703579927698788854e+00
-4.021660956521495578e-01
-2.234936320963019973e+00
-1.252872136097582745e+00
-1.022361163513393789e+00
-3.694654133980752597e-01
1.332121896082030243e-01
-2.098307705050732164e+00
-6.445468000143725895e-01
-2.281026721956002312e+00
-1.168387811180648495e+00
-1.172912874528705407e+00
-1.393806646716302167e+00
-1.341505865587491186e+00
-8.603167935703439628e-01
-1.262442081266536009e+00
-4.256746476373334254e-01
-9.080857035373730568e-01
6.071640555643758042e-01
2.090554281100580614e-01
5.383892052470986567e-01
-5.358936130721514424e-02
2.693929076751122142e+00
7.972589635497444593e-01
5.090573083869953663e-02
4.288584709214218194e-01
-8.441446824068332688e-02
1.571476620767057408e+00
1.520644392213913676e+00
1.579777683742863204e+00
1.642992823078747833e+00
9.996209253074831436e-01
7.350580318187672768e-01
-1.804514094331988172e-01
2.800378420136824253e-01
4.068636487371874999e-01
-8.605692421230632938e-01
-8.492742043966987620e-01
1.323339964246033951e+00
1.710960844892830401e+00
1.377038757519774892e+00
1.305553954667436178e+00
1.275967644695641612e+00
1.860482697130921181e+00
1.330014770619915243e+00
-5.620594972650836407e-01
1.413949414042068309e+00
9.241251159546346461e-01
-1.683878875486593207e+00
-1.508124492328008159e+00
-1.468498582553838139e+00
-4.838528806151106698e-01
-6.525360018163846032e-01
6.736455936755121332e-01
1.051615697794648696e+00
7.283627175410651855e-01
8.364971393027843538e-01
1.136721796110698124e+00
-1.387999402824329653e+00
-2.584678953312528726e+00
-4.307252585786714993e-01
-4.258003546820567919e-01
-1.658446514210259792e+00
-1.652230413620738414e+00
-2.153404870927881021e+00
-8.301873489209384838e-01
-1.072891586467790814e+00
-1.155715556028034108e+00
4.372020663817588471e-01
-6.337384306066655704e-01
-1.026424490443373472e+00
-1.058549067510985653e+00
-2.019010640385978661e+00
2.255878180195993732e+00
5.094955772700757723e-01
1.654088743490534252e+00
1.313669485388892166e+00
1.181400853321578071e-01
1.922682947904048811e+00
8.904018106025651802e-01
1.497612391153698042e+00
2.075520793845022638e-01
1.127853557539220342e+00
6.565897583599455967e-02
9.744708379253349539e-01
3.224993792682536720e-01
1.416391221304730053e+00
4.852331823742833672e-01
-1.977904112381398960e-01
-7.048458576529478270e-01
-1.039930316491812112e+00
-1.369232050404224577e+00
-1.809982320577339543e+00
1.090437155637197009e+00
1.394298968319713561e+00
2.891556233930839825e-01
7.494519276008944075e-01
8.411721578250768161e-01
7.984725755858452789e-01
1.146230760959804584e+00
1.173163641245583033e+00
1.486797289253874332e+00
7.657035096235257354e-01
-5.398332362271123230e-01
-8.184743462457944041e-01
-2.255295324702329296e+00
-9.747301666390271180e-01
-3.470074872375262798e-01
4.213746139671841195e-01
1.176230806540418783e+00
1.427280983747393650e+00
7.368300893406819485e-01
1.016516204947032431e+00
5.193226884837480739e-01
1.612020366121554638e+00
1.562648070493004582e-01
2.844710777768342247e-01
7.718971219190816635e-01
1.313709081107863330e+00
1.369057583496269936e+00
1.737209103746195193e+00
1.437363498193431566e+00
9.688080902563308561e-01
2.008500739700463278e+00
-1.168850365957005977e-01
1.539496899534241736e-01
3.117694508515554963e-01
1.093183152415000858e+00
-1.406930273846372481e+00
-1.349408843192327012e+00
-1.362145660764893185e+00
7.034771141289912766e-01
-2.370314969939068206e+00
-1.241690757549341662e+00
-4.057344094881900620e-01
-5.490169951273793369e-01
-4.214933344802395121e-01
-1.311738909078924653e+00
-3.601653719657703645e-01
-5.779555661104093245e-01
-1.071063214529059948e+00
-1.779784966418279435e+00
-1.043790909415550860e+00
1.042008991292932674e+00
1.210601255103701757e+00
2.543836162340078921e+00
3.883355406279851429e-01
-1.404602541420183481e-01
3.334293084216222169e-02
-1.828624908214121714e+00
-9.494283534539669223e-01
-1.066703916207197178e+00
-5.278821380861192791e-01
-9.115962885944935978e-01
-3.752614349281742090e-01
-2.019635946819451799e+00
-1.873584339357563522e+00
-1.286245813769901325e+00
1.310507795188977198e+00
2.807482519018265066e-01
-3.334410422168778698e-01
1.926764636872900116e+00
1.187374524368621787e+00
-4.591736932097177926e-01
-9.087258726019756816e-01
-4.486793266019273307e-02
-7.593142400442784989e-01
-1.692370925174501384e+00
1.096089697651849271e+00
6.966517683192239296e-01
9.626952816911944488e-01
1.496883147995222485e+00
6.271786160289888334e-01
1.759256383682533675e+00
7.448199302231924834e-01
1.082424477947370622e+00
9.093335392511715520e-01
1.921098260862505791e+00
-4.435496632904867287e-01
1.566391272971259019e+00
4.349417333309097966e-01
-2.497783401389126468e-01
5.233286159583023789e-01
-4.168763415434194597e-01
-1.677611206024761437e+00
-3.363174608310686153e-01
5.491312205927292300e-01
-1.318098556025188772e+00
-3.496112340418662257e-01
-6.262233343985508238e-01
-1.207083636332866305e+00
1.564228666945000068e+00
3.476385488808499957e-01
-2.750055956837540450e-01
-7.848626219366883205e-03
-2.846092616204124459e-01
-1.372958411214544094e+00
-3.463686773719486522e-01
1.101162315218813026e+00
8.200703649373963788e-02
-1.182957906536870496e+00
6.937753448426973168e-01
9.940630241777845821e-01
-5.156320625778603173e-01
-2.050653444966172856e+00
-1.302570753583554675e+00
-4.470921721620141343e-01
-1.868294590092232088e+00
-2.020221075214502449e+00
-8.099721521172731364e-02
-3.488448438185349776e-01
-3.476256281286091987e-01
-1.362517685842457915e+00
-3.446410010910510024e-01
1.703382330637159603e+00
1.630654013240639300e+00
1.850901195421031264e+00
1.334873452213360512e+00
-1.264768707198995035e+00
-2.638058821926559716e+00
-5.642814314773446638e-01
-1.678156631155132139e-01
-1.703553483104044197e+00
1.383287643442390191e-01
4.543457993910021697e-01
8.563653868739810049e-01
2.766134869732592705e-01
1.107423946358854216e+00
-2.697234389351101935e-01
1.172477948493182209e+00
1.356215668044657319e+00
-1.466918884611030371e-01
3.653843021362369603e-01
2.182405472565883464e+00
1.805455147904794000e+00
7.398603100699562285e-01
8.135088896126321245e-01
1.164665742304777041e+00
-2.537262928355117353e+00
-6.381217764864031139e-01
-6.538032665015200973e-01
-2.354469576554341081e+00
-2.904192732637405072e+00
-6.261155242720697345e-01
-8.434116258212170925e-01
-8.216948979269668163e-01
-1.671375284336657163e+00
1.460454941997075817e+00
-5.716072118526719370e-01
-1.182854928646426940e+00
-1.171395097451638279e+00
-3.884641316509613862e-01
-1.068453267394903872e+00
1.050761515324067030e+00
1.283703545128839218e+00
5.576874902241727439e-01
5.007253223625562910e-02
-1.279028733451637034e-01
-2.073296150801390070e+00
-7.109621979317017892e-01
-8.553114220876837370e-01
-3.790858587350389719e-01
-1.266671684355169969e+00
-5.479252119470172655e-01
-4.755075391880477786e-01
-2.508605114174986994e+00
-1.526402592722371221e+00
-6.332682809681473568e-01
1.219477531133329018e+00
1.059691058429631072e+00
-5.885169678538335614e-01
2.332602720110626304e+00
1.339368612001542003e+00
-5.298907003913166935e-01
-1.309104120595797616e+00
-2.259232163505711100e-01
3.049940292815358500e-01
-1.254966856977849599e+00
-4.655264105904736160e-01
-2.187480708692361109e+00
-3.521122287171118970e-01
-1.087149751222500793e+00
-2.105941275073722529e+00
-1.385596168203381051e+00
-2.894200702301972239e-01
-1.288876818277098435e+00
7.498345445207132975e-02
-5.631331765459322014e-01
-9.488715521429025301e-02
-8.995471319805444788e-01
-1.571652260218106001e+00
-9.201973206030072960e-01
-3.345588847851417302e-01
2.048483352756609754e+00
5.386222602439927343e-03
4.414108204915645484e-01
9.098921605584074923e-01
8.278890340344324805e-01
7.097550384315546301e-01
-2.667241746954704951e-01
1.113906379383959200e+00
1.546426418383161083e-01
1.928186338302768199e+00
3.493405362188872765e-01
-4.077854573368329127e-01
2.064443288647419550e+00
2.236404823211679549e-01
1.008459164572225175e+00
-7.710252562351499472e-01
-1.755717191997772542e+00
-1.578594504747214522e+00
-4.760675839752207539e-01
5.833212463847392559e-01
-1.712790758644322509e-02
1.301273840020862993e+00
1.962307493165891259e+00
3.057077248471994579e+00
2.166593018908945512e-01
-2.266174025055807117e-01
1.120435701340878332e+00
1.356798187250951582e+00
2.028795679987178247e+00
1.000413955378867792e+00
-2.331997983330120761e+00
-2.134547016097661398e+00
-2.130489381046213104e+00
-1.148223011085669043e+00
-1.014031241701496056e+00
1.470072349202825146e+00
3.503604002929716632e-02
2.380162278911810425e-01
1.249592971618732173e+00
-2.071133277712693399e-01
-1.251558142004878915e+00
7.327373788847135749e-02
-1.853334877552303528e+00
9.731280663633534722e-02
-1.920230144282049078e+00
-8.629081027024154693e-01
-1.072621961786863976e+00
-9.083210749290240305e-01
-1.201094422327461109e+00
-1.481218883522320562e+00
-1.382230341403537288e+00
-3.664807989084937212e-01
5.161159842824067923e-01
-5.828538831817112742e-01
-1.176560779882648733e+00
2.274438684205402517e+00
2.076439642986128931e+00
1.235878433623092798e+00
-3.489644857232803155e-01
3.417294036770105459e-01
4.254336010683937852e-01
1.538941163715801475e+00
1.924371379851638197e-01
3.147085735994141764e-01
3.098606236643630663e-02
8.659593851727784841e-01
4.218655416263561442e-01
1.434183375952790440e+00
9.740683877402550594e-01
-3.446612465865117603e-01
-2.316113782438073088e+00
-1.946197198776380421e+00
-6.619965156841318699e-01
-9.815812777324386396e-01
-2.370264483755868401e+00
1.059856890974750998e+00
2.629579534995385437e-02
1.385493855078114844e+00
6.662507222785181149e-01
1.365849492601540094e+00
7.588026675819435907e-01
1.465083751616829133e-01
4.581238874489736990e-01
1.316416987930471016e+00
2.064941298094772559e+00
-1.460455158486582583e+00
-5.898247575590715996e-01
1.227890813335690279e-01
-7.589098693426967746e-01
-2.190052257358122478e+00
5.432850345132690384e-01
-2.695731861819981035e-01
2.716983895209164501e+00
6.399548810710209423e-01
1.873242923745892519e+00
6.056944983038378139e-01
8.512226131273874508e-01
9.313935810600277865e-01
2.659029856059482277e+00
-5.857485889440705584e-02
1.706848943170457655e+00
6.768347002297707693e-01
1.541217758701101115e+00
1.934986919510478742e+00
1.664642853343496931e+00
5.231903311939734014e-01
1.236931251983210300e+00
1.465359588862050755e+00
-1.435595447250375134e-01
1.755401514589369771e+00
-5.211791707220719827e-01
-1.630178713927065370e+00
-1.123733336209927547e+00
-2.818468406524491598e+00
4.407205604254913478e-01
1.880508399464191349e-01
-5.180326028807560323e-01
-2.224720065610710229e-01
-7.337236703424010464e-03
9.889716438470985693e-02
-1.701810675073867074e+00
-3.780278410790000043e-01
-1.364033017638365486e+00
-1.862528405903281392e+00
-1.585950218146214397e+00
1.525112308725026011e+00
2.436812294152149727e-01
-2.152742394514763902e-01
1.771245834403041286e+00
1.154611986478647712e+00
-2.111143064343848241e+00
4.187036458264499217e-01
-2.402174430845887443e+00
-5.068306689603563342e-02
-1.289508047922854228e+00
-1.603149424473356621e+00
-2.498293349476266023e-02
-5.954059407292578987e-01
-8.659482088266818867e-01
-1.615510586267749460e+00
2.863260917585987109e+00
-1.682142019678360967e-01
2.302624609607233808e+00
3.882296145949331034e-01
1.294796509097650983e+00
-1.252735433113574715e+00
-1.751188832583227661e+00
6.069996667596126994e-01
-1.059829283620082663e+00
-7.650047313241836733e-01
-3.739427240158985644e-01
-2.387562272180178358e+00
-1.982893767912572658e+00
-1.662096653934713508e+00
-3.089075888030720085e-01
-1.410663517261374178e+00
-7.285232953664328992e-01
7.357192100010467861e-02
-4.522852593238511076e-01
4.243986948304847573e-01
-3.305289044080788052e-01
-1.850639174887626748e+00
-2.824472920655915154e+00
-5.427564414751619992e-01
-2.780177306555223993e+00
2.337111042003934713e+00
7.325883751177028058e-01
9.124446778627359755e-01
1.043228075870101579e+00
3.209084300064839024e+00
1.448752530695526675e+00
1.227245820083609606e+00
1.190846292161080289e+00
2.145779340680279645e+00
2.400846221237715739e-01
6.167670159489726522e-01
1.569955587790753171e+00
1.238382097982241747e+00
5.354813654884671426e-01
9.540207315332950300e-01
-1.331054659997706224e+00
-6.345957273237932128e-01
-1.809890310253548851e+00
2.001746245347271191e-01
-1.360139809182888682e+00
1.049384584085662597e+00
1.411351100921532709e+00
1.647399309173184001e+00
1.154630555512226930e+00
1.491306761620558641e+00
9.289857834737140774e-01
6.616688375099692987e-01
7.977889154627704205e-01
8.917463090312269802e-01
4.347697285535297995e-01
5.012584678744675948e-01
3.596204717432427422e-02
-1.408255006733579506e+00
-1.883718487240155781e-01
-1.882390195583397041e+00
1.172481072926729873e+00
-2.311666453786300757e-01
2.819669906184885555e+00
8.763165517084299250e-01
5.688508906517593111e-01
-1.340549548844820471e+00
-3.366759992562242676e-01
-1.288197766223737162e+00
-1.140585198211333307e+00
-1.503466110088578667e+00
-2.966572938760405620e-01
-1.926433245817824380e+00
-1.144631706229469970e+00
-2.136264760893817893e+00
-1.966708709025250634e+00
-1.615019409336855505e+00
-1.395711395524301679e+00
-1.759375689140304289e+00
-1.611748140226985537e+00
-4.872221612136212743e-01
8.396505322435768859e-01
-4.882437679651654427e-01
1.744391085402887231e+00
1.963745368386690560e+00
2.037199052189412996e+00
-4.393778243240276105e-02
9.709641655332413857e-01
1.409963659458270069e+00
1.552685474507740970e+00
1.251967150063274081e+00
1.037186285621474191e+00
1.443383024214619947e+00
1.298601089174344914e+00
8.250209634408154358e-01
1.420253938387127768e+00
7.395849015986304398e-01
-1.300471961328859338e+00
-1.756698304992043713e+00
-6.467462112797370821e-01
-5.011457684302558224e-01
2.301051875854970286e-01
9.930092142168724934e-01
-5.060272791818103411e-01
4.155394035277441001e-01
1.795460184570409456e+00
1.366440933905010979e-02
2.388918597727919924e+00
5.994014241534667553e-01
9.680966417764176324e-01
2.223736802460292594e+00
-1.702492693761361586e-01
-9.622285295657195814e-01
2.935381791873932222e-01
-3.299245841661073708e-01
7.769279862980800200e-01
1.530450543415163844e+00
7.261225709452800992e-02
1.303789498365440780e+00
1.066283391388180846e+00
1.128212182915545592e+00
7.458306716413354298e-02
9.070612490131282346e-01
-8.773312422809778077e-01
1.708957389918629666e+00
1.384186401647288900e+00
1.333593640754520138e+00
1.220696882225398072e+00
1.531830444682800829e+00
2.333423727543964876e+00
-4.449614202842715471e-01
1.362844944180868101e+00
3.172780559019474644e-01
6.974287576975735092e-01
1.648568051438360271e+00
-6.904489810884653078e-01
-2.108630816762683047e+00
-6.153287969510887745e-01
-1.217341132569330187e+00
-4.398262272109494386e-01
-1.237949237213598952e+00
-1.158865099359438933e+00
-1.438458248033620990e+00
-1.734303495897433489e+00
-7.224641523994737025e-01
-1.858016863550706166e+00
8.538800242023900644e-01
-8.752224041482156158e-01
-1.988392462089995094e-01
9.529123298217112570e-02
-1.914215652329418482e+00
2.159682029757771238e-01
7.549249480616782026e-01
1.472768313541408691e+00
1.764392235706496059e+00
8.101533260263763525e-01
-1.530680023850194749e+00
5.976931168883938827e-01
-1.865854217075153088e+00
-1.187343738510228341e+00
-9.020856618266883675e-01
4.188812051470942599e-01
-1.527720740118109655e+00
-3.603588168397774405e-01
-1.572962419973323644e+00
-6.317046019674961155e-01
8.697460857992754812e-01
1.097886873914205585e-01
1.379339502687358499e+00
1.481663097019433106e+00
1.336501840253471407e+00
-1.315452075442117064e+00
-1.770156950414970343e+00
-1.558072282459471047e+00
-6.980947157581109952e-01
-1.741755565050856269e+00
1.586612779871976908e+00
1.070296099894177733e+00
1.360158729259793642e+00
2.280994998106074867e+00
1.820989814792262074e-01
2.588118733858365772e+00
-5.340505804901791720e-01
6.441634122122175121e-01
4.097727274301826705e-01
3.353787031778030503e-01
1.036740381707634828e+00
1.088415437363329463e+00
-3.413254698643850560e-01
2.728773955804930651e-02
1.117831060796325993e+00
-1.126270288831486166e+00
-6.355936198697937911e-01
-2.237412858413702743e+00
-1.713279719447889704e+00
-2.247545917340796784e+00
-1.764368006094868990e+00
-4.074116201505739721e-01
-1.726899911854672620e+00
-8.889791863419985729e-01
-1.684901214681731041e-01
-1.316647060950991044e+00
-2.373314795418470347e+00
-1.599239583401919074e+00
-1.778949587678717137e+00
-2.256117953441080459e+00
1.413703371385473861e+00
1.366775861694001115e+00
1.387493581984256874e+00
-3.998795176171554555e-01
1.657620000734292276e+00
-4.062722044537691035e-01
-1.736977745241441884e+00
3.150669120202387319e-01
-2.768311264418372719e+00
-1.598073428333652402e+00
-6.867028090734913492e-01
-1.851451997397373761e+00
-3.775419394512140592e-01
-1.011548465270210473e+00
-8.527725922830486915e-01
9.267702394765436891e-01
1.606513994009076018e+00
1.856068452714753070e-01
5.824969320107213910e-01
4.236438163060789464e-01
-6.006083806590264418e-01
-2.034329142522854017e+00
8.527905717754817871e-01
6.701170177256199345e-01
-5.655308532420519896e-01
-5.044975637064843532e-01
-4.791929840354676173e-01
-7.200622914782044415e-01
-2.643519492424952766e-01
-1.109987437263012300e+00
-1.227635426826040099e+00
-4.623457344174931594e-01
-1.675922436739836874e+00
-5.801100739172627696e-01
-1.024689842400310580e+00
-6.622718397671258916e-01
-6.408653913846755756e-01
-1.785024756188373640e-01
5.013432086781561825e-01
-2.180822893764718273e+00
5.535092841857742751e-01
1.657535915708082452e+00
6.036558411794863410e-01
8.868585956596695130e-01
2.168518585235047702e+00
1.408075776882553587e+00
7.634526668770236224e-02
8.225265569582553837e-01
1.133638065809291939e+00
8.484108775152531257e-01
8.519333160791945359e-01
-2.490253998665863389e-01
6.322048650286434812e-01
9.186316613839097256e-01
9.186524090721303049e-01
-1.881090415886410350e+00
-1.760514494246690376e+00
-1.104626232558145738e-01
-1.791961197420839369e+00
-6.980698403700420496e-01
9.141632051528005842e-01
1.217434447967594036e+00
1.759880210226812736e+00
1.628775697334496897e+00
2.492207680097986433e+00
-5.829729867914266173e-01
-4.748480391555569557e-01
1.015444688778627924e+00
1.711374052283737957e+00
2.140307869632648963e+00
1.652628004849776566e-02
-1.573398601830017673e+00
-6.818602618023164030e-01
-1.995209231199798872e+00
-8.169477242978357978e-01
1.084774055040862439e+00
1.767356893236197823e+00
1.033586774801304564e+00
3.313383935477453024e-01
2.418351279674029186e+00
1.068929593859815119e+00
6.582431173605265418e-01
-5.717561098659469376e-01
1.509356012393975544e+00
2.023493370709127603e+00
1.566015984379526049e+00
1.657650681473630705e+00
6.711798093367615792e-01
1.245976329120437320e+00
2.211826502717959997e+00
3.222635215774049655e+00
1.527808659044502360e+00
1.184809290000744531e-01
1.692810307693032090e+00
6.120315527655701970e-01
-9.099629988274889891e-01
-1.228339454113587248e+00
-9.198514176286542998e-01
-2.446674175693384079e+00
-7.087593493616732854e-01
6.833943187231463767e-01
-1.244402634056301471e+00
-1.425348207137591139e+00
-8.125797945658047583e-01
-4.206090087007388068e-01
-1.772039227941710315e+00
-9.824934142208212595e-01
-2.636762454825858804e+00
-1.352268482940576000e+00
-6.483832526309180055e-01
2.797469532139825077e+00
1.242366173274523256e+00
1.240385846587264140e+00
1.282568813436421262e+00
3.585573759736289112e-01
-9.218013106022926451e-01
-7.513606807193996540e-01
-1.040807280675117852e+00
-9.806517206309161017e-01
-2.202709647820438654e+00
-7.957394109564086548e-02
-1.284140719959571353e+00
3.608066314468638680e-03
-2.200594370850454062e+00
-1.191738597881338624e+00
1.829787880789726984e+00
1.010404564409626227e+00
1.209172922874345302e+00
8.820665426746640003e-01
1.267258889515657128e+00
-2.381347789460003250e-01
4.989685158885353022e-01
-5.172375894183320888e-01
-2.591815402546668423e+00
-1.662924465018590592e+00
-2.199759218665199301e-01
-1.441748284387781132e+00
-1.265929565631159326e+00
-1.131980374710329862e+00
-1.068022975797060958e+00
-7.064324982824055077e-01
-1.918417842256519457e+00
-4.579745051977172077e-01
-1.552891189501173885e+00
-1.688448544464881351e+00
-4.097328193436033938e-01
-5.879799972187012003e-01
-9.133753856649120539e-01
-1.676230453037583557e+00
-1.316859807267124260e+00
1.555332509168843469e+00
-4.113285203871779316e-01
1.519159479120135270e+00
8.199546440080960341e-01
3.215131384394818603e+00
4.571635540314150647e-01
1.705934747835833321e-01
5.709558683193500794e-01
2.154212267027516781e+00
1.806115101378765964e+00
2.761716519194364894e-01
2.424727097317048052e+00
1.525107249444588753e+00
5.847477589187886071e-01
1.843383250377620630e+00
8.146756015863614309e-01
-1.129278548818211991e+00
-1.678321734390248565e+00
-1.025239073345400431e+00
-1.275341083434458733e+00
1.384688196809309435e+00
9.964355994460849519e-02
1.641494185362502467e+00
1.771140412315207469e+00
1.237469570220014692e+00
6.373685342311976587e-01
1.945098951205015414e-02
-6.359168915597768201e-01
2.028705902945841189e+00
2.052465438201962478e+00
-1.042945312243094502e+00
-6.632379795759479890e-03
-1.435088065432591042e+00
-1.383842059209833275e+00
-1.661709717864205738e+00
1.416610558450188240e+00
4.069795188815642506e-01
7.480187944704533853e-01
2.029059241372868527e+00
1.923769432603061436e+00
3.160177907656844809e-01
-8.329947886323241235e-02
-2.399094257820750808e-01
-1.570159412698444390e+00
-3.304454187789939157e-01
-3.289118643705182254e-01
5.513157408773508017e-01
-2.085798384586930787e+00
-1.836535521490668899e+00
5.053254519360630415e-01
-4.266551815620971411e-01
-4.821231442185874849e-01
-1.336230282665528790e+00
-1.600434877210514362e+00
-1.666141892785194534e-01
1.533727646933744637e+00
2.565978502678579076e+00
1.286764158279492865e+00
1.292559128776042732e+00
1.063188153315088424e+00
1.528650205100221537e+00
1.395556577274453813e+00
5.373880644149585661e-01
9.072235098178521584e-01
7.889521547180845529e-01
1.588280784738849150e+00
1.643518110412661271e+00
4.427095118920162387e-01
1.320196853037764129e+00
2.037107305838714133e+00
-1.111511921538203662e+00
-9.160327957385632214e-01
-8.809475652133411661e-01
-8.749251920064237131e-01
-1.537952045488903074e+00
3.564216082339184410e-01
3.518129516327195283e-01
3.588339856684661378e-01
5.272704432824775189e-01
1.962388665450074843e+00
9.415073338051824781e-01
4.778529326829842327e-01
1.158689828809903677e+00
1.385215072070353770e-01
2.389322717239080740e-01
-2.015098496142523121e+00
-1.926214425950442788e+00
-1.313232430095310654e+00
-1.665614170403803218e+00
1.927557979501162144e-01
1.259543394339183386e+00
8.226755030064329954e-01
5.503066513252886649e-01
1.151730087325165464e+00
-2.255878333308287687e-01
-1.188468191286760511e+00
-8.044610022160123552e-01
-8.658710061983440065e-01
-7.430143659793657651e-01
-5.987691766375466962e-01
-2.435425772840388303e-01
-1.436056418766674447e+00
-1.162910425372555512e+00
-2.772475331492261219e-01
-9.225933364727398889e-01
-2.355748405204690421e+00
-2.155670035566121356e+00
-7.633354846837563379e-01
-2.554789857161841038e+00
-1.767734620092212161e+00
1.537445841552447678e+00
3.583511190170192151e-01
6.929098408275513599e-01
1.306016585916772055e+00
1.421171882604077119e+00
1.413271137043951464e+00
7.666183256297192106e-01
6.668258659632602114e-01
3.813545807098461804e-02
1.372801223170175167e+00
1.098855847435822986e+00
3.059436146479211915e-01
1.344631207124677985e+00
9.203639603773597910e-01
5.834731722175304780e-01
-5.610956899968584377e-01
2.774190840939372293e-02
-1.150804780050861398e+00
-1.055264129959991415e+00
-3.046254722015451222e-01
8.438549539199193816e-01
2.322958624170499142e+00
2.589283110107108321e+00
3.222743519967753212e+00
1.852284263781758256e+00
-6.690302282857008009e-01
2.217294023507701439e+00
1.175701379415879932e-01
8.997541301638862787e-01
-5.510803551659957389e-01
-1.020003870915938915e+00
-4.140378070122037180e-01
-1.408602245705500522e+00
-2.217506998669744878e-01
-1.080449251162004076e+00
1.282890439215323752e+00
2.280720650810356354e+00
5.020159854782795250e-01
7.223736628056547371e-01
2.518086222592241796e+00
-2.028176753048781755e+00
-4.839333097554737728e-01
-8.832638364307756618e-01
-1.475109856201848535e+00
-1.640866079727834048e+00
-1.388112344732166825e+00
4.738163471848786390e-01
-2.033482239807277825e+00
-2.296095540491853271e+00
-1.626704409702427245e+00
-9.073685187399200824e-01
-7.119841608166879166e-01
-7.701086640134127137e-01
-9.613485129832590736e-01
-3.366952297997146681e-01
1.562246560693734576e+00
1.362350111174654987e+00
-9.209074911578274403e-02
2.255843237582637606e+00
2.095348599878960272e+00
-6.472910496328456720e-01
1.076050755293392447e+00
9.157452918396531416e-01
1.654147922176655516e+00
4.424409904678405780e-02
1.620428496764214188e+00
1.542878158057338966e+00
-2.733154889628099937e-01
1.673251969011742890e+00
3.740372108058673817e-01
-1.914610852353447523e+00
-1.257894644945721119e+00
2.255852801691411447e-01
-6.134118617596734380e-01
-2.091409610444933342e+00
5.353837293751990689e-01
6.038813241888008054e-02
2.742020666722000399e+00
3.182721333803957275e-01
8.899486511797471966e-01
9.632614522184734795e-01
1.754824301762490713e+00
9.952549640635758310e-01
1.289843148404969941e+00
1.202550014801299971e+00
-5.489928423720595863e-01
2.839012566001852811e-02
-6.163614192997513008e-01
-1.712859070914035886e+00
-2.668903221600130937e+00
1.883782026429341450e+00
-8.435031071767151722e-02
2.496330978240897114e-01
1.022856772567080297e+00
1.522143842804319913e+00
9.476005375943854503e-01
2.862111417529413782e-01
6.440637883061022251e-01
9.066041524684826935e-01
6.285963110829536626e-01
3.625191477015520247e-01
6.373123727545482176e-01
1.059879262249721066e-01
2.413726783778251672e+00
6.837894701505771167e-01
4.639855650094156791e-01
-2.582460846058776127e-02
1.515365063487673636e+00
2.283134336755976435e+00
-4.980256453624898327e-01
-1.390663512958488113e+00
-9.640771315252575357e-01
-3.427583595154439777e-01
-1.140358737984216608e+00
-1.693811834294034036e+00
-1.744595144350813420e-01
-1.670760718967959413e+00
-1.696564994127161441e+00
-6.336958676671502477e-01
-8.031372525942165330e-01
1.524340778370506744e+00
-1.183861831139003229e+00
-1.164371680899696671e+00
4.452210493114379108e-01
-1.074819412259216067e+00
1.389800626326014088e+00
-5.954615448022857471e-01
-1.983036609785575610e-01
-6.269753895801617460e-01
9.389708856307577012e-01
-3.352718811829079604e-01
-2.572323092677441636e+00
-1.405070255285225889e+00
-1.392250080701940895e+00
-1.034260044886101015e+00
-8.984913375362564292e-01
-1.323969266338712814e+00
-9.705762871868655051e-01
-1.095019959935921827e+00
4.532457098866864431e-01
2.372718079020073034e-01
8.141783480819524410e-01
1.506370647077445835e+00
6.218399066931472596e-01
5.076136931261392427e-01
-7.681563883923521185e-01
-1.133954717154674885e+00
-6.907539469387898867e-01
-1.835782812974044553e+00
-1.149346432346443514e+00
1.278362429729864580e+00
2.745723405133136952e-01
1.520123045000128403e+00
1.631923413661526823e+00
4.977693124303088634e-01
1.621755940959510589e+00
-2.764891560554190164e-01
8.051038091687208187e-01
7.065736189476602425e-01
1.717266021063228010e+00
1.164233634660787997e+00
1.018981297961797816e+00
1.817254926894673606e-02
1.568681247248156829e+00
1.329776678490486752e+00
-5.947144116056592988e-01
-1.838681041264124350e+00
-8.204963278512018565e-01
-1.346424743414848857e+00
1.570847810567027381e+00
-1.349213011853421351e+00
-1.274953799243133457e+00
-1.804046035786399216e+00
-4.742726714407500266e-01
-2.447504573266892969e+00
-1.699107278331194903e+00
-1.917859431619943322e+00
-4.988377179713171516e-01
2.496795498798514146e-01
-1.629843348538973169e+00
1.044556576697292849e+00
6.600063181050412897e-01
5.057290392740663165e-01
1.972668699193779185e+00
1.861511053215584965e+00
-2.122953254567992332e+00
-9.672899410674572485e-01
5.137955975669838971e-02
1.556624578206135201e+00
2.652318521120022865e-01
-7.724710609806024753e-01
-5.950500465433974373e-01
-2.452217395244138842e+00
-1.260049573882296770e+00
-1.767524234563737418e+00
-3.038970540142171828e-01
-3.003817718653802871e-01
2.173764215961607960e+00
9.383408050928172539e-01
3.109888111000250532e+00
-1.432022284285938030e+00
-7.823813945217107380e-01
-8.523033392031451605e-01
-1.893004676956242527e-01
-2.225946352876781553e+00
-8.247240912762081599e-01
-2.242224626125163489e+00
-9.320964623600275223e-01
-1.718017453134359496e+00
-2.089274044173865530e+00
-1.002019081010110835e+00
-1.600726390967165180e+00
-8.231683673959386827e-01
-1.700842363387674805e+00
-5.471495177419878342e-01
-2.817337870826339241e+00
-2.227579784457289769e-02
-1.642122073731918652e-01
-6.418708927698533184e-01
-1.466350459712629339e+00
1.358130409907347014e+00
1.832800097702771858e+00
2.142880343987519920e-01
6.976418748107950929e-01
1.829827011091715416e+00
9.138933543623229960e-01
1.113472530604231681e+00
-1.102191133282381941e-01
1.097383765518782583e+00
6.035760182319949152e-01
2.001537322788275119e+00
1.919748025138611203e-01
-1.225233144194382007e-02
8.178002914250935840e-01
1.020554845608577343e+00
-1.958967723893022761e+00
-4.254633557903318986e-01
-2.415185925808795986e-01
-5.754202724201599173e-01
-1.410439383747789321e+00
9.826313568083757666e-01
1.486833865683098832e+00
1.080214440658465946e+00
4.528455468400626183e-01
9.285328494966940127e-01
1.175506780535047424e+00
3.562159991761679745e-01
1.931722786237719980e+00
1.389496509949742498e+00
3.131247367819996796e+00
-4.950303868791735562e-01
-1.541039637411159902e+00
-1.734349473712212042e+00
-1.168560084759173501e+00
-8.348203498174892045e-01
4.247291491047177070e-01
4.591288890759105401e-01
1.224096285755481572e+00
1.418044660100152399e+00
7.428993211885068781e-01
-1.707494720289132406e+00
-9.361593696174013157e-01
-2.398296024190381681e-01
-1.709109503418306364e+00
-7.791806841879695966e-01
-1.761733251966669300e+00
-1.118728574483780047e+00
-7.105898102991059506e-01
-1.994383390547953550e-01
-1.021867092346679273e+00
-1.235568242374367465e-01
-6.969843445436583185e-01
-2.804638449228842312e-01
-1.001540502130826793e+00
-1.343424797821070715e+00
5.654817180173241642e-01
1.083450579149511483e+00
1.180236343886248429e+00
1.745496798988388720e+00
1.015404627465700260e-01
-3.896134974180940347e-01
1.437429454740895007e-01
1.314574148774692919e+00
2.984699781496975568e-01
1.891506265088495287e+00
9.833164059604521112e-01
1.627961942190323530e+00
-2.914303904514432553e-01
1.963421984884101246e+00
9.155797485878128805e-01
-4.266022381021202792e-01
-1.229047554736670378e+00
-1.010534717699659524e+00
1.287537871050248306e-01
-1.033185037776617410e+00
2.238723093167632960e+00
-1.398376778608720894e-01
2.972639318468716318e+00
1.614243030731613793e+00
1.128506529358924482e+00
5.363273113413606907e-01
1.122894657596506862e+00
3.530378324769465337e-01
1.751136252112058145e+00
1.612075057469446460e-01
-1.444559863883979611e+00
-8.336302097274346234e-01
-1.388425064712180745e+00
-1.561516400782240410e+00
-2.102938505748842335e+00
1.351989186949027921e+00
1.224902383670018580e+00
1.788714575517847294e+00
8.890273791714387031e-02
4.899517180707708697e-01
3.272749814755998576e-01
1.387236048246932363e+00
1.336254459290264318e+00
3.286494333898142273e-01
1.701928563458743326e-02
1.671156586677601474e+00
9.423410179339547499e-01
6.168121155321939497e-01
-2.054488718510749656e-02
-8.231752455906271582e-01
1.541366094291872102e+00
1.299085134814932596e+00
1.025862121657020953e+00
1.763263854664482766e+00
1.400337193119134405e-01
1.053349931771874193e-01
-1.222026555917897994e+00
5.115764729197431748e-01
-2.056382124478743023e+00
-9.948569270065391601e-01
-2.396395740363389537e-01
-3.211940350496451657e-01
3.995001488477121221e-01
-1.929842893915912239e+00
-1.101574892412073403e+00
-1.312019424864697470e+00
-1.722552126265662675e+00
-4.263495498813691942e-01
-3.790673531979714683e-01
-9.479981508382170352e-01
6.344972386514541318e-01
9.290295100936155626e-01
1.128408125815403951e+00
-2.280366505787265741e-01
9.833417414328522455e-01
-1.652137272117403466e+00
3.407631522329923612e-01
-4.186312817765762695e-01
1.430083366520098487e-01
-1.062738933045590750e+00
2.759402573241616086e-01
-6.966793172538376933e-01
-7.301466940569167896e-01
-8.104884240998609934e-01
-7.730572189316808895e-02
1.305385177091831217e+00
2.001693404227335105e+00
3.327805348454210277e-01
4.572563334166037663e-01
4.332490412577291172e-01
3.829749023614870129e-01
-5.556361980968080871e-01
-5.638845238087162315e-01
6.009079393020113624e-01
-1.235822783425349680e+00
-8.543491704601779979e-01
-2.078885324548273239e+00
-1.428046398167336140e+00
-8.797501772282785293e-01
-7.407708303412741113e-01
-1.121589259794884885e+00
-6.705708313579665791e-01
-1.289596436541962099e+00
-1.194340438803647375e+00
-6.671665454011979079e-01
-9.122299827520019555e-01
-2.941962336927828048e-02
-6.436037427264058586e-01
-1.060488444401004537e+00
-1.369387698438169210e+00
-1.591186627991714175e-02
1.370932731564965312e+00
9.520826706253675553e-01
-4.430649521856384609e-01
1.906376910443521533e+00
1.715210224832051544e+00
2.084641730236641344e+00
2.215278511421772123e+00
6.479456266350711591e-01
1.018115343243955140e+00
2.194786261311371334e+00
-3.581791005090999569e-01
-3.070664125276900691e-03
2.853376718890464625e-01
5.722738271758904816e-01
-9.632223317183408184e-02
-1.151035273402489345e+00
-3.396909010274756779e-01
-5.147915379084370135e-01
-1.061442386760128587e-01
2.407906927901381167e+00
5.393175760553534648e-01
-1.199479101229778966e+00
-2.629389567730233690e-01
1.298948930885188258e+00
-2.468742085421542498e-01
2.433771396990888292e+00
1.335963949581817634e+00
2.389397272046283938e+00
5.465894248168065017e-01
-2.184872538900832772e+00
-1.039196922014628655e+00
-2.019995192115811911e+00
-2.143685779629067589e-01
-1.520576195533286601e+00
1.085875878562654995e+00
8.864341227296773651e-01
2.348225935165706879e+00
1.168342380008436709e+00
8.312898216175206301e-01
2.552032947664550022e+00
1.358088282975488115e+00
1.077242108641796037e-02
4.069073606781917762e-01
5.583712762943364716e-01
2.469104855194806269e+00
5.417647757146926146e-01
1.113777737957152292e+00
-1.001349058387075441e-01
4.522457332254576912e-01
1.182534259759342676e+00
1.547809134311048940e+00
1.722206584097929483e+00
-1.167921352172180960e+00
1.274431254590662643e+00
-4.497276966069130300e-01
-1.225384015871667120e+00
-1.925202595461423805e-01
1.346970636982149916e-01
-3.010811560387357533e-01
-5.131617678733508825e-01
-6.428503226229582701e-01
2.220938161350736184e-01
-5.071986200495308683e-01
-1.344603491525402150e+00
-1.053242087461283560e-01
-2.092763106121441119e+00
-8.806004580476156640e-01
-9.734131804795136400e-01
-7.637169781449545392e-01
1.968232444291833971e+00
7.677660884709993638e-01
1.145107989819783345e+00
1.129402430066457352e-01
2.307734412423310566e+00
-1.968254549631585970e+00
1.956874018345202693e-01
-7.515935717442425723e-01
-5.875391322912694170e-01
-1.763914580359616124e+00
-7.239850613881366748e-01
-7.305199607392478534e-01
-3.460019041696391184e+00
-1.620033237303800888e+00
-1.159686064957615725e+00
1.785091647569700957e+00
9.604649235878888192e-01
4.733477843867729407e-01
-5.336438075576843687e-01
1.137475646592669865e+00
-1.021773060710046588e+00
-2.839135673160652074e-01
-4.296153694194582151e-02
-1.906785709250211180e+00
8.494406038407540382e-01
-1.011886750121369527e+00
-4.802401727281172539e-01
-1.727186955240576527e+00
-1.312009984739155533e+00
-8.534535663797261362e-01
-9.662272805725983238e-01
-1.031200781593219817e+00
-1.150229316133105861e+00
-1.702321167913882549e+00
-2.150374583855204635e-01
-6.311882700719867456e-01
-1.022079502270019979e+00
-1.401527575766544409e+00
-1.532135516948618825e+00
-1.145343848156964439e+00
1.044942646061642666e+00
1.410994193179551548e+00
6.157815826510435464e-01
1.408233813505234577e+00
1.392391611676248253e+00
1.390343430217070519e+00
3.915554443897142356e-01
3.542799229465684041e-01
2.310720460375608631e+00
8.984596971786862341e-02
1.556201775244647756e+00
7.321746283401744382e-01
4.646508820435402143e-01
1.032098084665543203e+00
4.681768804737536094e-01
-1.736166740773742445e+00
-1.857352916276318489e+00
-3.663482028704796889e+00
-1.149476546845046077e+00
-6.509996695908364384e-01
1.734966710697584791e+00
1.512860417914770883e-01
3.130688944905635207e+00
4.523260392700986232e-01
-1.967872550749649729e-01
5.423392541882339213e-01
1.080234087524489572e+00
3.840145101002350181e-01
1.182553505357048174e+00
1.660257169132336230e+00
-1.569549548678224493e+00
4.247401769174263819e-02
-1.919470316798404186e+00
-2.188565328017827660e+00
4.061857989819057657e-01
6.012416520543206744e-01
1.980161963971472261e+00
1.256487103116306958e+00
-2.394772470015404942e-01
-3.310929977822734127e-01
2.278894708791700197e+00
1.907977218037161915e+00
1.638114530764074317e-01
5.135942757787466117e-01
2.523548045961993225e+00
2.897701606554585751e-01
6.969579842889503940e-01
-3.151885783382590844e-02
4.762721899380917279e-02
2.124932387397258093e-01
6.490317957516686942e-01
1.719143416150433756e-01
9.975737661758096175e-01
-2.374693740844313616e-02
7.678662869589865103e-01
-1.418187517709402545e+00
-1.420004694511999954e+00
-2.055524554464325249e+00
-1.132976403600175708e+00
-2.766916771811726239e+00
-1.702160200482430330e+00
-1.961763041434719135e+00
8.902792642148558144e-01
-1.686224802367641828e-02
-1.245265962410032179e+00
-1.016652757040572119e+00
-8.929745134766737813e-01
-2.216772106978477819e+00
-2.349208582617515084e+00
-2.045945047564301511e-02
7.361131520795520800e-01
3.944147984734875934e-01
1.371006070042925185e+00
6.905493125408646016e-02
1.933644025603729055e-01
-1.076399836329505311e+00
-1.367730809042051909e+00
-1.216948564180340142e-01
-3.222670630781862000e-01
-4.987770779674917110e-01
-2.414752187691794560e+00
5.091072810125907289e-01
-1.924138070570096781e+00
-6.432397582039326434e-01
-2.353820850475910831e+00
1.362829298314533588e+00
1.782705998732389663e+00
1.267431554784000935e+00
9.461625501966458573e-01
7.377271535242764244e-01
-1.019307030719842633e+00
-7.190672237246763521e-01
-2.232145701545507066e+00
-1.316900502814730256e+00
-4.011290872645435490e-01
2.191014107719826409e-01
-7.279159019585066392e-01
8.297221745383992486e-01
9.211621594329750806e-01
1.778541901297693517e+00
1.456127432438112157e+00
5.361031667918640942e-01
2.218630349187565631e+00
-2.661288433544282128e-01
1.278077844741709379e+00
7.050873761013717322e-01
1.206311170369797736e+00
9.384062360961491489e-01
1.659152688938604125e+00
7.546785584826344317e-01
-2.051673449174816088e+00
-1.181666649116871248e+00
-6.523592336459238528e-01
-4.110707302237553984e-01
-9.013598877993027614e-01
-9.144856833639556370e-01
-7.567322149309513302e-01
-1.461893700308024568e+00
7.725879128547648023e-01
-1.013677548996285260e+00
-1.729136077330477583e+00
-1.444031714404340638e+00
-1.296658753350298010e+00
-8.366441817101816225e-01
-1.208910926641594941e+00
1.596041723598378814e+00
1.896439194986716537e+00
1.263291797416572271e+00
1.452460658474776789e+00
1.190826347391789719e+00
-5.959405677404471247e-01
-1.262482613321870950e+00
-1.238536149542823761e-01
-1.667157543064653025e+00
-1.239008964375954536e+00
-2.948866191567807160e-01
-3.855401411573977644e-01
-3.812897170463156460e-01
-2.591419575777931250e-01
3.500747329316977741e-02
2.294862723534829563e-01
1.062712776187597852e+00
5.523525085900164999e-01
-4.651015059920926564e-01
8.700947164181110915e-01
5.670988582987250837e-01
-7.282649588326561840e-02
6.507122143508976553e-01
-6.307798986044257372e-01
-1.372922501150683150e+00
-1.208633878857579669e+00
-4.182013335958248978e-01
-5.398295173234063382e-01
-1.525184502593771585e-01
-1.294836700045755906e+00
-2.208003197786410077e+00
-1.484244482361988249e-01
-1.956883483635983634e+00
-2.166150036606593332e+00
-1.536793084694524802e+00
4.309246894220719604e-02
-2.605835485572329802e-01
3.022176702902605872e-01
-1.207699983634349605e+00
2.495146665733674052e-01
2.007227127948451262e+00
7.539111238141178450e-01
1.382373766249411773e-01
-4.736969091294862544e-02
1.200576711654385065e+00
9.052662323402149713e-01
1.988609501414553282e+00
7.215871750335014490e-01
3.748759925837263918e-01
1.093356114506536025e+00
8.209156228502604291e-01
1.294905927788670086e+00
1.247274915027251074e+00
2.307126911539191250e-01
6.127403893968538240e-01
1.246735492643450627e+00
-2.037109071435955876e+00
-1.813340912467500399e+00
-4.211413883146067905e-01
-1.050403238463295752e+00
-9.285225106424443986e-02
1.248982680160486414e+00
7.327464624223269940e-01
9.205920020906463996e-01
1.109015004975150376e+00
3.567403526122434609e-01
1.762236228185674713e+00
1.741432468650509602e+00
8.972217207287610519e-01
1.390975881031861539e+00
-2.072559799472084574e+00
-1.305925081317868441e+00
4.588128288976429658e-01
-7.570522915687490917e-01
-2.344583507207221640e+00
2.004155150473668545e+00
1.571908461442493188e+00
1.771206759181923829e+00
1.954063749849678899e+00
8.309317265684279530e-01
-1.664355082893509197e+00
-1.707352015609179485e+00
-6.883607103379295600e-01
-1.404398635976269683e+00
-1.869450800273073643e+00
-1.307289068146040067e+00
-1.583623569398549868e+00
-1.986123873517906979e+00
-5.547985597471463137e-01
-2.414620283584999250e+00
-1.091448302623531985e+00
7.350300575662112035e-01
-8.537383037120825913e-01
-1.482334500299941071e-01
-6.246057798905833014e-01
8.403665609385886359e-01
2.321747552286501204e+00
1.626655859604174026e+00
1.154819526414964104e+00
2.112854135047751436e-01
2.380242651308839719e+00
2.544439641866247825e+00
5.765321187731586861e-01
8.297394296321164431e-01
-5.947889752439352584e-01
4.701566566374925094e-01
5.658087146676367141e-01
4.855455581279827237e-01
4.651264179026074475e-01
1.172819479853342450e+00
-2.575626303734760647e+00
-1.718746818344859761e+00
-1.197645459327148831e+00
-1.189924979912034386e+00
-1.347127446854857968e+00
9.168986374700341946e-01
7.240122532005492939e-01
1.458823970167188566e+00
8.340398041049154054e-01
1.276236208625503243e+00
2.289153115782148085e+00
1.127614443563527136e+00
1.602537281769124355e+00
2.544944985229452561e-01
1.455378688448728308e+00
-7.447687412654304673e-01
-2.041960460016950307e+00
-2.501827925696573640e-01
-1.724165789913076452e+00
-7.282052157071394749e-01
1.278921802431889798e+00
2.049042651526726821e-01
-6.013869195813796864e-01
1.395284909129665296e+00
1.703584345268287503e+00
-9.365878535185474529e-01
1.564616455761906888e-01
-8.081198701738231405e-01
-1.328739103656065179e+00
-2.762728806126638625e-01
-1.901211605633748025e+00
-4.118610604829328059e-01
-1.584789175323739308e+00
-6.799040150676141092e-01
-1.608697999902162223e+00
-2.455259875613225340e+00
-3.383144142579155300e-01
-2.100879122051138914e+00
-8.447186061426552595e-01
9.918110613536361697e-01
2.205476547348285798e+00
2.368578445384450504e-02
1.693415332370076909e+00
1.319284629168465894e+00
1.681467126211382279e+00
-2.067859470252093601e-01
1.106215173027770060e+00
1.581831248569099513e+00
5.422072941246962596e-01
5.555632840250455118e-01
6.117933756934984535e-01
7.834331764223801953e-01
-3.757827311297501360e-02
1.107804786858740620e+00
-6.796563615098549782e-02
-1.124742135632733842e+00
-6.311494545366259645e-01
-1.493694992962657953e+00
-6.374127781179597108e-01
-1.179659140951999419e+00
6.626351912720259696e-01
5.472866303134722443e-01
1.180331752574384385e+00
7.854191169543226492e-01
7.314753121044127449e-01
1.253332411376640643e+00
-5.395650170926282740e-01
1.283102228165786007e+00
1.389456888688627378e+00
2.439634031107662970e+00
-1.424572830369408516e+00
1.649038981381878433e-01
-1.133146247930164163e+00
-2.052751777080051632e+00
-9.737531344468431937e-01
7.240300029044333119e-01
3.370436244301534545e-01
-4.170630227809790647e-02
7.421560712764376788e-01
8.886765723396310435e-01
1.715991664609790579e-01
-3.030585462920718509e+00
-3.851995798372105373e-01
-1.429888705478784772e+00
-1.425642689527476303e+00
-5.034605550805659746e-02
1.550209848893921993e-01
-1.333711502871856691e+00
-2.476150739906832321e+00
-4.405570407126261356e-01
-1.562721710486462801e+00
-1.311127029680938083e+00
-3.167745658635345851e+00
-1.098348093821249316e+00
-7.119679480696445850e-01
1.428853885857259920e+00
5.282987887026886487e-01
1.210441557161980652e+00
2.008029508868425239e-02
-3.590704962247968091e-01
2.426118929759527809e+00
2.548535827324329262e+00
4.991946240666990109e-01
-3.908370654271873246e-01
1.817368848102909329e+00
6.942744741191215763e-01
3.757527025736299153e-01
1.477597684553315638e+00
9.193611283529992129e-01
5.613093745149027036e-01
-4.733377685576547478e-01
-8.329463771080869439e-01
-6.479817067194459934e-01
-4.113670769949206996e-02
-8.797220231800666479e-01
3.716525352035366936e-01
-5.307085467109096122e-02
7.884174131559751331e-01
9.197247374255959063e-01
3.797525382357436197e-01
1.977543700306757302e+00
1.874872801206017403e+00
1.522974933423780763e+00
5.899950890446524765e-01
6.928812991532273813e-01
-9.620011628030818995e-01
-1.171992353806705189e+00
-1.583333307245939903e-01
-4.427932688114616377e-01
-2.268292673661449488e+00
1.191185735554219693e+00
5.425060859683195069e-01
1.033137690431572997e+00
1.768263641284960608e+00
2.304202483431103232e+00
-2.474136790232037697e-01
7.920645523921996389e-01
9.112452696314965461e-02
5.516790380069153121e-01
-5.683239620363544908e-02
-4.820302097546536046e-02
1.848040945323781159e+00
-3.564043116989923377e-01
3.239828742503609860e-01
8.396732487938127765e-01
1.663813027359183128e+00
2.316046883603087636e+00
-3.580058250420246058e-01
1.868866751415015681e+00
7.215671840850882424e-01
-2.196043624972820574e+00
-1.403003968829191095e+00
-1.305045843074699619e+00
-1.442356148646647851e+00
-6.298495457419963639e-01
5.563248399536919742e-01
-8.525916582612014238e-02
-1.715782804856986754e+00
-2.167561822165334995e+00
-8.368955686984539399e-01
-3.078068476239032680e+00
-2.765385496842456270e+00
-1.630763985495178758e+00
-1.903794349417410103e+00
-7.914249158749231405e-01
1.576081634278948318e+00
4.515544419549111232e-02
8.885217728517667002e-01
1.815612022025989258e+00
1.329626744934297555e+00
-1.618713669277653366e+00
-1.292463217034634626e+00
-1.531713014482395829e+00
-1.759039794167115867e+00
-8.393508931661661787e-01
6.625319461039034241e-01
-6.881994968517568534e-02
-8.195964448228988397e-01
-1.035181537630017523e+00
-7.020169045350899140e-01
6.926773525978791035e-01
-1.174540206371534889e-01
1.325354221673617605e+00
6.405134967872698759e-01
2.323463679899818501e+00
-1.605182798292457580e+00
-1.173952930044313225e+00
1.277925671032089650e-01
-1.583986259445601341e+00
-1.287846711699631275e+00
-1.106608661046017739e+00
-1.676641508868256469e+00
-1.507826874061817257e+00
-9.146358490284216547e-01
-5.475139624475169331e-01
-7.943858362919131721e-01
1.650234809675543701e-02
-1.112078114950391550e+00
-1.508184280366396735e+00
-4.997308470647831014e-01
-5.747098142428631595e-01
-1.034175848538812836e+00
-1.248786620974621453e+00
-1.094579274242521327e+00
-9.179645490048227163e-01
1.276471555650303236e+00
3.086854636926594786e-01
7.049329840201453701e-01
8.204271084019354454e-01
9.479087501603276067e-01
5.266118662300702802e-01
1.469048303289082646e+00
5.728329404740025721e-01
1.564872522502539498e+00
-9.680551190112929305e-02
2.582105833924280613e+00
3.733358185738625545e-01
2.355037800161640327e+00
1.753478685851930674e+00
-7.965268958811000388e-02
-1.086894532352850273e+00
-1.807083759094188835e+00
-1.211049094640515467e+00
-1.670085448722381294e+00
-1.442858291636345935e+00
1.161846452438839217e+00
5.030513961618183760e-01
1.056727614683964367e-01
-5.654714165386258706e-01
8.664491551114293921e-01
8.564993249871121206e-01
-6.141799779129986092e-03
2.173393540910161015e+00
1.167405994982450679e+00
-1.112195614451032544e-01
-1.946625815961707584e+00
-1.633181843008046918e+00
-1.293270973146612324e+00
-1.421714481289269028e+00
-6.525422485299658959e-02
1.773889459291856152e+00
9.664669818634111786e-01
1.067553936248337720e+00
5.870650408204998172e-01
1.023547359990951477e+00
2.287875799523496845e+00
2.693917889025433388e-01
1.903770865185214989e+00
9.282723356345101706e-01
7.061695835466531568e-01
1.391845504361391983e+00
1.610618455229185120e+00
1.194848250865071293e+00
8.457990239722850134e-01
1.609510639467691462e+00
-3.788756419929522057e-01
1.181074042901398391e+00
1.350726325334008271e+00
1.863149237460706154e+00
3.455453186374609631e-01
-1.040195490381712995e+00
-1.033723204816271668e+00
-1.505405801822977008e+00
-1.135583490156779396e+00
-1.319730982514236484e+00
-3.287220040959228484e+00
-1.241483776362800384e+00
-3.021662891957700658e+00
3.127588338880360475e-02
-1.169646830231221735e+00
-1.262930196899274993e+00
-7.098748034111921346e-01
-8.143270774505241283e-01
-7.052335163523381079e-01
-1.057360512075599335e+00
1.365465788401815983e+00
1.209977586234624036e+00
8.286383436542338332e-01
1.379973053269354155e+00
2.351740725992566894e+00
-1.332285484561914535e+00
-1.680857329475004658e+00
-1.465999318931832329e+00
-9.664081384957526888e-01
-1.807650082633919464e+00
-1.199266694839848491e+00
-1.704289630863257576e+00
-7.505163823593867800e-01
-4.301568860612355882e-01
-3.859431708975402664e-01
6.829633622643505042e-01
1.353323913024227609e+00
1.338240194868628441e+00
7.947908402622175794e-01
7.073040896589872784e-01
-8.834879482329830447e-01
-9.271793753874628674e-01
-4.553236646038723023e-01
2.783462194629811037e-01
-1.723482094480715432e+00
7.453510393794235966e-01
1.938277579375312420e+00
4.306624078204095429e-01
2.761433081544311108e-01
9.155001746065671853e-02
4.965032342871705806e-01
3.685284819460840078e-01
2.126248288146456167e-01
-7.731840242716634393e-01
-1.631828010759850400e-01
-1.542216191367398181e-01
1.197287433655096711e+00
1.070051594533785844e+00
1.295590266906573973e+00
1.028002303259744066e+00
-2.240399777849250817e+00
-1.115847489240831658e+00
-1.672356155974662473e+00
-1.364590034721094858e+00
-2.346169568238996028e+00
-2.752175357464856642e-01
-6.157976508108342628e-02
-9.599509049934917826e-02
-1.684078655511073830e+00
-1.343902575177915004e+00
-1.228470571242490150e+00
-8.655139413280821259e-01
-1.799071005701578407e+00
-2.949302298741681927e+00
5.391675172480248079e-02
1.078948599681850418e-02
1.332529348616279474e+00
-1.550585187111863661e-01
7.051202677822814291e-01
1.325640389487794391e-01
-2.222139099157625086e+00
-1.753124288568124189e+00
-1.154246339551017630e+00
-9.373940705772618731e-01
-1.395160062934840406e+00
-1.611605069457004991e+00
-1.165438192775219539e+00
-2.445171228532942997e-01
-9.217264588363041078e-01
-9.881378330725862913e-01
1.605411401277563765e+00
2.037928350025053348e-01
1.520713168064543819e+00
2.722629710521473179e+00
1.070088197052008860e+00
-8.317810823987574764e-01
-1.664598976848035150e+00
-1.085282035722051841e+00
-1.731604060188987937e+00
1.730621741339917197e-01
1.960483327574013668e+00
1.697863690471930420e+00
-1.224605330339505471e-01
1.368013858284917283e+00
-2.630037108678617841e-02
9.327109044513370861e-01
1.252610569311939814e+00
-1.885773988841545901e-01
5.363969391168272871e-01
1.179678964465491475e-02
4.043692918742574083e-01
5.219295512128214742e-01
4.804914739685310909e-01
9.129772589670424043e-01
2.451486531198384888e+00
-6.712449636972279698e-01
-1.129635537583015603e+00
-9.678800097302394656e-01
-1.120076965571290106e+00
-7.280606571836049090e-01
-1.486822186907255983e+00
-1.491563878019504630e+00
-1.515277429446990176e+00
-8.756791607233475050e-01
-9.855554719823527154e-01
-2.033639603917472005e+00
-3.317418869048841534e-01
-2.421064213913728835e+00
-1.487209866295346128e+00
-2.276783089096965806e+00
9.673036466100843889e-01
7.665491895979946735e-01
-3.878459538283920427e-01
1.698080622434785969e+00
1.805126861555918172e+00
4.121343503186034596e-01
-5.108343273939850437e-01
-2.784261169295145777e+00
-1.711229814312785535e+00
-1.420518238785710485e+00
8.810017872641993097e-01
-1.408635255273783304e+00
-1.256239043103183795e+00
-1.336184739898561569e+00
-2.045315292410139207e+00
-3.672317833653404584e-01
8.830978172854415664e-01
9.916184872148093854e-01
2.373662655998253879e+00
2.890509742393203574e+00
-1.270272025121984560e-01
-3.530171479037003124e-01
-8.907573223812762508e-01
-1.537176721515207234e+00
-1.430699862162116087e+00
-1.393140637346437227e+00
7.365702593430516476e-01
-1.954130164301802086e+00
-1.265537034880514389e+00
-1.324989263093720337e+00
5.052412082757284928e-02
-1.966398890915276976e+00
-5.249109923557069290e-01
9.708373165474948330e-02
-1.078876789378100831e+00
-1.453933580488417698e+00
-7.738854701600769159e-01
-9.996431289708633816e-01
-1.723527532543272844e+00
1.370202235489601517e-01
9.981083382714605046e-01
7.286851726122735018e-01
3.397940875111441716e+00
4.697211668431539033e-01
4.701806620193430541e-01
-2.380753573260323552e-01
1.435227932791102612e+00
9.674098381945001046e-01
3.945100405890047401e-01
5.310389451925623394e-02
1.465767547579065910e+00
2.856193987578843796e+00
1.866983298721808904e+00
1.592398095408007919e+00
1.129903894670902131e+00
-1.345784485379589057e+00
-1.743809268324282957e+00
-1.275910578917687888e+00
-9.541890329936520976e-01
-7.065687238693543204e-01
3.649574331313277797e-01
7.584434858070062679e-01
1.312224904163913131e+00
2.110837453111896966e+00
9.231821026471362934e-01
2.119794928217554997e+00
1.577990633455296443e+00
1.294927997859883329e+00
1.161881683608481985e+00
1.378375593935264876e+00
-1.997902460164670657e+00
-8.484487684724378864e-01
-9.152759350609067646e-01
-5.535167557085287626e-01
-1.751484420745292869e+00
2.065122171670051854e-01
2.521855604789410288e-01
1.697936032125855643e+00
2.135369486548079898e-01
5.513742228059534956e-01
1.420488455979888709e+00
1.493158155359862738e+00
9.674059392966266602e-01
9.818960384875886627e-01
1.761841018773886436e+00
8.276243947613642904e-01
1.685208860726566726e+00
1.293424676087428171e+00
1.854674358519866839e+00
7.698206178140541978e-01
8.963828477815560802e-01
3.133014000508363983e-01
1.229761752452425361e+00
2.617154220521840102e+00
7.556289473585185990e-01
-1.593751297891178531e+00
-1.674488819626404057e-01
-1.846818510487110432e+00
-4.288842960378633773e-01
-2.164190162702372078e+00
3.797500926899677332e-02
-8.139192967181059224e-01
-9.263025860543216972e-01
1.776263046160053705e-02
-1.027238750865422157e+00
1.455720184625084457e-01
-1.899307812764870818e+00
-1.053191992505851493e+00
1.039164363883984254e-01
-1.319715578425829428e+00
6.897758504396751533e-01
8.801119977721094667e-01
1.227561537601896902e+00
9.431114651133262194e-01
1.132750606788177627e+00
-1.614392629217439312e-01
-3.766535619109303568e-01
-9.936676603449614564e-01
-7.440475198226548237e-01
3.297144378120020480e-01
-5.460583642013683292e-01
-1.252628750162336990e+00
-2.992246887196902128e-01
-2.960477325684698791e+00
-9.471189118079555991e-01
6.487964696706396417e-01
7.791875249316789764e-01
2.483332113316801149e+00
1.569594069863637920e+00
-1.105822150524122360e+00
-2.043200001756501294e+00
4.186948194669790624e-01
-8.074421483591766036e-01
-1.743956118223332075e-01
-2.228008849033048300e+00
-9.244091042403534964e-02
1.987024354228927869e-01
1.486815426268105256e+00
1.090762279677125468e-01
1.489951228641919867e+00
1.813652178141692328e+00
3.018347083994953328e-01
1.218757719252400618e+00
6.054694247657878003e-01
1.547769176724737239e+00
-2.490348744480632703e-01
7.788529881192676196e-01
1.697996046915386081e+00
1.833781796580178813e+00
1.313728618751730304e+00
-1.591112200038540703e+00
-1.217320358736843744e+00
-1.793975759363693800e+00
-5.735982550381715228e-01
-2.887955319196265913e-01
-9.002712105322188130e-01
-2.641196523979020272e-01
-7.786827770834492402e-01
-8.579266211376714857e-01
-6.297765225802021138e-01
-1.895054391921880965e+00
-8.480770946504300190e-01
-1.290656845863615843e+00
3.426237070675119956e-01
-1.184037711064563680e+00
9.752824767728975885e-01
1.940217360157412418e+00
1.280332444856825402e+00
9.783434762475520241e-01
5.201849932843645163e-01
-1.538304634837899254e+00
-1.391145248595507589e+00
-1.749826763809690711e+00
-8.255396242636786619e-01
-1.443847844038304462e+00
-4.905433638442455724e-01
-1.058837359506688447e+00
-2.249027430318902843e-01
-1.184853830298979727e+00
-6.184625371965432050e-01
1.024624571680607943e+00
2.731039053758602897e+00
2.542163108894556434e+00
4.413946790408729282e-01
1.105467359191398380e+00
1.474448941690920112e-01
-3.089193959986764604e-01
-1.172504655161135556e+00
-2.137588257389640312e+00
-4.975223929223988595e-01
7.919375927735921028e-01
2.200051147096337978e-02
-8.038415533275264924e-01
-1.624702444649912758e+00
-1.641419074845673620e-01
1.088243452096843367e+00
1.787048325620161915e-01
-2.106066842126823158e+00
-2.247896740257716353e+00
-2.123472109659119589e+00
-1.067001846291586009e+00
2.271172224766544456e-01
-3.780684891653274260e-02
-1.196702722841573863e+00
-2.682517542669327959e+00
2.257232959777626835e+00
1.531053806536194273e+00
1.560764845975723514e+00
3.675548410137574606e-02
1.310718805865417336e+00
3.103775022734447386e-01
5.029839091848080646e-01
1.094983522681741706e+00
8.576796477649687445e-01
1.666278151031484356e+00
1.526657488364560944e+00
1.499914095201910103e+00
1.283672025139375394e+00
1.121071283029395849e+00
1.849569529509239141e+00
1.306634197854878998e-01
-3.690831567716135186e-01
-1.307737328208879113e+00
-2.132761374943295429e+00
-1.699333910352988752e+00
3.004743093910312801e+00
1.740568266827518862e+00
1.005448483850318375e+00
1.582527900344957494e+00
9.818711054554118967e-01
1.212277179515825143e+00
2.108041171334119390e+00
8.749202728092431158e-02
9.615911388835947093e-01
3.488799235421324862e-01
-5.903072314634334461e-01
-1.033138596854360491e+00
-2.704022365436467457e+00
-1.364435694168808944e+00
4.959365358342049390e-02
1.506952018402164306e+00
2.433457374513266380e+00
1.522225841116482847e+00
1.039846705653629577e+00
5.954559055312267368e-01
