-7.080561328876622262e-02
-1.559156574264056738e+00
3.125538259982616474e-01
-6.852652508720156188e-01
-4.711478054961119044e-01
-1.256470777238309466e+00
-2.528939262145482481e+00
-6.620705599335274805e-01
-6.878964540895076141e-01
7.732429077478033541e-01
-6.577037608313760497e-01
-9.167339490161845461e-01
-1.030238193956567683e+00
1.926945680892315771e-01
-1.264390281351606360e+00
5.245459059015001868e-01
2.470743213765398405e-01
1.471515891863031777e+00
1.366577311026815345e-01
2.336422355168981113e-01
1.547704835112329924e+00
1.554451865407601607e+00
1.407016147301420217e+00
7.020523859019716095e-01
-3.002260664726226214e-01
1.866407627777086908e-01
8.784100172119793104e-01
-1.448845829557632303e-01
9.853544112710246328e-01
-6.670716402594458749e-01
-2.371837544943090403e+00
-8.591761011423597605e-01
-1.848368911811778315e+00
-1.043731671668442162e+00
-7.728092634384456927e-01
-3.376730980466700061e-01
1.216012211158239209e+00
1.928296583622399529e+00
7.171339731350608870e-01
1.202201249063125310e+00
-8.288462488488828050e-01
1.567127353938343459e+00
8.545679549789915175e-01
2.156458394072578777e+00
1.955338930776850503e+00
-7.021982117273226631e-01
-1.823793379315390206e+00
-1.652780406342179376e+00
-1.521720067033816903e+00
5.333275212294226186e-01
1.360631042784791633e+00
6.973637569695984029e-01
-3.502627934997821768e-01
9.344359776920533323e-01
8.179509889455023330e-01
1.956407407195520420e+00
-1.338434893857787245e-02
1.097610051903476824e+00
6.837964951589992069e-02
1.300546782229956566e+00
7.272660061456321934e-01
3.094405035720027008e-01
1.097029944622554876e+00
1.140649420197201502e+00
2.612933100822820265e+00
2.010492608407242754e-01
1.457971701206893567e+00
7.913160899221628464e-01
1.662025055457042821e+00
2.936967168229027703e-01
3.255568595254603181e-01
-1.349412864809434343e+00
-8.792498667629367048e-02
-8.856127918280869427e-01
-1.603218673338420164e+00
-3.467564328168333265e-01
-2.261627777692502228e+00
-4.828613932947006804e-01
-1.719396065887085712e+00
-1.583129838629375730e+00
-2.508205070007598625e-01
-7.159384415742422458e-01
-7.591896269743080294e-01
-4.746975408440852195e-01
-9.289104391294841223e-01
7.709742405099327955e-01
2.461572877789267588e-01
1.426777191538895817e+00
1.087510617970078419e+00
2.148883537008806854e+00
-1.135378039988821586e+00
-1.354743777147120687e+00
-2.113498135998478134e+00
-2.330891837013895351e-01
1.316345623523891284e-01
-5.253572282224552303e-01
-3.306894260932015106e-01
-4.130818411149607128e-01
-1.755597152300609309e+00
-1.272994779525896014e+00
2.404263996129358816e-01
1.842017183295241223e+00
1.582468782443939403e+00
5.097928416705435062e-01
2.601113036339435691e+00
-1.015109414541179866e+00
-1.404153672062680380e+00
-1.408182208856604278e+00
-9.649541926892999388e-01
-1.937834747939507274e+00
2.617473730076157690e+00
1.124693907592725139e+00
6.688271881239575833e-01
1.013325512147494001e+00
1.010740739535208155e+00
1.199334516244965787e+00
1.519745051523296198e+00
1.822248058234145374e+00
1.431094889382925839e+00
4.675378388716737721e-01
4.113662343487149986e-01
-3.906018299280802353e-01
1.787318383365261720e-01
2.115534931619690973e+00
1.883326041769789017e+00
5.737069220099755285e-04
-1.745174941320246198e+00
-3.558788712576170798e-01
-3.209680544689222925e-01
-7.841658590934061923e-01
-3.880213270429461181e-01
-8.945235533476003642e-01
-1.840286230751616126e+00
-2.360624767102250221e+00
-2.234784360940026637e+00
-8.445997215643032963e-01
-6.884847324077870701e-01
-4.136908291342167310e-01
-4.898005688229792876e-01
-9.250914713851600135e-01
2.610427687112941708e-01
1.731223530945891431e+00
1.617082011165932531e+00
2.438348734839995924e+00
2.354481966301033236e+00
-7.847100689411574681e-01
-1.459836216962386857e+00
-1.954350764532021723e+00
-1.191454400386537271e+00
-8.060446050318084144e-01
-8.629083990699911721e-01
2.117663648748004945e-01
-5.510346650813486846e-01
-3.381200774909961515e-01
-1.010225694378379169e+00
1.271728703496319168e+00
2.509615609574638029e+00
1.235211372069000779e+00
3.517236899611955181e-01
-1.139075238919267097e-01
1.078697154509051792e-01
-9.730135245000387512e-01
-4.648762280495131183e-01
-1.729285601754018575e+00
-1.232520609212729212e+00
1.329262154293348708e+00
2.364787430865018525e-01
4.379419519697111962e-01
3.320484696552920001e-01
1.186619711283768641e+00
-5.761189859344253428e-01
7.065367415517866956e-01
4.821768236137244923e-01
7.146304289949685362e-01
1.973711051451559007e+00
1.316969700395264731e+00
4.607422520132691268e-01
1.631495355504395839e+00
2.615432407386381719e+00
7.710576908937661900e-01
-1.872252555841548594e+00
-1.199065285873561759e+00
-2.796878801442999052e-01
1.522609471689480021e-01
-4.643807950504987847e-01
-1.852347062112587484e+00
2.270386210212764766e-01
-4.440713359177964614e-01
-1.622967965479275243e+00
-2.112078859386334884e+00
-1.329902966517257479e+00
-2.152143100162317246e+00
-7.909024342143530228e-01
-1.353817435675406688e+00
-1.246329162998063067e+00
2.053718483362000580e+00
2.150473697885065816e-01
3.672063673699103026e-01
-2.680078194108390655e-01
6.700044149836570373e-02
-1.327781825256805659e+00
-6.778354000394337664e-01
-8.757730296734941300e-01
-1.812636677595657275e+00
-6.614598900093987544e-01
-2.220518717007641030e+00
-1.103796982859965414e+00
-1.478918522389121915e+00
-9.294050403498494983e-01
-1.635175368651296202e+00
1.614977049725947023e+00
2.180680770449146877e+00
2.350894057518997382e+00
4.030443442846953772e-01
1.524684165904053312e+00
-1.450558370748092685e+00
-1.436358472406845888e+00
-1.562941363068738987e+00
-5.085130969223838893e-01
-4.290152999638485731e-02
-1.042486738487378162e+00
-1.273867288953409505e+00
-1.225900805373054014e+00
-1.351481240569197606e+00
-1.811760924405991346e+00
-1.141452355200398339e+00
-1.530747313726838144e+00
-2.312807332911139824e+00
-6.878995013993021157e-01
-6.919697007293635904e-01
-1.406942641562523022e-01
-1.470822988177362234e+00
-6.141579418728304596e-02
-5.723937908211771397e-01
-6.992150601902575868e-01
-3.709573345538379474e-01
1.009709370652833282e+00
3.725731815094512900e-01
2.583297328374506652e+00
-4.908000255695750269e-01
1.675087314018497420e+00
3.831952413137877933e-01
9.859626747424092841e-01
-4.400894456109696318e-01
1.142449408926500709e+00
5.077945881712367937e-01
2.019215092015608004e+00
5.613916220683314862e-01
1.315030846343036020e+00
9.270125572678158399e-01
-1.264696363843964555e+00
-4.974547960742949915e-01
-1.364359099857913815e+00
-2.924252225445616915e+00
-1.654599963412984653e+00
7.580511511750949172e-01
1.755375536442619788e+00
1.957832467756064565e+00
7.110173191560046346e-01
1.893781389844177543e+00
8.442643893072090400e-01
6.153022214077475960e-01
1.153429544656572103e+00
2.858726795552628541e-01
1.538294151345880989e+00
-1.646799892802572884e-01
2.298875121332453197e-01
-9.070535710512862559e-01
-3.970938085151831665e-01
-2.136343040838212248e-01
1.112065686152451160e+00
6.361734551478765987e-01
1.697628846051375762e+00
1.540889523609293654e+00
1.274045008683185820e+00
2.676189431165606702e+00
-4.279774938880189783e-01
1.803358092698237547e+00
2.749392001313671896e-01
7.667148961979872723e-01
-8.027272584073896766e-02
2.273198893206383353e+00
-4.971741019272988282e-01
1.604795825003238807e+00
3.360118828005909108e-02
2.526080272550760508e+00
1.333154342507254064e+00
8.083182361866196874e-01
1.173474561375420500e+00
1.962374933539058564e+00
-4.645383943352142664e-01
-1.083469081205249873e+00
7.340697761585510683e-01
-3.112052315751052678e-01
-7.771083356031324163e-01
-1.421171898709496340e+00
-1.144339447801997478e+00
-1.667484353796255370e+00
-1.955454384816902813e+00
-6.844405584604853487e-01
3.826676117968061952e-01
-7.800484851447312407e-01
-8.075869444809454789e-01
9.581899793776904595e-02
-1.541298253564890253e+00
1.217470862152729039e+00
7.935892063675338282e-01
-8.092112238596405049e-03
1.639875461066294005e+00
1.520711744271070254e+00
-4.296904263557964621e-01
-6.048300308712577511e-01
-1.922254301658764319e+00
-4.315336727879773848e-01
-8.008712224122607193e-01
-3.467213665630159980e-01
-7.531397160114505773e-01
-1.282497209274698680e+00
5.087464743466298955e-01
-8.398658224962678442e-01
4.542041606200497572e-01
1.054876725498382184e+00
5.076876206961596916e-01
1.098154922414560364e+00
1.129605007629070901e+00
-1.536194588025656671e+00
-6.249506464361698210e-01
-1.582254247328356289e-01
-3.233762444708118133e-01
-7.740155216746937850e-01
2.514655553845206892e+00
8.011304622994324109e-01
1.031402839560578766e+00
-1.660356420325941329e-01
5.688775039296145586e-01
2.014942611761607605e+00
-1.229667627900694615e-01
7.500249989029941222e-01
1.139529359722647239e+00
1.954264460639962619e+00
8.404539869943401520e-01
3.943322021780351072e-01
1.087207127533896145e+00
1.701030339537048963e+00
2.109349086721656441e+00
-8.399591214512136528e-01
-1.603282915192965952e+00
-1.978567852106722480e+00
-8.306270059191385169e-01
-6.495290990294214639e-01
-1.542244002958678806e+00
-8.750075407069265454e-01
-2.196041724764047576e+00
-7.426146527982546708e-01
-1.628634087296095601e+00
-5.441120909321581767e-01
-6.616116165405858673e-01
-1.731948391871589443e+00
-2.401740466143493791e+00
6.516434566493867209e-03
1.439290762661982859e+00
1.280737113349187162e+00
7.162226346068265581e-01
-2.026264375399633444e-02
1.105811088948505994e+00
-6.161273544837100324e-01
-2.361212948797315470e+00
-1.534807695933657623e+00
-1.372685977865044649e+00
-1.715551035379895506e+00
-6.539792114290220448e-01
-1.563683564908405987e+00
-3.445693016723833324e+00
-9.635175060898255595e-01
-7.799019876545905117e-01
-1.250918633380078138e-01
9.189112031181128071e-01
1.212210828933394380e+00
2.355018454234547587e+00
1.385870022198944174e+00
-3.139839541741037410e-01
-1.082110215853909319e+00
-8.248536501710335145e-01
-1.918108857319032357e+00
-1.977937966655975544e+00
-3.140941900363503070e-01
-6.487338451099955439e-01
-1.452295554490576901e+00
-2.051572514515031642e+00
-1.692866408854430516e+00
-1.170713165675267842e+00
-1.164834473497899925e+00
-6.749597382366190335e-01
-7.022838409573237684e-01
-2.796793680146988148e+00
-7.016729472263455447e-01
-8.018179890278278599e-01
-2.589221424488092893e+00
-1.971498794552034362e+00
-9.790722809897052237e-01
1.353064088501645168e+00
6.569818323061759058e-01
-7.281002381279577662e-02
7.709862122832868980e-01
8.285966340579515865e-01
1.527599033232616588e+00
6.909219196095426341e-01
1.320856783805552492e+00
5.622272239342690492e-01
1.022484336076978861e+00
-9.070750367147351056e-02
6.394217790659917355e-01
1.598086673802865398e+00
8.442161703600479239e-01
4.903730698007731093e-01
-1.207477840267677571e+00
-1.843392097672412522e+00
-1.569057547284535392e+00
-5.625802054967904420e-01
8.725143927256793219e-01
1.072785030155650299e+00
-8.656570467374913314e-02
9.149766184978377348e-01
1.620756630684048627e+00
2.365889348181443586e-01
1.357939598850545604e+00
8.151425276468238224e-02
8.865991307173775038e-01
9.049040334616388348e-01
-8.468007903652008395e-02
-6.905285886002500151e-01
-6.729708273129716423e-01
-1.820686548708791985e+00
-2.834242950052916488e-01
-1.950495725079559151e+00
1.648202623205443862e+00
9.168227560162001133e-01
2.836315319533398327e+00
8.167754615396929374e-01
1.243328298207622140e+00
-2.345492379141846939e+00
-1.402248592513647196e+00
-1.126737193762477052e+00
-3.989873648368655878e-01
-1.225544237408417336e+00
-1.916002607201882313e+00
1.224174449990078628e-01
-1.567796994836355928e+00
-6.121931506362968678e-01
-3.092720310542989459e+00
3.472703664363570031e-01
2.021137069544398646e-01
-1.509012975115652466e+00
-7.992757290405605453e-02
-1.744875106257130604e+00
2.483156056445363635e-01
1.063622905847596556e+00
1.023923961905493840e+00
1.052451634940243075e+00
1.148511127958886435e+00
-1.350191428671905225e-01
7.197077591438130195e-01
7.585709273499859906e-01
1.678031465671312450e-01
1.805038891158271541e+00
8.398131179991363826e-01
4.393282699409157832e-01
5.881619911995474848e-01
5.425639687050551885e-01
1.893509718740382208e+00
-1.277410640170129952e+00
1.687100813225985707e-01
-1.967081411860250650e+00
-2.234702880193510932e-01
-3.386194985644643829e-01
2.323855236759782450e+00
1.800219207976697655e-01
1.393113665215817143e+00
1.393674927898412186e+00
-7.123196657470054483e-02
7.784171799528427638e-02
9.146225662896612096e-01
-5.951961666847136456e-01
-6.011744878870617370e-02
1.264791294719350034e+00
1.348226321790222393e-01
-1.490576642067375168e+00
-2.344784683319142138e-01
-1.248963923337881310e+00
-1.544211990482008634e+00
4.395346115894042116e-01
3.457917862071285819e-01
1.756571877988935659e+00
1.610710271719250741e+00
1.665003939884398543e+00
2.377820812895639957e+00
6.745659985691112581e-01
6.367764962545400254e-01
2.265103529367398227e-01
2.224205846108239015e+00
5.734545938544832744e-01
1.849123331279350246e+00
5.767951155508712624e-01
5.600693579182025594e-03
8.559672873492898404e-01
1.297331012884641810e+00
2.174670054145309006e+00
9.360086094902323461e-01
1.098594858883683356e+00
7.192036158357577591e-01
-1.877563844295524476e+00
-1.162727183069182324e+00
-1.616469914180025169e+00
-3.757447293177722525e-01
-1.494950708207476442e+00
-1.154562477280409283e+00
-1.698729401396039895e+00
-1.592709310707430381e+00
-1.513717372919710868e+00
-1.847417333211240020e+00
-1.142731957700479306e+00
-9.066888777373165453e-01
-5.869132912673045155e-01
-1.958687842692964809e+00
-1.885655779714276115e+00
6.527395644723510415e-02
1.353307719073876925e+00
2.130922421091466568e+00
8.814678823536515884e-01
8.559565856485850111e-01
-1.681355775286941245e+00
-1.084866692802553878e+00
-9.628296204548112414e-01
-2.155271251276348554e+00
-7.877747216615569315e-01
-6.091535078398437886e-01
-1.331777041927777905e+00
-9.179739384726330886e-01
-2.076134163742785477e-01
-8.271261457970404685e-01
-1.753291076062306608e-01
9.080115476643906280e-01
2.523068217714253603e+00
1.053459075694596070e-01
2.235462363382318518e+00
-1.047391928426549601e+00
-1.633475348282813266e+00
-2.516025175777810929e+00
-7.654595583764300937e-01
-1.270459959864536081e+00
7.274627010099850022e-01
5.240103152891190108e-01
1.037082057313980954e+00
-7.420713888472916242e-01
6.900678126345010099e-01
1.299043961860040231e-01
1.235581365537766096e+00
6.724057563003107418e-01
9.847123894672707989e-01
1.203226655068496687e+00
3.787090813769495856e-01
3.963177418854635370e-02
1.652854558898499970e-01
7.307257327836591543e-01
2.142747702433263512e+00
4.511878506525501820e-02
-1.258904796354185507e-01
-1.094919735028315522e+00
1.356352998162291268e-01
-5.838058661562185447e-01
-1.337229243997387629e+00
-6.504966433585501751e-01
-5.938674134190984333e-01
-2.441353351807211247e+00
-2.109395520574667948e+00
-1.647957705022922825e+00
-7.562603209866536336e-01
-1.249172782400344239e+00
-1.402232890551393218e+00
-1.378148178736646745e-01
2.000427763392535141e+00
1.914884969786221358e-01
2.216979575359302679e+00
9.434735292126743555e-01
9.565450854838629668e-01
-4.181752829728169196e-01
-1.122194963798534006e-01
-1.947932810207314347e+00
-8.573928483567256897e-01
-5.622227143910579761e-01
-1.120851936000895721e+00
-1.123613902242988516e+00
-4.222803465983807625e-01
-4.946481666316726589e-02
-7.084115070594255714e-01
5.992791685684237812e-01
1.490128043622609200e+00
1.086087042051894880e+00
1.288483147910381099e+00
5.599689486505017300e-01
-1.154844466843221396e+00
-1.299389138127526877e+00
-1.485660610540993076e-01
-1.542592202264805756e+00
-8.134793840977749824e-01
-2.244939370643758814e+00
-2.028817958773533991e+00
-1.096100744398489812e+00
-1.239661985265803956e+00
-9.408163084066762938e-01
-1.119447650870599720e+00
-1.689762019744236454e-01
-1.729148328779481325e+00
-1.109959144466101666e+00
-2.423718594141830440e-01
-4.376663948578904950e-01
-1.168518667065296501e+00
-9.539073153947068562e-01
1.336540490367041922e-01
-9.810930837157881834e-01
2.723130206824480926e+00
5.072636508297048152e-01
2.468937839181150729e+00
2.182989002778942034e+00
1.398266351386137085e-01
1.335209631120232388e+00
8.466984390946252770e-02
5.229862289139710629e-01
2.106361561122387815e+00
1.759611498179979971e+00
1.113568495752558452e+00
6.180823482598295504e-01
1.117986090700971102e+00
2.525483619227271159e-01
1.061824973160184760e+00
-1.131561576205196928e+00
-1.177043470238676948e+00
-3.948088281430561786e-02
-1.921094559990840445e+00
-2.121647167195827244e+00
1.051544417623076155e+00
-9.081047612808790248e-02
1.147712000430903823e+00
2.628228778420602652e-01
1.209753448363799500e+00
7.534943097378441479e-01
1.995162390031990141e+00
9.182129374295171509e-01
7.903511437091149672e-01
2.288452781064379771e+00
-1.091443995577216608e+00
-2.885862112302799432e-01
-4.609300247545266016e-01
-1.177613846196031488e+00
-2.409679601535978932e-01
1.068264146453610675e+00
1.017561550115769764e+00
-9.800094804526082726e-02
2.102042627831628430e+00
1.667860748896437872e+00
2.094657466765606380e+00
-7.684278908561608112e-01
1.365622182037274701e+00
3.460510026438978759e-01
1.099534011545213019e+00
1.433701307012255510e+00
2.252528461020485651e+00
2.697923443613543526e-01
1.371124553606982044e+00
4.215217169890642657e-01
2.061146534323443635e-01
2.433724034615185605e-01
1.022828169917987529e+00
1.822443916957342314e+00
2.321167302291787582e+00
-3.039575483780551091e-01
-1.841471791284265080e+00
-1.179096020316944493e+00
-1.262802580094699367e+00
-1.572571845880673003e+00
-1.908931907429600727e+00
-1.659451919772411577e+00
-1.087868222094142912e+00
-1.139311462574118083e+00
-6.860054586616004535e-01
-8.385913695612827734e-01
-6.848476010864076313e-01
-1.885548094059833701e+00
-1.734481757658107970e+00
-2.751306244359731368e-01
1.001396736169998247e+00
-2.666876829511175551e-01
1.236317863293621366e+00
1.341989541046079815e+00
5.664409802008243400e-01
-5.952686247047094259e-01
-2.039912528242957990e+00
-1.187215263559072032e+00
-1.256520185346654328e+00
-8.375421116979951952e-01
-4.503570087024325597e-01
-5.875132352648728684e-01
-1.548022405168060667e+00
-2.309048400146173741e+00
-1.457956478126494204e-01
1.188909832419617896e+00
9.028670557534201890e-03
7.471465206957137450e-01
1.604656932403123237e+00
2.113337461140762930e+00
-2.044229481521267378e+00
-1.091507484278943840e+00
-4.268520287520028988e-01
-1.113212452416311171e+00
-1.930802585605220223e-01
1.081243364958379916e+00
3.474273475486593377e-01
1.306027930291363104e+00
1.632437002759770994e+00
1.528416864103730344e+00
8.586295543232659311e-01
4.930078252822385210e-01
1.558433196159102030e+00
1.472358812759003488e+00
-6.339206600626379196e-01
-1.145373151220353769e+00
3.275128053490456992e-01
6.594311240087790127e-01
8.535802619179605477e-01
-2.964511796525641785e-01
-1.177764257659655645e+00
2.180578448662944258e-01
-1.886496023181181814e+00
-6.841454286504111693e-01
-1.110692909639934500e+00
-1.065213105033114838e+00
-8.261403362840450404e-01
-8.988537339179791807e-02
-6.480324373856631848e-01
-6.813193640261847595e-01
-1.366770528052710931e+00
-1.195850958154307975e+00
-4.094064624053994628e-01
-1.219752906568687179e+00
-1.173929690487194311e+00
1.010644879682491393e+00
9.000841883664246756e-01
1.662795502361571920e+00
2.020284436956332641e+00
-8.904821480309206283e-01
-1.562443055569018302e+00
-7.010586968130106955e-01
-5.196643583731823668e-01
-8.850473932047693282e-01
-1.029688905816668054e-01
-3.833759785298207490e-01
-1.315639907358322480e-01
-2.155773508506082514e+00
-1.087782093363342639e+00
-6.814512180530850616e-01
2.446218807762838399e+00
7.318946007023573452e-01
2.668711788757351933e-01
1.467297666746175011e+00
1.275332147666514704e+00
5.009643379813937258e-01
-1.360846815540188048e+00
-2.158431214908882456e-01
-1.729341955698580513e+00
-9.806708154594745430e-02
-9.679240649205714808e-01
8.821636320451631263e-02
-2.560552351212951550e+00
-1.076812418608489530e+00
-1.304930055139678524e+00
-1.493474480729177767e+00
-3.512271632001356947e-01
-6.544718532022200108e-01
-1.830422306902625751e+00
-4.326419964976737642e-01
-1.598587206079021605e+00
-7.189008304753408130e-01
-2.801678013750859897e+00
-1.419637915049973609e+00
-6.525642714780635067e-01
2.250569049850171144e+00
1.480443230997388060e-01
1.988520779891105317e+00
1.018767757011439290e+00
4.246559421163076387e-02
1.242677375282069230e+00
1.388924314468916288e+00
6.257229903160501649e-01
1.602762698002418107e+00
9.675635552512455995e-01
2.110664181606866308e+00
1.907112823822615599e+00
8.484283172386789529e-01
1.618120604791924322e+00
3.213030400330263436e-01
-1.174222332325530083e+00
1.468532207737689443e-01
-7.948573688940050452e-01
-1.680820898542502162e+00
-1.389762698053891299e+00
1.894734731187968091e-01
1.273036019814066666e-02
-3.441063108892812306e-01
-1.987529043055347167e-02
7.505841074188204232e-01
1.194228258841137702e+00
4.064643409777881633e-01
1.132553703482982899e+00
8.939916945069068532e-01
1.473206731359876676e+00
-1.151998047586790808e+00
-9.277123695325720787e-01
-4.329016659443930548e-01
-1.562278462138404489e-01
-5.547250474214147076e-01
8.233986151007439691e-01
1.526933842862880031e+00
2.089503692162868020e+00
2.261592575021900142e+00
1.961558776326691733e+00
-9.440103504069765616e-01
-8.329837320149133806e-01
-8.093555387704871595e-01
-5.343663295503405797e-01
-1.074005793992759861e+00
1.114686352256297752e-01
4.866940456004824611e-01
2.205203997065501298e-01
-1.578761456249146766e+00
-8.805513494767687188e-01
7.319216194812996346e-01
2.141284941872996228e-01
-1.795321112328141400e+00
-1.295437141606507581e+00
-6.388261773671084498e-01
1.814723870154448804e-01
9.593346788859719032e-01
3.992024019803230850e-02
1.785682579070225318e+00
2.760436259276896065e-01
7.781574732391925986e-01
1.267676352049924127e+00
2.864237512808484265e+00
1.611218261271307961e+00
9.246739181745251557e-01
-7.760386361194173688e-01
2.002352977200991813e+00
1.513621472925638756e+00
-5.527344715719855195e-01
2.097484620714382686e+00
-2.931336471710580538e-01
-1.114911500502249408e+00
-9.646372404093395136e-01
-2.246852186334094004e-01
-6.259782500708934716e-01
1.276954305029172954e+00
9.177097247363967814e-01
1.916367098868545504e+00
5.056578323260775276e-01
1.370070991369600533e+00
5.170001048791232900e-01
9.414506675649509937e-01
1.006093225594061114e+00
2.112352579640441430e+00
2.457874629625879104e-01
-5.241118156809909667e-01
-5.947686859664088610e-01
-8.965214688826748102e-01
2.104695583438775941e-02
-2.333915974483797839e+00
1.549251628035332784e+00
1.078530386206484337e+00
1.207241608781256081e+00
1.522998464524074391e+00
1.601037171097202449e+00
-1.555821617040006988e+00
-2.066571352047507304e+00
-9.063280055309914651e-01
-8.729978402865254949e-01
-9.342344400612712096e-01
-1.705687551982782768e+00
-7.550910300649070761e-01
-2.458846412184188424e+00
-1.812619908557729920e+00
-1.794453571452783169e-01
-1.274928652317258049e+00
-1.597407046757338023e+00
-1.869432446323109343e+00
-1.258381127287529599e+00
-1.481046786235230339e+00
1.188715158500055491e+00
1.020457093825788197e+00
5.813095741876860290e-01
2.391237932049274484e+00
1.039411615117994625e+00
1.652965346455816054e+00
1.785965295916949636e+00
1.431157978966925981e+00
1.761126734331470933e+00
-6.548540131501070505e-01
1.097820405600019367e+00
1.947832528008464070e-01
1.919315902765974524e+00
1.697606262033251490e+00
7.596965694869205477e-01
-1.714380021847250024e+00
-6.176170585869276142e-01
-8.801001470985407860e-01
-1.022919834601373701e+00
-1.120536616564463683e+00
1.441440854940625460e+00
9.352748967158855953e-01
6.396145391829634042e-01
9.136804004656233769e-01
1.235392921624577367e+00
9.024004199619850564e-01
1.908132177592783973e+00
9.794480353140961881e-01
8.910658228375023526e-01
5.956799017128985296e-01
-1.908214313894272873e+00
-6.843812719667340394e-01
-4.994423635927356386e-01
-6.576489284411134451e-01
2.002623833511418816e-02
1.023831431152202098e+00
1.492132913124586180e+00
1.200215150914276441e+00
2.281636481531537086e-01
5.288660993228284646e-01
2.507990413280518638e-01
2.048726649235712571e+00
-1.432625729515191182e-03
1.569581604583945689e+00
5.311999575181418631e-01
1.615902830988328320e+00
1.155364277086318392e+00
7.986111518021725697e-01
-3.898739862266227263e-01
-2.134995594616124759e-01
1.160438637725444977e+00
1.327837883972646349e+00
9.301830729362652317e-01
5.733574169658217645e-01
9.710136013925497744e-01
6.387763750456527667e-01
-3.327820745770385003e+00
-6.422283653053388885e-01
-1.095714024598793523e+00
-8.523273100310063688e-01
-1.245908319592472502e+00
-6.979061461430149382e-01
-1.041900421228937335e+00
-1.533658402870740733e+00
-1.471929559976016044e+00
-1.140373819125982235e+00
-2.645711051818922854e+00
-5.493277426450127177e-01
-1.208606968131747506e+00
-7.389316536498587995e-01
1.230328117019223733e+00
1.004833645831630262e+00
4.223105927342678534e-01
1.974071210549840805e+00
7.972616508544153602e-01
-4.916851490761664500e-01
-2.748929848316816749e-01
-1.314747578735888212e+00
-1.332411911355589229e+00
-1.610079090773660626e+00
-6.402954093369467303e-01
-4.039420525369934456e-01
-2.198011842441526031e+00
-1.159214957096503351e+00
6.840598520975387231e-01
1.347888184488059249e+00
-2.398492998059151837e-01
1.923557086650471204e+00
1.794308680647063170e+00
1.197331619862139540e+00
-1.386993253359699807e+00
-5.397815346399255088e-01
-2.293095603268475724e+00
-8.050927266716387809e-01
-1.489840217554849522e+00
-1.429646714953146214e+00
-9.022717969141540451e-01
-5.510803803715437210e-01
-1.866478611590727255e+00
-9.540493982463513767e-01
-9.684991973340040250e-01
-1.366639738356102862e+00
5.206384288416512351e-01
-1.168222257575564971e+00
-1.055740374093347311e+00
-2.331966093447024324e-01
-7.239224652456328624e-01
-1.125999461644075827e+00
2.005125481258065445e-01
-9.615957714765619446e-01
2.656680838311572534e-01
1.897223165612020646e+00
1.088278518374772963e+00
1.992385595367336615e+00
2.029591676701180347e+00
1.016221668271781731e+00
7.455055244476227472e-02
1.356173971533993106e+00
6.100235253932779766e-01
1.467554145127302867e+00
1.404273816064710800e+00
-4.072996167397011646e-01
-1.717325972775198828e-01
3.693792257585379879e-01
6.709613399452100113e-01
-4.569204941965164801e-01
-2.629447641369288657e+00
-1.733884816652903060e+00
-1.255028787006681856e+00
-1.961601577221069981e+00
8.642452463304812760e-01
1.546291297537862874e+00
1.207867947250285123e-01
1.206237989456901527e+00
1.977251258816934643e+00
1.729797436164502988e+00
3.601227570261689159e-01
1.133073614626387338e+00
1.059351128828521116e+00
1.861242741844698845e+00
-1.270641859042982658e+00
-1.017877197212385232e+00
-7.399685564714619801e-01
-6.432587975335009034e-01
-1.131725219306300101e+00
-1.567421939509383577e-02
8.057486390374157814e-01
1.408755999313853424e+00
2.008512771720650569e+00
-1.478874311408890918e-01
1.360813970207869428e+00
1.265949747862468389e+00
9.494124904045054825e-01
1.444694916776687377e+00
1.593193298212277398e+00
2.014231235304755785e+00
9.452760293252517876e-01
1.048085811564909209e+00
1.385620828958407769e+00
6.008564253836147229e-01
1.015316815555521224e+00
1.469044608317317202e+00
4.578880097992330533e-01
2.597249637679837075e-01
1.309484920606837521e+00
-5.390274766131653017e-01
-1.373071732153330782e+00
-1.070153385005203850e+00
-9.086520260621702150e-01
-2.000290440590873686e+00
-6.105132542328913781e-01
2.054985612386159843e-01
-1.497958449506648471e+00
-6.938853899263036640e-01
4.310613574508566082e-01
-3.967579743654355839e-01
-1.034199339074987289e+00
-8.209862319497038818e-01
-4.530420619056186871e-01
-7.031587920002260184e-01
4.315604625034298314e-01
2.320078433265550188e+00
9.317845207548166586e-01
1.373005698484642378e+00
1.875807796427223950e+00
-1.039492506559579255e+00
-6.892182901712511356e-01
-2.939761364836093183e-01
-1.868718761707250930e+00
-8.631093503500005815e-01
-7.855692697975593664e-01
-6.401985517999367881e-01
-1.100190005058711451e+00
-6.320413878124612195e-01
-1.295923159510339318e+00
1.083408501589892881e+00
2.320237561109319557e+00
1.308133809211790011e+00
8.143389448255047292e-01
1.201856347535789737e+00
-9.148389454610912352e-01
-1.454713591794121186e+00
-1.060798477809584694e+00
-2.559080602893054612e-01
-1.238601230471555459e+00
9.060982216251596277e-01
-3.983382849508567691e-01
1.393072546044489712e+00
9.397560578462011982e-01
5.937825553293212266e-01
1.108438144310152307e+00
7.754829004779892898e-01
2.088696870040234188e-01
-6.136903594529841133e-01
8.391428927254822590e-01
1.556292770150915716e+00
1.559109671387322038e+00
8.472912920991376717e-01
1.896881204085931749e+00
6.329195968955658724e-01
-1.965439848980721216e-02
-1.495159575778737482e+00
-4.331209031092647654e-01
-1.065414628535676922e+00
-1.499046771297562364e+00
-1.796117354672513988e+00
-1.120444072609181774e+00
-3.100150271095889476e-01
-1.353416059591246778e+00
-6.689042799295107367e-01
7.415661708915062267e-01
-4.146049415777852687e-02
-6.333635041181941983e-01
1.918637570095294009e-01
-1.937231730699086940e+00
1.635636024886967688e+00
1.198894949572598012e+00
1.414114457321247187e+00
1.213596662841887053e-01
9.551362582116189603e-01
-2.814570840333628254e+00
-2.450796688726551986e-01
-1.568983213511386809e-01
4.726649930798965116e-03
-4.486089143600500151e-01
-9.447964374979200830e-02
-1.221544622420978499e+00
-9.507799998714583367e-01
-7.706620070231811059e-01
-1.426086998498160563e-01
4.112492182843648925e-01
2.130330842753735965e+00
2.092810479070981167e+00
1.626089209887217057e-01
1.779897969595988894e+00
-7.365551722870000706e-02
-2.186033450261450906e-01
-5.779660557019031808e-01
-6.011092899160987990e-01
-1.866360789180436797e-01
4.356143424678489140e-01
-1.772514848233684770e+00
-1.035514278670036870e+00
-7.832211967846830492e-01
2.543124082062357960e-01
3.619337485721907388e-01
-8.175344541726878855e-01
-1.070916008811684916e+00
-3.862851150625862262e-01
-1.708750676781781053e+00
3.567560085840302264e-01
-3.889217951767178771e-01
-1.493117268884421645e+00
-1.658105086890635071e+00
-6.430718197452611751e-01
1.716400949191406289e+00
5.238042716896873507e-01
1.116009954456216091e+00
2.121281505751131391e+00
1.103021094472658170e+00
6.640529057974431382e-01
7.582055511392815639e-01
1.194598746061254602e+00
4.349685831871522579e-01
8.856516751479351912e-01
9.643701697366460213e-01
8.922061592612441361e-01
5.327787866034956465e-01
2.858066276140615258e+00
-6.213142363145722769e-01
-5.062815698636636830e-01
-1.283876980095591591e+00
-8.914513118751865584e-01
-1.347031375405858933e+00
-1.079739567080219897e+00
1.507903764619744180e+00
1.527435561756138593e-01
1.278423212189193414e+00
1.151285528452126172e+00
6.129930823282088159e-01
1.145868324764979906e+00
1.051850146307354406e+00
1.641736346244301092e+00
1.967786076222128422e+00
1.297909435338334028e+00
-1.288555224796628984e+00
-8.169442264780211183e-01
-8.200618773484116275e-01
-3.453089429140161482e-01
-9.323281505952887294e-01
1.524369141463822075e+00
1.406683866091313240e+00
1.995849806610369370e+00
2.120400664934910751e+00
-1.249605830171987009e-01
1.997040209768864649e+00
8.736926533230716663e-01
7.640169919835629875e-01
2.137054605937827034e-01
1.880345879972108669e+00
4.127915138694618902e-01
5.564190343324840748e-01
1.678527949427246924e+00
8.282975295066922206e-01
1.724505681109348210e+00
5.671814732223601219e-01
4.836799417526638223e-01
1.842112924095514526e+00
1.519510576652997713e+00
7.620914195674438618e-01
-7.668432221258163484e-01
-4.397190847164068606e-01
-1.377203317984179609e+00
-1.703875013619427392e+00
-7.576412246732298073e-01
-8.311765715377341657e-01
-1.142408041328690338e+00
8.495727680688827110e-01
-3.189669819301648168e-01
-1.746648477632040120e-02
-2.071782315528005292e+00
-1.536492311951746625e+00
-1.131244455023851403e+00
-1.427373710630879478e+00
-8.067635681663953839e-01
6.525260872834046655e-01
5.212181317025350591e-01
8.687728216904068157e-01
9.134397862278473834e-01
1.274520783001383606e+00
-1.005301378482903019e+00
-2.428178186690853835e+00
-1.719582046162447142e+00
6.786969077353877111e-03
-5.679573377208160245e-01
-1.864335425066321328e-02
-9.865539815382050604e-01
-1.532696210541838244e+00
-1.166270854925465894e+00
-6.109548976678180754e-01
1.502593584975850494e+00
4.965886609707567123e-01
9.317147242376428995e-01
1.038825673017263362e+00
9.425880923365226316e-01
-1.614221737473202634e-01
-1.034797686221443414e+00
-6.390821575838445678e-01
-2.871188211690629544e-01
-8.539896758404708077e-02
-6.937393842838157632e-01
1.546248690292348904e-01
-4.336927832743353584e-01
-5.670884506584258355e-01
-2.068046184062493076e+00
-7.694386496918612650e-01
4.211712849642079703e-01
-6.000201386368803069e-01
-2.454331620763906763e+00
-1.161403376659946307e+00
-1.579366796846907395e+00
-9.084573250480199036e-01
2.188602285910556944e-01
-4.761605318430561784e-01
-9.176135595768767361e-01
1.362068395254691922e+00
7.717153336003648167e-01
2.027187236063909381e+00
1.385067572671533354e+00
1.094537745423723729e+00
9.004771371437348959e-01
4.233602183231082172e-01
1.062472003345110716e+00
1.276093698169296076e+00
1.217467752879816567e+00
8.640614683595712053e-01
2.544606593060096955e-01
3.621209441166881593e-01
1.799753894939089216e+00
2.290992090739899734e+00
-2.042186810776668304e-01
-8.433707155442078385e-01
-2.058874389411983863e+00
-9.486818528904241710e-01
-5.304839726417704959e-01
1.290926257985810954e+00
1.241455345337159066e+00
1.234768820788496591e+00
2.401140286327378082e+00
8.189893860673442827e-01
6.584741324196329293e-01
-2.596335713745652196e-01
1.831033962375324675e+00
7.417589460385394240e-01
2.399674321052711612e+00
-1.747243533316503061e+00
-1.510953636640252951e+00
-3.883131785732136798e-01
-6.770291310347525959e-01
5.920997431879553297e-01
1.812970942476122449e+00
1.068846340285491969e+00
-9.850630165812443995e-01
1.455543205141158758e+00
1.284095400577242474e+00
-1.841067316586864067e-01
-9.499623793440757913e-01
-1.392675036475894190e+00
-1.109957519807255100e+00
-1.192385072394317902e+00
-9.422303461112655487e-01
-1.248453279749461187e+00
-1.913307832731782288e+00
-8.805400746942237955e-01
-2.327516553094935325e+00
-1.375592803889837512e+00
-7.226614837287259618e-02
-1.001545041147605009e+00
-1.758487536636833326e+00
-1.611788915078790740e+00
2.369679226843153241e-01
9.471949367535784647e-01
7.166647801866804501e-01
5.199802830392038500e-01
-4.417799597925982091e-01
1.255654033965145189e+00
1.649689785878290627e+00
-7.266908024374063579e-02
-2.779230603338067596e-04
2.061188938730510234e+00
-6.112446677400606987e-02
9.409131605886565941e-01
2.331557064583880123e+00
9.176984406345545242e-01
5.254544022067230147e-01
-1.628340172953809173e+00
-1.601649949050173438e+00
-9.616460733249363457e-01
-2.731165256985321754e-01
-5.816331472390019464e-01
1.221555832592045254e+00
6.455663756081133631e-01
3.126606271157073014e-01
-1.610810191076565978e-01
1.186654976142073492e+00
-2.935003750875808670e-02
1.041390210674338679e+00
2.085723604746498427e+00
1.241288705401850434e+00
8.776969557994981352e-01
-2.334790391790092512e-01
-4.554481664935766672e-01
-1.232665688891388722e+00
-1.504023055539907894e+00
9.934574556865380934e-01
2.860684734393987405e+00
9.170382938578600651e-01
5.964858168088799095e-01
4.782694906855966543e-01
1.829317670245832472e+00
7.018225656445818972e-01
2.134825069259678187e-01
2.973484973829656486e-01
1.832374316228952527e+00
2.034017256292364628e+00
1.492565457966842368e+00
7.112323581170119091e-01
-3.302843127443373383e-01
1.380841333156503925e-01
4.804084574858192846e-01
-6.280834048773491496e-01
1.582609582004276261e+00
1.504140676466952709e+00
1.633697552844671552e+00
1.756692831989723036e+00
-1.399136607783071362e+00
-6.792136575175318214e-01
-4.054508294243585054e-01
-2.385773445939601167e+00
-2.191384814468376963e+00
-1.314673183902029141e+00
-1.236700948088101937e+00
2.019449652918998694e-01
-8.464402327572646545e-01
-1.119518599085770116e+00
3.331050355413958108e-01
-1.278558486073140710e+00
-2.797010011970697541e-01
3.339977845582942084e-01
-6.840705519231206067e-01
3.061334750970476914e-01
4.475672632537902595e-01
5.382774509341379243e-01
1.368463592934870743e+00
1.907347450099146968e+00
-1.537005975627584231e+00
-5.215841232093578750e-01
-1.220875010583747367e-01
-3.151746575444550613e-01
-8.941059363312359176e-01
-1.462540529382863275e+00
-1.909199171508868531e+00
-1.931235334296574901e+00
-1.307466229536319968e+00
-2.384435220646238918e+00
1.202906040264729803e+00
4.768406382449962289e-01
1.214077119923367531e+00
1.453328110864731126e+00
1.025533776930875218e+00
1.529477517573596401e+00
-1.318253541364692971e+00
-5.090110338540082546e-01
-8.393713355727638881e-01
-9.025190007039869400e-01
6.893542645109251854e-01
2.135110042758608273e+00
8.509741626709717011e-01
1.291345690862329754e+00
1.228536589502168930e+00
6.041915132478812289e-01
2.043285413069444001e+00
1.930262162711240403e+00
1.993598197729482546e+00
1.496798334778588480e+00
1.105339719346692284e+00
1.198336428897389005e+00
8.733971227452601571e-01
1.341628385249884037e+00
2.009368937359593321e+00
-7.621968880599183649e-01
-1.942437744912367314e+00
-1.854585256210057098e+00
-1.146588362681401518e+00
-4.143671483938948796e-02
-8.697924074504056469e-01
-1.313282399562902825e+00
-8.282740702081652362e-01
-1.268995020467930335e+00
-1.664630859625245485e+00
-2.232375982851751317e+00
-4.146990602440731033e-01
-2.324440393531205018e+00
-1.370800104093786720e-01
-2.091124357183320903e+00
1.550428205893428224e+00
9.030082397756128421e-01
1.680879030702402410e+00
1.951188006834208899e+00
1.537012196283812138e+00
-1.566205443111666096e+00
-7.856674817119237986e-01
-1.312282420432631991e+00
-1.614183276784910692e+00
-1.404516683769543750e+00
-2.513725782591275770e+00
3.156988640410629543e-01
-2.022191237321675494e-01
-1.263548528666651238e+00
9.393013890326331605e-01
5.425017959921065724e-01
3.766928693790494442e-01
1.468946571333982209e+00
7.029362114910946424e-01
1.278533029118570363e+00
-9.518897868176183774e-01
-1.191658766099663369e+00
-1.224138596680223179e+00
-2.350930581070997061e+00
-1.441683435365880506e+00
6.102305462353676546e-01
-2.701694385028956535e+00
-1.882098455374946688e+00
-1.554450912114756722e+00
-2.889966029681880322e+00
-9.449208516881831832e-01
-6.497363022068129990e-01
-1.485553034660661798e+00
-1.148760350255245255e+00
-4.607416329913184283e-01
-7.500105756220665221e-01
-9.268181947099779494e-01
-1.213198096845994556e+00
-3.853011808726575227e-01
-2.121866915019795741e+00
3.213498923068942581e-01
2.003549132483113393e+00
9.930510139465954511e-01
1.138651556115018115e+00
1.032248556011413188e+00
2.379821750330285646e+00
8.599855474478855788e-01
8.020857006746113793e-01
1.002260732030521906e+00
1.679383524677131367e+00
8.002233845562642944e-01
3.429836369057123191e-01
6.826738593611090256e-01
1.182142915545095763e+00
6.915746089077009495e-01
-9.881853401469878895e-01
-1.511327847992186335e+00
-5.822792313713410772e-01
-8.329214779141693725e-01
-5.380277479446671229e-01
1.608336297411194327e+00
2.817622970800657711e+00
1.912495151778792257e+00
5.490577047228009100e-01
2.954933734674027868e+00
2.021300437412326012e+00
2.025299479885966036e+00
1.577986471293116644e+00
1.667808796446701436e-01
1.960673311272596475e+00
-1.458369301089708747e+00
3.010822107238428913e-01
4.140277522697746182e-01
-3.453226396551996036e-01
-1.610481028271951276e+00
-6.042136649110902979e-01
1.312798146772924390e+00
1.592417172406460857e+00
-4.784781109242730590e-01
-7.121258405767960653e-02
-8.363668266619608271e-01
-9.912456282003287988e-01
-7.096215590121436323e-01
-6.087015345112193332e-01
-1.045055560630564484e+00
-1.630435557715412820e-01
-1.202621064293691644e+00
-2.127544522488134859e+00
-8.998887620273448018e-01
-9.142218351593471848e-01
-1.380811188366466435e+00
-1.576840115216255445e+00
-1.034251569151702244e+00
-1.663867941629900926e+00
-1.671420749397172001e+00
1.507875857302169331e+00
1.521366790949179038e+00
-1.266675670820676114e-01
2.250455231368163389e+00
1.847333557052576847e+00
1.531579399862639690e+00
1.001190463742833936e+00
2.794225148099584111e+00
-3.372801753271721381e-01
8.617429398384202077e-01
2.620316087094207713e-01
1.155682079790509853e+00
1.068867224421224060e+00
1.826552719327125596e+00
2.236341638667049825e+00
-1.699933959762354174e+00
-1.959267925695602264e+00
-6.551181119844751155e-01
-1.080110354087456814e+00
-1.821719389733550409e+00
9.856526867422208404e-01
1.905150767335099582e+00
2.044874949490932181e+00
4.703673446949665493e-01
1.348168919004889776e+00
9.152447721716714391e-01
1.126227232030316161e+00
1.225954217301451488e+00
1.731487107892570876e+00
1.622787097331317874e+00
-5.318472618167086052e-01
-1.259504954304930813e+00
-6.019714230184678438e-01
-4.417523956717965827e-01
-5.617536764940399552e-01
2.845125024589104656e-01
3.370097668594524976e-01
1.293232631258770526e+00
-2.587070869510550430e-01
3.205986315217883575e-01
-8.807311295523745365e-01
-7.239949756762856792e-01
-1.374564647969481301e+00
-1.347364059930360458e+00
-1.115469739107820102e+00
-9.414327995451035047e-01
-1.310269217078029680e+00
4.418881442952526939e-02
-1.312848599290967311e+00
-6.821256062002827303e-01
1.048332737946638282e+00
-1.196862659821618324e+00
-8.052126122575942180e-01
-1.264914720446464580e+00
-1.260392987995237135e+00
8.038838487547019795e-01
1.241152179851558790e+00
6.428207317620290295e-01
1.829919688570656566e+00
5.398128741180996393e-01
1.742143890279726826e+00
6.474562042507094883e-01
1.192602820453870116e+00
5.137898195367115450e-01
5.061139582300742124e-01
3.605793722281666058e-01
-4.099899495680077166e-01
3.059890968449541226e-01
1.140349669192492588e+00
6.950681815140409281e-01
-7.606797396210611684e-01
-4.724728224924183984e-01
-1.300133811571272391e+00
-2.130920645812364178e+00
-1.231998719210743776e+00
1.036180837388404719e+00
1.745348115406580636e+00
1.003804745225717721e+00
6.356961736970132559e-01
-8.397924084748398244e-02
8.390318727663932385e-01
1.220718206573321307e-01
1.166723344402459395e+00
1.888659173177843709e+00
1.881892764677457475e+00
-2.122608327164010156e+00
-1.138826247818966131e+00
-1.496497792093883783e+00
-8.774087400225627498e-01
-8.089623146223013928e-01
1.301425224267835024e+00
1.481562203203737438e+00
3.374230824098298775e-01
1.902039837794541999e+00
2.568540413066100037e+00
1.350352833218204651e-01
-9.746719703053273731e-01
-1.090916900141332135e-01
-1.709394493399253978e+00
-1.071596165458451599e+00
-9.547052126546833328e-01
-1.697678383936938928e+00
-1.086577878800498942e+00
-1.694432371488032718e+00
6.832564170350678978e-01
-1.311162530229042389e+00
-6.228804928300425425e-01
-1.486007134365006532e+00
-7.205557154540925824e-01
-1.794351837622006673e+00
1.494323088043950643e+00
6.924729552671290422e-01
1.691858216150682548e+00
1.177702650485994429e+00
-9.734995044496863592e-02
1.730089187529455952e+00
2.747933007290381369e+00
9.292633327558788014e-01
2.388315221331755556e+00
1.520997291184851274e+00
2.129929074598029715e+00
1.004764340180767546e+00
-4.465382402976476595e-01
1.321310484919911543e+00
1.226554055014211331e+00
-1.852957511101198440e+00
-1.026480336641770519e+00
-2.046104367175389349e+00
-8.076424339186418777e-01
-1.591503500155772022e+00
7.887992013775825262e-01
9.364939605400933731e-01
1.585704947108136365e+00
7.453461719326014423e-01
-3.212427351122681962e-01
1.822389170928507607e+00
5.072333330050788902e-01
1.313150864271660723e+00
1.141544240851642078e+00
1.306049896704948754e+00
-2.214674004640746041e+00
-7.945627991782167054e-01
-7.237536483883495464e-01
-1.387041128930393441e+00
-7.495328097908700027e-01
-1.206113151118923810e-01
2.833755162011790674e-01
1.099601880719640823e+00
1.441291123135920227e+00
4.190840533616465580e-01
5.419533180448425913e-01
8.186934162421466432e-02
2.053633539033963729e+00
-3.722513314460829115e-02
-7.009645280303988812e-02
5.829573138351481498e-01
1.456198025707425181e+00
2.507774699759470760e-01
1.799265197596752852e+00
3.156496344746684279e-03
8.557668813766643456e-01
6.114262747373740980e-01
2.068351166183775902e+00
1.132972539633605003e+00
1.714391596734593293e+00
-1.775885713507953545e+00
-1.346091179394069082e+00
-1.232925624140891019e+00
-5.894201328237967941e-01
4.832937165830442083e-02
-1.233735127148700039e+00
-1.707238112049405121e+00
-2.627794761504448573e+00
5.122356441196940224e-02
-7.368339851553666886e-01
-2.209181562411606237e-01
6.173665744457634830e-02
-1.594261381879956252e+00
-5.558808420013348073e-01
-2.890592859344659260e+00
1.931886646566846499e+00
1.293767986161888484e+00
1.551439203097132458e+00
8.805415995358700787e-01
1.082746291775977587e+00
-2.480826579331145698e-01
-1.784948124416569470e+00
-5.387940914113980018e-01
-1.499733308523615971e+00
-1.285404952394292533e+00
-1.421115568545818775e+00
-1.173842010870414398e+00
-1.987949058662777491e+00
-1.805395801421140645e+00
-9.771006687655932055e-01
7.292520733575151848e-01
1.338514200476396354e+00
1.736989320361204125e-02
7.575071921294707078e-01
1.457924030046994002e+00
-1.103357763233651534e+00
-2.513457207757788581e+00
-3.162890604089645397e-01
-4.173061464377950669e-01
-1.025185998543728383e+00
-9.001084188484109738e-01
-6.850166302754399084e-01
-1.519872004505522955e+00
1.524394754980502587e-01
-5.671816085880523328e-01
-1.152993023424853991e+00
-1.276331990592184606e+00
-9.486734530373270857e-01
-1.114684863016138561e+00
-6.232504695976293085e-02
-1.061350819750897401e+00
-9.629335494063480105e-01
-5.461044803560467509e-01
-1.894337712686344766e+00
5.893565892842209664e-01
6.108533800929180080e-01
1.214812143440952008e+00
4.577839278205499962e-01
2.052417091278505801e+00
1.050342669195290846e+00
1.344084514089724625e+00
-3.220002883154313711e-01
4.477550035553288232e-01
1.673389442646893155e+00
9.891264265502734965e-01
1.886199227643372556e-01
5.644367620473113023e-01
1.794503583921362999e+00
1.489767408969136397e+00
7.917347247754653594e-01
-1.025973721919040127e+00
-3.447469427756454374e-01
-8.164225954709201094e-01
-1.858249235516489684e+00
-3.626641825558094556e-01
4.716705896064365966e-01
1.129149553001998818e+00
-5.483788378102691929e-01
-8.167722269025690096e-02
-1.791751593657957553e-01
6.975959501106501204e-01
1.448204033980486249e+00
1.275823232849951250e+00
1.286213460805704312e+00
1.539518512059771194e+00
-3.214422650996083819e-01
-2.052355744075815558e+00
-4.852453381621179007e-01
-2.244852285595809072e+00
-1.436915805177642502e+00
1.295057513757025047e+00
5.574116705979312858e-01
1.898860811579506702e+00
2.804330998234704886e+00
1.525743155639449622e+00
2.380861240374265275e+00
6.694458257968085579e-01
7.986450518688281708e-01
2.255582277653018330e+00
7.984977490199306471e-01
9.490874111421238046e-01
1.164195692305838525e+00
-6.552640359565637951e-01
1.086098154854625353e+00
3.136272393013499471e-01
1.785030461985732675e-01
8.585369928099473302e-01
9.751835150214085424e-01
7.427252046972241395e-01
1.651953653835668501e+00
-5.624207321413636773e-01
-6.969331281273496437e-01
-1.173441959035643745e-01
-1.741586287036018588e+00
-1.393281296925605650e+00
-3.540222700575244019e-01
-1.531633855107981335e+00
-4.552661082492200917e-01
-9.174151601929427802e-01
-5.549658226199257749e-01
-4.582264002742254538e-01
-1.635742254375024185e+00
-1.228659518759042335e+00
-1.249371770459261510e+00
-7.409272009848664187e-01
2.159011329580599714e+00
-8.555229073844206056e-03
1.719275309257742412e+00
1.487255263264872340e+00
4.412195955730492392e-01
-1.279467586185581762e+00
-5.594965389647121867e-02
-2.558101015417921786e-01
-1.656424879160223407e+00
-1.686081159832040210e+00
-1.011419116441974353e+00
-2.119530885131149400e+00
1.294230468771118137e-01
-1.061286521705858021e+00
-2.153879188365396047e+00
6.635701988726198097e-01
2.213459515189625026e+00
8.251862049995413173e-01
9.341194061696291850e-01
4.891904915469057480e-01
-2.432454430571327375e+00
-1.636705089184254058e+00
-1.313922759480408375e+00
-1.591034117929670089e+00
-1.488892440739411960e+00
7.824373097390355802e-01
9.015737198081752446e-02
1.964389713697292983e+00
9.635434863249120463e-01
-3.519713870700469371e-01
1.268018357602378909e+00
-1.691251609025308245e-01
1.799268511039961549e+00
1.029846743992337776e+00
6.171655350264766415e-01
9.227957659283546610e-01
5.464523798228089202e-01
1.520193715557652148e+00
8.889360442398713813e-01
-2.753052773532707054e-01
-1.817085712209477455e+00
-8.551476227635209648e-01
-7.695689049464906617e-01
-4.539324287564897586e-01
-2.657117428473929621e-01
-8.769536215808695356e-01
-8.451484224818153201e-01
1.786986806608141798e-01
-8.910051065688084915e-01
-7.073139428713719479e-01
-1.888072710557062939e+00
-4.696367020077250043e-01
-5.852328406928842819e-01
-9.384367622148613863e-01
-1.544655156727638534e+00
1.145806897044003847e+00
2.100122943982956514e+00
3.252614255432273449e-01
1.502930164579892036e+00
9.084612816055316342e-01
-1.350014196223449314e+00
-5.443079595788165026e-01
-1.386466501152834097e+00
-8.471824479956753251e-01
-1.244986164717995170e+00
-1.473957540820487466e+00
-1.164992664527902511e+00
-4.547370954071814353e-01
-1.814722586690806772e-01
3.557196905800332765e-01
1.121837058409010046e+00
1.626705949540069085e+00
7.882239820327878732e-01
8.157136011482399862e-01
4.450455801249197929e-01
-8.412396660228850243e-01
-2.116608719886214018e+00
-1.768181158893110450e+00
-1.309583745732645355e+00
-1.329960203516662665e+00
-7.663847289680301156e-01
-1.181065339952316773e+00
-8.368275088233743109e-01
-1.487429862267862113e+00
-8.643381051174852114e-01
-8.118667779088419856e-01
-1.283520322685793857e+00
-1.278360500462747407e-01
-1.512677818957803844e-01
-1.506775576188363885e-01
-1.821013906715056585e-01
-2.095744154380121405e-01
-6.917411619273545753e-01
-1.026579227739840006e+00
-2.011913612684442798e-01
3.619591135812669780e-01
-2.045568885749893262e-01
1.705305224745792492e+00
1.285507051858775451e+00
8.065792842376459104e-01
2.284882688565637476e+00
2.332776046249279478e+00
3.221857688914401274e-01
9.653700050343259065e-01
1.355754647031838900e+00
-3.844414322535132378e-01
3.079274237804107139e-01
2.740448550333576705e+00
2.354610338898294408e+00
2.983068589620631039e-01
-2.197429297832087514e+00
4.499184884285729602e-01
-4.804858568142232889e-01
2.451524036377417115e-01
-1.415792179531367045e+00
1.724095202275110816e+00
9.292574280978876944e-01
9.594094528120535870e-01
7.824501043152268798e-01
1.504792315004370495e+00
-4.968957328785870153e-01
1.824489067135284248e+00
1.083741825593019126e+00
8.066708549362011649e-01
1.236962382901486635e+00
-4.686185587755103965e-01
-5.185961610732721105e-01
-1.264768510846491445e+00
-1.756301111841935381e+00
-4.069545158761823656e-01
2.266292295834055892e-01
1.205640120044235708e+00
-1.031929595662992583e-01
2.734708063010816703e-01
2.904685972294711593e-01
-1.555047972762575670e+00
-1.122090504552727408e+00
-6.957141231032649697e-01
-1.835963563030609258e+00
-1.059908077220099276e+00
-1.023144953583759342e+00
6.500252791129508267e-01
-2.481836236403646812e+00
-3.539793584283400518e-01
-9.580501716097071796e-01
-1.178734793051584795e+00
-1.802446749824779149e+00
-1.744423768088666726e+00
-6.730068053616538037e-01
-2.559380640848471167e+00
1.504573805054523872e+00
3.462463641213368248e+00
2.364287309067724774e+00
2.066258079695637129e+00
1.299585597776903523e+00
7.579317586656759698e-01
1.956716432201962785e+00
9.774028331504660549e-01
-2.405337727000642634e-01
1.547496642267529143e+00
3.325365413555023686e+00
2.892317428564572523e-01
1.129720586888050438e+00
1.279024573203397797e+00
1.255164928880663222e-01
-1.305062338193512472e+00
-1.189235552243709249e+00
-5.408199315118160655e-01
-1.000779309317696208e+00
-1.488518407876989524e+00
4.817312117540855088e-01
1.339079940420129899e+00
1.028010101902111950e+00
1.501387274959594897e+00
1.573746900942436744e+00
4.754921094627179157e-01
-1.046329705785435493e+00
1.063006200518180622e-01
4.165731344691542271e-01
1.232713021423733402e+00
-1.850024136845918488e+00
-1.567372535256275956e+00
-2.485049163094875446e+00
-1.010405460854947091e+00
1.881028463790879179e-02
1.407555583219557205e+00
1.610126256402129030e+00
9.949493647556603149e-01
1.750855945521836432e+00
2.355107940792893206e+00
-2.872435019280061841e-01
-5.035638995606303014e-01
-1.482096005822876039e+00
-1.431301097314481297e+00
-6.357170496411148619e-01
-1.391342576773763717e+00
-1.635953165543517773e+00
-6.010870234890031139e-01
-1.743926239664756572e+00
-2.480737381643821404e+00
-2.407837398435120235e+00
-1.048898242383006219e+00
-4.531987389251970200e-01
-9.816162431689650081e-01
-1.170270317879328559e+00
1.106788667797941939e+00
1.271247814271826648e+00
6.372080731340925563e-01
1.876835816866552653e+00
1.203736379319825911e+00
1.976404680505722489e+00
2.239455302563126970e-01
1.356416104556439794e+00
1.619112651233861389e+00
2.532522319926719945e+00
8.737270631365108287e-01
2.515703006694236965e+00
1.511580066758070107e+00
5.264215190118437526e-01
-1.177180393206971321e-01
1.031017654397570205e-02
-7.054477655589816987e-01
-7.620655987084401506e-01
-1.810217875987111258e-01
-6.080904298713343259e-01
1.374851730397843586e-01
1.017129996359737998e+00
9.673632696759131289e-01
-6.357844028460479802e-01
1.892134654060491306e+00
3.998177609330132443e-01
1.265257273870924459e+00
-8.890907403701620026e-02
1.067713990782288347e+00
2.488555945908091260e+00
-5.532724911603553730e-01
-1.513037139002389120e+00
-1.918524900489194440e+00
-2.023444918645998847e+00
-1.878549261699748563e+00
1.791640207430826637e+00
1.579827250266769845e-01
2.103985759546022738e+00
8.528289267030693122e-01
1.885020285519029226e+00
-1.170098004214431331e+00
3.892204451272909260e-01
-7.728895064970111584e-01
-6.119819100344907614e-01
5.338133967177733918e-01
7.021344056518599164e-01
-2.031321030995935084e-01
4.239510919881395168e-01
-5.855563327593816814e-01
-3.479784753965154964e-01
-1.401608083903932656e+00
-1.784931796250770475e-01
-2.394738963291287437e-01
-1.295828504658866898e+00
9.328330975266219127e-02
2.772489861755846885e+00
5.367768068586723507e-01
1.349091384149016193e+00
5.817068340117963476e-01
1.879560201233146710e+00
8.500516109980916779e-01
1.714322249053574554e+00
1.225971516913712867e+00
1.992412461226575005e+00
1.624632261946761025e+00
9.181670435492379490e-01
1.453552312513253231e-01
1.910113518584839465e+00
1.597532835154734432e+00
2.854763352137095200e-01
-9.645506785512439896e-01
-2.760447738039313315e-01
-3.817340993780155012e-01
-9.088359590548316103e-01
-2.046757823616039307e+00
1.449895226267503778e+00
1.366657052171860620e+00
1.380242448312769543e-01
-7.228616987330491739e-01
1.461876154751264423e+00
1.982476873895445468e+00
-5.747726128891998965e-01
1.211149461429890550e+00
-2.074273089428797512e-01
6.759002555121318423e-01
-1.055706998075128356e+00
-9.736823634583463560e-01
-1.431070697694444505e+00
-1.544001149782875837e+00
-1.872001361095972261e+00
1.058316590915885591e+00
3.424532482425780566e-01
2.133531214372370144e+00
6.701262944736303684e-01
1.885683737889937150e-01
1.086453887542685237e+00
1.162141417156909773e+00
1.386629051152770575e+00
1.167978060386070105e+00
-1.625498046839746191e-01
6.915667579243482965e-01
2.254951780877173739e+00
-6.944319857772272009e-01
1.330214650646462271e+00
2.075756775006309063e+00
1.034443147982805566e+00
2.311828264663799537e+00
4.561389401555774326e-01
4.937921537914791159e-02
1.064893235506023661e+00
-1.444117594385144088e+00
-1.342276536765278694e+00
-1.935773198887980051e+00
-3.423233309858022544e-01
-1.376086803384599211e+00
-7.515988553291926833e-01
-1.753200004645453669e+00
-1.919041134159000128e+00
3.942945213593935794e-01
-6.924397495772699473e-01
-9.164568620060224990e-01
-7.047518062961075636e-01
-1.798656782064164350e+00
-2.438060938639873498e+00
-4.240253011604663280e-01
1.130472531866223651e+00
9.795799503765348915e-01
1.679183897438192519e+00
1.631853126687464961e+00
1.562383329516022323e+00
-1.207555419546779696e+00
-4.301907655754813042e-01
-1.015011117368681548e+00
-1.131855850288448151e+00
-4.410328006841202075e-02
4.072265192077750839e-01
-2.110528214063889241e+00
3.606416817719968471e-01
-1.217835874594946244e+00
-1.923701217330490820e+00
1.261225020421980592e+00
7.666582894387123925e-01
1.177648675600120542e+00
5.230551437925661240e-01
9.851056532530756416e-01
-1.017283968556407903e+00
-1.640006986952716961e+00
3.761817318157523182e-02
-1.181662402008459845e+00
9.148964320619346058e-01
1.033714067914397461e-01
-4.879047075109851361e-01
4.681234406679843918e-01
-3.781995616757364509e+00
-8.124982028928571243e-01
-1.817592230544837761e+00
-6.964633463823173276e-01
-3.242631283898142591e+00
-1.236998383599209550e+00
-1.462540181019308605e+00
-5.922711637154718378e-01
-6.300265032279616095e-01
-1.636538806986295613e+00
-1.900547975272795398e+00
-2.765176798119869606e+00
1.619795832177791883e+00
2.103841910796250936e+00
1.731292784242532967e+00
7.779097973392368193e-01
1.065183031877829478e+00
1.106107726671784475e+00
9.069924574352059565e-01
5.022105018342116756e-01
4.790568371512666790e-01
1.052810299189325560e+00
1.201334594276487033e+00
2.710863771300340286e+00
1.166373438537883667e+00
1.400091001208250363e+00
2.188600390971735532e+00
-2.434770649002104825e+00
-1.567908698533952094e+00
-1.982888076445852743e+00
-1.385002267444186419e+00
-1.275005665750637451e+00
1.417271804962792814e+00
2.300148316813462657e+00
7.200727973408297400e-01
1.836004842254308489e-01
1.679071201595912166e+00
-2.414854697808326289e-01
2.926410551497221624e-01
-3.443787744378361548e-01
1.243207048294898476e+00
1.165011679974553127e+00
6.059543593836602682e-01
3.538155845692445567e-01
-1.273676165243357916e+00
-1.849782896357734963e+00
-5.648597053691530867e-01
1.358193532997569397e+00
1.429959098430445552e+00
5.730503945890268458e-01
4.263343939002095517e-01
2.598635614393981275e+00
3.157114907595902631e-01
8.381419467895963038e-01
3.764373133956548934e-01
1.265963882500775517e+00
3.939437562411429727e-01
-2.776049271842924160e-01
2.951043622632972818e-01
1.137306359465691363e+00
7.346293673867145824e-01
1.031781504355398393e+00
9.177981092557085940e-02
1.762300509683309091e+00
7.017429225473864607e-01
6.780038711078928415e-02
5.678090808873499373e-01
-1.533406286738248303e+00
-1.133497177222439367e+00
-9.377054825071526878e-01
-5.107561279152725842e-01
-2.951816367590497370e-01
2.935672683505894387e-01
-1.400632385868864294e+00
-1.493355426251417262e+00
-1.574894188117871074e+00
-1.257538505139061069e+00
-1.290388078060570987e+00
-2.537697699546416441e+00
2.151495146642683487e-01
-9.009809172159467527e-01
-1.210914261734530761e+00
1.743342183909308396e+00
2.030235255041334508e+00
1.496894365327144705e+00
8.872751948701202984e-01
8.567129205358989807e-01
-1.530103848210597750e-01
-4.709280053318855019e-01
-2.080317179977388964e+00
-9.818186108838381498e-01
-6.496164886695978691e-01
-5.323229041956738516e-01
-2.370830435923257928e-01
-2.146228234725569006e+00
-7.033151445460237294e-01
-8.992468782293084884e-01
8.824059052666319847e-01
2.232068661145301558e+00
4.714285163101410436e-01
4.942060647986110666e-01
1.251002010399060449e+00
7.562164788358494150e-02
-1.441345912389812689e+00
-7.761739316344037354e-01
-2.186835279025965750e+00
-1.512078958244487570e+00
1.301390501608129746e+00
5.496043807262624981e-01
1.593368607294317396e+00
-1.480700904933536233e-01
1.455156748376217557e+00
-3.187647108324662693e-01
-3.152066318573543136e-02
-2.458538030649743966e-01
1.148883985808745622e+00
1.440712537695152395e+00
2.413724616507947118e+00
1.456202890236738101e+00
9.792975279970222990e-01
1.047352762582438146e+00
2.505895170269809569e+00
-2.616403151543885919e+00
-1.202245071045057845e+00
-1.230523708343195022e+00
-8.426886883972909414e-01
-5.075290983668944156e-01
-2.451786915773871200e+00
-1.652219714715066345e+00
-1.151682468277941185e+00
-1.752861573244472337e+00
-1.211204549937357378e+00
2.743455878732992126e-02
-1.267923042972281866e+00
-1.942511239669335144e+00
-1.272209242470299317e+00
-1.066141591798775323e+00
1.103414707676629858e-01
6.074941751516362842e-01
2.295340428938930089e-02
1.127724403985179924e+00
9.650650224114414311e-01
-1.695165336415824342e+00
-1.692577081654308646e+00
-1.098927289231108162e+00
-2.062680399511565010e+00
-3.640834165994432103e-01
-1.176395545709888912e+00
1.008768651678397799e+00
-9.090254428431456812e-01
-1.145562296247253808e+00
-1.973309410740764935e+00
9.734498131048046066e-01
1.229627577839397912e+00
-4.435962653220442142e-01
8.004111420121085008e-01
9.663654329290026768e-01
-2.128788912635176667e-01
-6.961644121590144785e-01
-9.420237823555925871e-01
6.605424862908648720e-02
-5.273946250679450998e-02
-9.470836913481530672e-01
2.273877528289071748e+00
5.504065821455070839e-01
2.037688009065496075e+00
1.505138066465189217e+00
1.100890623997605289e+00
1.320339113203706560e+00
2.220378963397666716e+00
-5.042127058273320195e-01
2.289293351172331903e+00
1.184030827178199186e+00
3.764120600943317019e-01
9.105812337246563803e-01
-2.151200561739052830e-02
8.029725964903801083e-01
-1.751000274802906986e+00
-6.977204888728039123e-01
-6.613301158089411880e-01
-1.372624899007729216e+00
-1.068071874948675504e+00
-8.348377304484426720e-01
-1.123132365096991547e-01
3.336892276581413519e-01
6.935800994160703503e-01
-6.373768020187718930e-01
-9.018937980659349485e-01
5.508004732274240922e-02
-1.262201626501695761e+00
9.558643527910377635e-01
-1.543211829722872519e+00
1.664564340164594869e-01
8.945467161825780833e-01
6.523074562369102214e-01
3.302674622815117145e-01
2.592786537608728459e+00
-7.213894789553416675e-01
-1.389227976102496598e+00
4.124341225625987040e-01
-1.348535531198282733e+00
-9.222359563334265875e-01
-2.546345971896946114e+00
-4.690077454744971952e-01
-2.696144607780510682e-01
-1.378585087503498841e-01
-5.654855529141824544e-01
-1.505212031873628398e-01
9.623412194345009052e-01
7.836792258749658568e-01
3.153057368673128913e+00
5.026581337404443239e-01
-8.046184915699550189e-01
-5.198472098351145654e-01
-8.379742419980766854e-01
4.110881709397204986e-01
-1.042283361842977873e+00
3.535484050313011384e-01
1.993881102986361009e+00
1.110562388581212812e+00
9.390878891706140319e-01
1.440440544180597193e+00
-8.654305686949930188e-01
1.830508611338924840e+00
2.752919291441823457e+00
1.458866207957459693e+00
1.617977778198575578e+00
8.910149939673054353e-01
5.839553748905118580e-01
1.926124936617484851e+00
9.702898828924496621e-01
-1.390313141135655073e-01
-2.216146508946169602e-01
-6.923778638276464337e-01
-1.952860967704398432e+00
-3.559391529096371798e-01
-5.739578991751995707e-01
-5.060489351542484249e-01
-7.597499021081839388e-01
-2.231913166973320983e+00
-1.991023473110269393e-01
-1.515107944761035608e+00
-5.154006249338833889e-01
-4.249962931869983862e-01
-2.316530687305943248e-01
-2.444237788845530446e+00
-3.831681502637960257e-01
1.622790825396677850e+00
1.811844858940506731e+00
7.945226189680532070e-01
1.020476696331984012e+00
9.486330608840628509e-01
-8.429691324585132373e-01
-1.558937902784713447e+00
-7.312463567688629595e-01
-3.922492402434596404e-01
-1.634071469921118958e-01
-2.480027493069528077e+00
-6.009692958997407963e-01
-1.021782000295420101e+00
-7.191051950998699205e-01
-1.511702035885728490e+00
1.653748030130360869e-01
8.179687255388001788e-01
1.670118689063234907e+00
1.040815211985063105e+00
6.803161834691578980e-01
-4.255200398256417937e-01
-4.404271415452060134e-01
-3.277175742528838365e-01
-1.602885621831173557e+00
-2.029892143193727350e+00
-1.249760674327673460e+00
9.219533684911485061e-02
-7.184218054968151135e-01
1.787587436940227814e-01
-9.594501352741400257e-01
-7.427237216630634409e-01
-3.103606549963544570e+00
-4.002326065345933603e-01
2.165795761331990033e-01
-2.189682445051905901e+00
-1.703406602655985758e+00
-1.143156365659208973e+00
-1.144725598364908503e+00
-2.475616021376452203e-01
-1.229079478907600054e+00
1.696761227270941141e+00
4.160449523953024809e-02
-2.515129029587754861e-01
1.392342362626957764e+00
2.276473307037186977e+00
2.772156263554849343e+00
8.638097449006448825e-01
6.441046087955923927e-01
1.109197512672265962e+00
4.603663852892436736e-02
1.657476287813171911e+00
1.615355808314123287e+00
-1.635733809581632059e-01
-1.344076160300502032e+00
1.718122874665383826e+00
-6.576454190037355207e-01
-5.530522636462427144e-01
-7.743483512864068885e-01
-2.280501858662632664e+00
2.567707654340971590e-01
8.993054813859208130e-01
2.378084930831994903e+00
1.471239928935779151e-01
3.392332128648278822e-02
-6.308035344206803785e-01
1.815235895679782940e+00
1.107231859587109124e+00
1.064872712476871319e+00
1.950107157277017444e+00
3.443694605480542847e-01
-1.048735794724406478e+00
1.049673925540417496e-01
5.399309976147277368e-01
-7.429016255005875813e-01
-1.858589981837315497e+00
1.544734569911604183e+00
7.156843073745806638e-01
4.371007467964194149e-01
1.049988722947118314e+00
1.269468307906512106e+00
-9.066335480395899538e-01
-2.409020483572916760e+00
8.653656211304050494e-02
-2.627939344518269715e-01
-1.307144417487593024e+00
-3.499647787121673570e-02
6.472320711609007571e-01
-8.946688163523831561e-01
-1.029347791312215543e+00
-6.353988094564060329e-01
3.740757299773307398e-01
1.155073888176605390e-01
-1.370042724991311189e+00
-9.889912089815200424e-02
-3.463065670380212069e-01
1.251127040314388150e+00
2.110937911348033102e-01
1.863338231714025017e+00
1.730666739023119183e+00
1.039896188275256650e+00
6.952590671312204318e-01
2.489840210746889770e-01
1.635911157134145588e+00
2.326553065989597435e+00
-3.808675272779513676e-01
6.351292989987525894e-01
6.844327666498344342e-01
-5.270983369616328851e-01
-4.575438519556218608e-03
1.098367662764955899e+00
-1.159904339417382912e+00
-1.405877879230593930e+00
-9.807712652398594688e-01
-6.450113345736731008e-01
-2.123858065954156160e+00
7.564719425178532131e-01
9.228547671753313253e-01
2.407364962681972642e-01
8.666645655257082526e-01
2.014496267212396496e+00
2.128394453116674079e+00
1.777915179226641662e+00
1.223694793022934713e+00
1.875599797815427738e+00
3.427740769924285669e-01
-1.183908947737623008e+00
-1.164305874299510490e+00
-2.263100137907454901e+00
-6.290975452396434520e-01
-1.042479507178990072e+00
-6.188432774897647537e-01
1.263958554829351044e+00
8.901573806105879116e-01
1.085027881428995311e+00
1.126731536667969991e+00
7.927351957744511735e-01
5.400523616114449865e-01
2.164614270446223898e+00
1.536975986557729268e+00
2.116137245067536199e+00
1.197309041152684106e+00
1.749793120998242024e+00
1.368204272265320931e-01
1.410009860174777696e+00
-8.315630013431207779e-02
6.855492530716544852e-01
2.012840953868478611e+00
1.186040606679718890e+00
1.652454317577314979e+00
1.764524867270523600e+00
-1.087536158883176007e+00
-2.686824935998270991e-01
-1.716249777743455551e+00
-2.273254170837878396e-01
-1.440032958825103071e+00
-6.969876147114865139e-01
3.040529681061778788e-01
-1.127140181367112470e+00
-1.372942672232551065e+00
-2.779600524849654697e+00
-1.446477116536980745e+00
1.012045060881487046e+00
-2.026356732574262409e+00
-2.165330724190165146e+00
-6.977616128498169701e-01
9.016970634966454679e-01
8.114977687932156680e-01
2.126316332595439729e+00
7.789223397910499669e-01
7.846107216653415151e-01
-1.862648857747849496e+00
-1.645986782969376172e+00
-1.777038828245416813e+00
-1.804566167645316854e+00
-1.426302417494391017e+00
-1.001120356010174017e+00
-1.322113423862921522e+00
-1.395394295484198910e+00
-7.776696669398805994e-01
-1.585105328646412071e+00
-9.617607036713398116e-01
1.758077014311065778e-01
6.131464832507660390e-01
8.909066609852582808e-01
6.390156615667159645e-01
-5.315513002427497691e-01
-9.163163188799978709e-01
-1.585954327034215794e+00
-1.194734593825494295e+00
-1.303678865027788403e+00
-2.046504310744978739e-02
-9.393335633658465023e-01
-1.810508408506217748e+00
-1.134397578669193773e+00
-3.341883081138717904e-01
-7.264832452288321196e-01
-2.127470690682776944e+00
-8.321585861528955075e-01
-1.024641254192251827e+00
-3.865554086874181117e-01
-1.721768331042541345e+00
-8.215184712620997587e-01
-2.227122795015400225e+00
-1.385370942716598330e+00
-1.116661112797475264e+00
1.429203296746861085e+00
1.577196693276174733e+00
3.021339037984526188e-01
2.088977222390849597e+00
1.489324033513256262e-01
1.366410596947723821e+00
1.123539944530422385e+00
3.371919194467599690e-01
3.940843701818916855e-01
7.158379546187446651e-01
7.836495017315319167e-01
6.333709543332348701e-01
2.314956435403912494e+00
2.127664284398529393e+00
1.831813407689514062e+00
2.475995105534236629e-01
5.432602019459000786e-01
-2.129316535645864761e+00
-8.580019367965689980e-01
-1.046840282834904379e+00
8.029510425098415061e-01
1.667617010083484619e+00
1.159096637139612973e+00
1.368332164305299692e+00
1.450457083322675089e+00
1.080777945761719927e+00
1.184324002956041122e+00
-1.196505980388384849e-02
2.249010842706721913e+00
7.996317708286406756e-01
-1.590331616776246904e+00
-9.600451428443639301e-01
-1.887387099997422268e+00
-2.155063624453117388e-01
-5.188355764547480931e-01
5.492562218560252951e-01
2.832382091302175775e-01
1.858643306127989447e+00
1.769892456693169525e-01
1.302293995057912657e+00
5.611215318860389711e-01
-2.244628827256227588e-01
5.413645711925519910e-01
-4.037907444835702186e-01
1.589248428054790274e+00
1.788879409655939057e+00
1.517420878902513870e+00
1.321435483201736316e+00
1.409468323118027389e+00
3.899304599209578726e-01
1.409240151646092842e-01
6.699436981592129525e-01
1.906621821539804973e+00
1.260419671160327049e+00
1.746210100923002662e+00
-2.028788691829968016e+00
-9.132759023739008830e-01
-1.784295229833836594e+00
-1.072009774271865723e+00
-6.499762829406514619e-01
-1.886176105688357030e+00
-2.606039386911170874e-01
-1.000837337319846920e+00
-1.240170742870013498e+00
-1.560227927591968378e+00
4.452907924482178981e-01
-3.666287780974366139e+00
-1.688049008934479733e+00
-1.049668794437419450e+00
6.240830048461634139e-01
8.810014871902630551e-01
7.887012507463422306e-01
1.145586449372501647e+00
1.397272133040111886e+00
7.827181747159281944e-01
-1.119882604530256343e+00
-8.948969309729263300e-01
-2.300859249081263602e+00
-1.882062253230593729e+00
-2.431971217971513610e-01
-1.087568390097860993e+00
-8.879098001297507370e-01
-1.543742992818436743e+00
-6.252140060602977556e-01
-1.198096457357722189e+00
2.685526977644071778e+00
1.492580941300444941e+00
2.380034162049842639e+00
1.344428830140653952e+00
4.619609193196683172e-01
-2.167321119087309622e+00
-1.810927222127191705e+00
-1.021478820422489386e+00
-5.953522044073034092e-01
-1.680934929540373268e+00
-6.810684449436479326e-01
3.563816778527396645e-01
1.750386099175211818e-01
1.835887023350251557e+00
7.037680406257077470e-01
-4.173013075168574559e-02
1.406999622275134643e+00
6.326805871053313712e-01
1.040681818524110236e+00
1.554603229133990405e+00
6.601537925043892141e-01
1.449736446193068407e+00
1.841060471720636693e+00
5.773362156284569391e-01
1.858388981404820672e+00
-8.140951885413587608e-01
-7.344710561367984170e-02
-5.384517705820266453e-01
-1.389401735421710748e+00
-1.525583470540428088e-01
-2.752007146063439880e-01
-1.982665426542720155e+00
-9.004684153851618689e-01
-1.040738418868967674e+00
-1.097836170162755698e+00
6.758125152631031529e-01
-1.980556423216639939e+00
-8.332708989969775937e-01
-5.428565881707280161e-01
-3.774139743556176319e-01
1.606081369265444092e+00
-1.351147262093834733e-01
1.084854878049174909e+00
4.694900147132151647e-01
2.709891582253916908e+00
8.965728525449949693e-01
-7.892903991043493939e-01
-1.150066470433418697e+00
2.225243782223669253e-01
-1.223669247525426940e+00
-2.026147418671819800e-02
-2.161608724943953064e+00
-2.960400791194272241e+00
-1.962069770146019909e+00
-1.057752092914870490e+00
9.347820971787857980e-01
7.068320366558178414e-01
-3.396620531872485138e-02
2.271782215178932862e+00
1.482436667383910445e+00
-8.392117446176801110e-01
-5.159845262449728187e-01
-4.315418348212580746e-01
-7.234592477632219021e-01
-2.383802276231070216e+00
-1.117190423261059662e+00
-2.733429836375110611e+00
-2.447385475249216347e-01
-1.291853483379926448e+00
4.730425572321239613e-01
-9.490123765101218245e-01
1.346041518987941554e-01
-1.454832559687145199e+00
-3.743736746883767896e-01
-1.499421082154196450e+00
-8.107207870781638626e-01
-2.428406875971186540e+00
-1.541058080594966739e+00
-1.054665389546659782e+00
-9.955478191379464326e-01
4.578135158031939600e-01
7.939310266592140009e-01
1.128103627402432974e+00
1.248101964296159716e+00
1.547954247986151666e+00
1.783347332674254382e+00
8.238092277765188820e-01
4.993206121259375907e-01
1.690565705290819176e+00
-6.847321924410803007e-01
5.206231976451837218e-01
1.526269845265372460e+00
8.793180162737718186e-01
3.853224661423837460e-02
-7.192999272023872237e-01
-2.109068641846027159e+00
-9.985679923512142953e-01
-2.158991616568910032e+00
-9.423107642209425094e-01
-2.377630113875669693e+00
9.217447591007950081e-01
1.238796468369705472e+00
1.915822840279668871e+00
8.035914789110266687e-01
7.401876263654518784e-01
1.050396319788631017e+00
-5.435957263896917802e-01
9.035247516510690469e-01
6.909162287882038012e-01
7.774937979781522124e-01
-1.001291508884714521e+00
-2.480789035503020656e+00
-8.492298786716423464e-03
7.266494190801031650e-02
-2.034333188881801036e+00
4.866922492256477994e-01
7.670025509495326244e-01
1.187231788700618074e+00
1.377234796184493959e+00
2.724450042077543710e+00
7.033731782986385461e-02
1.575043190616004507e+00
1.138743680487830368e-01
1.040857322028963416e+00
5.490330708126957004e-01
2.827934550363738531e+00
2.459351442270796717e+00
4.666682388701237638e-01
1.746007552386258599e+00
9.104375100342814164e-01
9.028907512610395703e-01
2.475816913248893414e+00
3.651540837237869930e-01
5.538396664360591970e-01
1.908027893852596080e+00
-1.913495197486265509e+00
-1.037835817354965107e-01
5.054203437935722576e-02
-2.606753593043503736e-01
-2.677206960644687994e-01
-1.421620815965865425e+00
-1.723591652072980152e+00
-1.407420196841097537e+00
5.132861460872200077e-01
-1.258194220170798516e+00
-2.842679934964220667e-02
-2.227795054918436879e+00
-1.238609698854402197e+00
-7.410342039917982015e-01
-1.487006400144521567e+00
9.264008768372158364e-01
2.562928653717922334e+00
1.732247575920307980e+00
3.811909640058378512e-01
3.919508142805403494e-01
-6.996725121793556657e-01
-1.173506725524332328e+00
4.701909696029538122e-01
-2.113974050347107170e+00
1.127656726382084695e+00
-7.771738798755032374e-01
-1.766744633623311689e+00
-1.587507672362230116e+00
-7.126945290871078420e-02
-7.529301380076436345e-01
-3.858147832368488128e-01
-6.902399465294506431e-01
7.817028056025446814e-01
1.771131830428436693e+00
1.511357022790142501e+00
-2.511132416767067443e+00
-1.946264329511936619e+00
1.511826947911409924e-02
-1.061168849492769573e+00
-1.573232786204511457e-01
1.723584043090073958e+00
-3.720430246976036415e-02
1.674540066271665406e+00
7.619238334928066791e-01
1.009828575948669593e+00
2.026625770480818822e+00
9.293529148395697215e-01
1.311701464567382125e+00
9.422712440177520854e-01
1.023164221639113913e+00
1.431206058465911424e+00
1.053841760337995259e+00
1.347086502396075414e-01
1.057479723197413790e+00
2.000365761733101877e+00
-1.578765930163255504e+00
-1.301177374638648132e+00
-4.138135146214417803e-01
-2.025092957243177505e+00
-1.561302887759658642e+00
-9.143489563265057019e-01
-1.759047924886113945e+00
-1.952251230732447329e+00
-2.297580683003559443e+00
-9.187205915057150563e-01
-1.242429807160214006e+00
-2.096353088056181146e+00
-1.277433242011033254e+00
-1.220909855212405803e+00
-1.613774431568881784e-01
-7.808904174419164512e-01
1.789217880156385609e+00
1.016806603672099518e+00
1.432151681688442757e-02
1.663243853829286412e+00
-1.007722693880162890e+00
-2.255368356977081934e+00
-5.598432614823115605e-01
-1.312518049932845710e+00
-8.125945870403084026e-01
-1.396418260308508241e+00
8.659336392804961591e-02
-1.433311230651336476e+00
-1.107192936486403045e+00
-1.370038284959888442e+00
5.315392984727226322e-01
1.986736174999311100e+00
5.281923995050801235e-01
-1.418243882245615595e-01
1.728717399509279717e-01
-1.161770562854478772e+00
-4.163342629610282675e-01
-6.011147312192386405e-01
-1.949139658398419073e+00
-2.634653655938272721e-01
4.412563873353849697e-01
2.252518558712566232e-01
1.251879389237993134e-01
4.092134779567434544e-01
2.242254005152211072e-02
7.856449861814396307e-01
5.911424591665870309e-02
2.013778965225995421e+00
-8.966129699815157394e-01
4.384170822112378740e-01
1.758789878933790796e+00
1.278199879955674856e+00
1.222219110256307362e+00
6.365747127186806020e-01
-4.962667708138512879e-02
-1.991484386106197713e+00
-9.122946250921341038e-01
-1.981606508935967570e+00
-1.686141171951262230e+00
-5.647387499940893507e-01
-1.061181907373711208e+00
-7.613446704389509323e-01
-5.920356969050277751e-01
-1.643989414087307699e+00
-1.036911196460919449e+00
-1.333341936386021498e+00
-2.104836791663243556e+00
-2.084394699258385053e+00
-1.015427166877944876e+00
-8.360291582722161330e-01
9.812186591413661896e-01
1.383490063809157400e+00
4.832579495446855944e-01
1.778380171946387645e+00
5.011269382000667072e-01
-2.127964928708674375e+00
-1.936948535254925607e+00
-1.771878680828160135e+00
-6.477456130374593668e-01
-8.113081453947945665e-01
6.697042501180434648e-01
-1.798500444867611403e+00
-1.194043800025203161e+00
-8.744292510691299425e-01
-9.281068561390591887e-01
9.131231181475504277e-01
1.050850653200969376e+00
1.586215502492079876e+00
1.996025731744069720e+00
4.254883113739204026e-01
-1.487451179008407731e+00
-9.181821090779060945e-01
-1.589999209757877452e+00
-6.291396697864021226e-01
-1.009734596537729789e+00
1.217951303106035832e+00
1.363883658592378367e+00
1.622787327434631610e+00
2.047225205295108985e-01
9.079577560239593392e-01
2.149139467952870142e+00
1.863532191371239044e+00
9.479163742215040989e-01
9.023699372707127964e-01
1.113960078254114805e+00
9.958982836353574841e-01
1.059988756544058219e+00
1.031041518315645167e+00
7.768439498975203694e-01
1.626716046047504971e+00
-2.746471359115897126e+00
-3.049215700958826103e-01
-2.158461602801993173e+00
-6.375821339733916959e-01
-1.072874398201559831e+00
-2.622941031063278139e+00
-8.358240147408549925e-01
-1.435099705543747106e+00
-2.451607913273013306e+00
-1.421453392906880886e+00
-4.336672769284930506e-01
-3.514247154007816842e-01
9.171867014881862623e-02
-1.703114420649852301e+00
2.954922687572887341e-01
5.936806157931155958e-01
-2.219670425122448609e-01
9.604484919383933228e-01
1.622990782730349135e-01
8.581457884828722626e-01
-6.896819796842341699e-01
-2.466018235170770012e+00
-1.300057856492793595e+00
-4.193747281859188103e-01
-6.230112067819975064e-01
-1.652059467636301404e+00
-4.198561682305597120e-01
-7.683194104946768910e-01
-6.966970827120473331e-01
-1.542351412978980152e+00
-8.084459930869376532e-01
-1.445221926679707281e-01
6.791704707421065690e-01
-3.163224431055662311e-01
1.900311300840897832e+00
-6.413274815937151097e-01
-2.349003974389052729e+00
-1.148300058388700862e+00
-8.299697280724025461e-01
-5.131065546056496895e-01
-9.734124921136166897e-01
-1.171813011076251243e+00
-1.783182243065603689e+00
-8.895446739531467362e-01
-1.246134756249652531e+00
-2.479652477391481646e+00
-1.969374708264527651e+00
-3.164211646361344554e-01
-2.348359108569900711e-01
-2.010217622588923891e+00
-2.155502045573234327e+00
-1.040295251855382297e+00
-1.509304161426695323e+00
-2.545898393546220717e+00
-2.260329969343088052e+00
1.607081069651436156e+00
1.297328787371498260e+00
2.696255613710513144e-01
1.746554487122937926e+00
1.677678567770304330e-01
5.277152018248865151e-01
6.659141510663855179e-01
1.287297095091866961e+00
-2.939245421500613631e-02
1.707609733102069649e+00
9.469750442340996166e-02
6.577906242201003728e-01
1.294303994477119080e+00
9.968224376446832569e-01
5.348213044821106266e-01
-8.513143353837610006e-01
-3.540254557703511606e-01
-1.448122341304486582e+00
-1.503491903189487555e+00
-7.290957294532376398e-01
8.645705235065019867e-01
1.090148463378211918e+00
-2.721041607982574995e-01
-1.840795088784843436e-01
2.383359333471216424e+00
5.659744606722021398e-01
1.942447911624338275e+00
2.433619605621398119e+00
2.719736410565494200e+00
6.765952859349666504e-01
-5.882946093428964573e-01
-2.427893456144816664e+00
-9.854522216392971323e-01
-1.636872350555351963e+00
-2.027069707574893798e+00
1.866052304758196279e+00
2.204164765075744548e-02
1.003208112474982761e+00
2.069391151738066981e+00
8.249669426124420779e-01
5.812327075470414828e-01
1.056130668075682344e+00
-5.967611105862500320e-01
-1.547223845099572337e-01
1.194756159054213951e+00
1.702406089534777678e+00
1.687366074722296716e+00
1.160721686891796223e+00
2.542840604975462604e-01
4.988199104238569825e-01
4.940530782822314393e-01
3.626505185529496078e-01
1.614803814967388673e+00
1.393077021443298147e+00
6.075747239024973378e-01
-1.498342473454272739e-02
-1.410919451862980178e+00
-8.142998221093618039e-01
-1.510223319414464971e+00
-1.517211760731675296e+00
-2.021034075647329953e+00
-9.998732110813838281e-01
-4.050417274401721945e-01
2.398001940480121164e-04
-1.622598885429600957e+00
-7.419622585143477167e-01
-1.353817827761764292e+00
-1.897912660308611166e+00
-4.370608223254779379e-01
-5.379589859299666044e-01
1.575088435630561889e+00
2.391037257663855442e+00
9.974057464259865613e-01
1.236939092063883194e+00
1.351506031069119151e+00
-1.093142459719622206e+00
-1.409810951682807234e+00
-1.182278153968994605e+00
-6.069576065619539662e-01
-1.512701807919310637e+00
-1.225410108627910777e+00
-1.734451474783035074e+00
-9.188729268040762843e-01
-4.176955122570400469e-01
-1.367645312925904744e+00
2.061161573862217988e-01
6.199036758680938064e-01
-2.967270944233235674e-02
4.916823052297707441e-01
1.331708855816949422e+00
5.397586112318131235e-01
-1.135348593726845268e+00
-1.776146555273734107e+00
-4.544266231563982572e-01
-1.270917725062918002e+00
2.240407686750414129e-01
1.303157099435864330e+00
1.696308900503876282e+00
1.531671697591693526e+00
1.507108828988948268e+00
1.735837362007173201e+00
3.482307960950947745e-01
5.081545997199317100e-01
1.676648666076321792e+00
7.312708673521861602e-01
1.558984503713316094e+00
-1.203334273536731391e-01
3.517123750823616390e-01
1.283481913154706611e+00
1.555486012506603899e-01
-1.692031529224513609e-01
-9.989193004236037732e-01
-1.467740956478429393e+00
-4.089744446308802850e-01
-5.116493233675173391e-01
-4.895181826526510127e-01
-3.867179800662958744e-01
-8.031133134195460599e-01
-1.230015842358301192e+00
-1.322753324058753233e+00
-1.936806778810414409e+00
-6.771991076763868023e-01
-6.940316190091727622e-01
-1.691763312686703991e+00
-4.055242552430478042e-01
1.590906840875760953e-01
3.712407876206591517e-02
7.057054156934459144e-01
-6.425038816716992507e-01
2.676927416938168935e+00
-1.918428158149259932e+00
-7.630781190847710782e-01
-9.044143171686171989e-01
-4.765946900211002202e-01
-6.424886555037481184e-01
-1.168698966247742721e+00
-1.434995829298744585e+00
-1.973975175321157849e+00
-1.440608800053329031e-01
-1.831228995603003673e-01
1.750708914942356031e+00
6.836861860018457193e-01
7.416089706804328552e-01
-1.238945372560100733e-01
6.303859075962151559e-01
1.737389358204755041e-01
-2.020695805918085064e+00
-1.464946604245060513e+00
-6.187607814472596557e-01
-8.486019967874233183e-01
9.812057515479762904e-01
1.201432691008867959e+00
2.231823095094569442e+00
6.640777367231818218e-01
1.089151486307768923e+00
-4.972221099987408355e-01
5.920830287426139815e-01
1.693973720379314374e+00
7.583227777815189086e-01
1.903135372593592223e+00
1.013871129926909198e+00
1.471684409479914857e+00
6.090017375428061763e-01
1.184167490625017916e+00
3.872341114101405246e-01
-1.619356350939884059e+00
-1.186820830993390530e+00
-4.612624863259612296e-01
-4.384388040217328530e-01
-1.264522845317995969e+00
-1.248954393354826164e+00
-1.426423761615107644e-01
-1.645533913218953037e+00
-8.413952837413094521e-01
-8.357269794898197768e-01
-2.445911430023781641e-01
-2.168414481953324646e+00
-1.828882225354647062e+00
-1.610239399935801785e+00
-8.734800253911481072e-01
6.398586283690018695e-01
-3.719988171275816491e-01
-3.291339643698432127e-03
1.846588154872605969e+00
1.736489324733805573e+00
-1.416998544036179197e+00
-1.563093605005666298e+00
-1.186260457254291412e+00
-8.468212668285467482e-01
-6.427005221576673755e-01
4.095735002721190288e-01
-1.431282504744127770e+00
-1.286061594574960942e+00
-1.422213235186932989e+00
1.629167617679089908e+00
1.423835875216452385e+00
1.314699896714858873e+00
6.409571018813378096e-01
1.720537069334663993e+00
1.551460378896875270e+00
-1.359242999483817327e+00
-8.868315077494632881e-01
-1.956586019455338610e-01
-3.333340580647904394e-01
-1.688447280480610102e+00
2.007453235040159711e-01
-2.676734749771188415e+00
-8.449010279295814385e-01
9.831613705824859828e-02
-1.364669535574052128e+00
-6.367004195783114717e-01
1.406583918492578800e-01
-2.694819072149554628e+00
-2.382859738236895897e+00
-5.460565377642250251e-01
-2.480920786205201622e+00
-2.646790127313758845e+00
5.215160449960187794e-01
-3.271336091600681728e-01
-2.833091106389999947e-01
5.572396594141040271e-01
1.129390509940082499e+00
1.148291855464566247e+00
1.760482652958268446e+00
6.810268474650538195e-01
2.563050943649443525e+00
1.855613549192796530e+00
2.470919527488135703e-02
7.807720466976086904e-03
-1.294252167069562809e-01
2.145280682454161258e+00
1.734465220625234005e+00
1.264078765461105647e+00
1.559364094333989703e+00
-4.213296997095183904e-02
-9.335452984383898478e-01
-2.579654830819162470e+00
-6.727740411755063210e-01
-9.754631643516652462e-01
-1.424756752692625472e+00
1.968411760376947317e+00
3.809251354750601282e-01
3.891647362774757202e-01
7.908646996536172757e-01
-8.832122820008407871e-01
1.187266837594458391e-01
1.930333461474875723e+00
1.263284768445066764e+00
-2.573135721581867319e-01
8.841647533914008816e-01
-1.221623014990928624e+00
-1.697054841600238895e+00
-2.367131557714492462e-01
-1.277064742311939893e+00
-1.547815360826883424e+00
1.428220520399763771e+00
1.034911108540565117e+00
-1.966784922596847007e-01
1.176563086095117505e+00
1.146367987186732940e+00
9.076943950158721242e-01
6.566592142740225180e-01
1.138414691093964981e+00
1.646680308915380309e+00
1.153142096626146529e+00
8.358880244153161776e-01
6.286132007898779239e-01
1.575134169044371868e+00
1.170665005423029426e+00
9.040706905419889639e-01
1.093677080200383012e+00
7.527550813043379918e-01
-5.416299882830832857e-02
1.536677706275457744e+00
9.529611864682756561e-01
1.284013120965405985e+00
-2.226923515184277669e+00
-1.370708837004406710e+00
-2.502397170132298676e+00
-1.860776132394238225e+00
-1.791436641903569660e+00
-2.158692419667648021e+00
-1.722907336751604124e+00
-1.577650841540691573e+00
-2.717118931351414801e+00
1.276216178126992062e+00
-5.298561839022462028e-01
-8.871018503057200855e-01
-1.892900048078498987e+00
-1.324374998929432667e+00
1.168231285880706682e+00
1.183889084579343720e+00
6.099142433312219058e-01
1.144314652914106167e+00
1.165837167873810865e+00
-1.403489172010881969e+00
-1.582737825399892273e+00
-9.406483916508797671e-01
-7.233826400707700222e-01
-3.182704431670035916e-02
-1.572752800299609399e-01
-3.236189696352261835e-01
-1.933612267347853519e+00
-2.103221091580305124e-01
-1.257255015677589460e+00
4.817754462088039702e-01
-3.180234890701960637e-01
1.754955403276237558e+00
1.045926739524700055e+00
8.509556011618968352e-01
-1.064138957711747047e+00
-1.703744910236174803e+00
-1.991970599369181416e+00
2.596747195907198602e-01
-1.252145317232962851e+00
9.533667722396903521e-01
6.867011866193910574e-01
1.477761246577657062e+00
1.372383364195795430e+00
9.478685835289387684e-01
1.581380318838581989e+00
1.262300476226311918e+00
1.243036093920642848e+00
5.325688741107463819e-01
1.314955055672271111e-01
2.234156371811692132e+00
5.322876164964784884e-01
8.108083160960680713e-01
3.966814839959120764e-01
7.529577018933593102e-01
-8.302045049066585358e-01
-1.214056233558987064e+00
-1.293238480546252678e+00
-9.499190422579935067e-01
-1.667354212901548394e+00
-1.412772452940031620e+00
-9.710494105743256998e-01
-1.269655970515902066e+00
-2.432115024964756067e+00
-7.683198283596780476e-01
-7.244105963341334053e-01
-1.742296760116056831e+00
-4.444700713811404746e-01
-1.893530584006205553e+00
-2.769611172685314537e-01
5.923675284013936171e-01
2.473219193989464770e+00
4.691170590371108728e-01
7.544694439740735614e-01
1.207688153070282100e+00
-9.659969619035438937e-01
-1.388288640945729568e-01
-1.141088787732456922e+00
-2.942160855080758086e+00
-1.751165312564652909e+00
-6.503319102157436582e-01
-1.410567547629139273e+00
-2.354918393411316480e+00
-9.540179848972847321e-01
-1.328394938490935706e+00
1.239664752925184077e+00
8.260856916962726615e-01
1.262766922445230922e+00
4.720606801996090063e-01
1.755373302135269764e+00
-5.902778090560859559e-01
-8.186310421317872787e-01
-7.795111341558846885e-01
-1.202353724965819604e+00
-2.671101533789000948e-01
-7.826507049383149006e-01
9.330248850291371632e-01
-1.298584853792278393e+00
-7.801953289352171472e-01
-1.626744171250074089e+00
-1.617447695575213729e-02
-2.308024273134628324e+00
-2.494325659595166833e+00
-1.626609833064888155e+00
-1.571315453184982669e-01
-1.643391224596521871e+00
-2.141332614501451292e+00
-5.975408758867772896e-01
-4.994273600657311851e-01
-8.510138509733078394e-02
3.171345638345907103e-01
2.322068667698106825e+00
1.689380051657261017e+00
2.134712073211542105e-01
1.282958052302043850e+00
1.497077594199577977e+00
1.301488114170114008e+00
1.389238448267663406e+00
6.518236859273646155e-01
1.297955683485683132e-01
1.141173603523197411e+00
1.701639326160790944e-01
1.509209961662490329e+00
1.965688195782503422e-01
1.109859292281820231e+00
-1.151754738448860671e+00
-4.105038695970301132e-01
-1.220819814523740776e+00
-1.619968383479627683e+00
-7.234257380028860096e-01
1.186870479845846260e+00
1.985641923582765367e+00
1.778221541571681774e+00
-3.749869180298091020e-01
1.502385507270188159e+00
1.357727515117403305e+00
-2.234258000123292565e-01
8.664123765790002762e-01
3.718791879355092256e-01
1.769386960046658519e+00
-2.334653256879625216e-01
-1.020022296040152376e+00
-1.933925018892206138e+00
-8.006372307986847625e-01
-1.930535301359217915e+00
2.216648889018330237e+00
8.576558659953237296e-01
1.348290636273221654e+00
6.488499395562814520e-01
1.488330652478651706e+00
