-8.703640406894969095e-01
-1.403428238308368048e+00
-2.033681552056270103e-01
-1.835705171694395732e+00
-2.152170128482675526e-01
-1.185888990055794068e+00
-2.746769018401111762e-01
-1.944559378651120607e-01
-8.056798456391346397e-01
-2.166455110632909076e+00
-1.213185770257644069e+00
3.127053904711529775e-02
-6.900740332786869935e-02
-9.853652689283848298e-01
-4.377386864372302400e-01
7.248731214461161532e-01
1.293140516191351397e+00
1.093081325759290845e+00
1.602358286935037235e+00
1.842425460540513260e+00
1.009558039309364830e+00
1.300182272063484135e+00
3.635469656786102233e-01
9.485545494585888582e-01
1.369481483863002058e+00
9.417246364754663368e-01
1.689604382040526431e+00
6.233701865552574439e-01
-1.051276282341107038e+00
6.869097584977916782e-01
-2.029282220371476875e+00
-7.656222251366177067e-01
2.138284007071176163e-01
-1.932399583794667697e+00
-1.001619832028974644e+00
1.158247497560321859e+00
4.136606821258759226e-01
-4.834198935093514393e-01
1.083062834605283964e+00
1.385261489607706009e+00
2.247234345479421691e+00
1.930024844052829369e+00
1.210603259712387469e+00
6.266884115526892840e-01
2.637087777671022870e+00
-1.424277836109103523e+00
-1.104093936821071598e+00
-1.174348036417454777e+00
-1.531010018798253602e+00
-1.527870377346965292e+00
9.459979294001066297e-01
2.398831907743285363e+00
1.448018792495068929e+00
1.941232019997146674e-01
5.218989956760694549e-01
9.579150437227658132e-01
1.711068208568345961e+00
5.605771714091669633e-01
1.367837152112914012e-01
8.682001497376700128e-01
7.989382767167263477e-01
1.215738955727952320e+00
9.343471115623156464e-01
1.650547205943329487e+00
4.399013469816521749e-01
4.349279812833707348e-01
1.349547003977394466e+00
1.432550772459636690e+00
8.791386371347825746e-01
1.487216542877320746e+00
-7.695743787755614518e-01
9.340692244713455494e-03
-7.559157056933540897e-01
-1.411622432966784135e+00
-1.058613718553838012e+00
5.735768859617800253e-01
-7.647150485139541098e-01
-9.291167890840520416e-01
-1.468309411285531940e+00
-3.594422676279884765e-01
-1.026921196732148545e+00
-1.658792056689682770e+00
-1.424381959432639677e+00
-9.098352969744971652e-02
3.223786085152611225e-01
7.580685980590021744e-01
1.728076054449117160e+00
9.913649920349654199e-02
5.814355010591309991e-01
5.294959461402127809e-01
-1.755920838541502160e+00
-1.185382739470927760e+00
-1.563018789730109326e+00
-1.570708501143863955e+00
-1.696064144678309793e+00
-2.045334232121604146e+00
-2.165443071787209295e+00
-1.303578949211290139e+00
-7.809416986288510998e-01
-8.808430564171526589e-01
1.221455402978283811e+00
1.450546462920759172e+00
1.033475064255156228e+00
4.720699513708284112e-01
6.655718145842426381e-02
-5.241617014058318480e-01
-1.561137690562460323e+00
-2.020308031046737618e+00
-7.697046388774475556e-01
-5.687061247852889245e-01
6.084215831056867252e-01
2.133650651855202085e+00
1.655156291515722078e+00
2.473540654153981055e+00
5.105094713788328464e-01
5.514453021604945882e-01
1.915849696137611691e+00
9.274289833542733730e-01
8.766091844951056089e-01
4.378305899466696793e-01
-7.943866318661019221e-02
1.638864181222249528e+00
9.688385378496054967e-01
1.079315880425475216e+00
5.186224822223566289e-01
-8.133834097245113970e-01
5.818511837116036034e-02
4.221841350597637099e-01
-1.332500727214255720e+00
-7.690309187756351195e-01
-1.579938164694647540e-01
-1.374168319000331318e+00
1.207038874758925573e-02
-5.127256713924888132e-01
-1.373582535379642477e+00
-9.798111381153711275e-01
-1.838990801512973672e+00
-1.501069131476100216e+00
-1.449070118697470599e+00
-1.384061387508285002e+00
1.789177450446326478e+00
8.609446815344257153e-03
6.708123170465837282e-01
8.736500050447106869e-01
3.834662807535573759e-01
-1.679457849895933386e+00
-1.427411991487599563e+00
-8.238077672315322619e-01
-1.631071720644579504e+00
-1.606256310491033013e+00
1.081426544761588282e+00
-1.057024049622025119e+00
-1.497279305699970475e+00
-1.224688146483906781e+00
-1.854955837062150170e+00
1.721769491152230547e+00
1.994155205168123501e+00
1.374159964119410215e+00
1.071386141773904122e+00
9.571847013131197235e-01
-1.427475120072502879e+00
5.564026538147159862e-02
-8.989432443140009665e-01
-2.083707833443025681e+00
-2.565260918421253145e+00
-3.989133319850420856e-01
-1.167364793534497736e-01
-5.671731588727811912e-01
-1.774896619960041333e-01
-1.400722114593446976e+00
-4.067498963738569451e-02
-2.601929234412760916e-01
-2.303177809282185962e+00
-1.888882445381685482e+00
-9.973549910879895286e-01
-8.378902954042735107e-01
1.777260830072211473e-01
-2.249246499696203827e+00
-9.985112969548737283e-03
-7.088634598389480512e-01
1.374908485196025820e-01
8.782925310559860366e-01
-2.049188412951952198e-01
1.132096685794317992e+00
1.121824812754977696e+00
8.827773246390873130e-01
1.484515907783325428e+00
2.131232218447236981e+00
1.201728557341942283e+00
1.516598028330208292e-01
1.460093450974385476e+00
2.030098898715563038e+00
1.383562775053490235e+00
7.167936636363465563e-01
6.548870076854423905e-01
-1.648793793924562268e+00
4.167119786742379262e-02
-1.316027168858613372e+00
-2.331102962595105188e-01
-1.824098687177601041e-01
-1.596977604933131900e-01
5.167303511673524419e-01
1.324628362238912560e+00
9.011141451481565756e-01
2.058019168760140793e+00
4.777882296793855010e-01
7.122096566241283844e-01
-5.477193702964455735e-01
9.306928336514977973e-01
2.086746547178368605e-01
-5.085606105788745834e-01
-1.404799292776133690e+00
-2.173072836888856330e+00
-1.425133756039000055e+00
-3.241845685362213514e-01
1.905310831543603367e+00
5.021559718716579468e-01
2.325467896624742181e-01
9.090684963030949417e-01
1.826025221521640374e+00
3.964393698850661174e-01
6.423726853359053024e-01
3.310614024822200463e-02
6.468850366568997812e-01
2.750586847679572511e+00
7.103975551997484539e-01
8.069199259752000142e-01
2.264920068250527496e+00
6.139391296993608194e-01
4.019192917334228898e-01
1.833872058614854250e+00
1.398010938790185786e+00
2.091903043664422590e+00
4.888018768048255636e-01
8.802996969567750130e-01
-1.750390164037952889e+00
-5.833768485932743220e-01
-8.885905543229163372e-01
4.223804335982841440e-01
1.240754836628460644e+00
-1.260064622998660511e+00
-1.090710998867927994e+00
-4.254664477910321541e-01
-5.906109693284542494e-01
-6.107396597524628046e-01
-2.416118336535650002e+00
-9.404880317304821213e-01
-4.872992874009709485e-01
-1.734264014783857721e+00
5.557935959158011308e-01
1.627707213515343199e+00
9.314091600354279521e-01
1.556931798046099713e+00
1.497238042557617499e+00
2.727976762177891867e+00
-1.988825526068225269e+00
-2.299482127418104760e+00
-1.552307517870282982e+00
-6.319911589395932339e-01
-1.691586044253314824e-01
-1.076232345817852654e+00
-1.263267030303175664e+00
-1.680844697330402537e+00
-9.168665370330403297e-01
-1.508219775835746290e-01
-1.213325137376611185e+00
1.166146442693921204e+00
7.195669463845152380e-01
2.869081299139086827e-02
2.120311556142882026e+00
-2.329919925161520577e+00
2.933143720180948488e-01
-2.983278961937296359e+00
-5.319267798105218326e-01
-1.405478355812090463e+00
1.462554006721839439e+00
1.168870879093303561e+00
1.985060533094404001e+00
1.115208799005025897e+00
5.813856117418420011e-01
6.411846608212667942e-01
1.622543863864263081e+00
6.647091117254801951e-01
1.039233390554314074e+00
1.736352008884690878e+00
1.257791179393880743e+00
1.251053378308746300e-01
2.080656429963296805e+00
1.260640608692669362e+00
-1.144920159160769391e-01
-1.427957365010146029e+00
-1.157615823206287864e+00
6.609719774155746741e-01
-2.645378566211760152e-01
-9.211916288838427613e-01
-2.425490383616787593e+00
-1.072892252329211704e+00
-1.152570567895924381e+00
-5.702020621066150596e-02
-1.007398155529772632e+00
-1.002451557649163050e+00
-1.857384704221755722e+00
6.770381740721949093e-01
-2.768171987830458924e-01
-8.998427410723088826e-01
1.135206896915293973e-01
5.015041913246900407e-01
4.168729554329644316e-01
1.503599463836386763e+00
6.277276930367495789e-01
-5.554980263465389978e-01
-1.187674177295408917e+00
-1.167302319057930804e+00
-1.470159810003349499e+00
-4.322539987352667090e-01
-1.021114623693732959e+00
-9.305408276189544026e-01
-1.566923016165585159e+00
-5.645899346469673841e-01
-2.773721091326675214e-01
3.729355361069983665e-01
1.893621621709005165e+00
8.952357866278127796e-01
1.594918739296387056e+00
-5.399427952324797886e-02
-6.124622005735549379e-01
-9.007073220993144780e-01
-2.500346118025997821e-01
-1.293697471896225526e+00
-1.475982074286834145e+00
-9.907599872809078612e-01
-6.117786213330065337e-01
-5.725971336602370121e-01
-1.600590339536230644e+00
-9.492782211242812851e-01
-2.386405460982945037e+00
-9.750934832457279766e-01
-9.963068131846728459e-01
5.034025758999112199e-01
-5.934908722992935370e-01
-9.344538572668318333e-01
-1.773827151323132956e+00
-1.233478943456815191e+00
2.266491184470764697e-01
-1.849541379278413888e+00
2.331581940668097097e+00
-6.825144159543197198e-01
1.417215256108692145e+00
9.807506566610529886e-01
-1.075380729353172526e-01
1.657743143684041964e+00
5.590757340848337975e-01
1.565869373762962979e+00
6.859678177853933967e-02
7.964816205571318974e-01
8.412384488282104167e-01
1.441598307425730141e+00
1.848524839764700722e+00
1.355900629748066244e+00
1.129400235318710033e+00
-2.705503975843426723e+00
-2.743424628011323030e+00
-4.625312990845507066e-01
-5.839598756633445076e-01
-1.125232630482501550e+00
1.883297900176683637e-01
8.209161811818040944e-01
7.134716489340791057e-01
-5.028335508054793124e-02
1.872863668445586827e+00
-1.610322601947364873e-01
2.140457350141307113e-01
7.894912074913773559e-03
5.705236564726566817e-01
3.389253574867696628e-01
-7.524122698653222807e-01
-4.848172966446494536e-01
-2.379692886142520614e+00
-1.313470977506504322e+00
1.813704618552518522e-01
2.284994048542332123e+00
2.609429291912494620e+00
6.245420743826504140e-01
2.460830602008167833e+00
1.909785307947405197e+00
2.385878974104174155e-01
-1.104449329655233569e+00
-6.184648090665028075e-01
-8.830920202981329403e-01
7.855046877529932026e-01
-1.308119113725246141e+00
-7.026440508594102852e-01
-2.009136597585652328e-01
1.009286596511720369e-01
-6.567529003555141465e-01
4.910671926884337957e-01
6.948315214997675682e-01
-1.793864558300546364e-01
1.382653628217900277e-01
-5.330787779332228915e-01
3.536539052532768901e-01
1.488087403064892511e+00
1.980388186340622969e+00
1.484676610278572895e+00
-5.434335119647992762e-01
2.301588951404517580e+00
1.875237732727426332e+00
2.069486596841866088e+00
8.382817981801551355e-01
8.014423778348593874e-01
7.265282285559653275e-01
1.263953465686321831e+00
4.317206123907781912e-01
4.619606955499694356e-01
1.874856074719886800e+00
-1.031185533947090116e+00
-1.415079651231794688e+00
-1.664244195730658626e+00
9.057772763885494349e-01
-2.036367148408464445e-01
1.518142901946994305e+00
1.894272078767273992e+00
1.837798056490543841e+00
-3.114691986385915712e-01
6.014254918698122010e-01
1.327409961386154746e+00
6.687592822861876396e-01
1.109336098198389298e+00
5.296672505158369626e-01
4.477251728713310674e-01
-2.235929084210771745e+00
-6.187145891466362402e-01
-1.448702924118938640e+00
-2.190041767852266119e+00
-1.380010061434223889e+00
-8.035679850358994347e-01
1.751207179573430972e+00
1.702028809076402638e+00
7.837824843600960101e-02
1.625696325183319857e+00
-1.412189706715515580e+00
-1.362139167032010434e-01
-7.903221896840455507e-01
-7.594690499182868981e-01
-1.141907522170541478e+00
-5.492670244848866234e-01
-3.617555989806309213e-01
-1.083337777381161438e-01
-2.773197200743660051e-01
-1.005205203415532322e+00
-1.424920288360877585e+00
-2.004335658472041093e+00
-5.846739032848545792e-01
-4.725324882589743147e-01
-2.021926448352736383e+00
1.213927481282225385e+00
2.334620927140858893e+00
1.449506573869338011e+00
9.972438002950531066e-01
1.106162862289180593e+00
1.199771345854764304e+00
1.033831092201896507e+00
7.160250988876182276e-01
-4.330408100647102909e-01
3.099229895594001194e-01
5.177962586617070873e-01
1.711662015804270354e+00
-1.245503028765311271e-01
6.131629816473136430e-01
1.969582934565744292e+00
9.229040607900871329e-01
-1.115663863935332234e+00
-1.105542654032209304e+00
-5.639008294926211029e-01
-8.537343383294884180e-01
7.696214511846314332e-01
1.750119548156311877e+00
5.590827928303232497e-02
4.946300472209914645e-01
1.404807851614114922e-01
1.067993860426645902e-01
1.559579965759992248e+00
4.457883159096087677e-01
8.198910259975515924e-01
4.361992863764507788e-01
-6.558968962840335815e-01
3.769528941036681680e-01
-5.862981166141548739e-01
-7.493088561141537651e-01
-7.960616112087965934e-01
7.021720119023284745e-01
7.447864080578775470e-01
8.597387003931764582e-01
3.911753486772822086e-01
2.073689545871957307e+00
2.847279724254454525e-01
1.506653796027778824e+00
1.955950269325635205e+00
7.398523545401081147e-01
1.000167832058238115e+00
2.542875888216368230e-01
1.362301478571778190e+00
8.862223994196002375e-01
1.150228436452109371e+00
-2.684933381468468383e-03
-3.337009245677369229e-02
9.063684448212749878e-02
1.668876967690230417e+00
7.951407027227997970e-01
7.385621296205929776e-01
-4.594458751915746486e-01
-1.251641690996717626e+00
-2.152472489015717194e+00
-1.709820359166915216e+00
-1.606440153599169030e+00
-4.201631677876365156e-01
-9.685686029241821204e-01
-9.702783909693832864e-01
2.657135431864539044e-01
-1.144637380681794436e+00
-1.550074017109206448e+00
-1.257138870063191805e+00
7.590401765672485368e-01
-1.845389917558886594e+00
-1.337771868436481881e+00
5.389842311562609289e-02
9.099224587132929143e-01
7.387779805986129933e-01
1.373163875121435673e+00
4.784411074558864163e-01
-1.187351385765532452e+00
-4.314091195302171000e-01
-1.343351544529924890e-01
-2.894878433082570535e-02
-1.003751297725676617e+00
5.076306205487428613e-01
-2.092316402723789714e+00
-5.359494664875540382e-01
-9.141497615584140979e-01
-1.416163841064166373e+00
9.084803245771503333e-01
1.374394759110292075e+00
1.291702450993609474e+00
1.541045480795121492e+00
5.052005400126389212e-01
-8.830317977920403294e-01
-1.769903567380476828e+00
-2.114974477089289984e+00
-3.387947997532939626e-01
-6.405549857078287612e-01
1.284273787595274108e+00
1.679302145494961263e+00
1.986080759118962868e+00
1.667666164665342121e+00
6.712913250313494729e-01
1.431737117243727653e+00
8.439124406606772766e-01
1.163140583998587108e+00
8.794013768184614221e-01
1.405005347091557777e+00
1.356914303357130480e+00
6.387426579448398645e-01
-2.930891907575627897e-01
1.253268171490261595e+00
1.086312168027049996e+00
-1.933930666396636466e+00
1.338648446044427232e+00
-3.262134551348971900e-01
-2.072243932928975241e+00
-4.207927368341305430e-01
-1.686760346728247928e+00
-1.833223622640527184e+00
-9.726359476582513430e-02
-2.063192450577372439e-01
-2.521029461696009388e-01
-2.017165948017924038e+00
-4.005656410793246858e-01
-1.319899599671288337e+00
-9.820615769691098951e-01
-2.180527846604145559e-01
1.108826601006578150e+00
4.953482858850438708e-01
-6.505029681851091095e-01
1.685895710806726067e+00
7.983174871967912978e-02
-2.570155293753600967e-01
2.513230639254757648e-01
-2.530429621245829930e-01
-7.632384413876558416e-02
-1.614521599929607643e+00
-1.217816504058444993e+00
-2.414283116563583409e+00
-1.685712495580173442e+00
-9.952513383379575362e-01
-1.410231998124580333e+00
3.311388749967691947e-01
1.732061979500926441e+00
1.720930739957087230e-01
1.370717003518683530e+00
1.025759446907217542e+00
-3.273135983218262712e-01
-6.917010309476143703e-01
-1.058067078220703339e+00
-1.193349854149477363e+00
-3.546789166595907261e-01
7.031029514026287952e-01
3.811461358202117289e-01
1.362620020614243810e+00
1.564369868220786497e+00
1.641890654059371402e+00
2.382064605366095655e+00
3.056319317694380366e-01
6.864720216428604749e-01
1.897237861604485154e+00
7.121879571881546411e-01
1.775820954612989500e+00
1.387829265791083344e+00
1.135487102071740972e+00
2.867457562840802776e-01
1.838156140524292992e-01
-1.208031490011431286e+00
-7.312089197082898284e-01
-1.612477935608256363e-01
-3.801224871710819908e-01
5.937074639008033117e-01
-1.515066411708007932e+00
4.496963745030413406e-01
-1.211087111555570361e+00
-8.875475953022714526e-01
-1.959230285063284560e+00
-1.120964521575163131e+00
5.459174964463242574e-01
-5.838658734130703909e-01
-1.531550122396800884e+00
-1.683715016537529419e+00
4.109543160996991240e-01
1.178544555814003969e+00
6.774898409887568640e-01
1.915353218070079189e+00
9.691712750850921543e-01
-4.743576012056883728e-01
-1.131033928145333212e+00
-1.115274901854361733e+00
-1.894124099790050142e+00
-2.556158088559409070e+00
3.647961478698169557e-03
-2.323642097727339095e+00
-8.882186550229003164e-01
-9.104487912202967603e-01
-6.465789629415794604e-01
2.521003776652741113e+00
6.965103171206000754e-01
1.721631022672414524e+00
1.572982846333432772e+00
5.262495608026656058e-01
6.328115368930298246e-02
-1.725515179875794836e+00
-1.357930775908793075e+00
-1.147182227126975818e+00
1.950183048017695153e-01
-1.495267174190919590e-01
-6.896251785121841893e-01
-2.333889181245952571e+00
-1.921862659305259680e+00
1.664716289617345080e-01
4.694331486481209126e-01
-4.968729000826137554e-01
-1.514074485044726526e+00
-1.898716940907626771e+00
-1.304060577074814598e+00
-1.196366079607391608e+00
-1.561987395817937330e+00
-1.721848017296525590e+00
-1.747829941376936258e+00
-1.749442748463641006e+00
1.430198747231991696e+00
4.538388611116240812e-01
9.617717393200244658e-01
7.780043769243143448e-01
2.569550053014469704e+00
1.028473963875567998e+00
1.602378773319518945e+00
8.787144582878478882e-01
1.409699725143611637e+00
2.102983873565366757e+00
3.770662371429713833e-01
1.263548261468145473e+00
2.051941753449447070e+00
9.173692146585922247e-01
1.849384486080400958e+00
-1.552348669293342365e+00
-1.431977883703448473e+00
-1.948205067088878639e+00
-1.261805430547239260e+00
-1.229605995858394474e+00
1.624298680123835492e+00
2.139260164626293204e+00
-9.747941109617506150e-01
1.759599240983062529e+00
1.232418132628255059e+00
-9.931352351469469042e-03
1.484329326132714399e+00
4.990991532245084850e-01
5.678335417640932858e-01
3.308902278738532043e+00
-1.347269932290211969e+00
6.385632198739819021e-01
6.884693739639953236e-01
-1.526050297998954530e+00
-6.807729793881881486e-01
1.540911768914814184e+00
1.305648129855765616e+00
-5.246570831008341429e-01
1.720866855349746372e+00
3.718636346273782589e-01
9.094710112083985720e-01
2.485009274942725499e-01
9.546413506663825599e-01
5.150937182480634924e-01
8.536338197318067422e-01
1.667771248698054709e+00
1.552894789317078805e+00
1.088000232332809958e+00
1.925262690953116307e+00
6.311836578118533714e-01
2.154931603032089527e+00
-4.865604064623640923e-02
1.514810435646027909e+00
-2.932526620537796447e-01
9.276455585213213562e-01
-8.575132852325066946e-01
-9.640579428766934411e-01
-7.690464567064919654e-01
-2.387458012047696698e+00
-2.816476172770052688e-01
-1.838816137237232029e+00
-8.585366460926985299e-01
-1.399755587346221075e+00
1.041413525767220793e-01
-1.564015734226431364e+00
-1.162110291568558607e+00
-1.127931954029322670e+00
-2.418386588360776468e+00
-7.157439641822007648e-01
-1.879414732432960644e+00
-1.416226472488557597e-01
2.415100807471570743e-01
2.740157240571513553e-01
1.081415931893015658e+00
7.739574358389273989e-01
-1.541478527886503302e+00
6.131078211413556467e-01
-1.537679651421724802e+00
-1.884182879582864789e+00
-1.601209052084087148e-01
-1.219063994979849630e+00
1.179448258446418318e-01
-3.829574752739349774e-01
-4.222514150759506535e-01
-2.736295275722071985e+00
2.581569460820145601e-01
2.752080985871072638e-01
1.604839844848207964e+00
1.090725062813980184e+00
-7.320343106018500912e-02
-3.777520029712783112e-01
-6.490079365110874576e-01
-4.225069701241970233e-01
-4.801738675870887985e-01
-2.192601076191306841e+00
1.055428668703340289e+00
1.353946271517290523e+00
-1.542990385353406602e-01
1.870353035471213454e+00
-8.578404243903350324e-01
1.031509546129327326e+00
5.494635600992142654e-01
6.082861488227875313e-01
3.573820370836038318e-01
1.737291416943978373e+00
2.995904140175622565e-01
-4.841601412039358010e-01
1.345103009708201292e+00
1.162694326447057058e+00
9.379420634594943795e-01
-4.567313639068686371e-01
-1.485232206950469980e+00
-2.071744061032291917e+00
-2.041381419682321230e+00
2.973107931565164286e-01
-8.976223581595457190e-01
-7.134948590240671740e-01
-2.036580933005732952e+00
-2.085769505080603547e+00
-9.506059101216776108e-01
-4.690440026029110143e-01
-5.325492138766024786e-01
-7.559766646110501753e-01
-1.784936962841719321e+00
-1.375987590026507279e+00
4.034022961567048648e-01
4.349036942009061324e-01
1.016454796429882013e+00
1.121567794265755147e+00
-3.611220279905469344e-01
-6.059915474790953382e-01
-1.224676395557401820e+00
-2.174275656225058695e-01
-2.356870175770384268e+00
-1.097590152238568262e+00
-4.675776272776700493e-01
-1.387616654840901020e+00
-8.565963404287639804e-01
-2.966191935261857093e-01
-1.051192215497359639e+00
-2.938212168575151662e-01
7.894862867852867616e-01
1.400316899182008523e+00
8.965467139283659348e-01
2.480900656632323287e-01
-1.833079549751647441e+00
-3.140544402904793531e-01
-1.696523607907296061e+00
-4.381087214441771183e-01
-6.987597304606412152e-01
-1.695229516134060699e+00
5.869438833592806049e-01
-6.418063715906879851e-01
-1.784092058116779622e+00
-8.317453783038168957e-01
-1.731510018108867177e+00
6.457053206289626868e-01
1.990951508484295474e-02
-2.448901630008579744e-01
-4.451103328710687146e-01
-2.509167756407567618e-01
-3.083740074498257933e-01
-8.701287822654164561e-01
-3.602737744827655408e-01
-1.856067880425116723e+00
1.186233576301064740e+00
-9.542103171716544985e-01
1.258561608875980120e+00
1.542537210207139520e+00
6.290689847507762167e-01
1.192020688641628912e+00
1.026278136456712620e+00
7.477601753746820901e-01
4.077528077550167662e-01
1.763344824761351681e+00
1.706132466931959746e+00
1.593477440243603604e-01
-5.504416821469959586e-01
2.129393492500327056e+00
1.110866920684477677e+00
-9.345906505092851368e-01
-5.410707630877924501e-01
-6.942525110688935186e-03
-1.240272436082041629e+00
-1.534332344379781388e+00
1.673926801519751928e+00
1.251195808957643596e+00
-3.173613204691199119e-01
1.073019230214819153e+00
1.843880385231378760e+00
2.565274647216063686e-01
1.044959632853678766e+00
4.854640736344221219e-01
6.296612433022286126e-01
1.265623942016736336e+00
-4.642992795538125606e-01
-1.330446830764060895e+00
-2.500176647677330610e+00
-1.454730356531224622e+00
-5.384964315894971154e-01
8.158479639907287861e-01
1.849827330940754244e-01
1.190794642117857460e+00
1.857370001837173712e+00
1.159575609342529345e+00
-1.541774498905461366e+00
2.768790703485974891e-01
-5.348480072522491247e-01
-6.778540869072854358e-01
-2.038742050319737320e+00
-9.874285789827439430e-01
-2.638737675488294077e-01
5.646788520000889378e-03
-1.741471764323389460e+00
-2.142288808757419005e+00
-3.952208514214126112e-01
-4.662646858882161238e-01
-6.336238635941190411e-01
-1.538924856315269540e+00
-1.700186270583178949e+00
3.439068309595616491e-03
1.141017713148974710e+00
1.679172050683785722e+00
-4.929568423754560058e-02
2.272688356531103793e+00
1.216554780318788609e+00
7.250319043241906236e-01
4.597139006553465634e-01
1.892404984438474269e+00
8.253639766290474800e-01
1.145154459961426507e+00
2.418311646388897618e-01
2.235106260887431251e+00
6.425532572495585848e-01
8.593264175278572115e-01
-1.184093260802123959e+00
-2.343472790641889070e+00
8.553400103745500971e-02
-9.326737969572207465e-01
-2.896061619246359520e-02
1.688250930223818003e+00
7.270050861037649081e-01
1.492944495966376017e+00
2.182489941494035968e+00
1.174435019803903746e+00
-4.978602367817912544e-01
4.319487816349152354e-01
3.037359873464052784e-01
1.116221077008415996e+00
1.211077944803551798e+00
-9.875114836992049394e-01
-1.026468388640902507e+00
-7.474489871486520443e-01
-1.475414610931923498e+00
-1.472163040838089021e+00
2.799346204116283099e-01
1.158786996782054324e+00
1.319022364521490243e+00
7.840152725110046683e-01
1.955839445662560516e+00
1.830358709909708059e+00
1.966364143316651880e+00
1.886057239367410210e+00
2.240403925842358923e+00
3.183672891167388386e-03
2.427057496510597323e-01
3.302790009222474898e-01
1.598260488451999750e+00
1.350797830844225444e+00
1.280284976180761314e+00
8.048566488479906855e-01
7.691556937466017541e-01
9.838576519614465887e-01
8.861700563471400782e-01
7.218670775259548034e-01
-7.210840801383805454e-01
-8.280293749987797103e-01
-8.785050512992572669e-01
-8.728850887195053199e-01
1.303328227787082128e+00
-6.365168786119375088e-01
-1.370559009981465737e+00
-1.415532785447346065e+00
-5.118407032465565054e-01
-1.949458855110657307e+00
-7.046297513156883907e-01
-1.370381479559102722e+00
-1.733626390703278286e+00
-1.378670180334702344e-01
-1.187717491779689993e+00
1.373895908983328473e+00
-2.368552569473543201e-01
3.961545052363903974e-01
4.214137676420294243e-01
1.740689723948766643e+00
-1.769300158171703830e+00
-7.700630498348306485e-01
1.057007561620620262e+00
-9.214011980065817120e-01
-2.066618071284437086e+00
-3.400810798102461563e-01
-2.351417821358721127e-01
-1.649323410922291622e+00
-1.355527011018125227e+00
-1.210534728325813658e+00
3.193380722294859586e-01
2.079398021165892452e-01
8.215304740694594487e-01
1.293967960378388682e+00
1.009962881022734127e+00
-1.231789417899212369e+00
-1.741098348114106908e+00
-1.349742612697251154e-01
-8.473236610675587421e-01
-1.380803369033434258e+00
-8.543772724832949805e-01
3.165022298900446174e-01
7.840204651055304730e-01
1.228594481717356190e+00
6.992738491337413542e-03
2.542756327597396337e-01
2.299323281867930113e+00
7.126215662571282472e-01
6.727523494060415610e-01
1.998659748774571643e-01
8.051414845318629609e-01
8.484086406814794756e-01
6.931901319806343942e-01
9.989651878372711735e-01
1.998202923667642850e+00
-1.286082179287886040e+00
-5.855769249947714306e-01
-5.802166843746798808e-01
-2.014764020794814314e+00
-5.693251603021949325e-01
-9.422749169343290765e-01
9.167419794486431073e-03
-1.373737296895878313e+00
-1.552922095578690431e+00
-7.552403508698557477e-02
-2.343587268242882882e+00
-1.519795674099929217e+00
-1.195984432016202970e+00
-7.318377633570243290e-01
-1.528604990310349354e-01
1.103262289697762855e+00
6.170658478794923685e-01
1.707710167060953577e+00
9.664654099233602746e-01
6.508587375562857602e-01
-2.192593978609451710e+00
-1.140694659985936887e+00
-1.063227529513460334e+00
-2.342678974271321657e+00
-4.869037682694453695e-01
-2.614519580974020041e+00
-1.032339819443635731e+00
-1.192857992014570989e+00
-1.314414706604346783e+00
-2.445635543516629928e-01
2.592479175109105860e+00
1.457926795471305770e+00
1.421147075366691048e-01
7.510797984778361247e-02
1.499866232257052845e+00
-3.428627147458991331e-01
-4.796705038416962941e-01
-1.103467435367429195e+00
-1.245851712456391924e+00
-1.568532094836533997e+00
-1.873287670624773416e+00
-6.461481251998015818e-01
-2.066420678175693304e+00
-1.406877255968962626e+00
-2.260998864585334056e-01
-8.545364889146644938e-01
-6.624344473434300440e-01
6.127049909864850097e-01
-1.367519456468790473e+00
-5.494822474716440919e-01
-1.279214833004018725e+00
-7.282121900655184055e-01
-8.078847689039203583e-01
-1.113384578556225968e+00
-8.891168728269788213e-01
9.079461705968039364e-02
8.954393344049422776e-01
7.932330568542240723e-01
1.493154317627344074e+00
6.589544780343611352e-01
1.880551452419167102e+00
1.748879227532543768e+00
9.757239187146387049e-01
2.123900047087325937e-01
4.779439149201143433e-01
9.852928808016505613e-01
1.530441903768385625e+00
7.464541985494617116e-01
1.864391006119302086e+00
-4.812292849400767736e-02
-7.500390633612097346e-01
-9.612865188695696173e-01
-1.687144824304993573e+00
-8.121231616631460204e-01
-1.873074360366461244e+00
7.100626774809774000e-01
2.244189925102686445e+00
1.847181310833832857e+00
-7.507728098576209597e-01
8.391533477970971600e-01
4.615982377840652795e-01
2.254111074157218120e+00
8.297524565797798068e-02
-7.655190822076738399e-01
2.378179683383572218e+00
-2.574796886779873173e+00
-4.201985970943262760e-01
-8.063740392809184421e-01
-1.157910401050078475e+00
-7.901846049491552115e-01
2.812643138838186729e-01
1.328545916715002440e+00
1.966544794927167716e+00
1.160178358907742346e+00
5.704617395477299402e-01
-1.837183698199412518e+00
-1.812760379694105861e+00
-1.890432496385955341e+00
-1.383778125507995505e+00
-1.827647663156463986e+00
6.895251209962016681e-02
-1.446940702173785454e+00
-2.027553346143037061e+00
-5.211338878623217319e-02
-1.216513711068528014e+00
-1.220919904330787675e+00
-1.984243606080222211e+00
-1.640882537586294099e+00
-1.214528616534344296e+00
-5.325294426850916141e-01
5.575393196388934713e-01
6.321649479402522420e-01
5.166178608543107176e-01
1.341477552360679448e+00
6.930888340803198489e-01
1.715664357673891027e+00
2.272313346812084411e+00
5.574514871465161558e-01
9.776538359860418304e-01
8.074917212950335488e-01
-2.297377898613917058e-01
8.081238298960577993e-01
5.242645336726270422e-01
9.413396866534919916e-01
1.615916743977625636e+00
-7.043215488542999836e-01
-1.105835179843892568e-01
4.634184009859629860e-01
-2.685745979459126076e+00
-1.263715178078699042e+00
2.265495305321555186e+00
-5.339928483787614866e-03
1.570406557592796126e+00
1.289722341285936880e+00
-1.513064638093852832e-01
8.088499604128539522e-01
9.225923091327452585e-01
-2.719404326565191266e-01
1.110222864875044735e+00
1.713545981545937957e+00
-1.284000913382862707e+00
-9.363847327398855391e-01
-8.031646617727850046e-01
-1.964163999946831884e+00
-1.609698847275047306e+00
8.439410055793230558e-01
-5.818451182934936128e-02
1.288516741291573009e+00
1.186659844627520721e+00
1.146351460142094769e+00
2.188235025101891162e-01
7.828275226665841746e-01
5.397594404905194931e-01
1.343202241397430718e+00
7.912579991447290517e-01
4.338477951090334850e-01
1.765174200909973568e-01
6.890161979917766022e-01
1.227895911213863878e+00
-6.258190114131472193e-01
1.184795798449562954e+00
1.359908804633831902e+00
2.161115165900485913e+00
2.379647208953897142e+00
1.122710354172165914e+00
-1.788368263463856245e+00
-1.261378540136171011e-02
-1.008125898568313694e+00
2.325473817688119560e-01
-6.467593855407743897e-01
-8.015281173764416955e-01
-7.357665610323721461e-01
-3.210173425127996749e-01
-1.087770265883739373e+00
-1.485243113641612656e+00
-6.506120776249899595e-01
-1.115722759958275745e+00
-8.297382190375464095e-01
-1.713371654441493419e+00
-4.702212073810141391e-01
1.901632580868910516e-01
1.546783994702046527e+00
-2.565629810614962203e-01
-5.910274490882676535e-01
1.077994101837667751e+00
-8.493183431955813045e-01
-1.347463101594222890e-01
-7.568938265268627674e-01
1.722776690484442152e-01
-2.285957737556494784e+00
-9.037726496328140069e-01
-3.212849028525688322e-01
-2.082742761394750453e+00
-1.329188017034503844e+00
-1.117724588188319546e+00
9.926384973425513847e-01
8.558573716978987722e-01
4.919891915442847763e-01
1.200021393586346408e+00
1.465645069438545889e+00
-3.219561729069829736e-01
-1.188261230468190544e+00
-8.280230129340356848e-01
-1.938315673944358553e+00
-1.167770127483450660e+00
-6.109243106840782644e-01
-1.697203849016733823e+00
-1.375891259390088273e+00
-1.674427571243645385e+00
-4.809606187051321813e-01
3.728092073007522878e-01
-1.107914790942263306e+00
-1.176551948097831923e+00
-1.090796861210510338e+00
-4.659261693730547549e-01
-2.566411351105584160e-01
-1.280629551448572823e+00
-1.276461212749582463e+00
-1.698733970245477343e+00
-1.285453465678788820e+00
8.643690176724219132e-01
1.545693744928065438e+00
6.659435942617926152e-01
7.097684037594895745e-01
1.390094047285996393e+00
2.109706436302933419e+00
1.349806235017158906e+00
3.976756271867717407e-01
1.485804605246479948e+00
1.572412215684730441e+00
1.358817466175683997e+00
1.246781902531616693e+00
5.718907013898184566e-01
6.877320680766386696e-01
1.037113898335138673e+00
-9.978936879286622874e-01
-5.726281933469226093e-01
-1.069900396627624151e+00
-1.365116039516469870e+00
-5.031506610357174836e-01
1.010152208360222792e+00
1.689731671851787631e+00
9.646607048064070877e-01
1.228882638152021700e+00
2.712376246742109753e-01
1.199070389052069086e+00
1.922812641208754059e+00
5.054860279534878487e-01
1.174360188267784988e+00
1.115228210945690579e+00
-1.082267377079670911e+00
-4.786480647545997558e-01
-1.417069888649021614e+00
-7.588000008694457676e-01
-6.041639394993828516e-01
2.992296297402934346e-01
2.124953368020336519e+00
6.462219464689663573e-01
1.316276786531839660e+00
2.463226382996437369e+00
1.606690421370495336e+00
5.460660955818580353e-01
7.333879780348662170e-01
-2.148148114635293204e-01
-1.869196317764372228e-01
8.124784832307987426e-01
1.314694249006658211e+00
1.626603452855266418e+00
1.295538007965939098e+00
9.568614057763621394e-01
8.446071098379349662e-01
5.115758849698426314e-01
1.797364913757702576e+00
9.461227567072679756e-01
3.969129224604847073e-01
-1.547833113182739861e+00
-7.013307811456412910e-01
-5.725885500386185267e-01
-1.481502293717882779e+00
-8.065626790836525339e-01
-7.895693336008908769e-01
-2.131778672982423295e+00
-9.356929531429946101e-01
-2.302787833284306807e+00
-1.594375258542461982e-01
-3.158741979471125561e+00
-1.208083954713647490e+00
-7.994604381230689949e-01
-7.605641264356166609e-02
-1.707544547522783507e+00
-9.314747779713061782e-02
1.915649642210788262e-01
6.395018257470106438e-01
1.419823695323478852e+00
9.535671252884192484e-01
3.197864011859559152e-01
-3.201911037244880465e+00
-2.073900407766422482e+00
-1.374237370558641924e+00
-1.473279724614689146e+00
-7.795439454205685958e-01
-1.786631719305066035e+00
2.609848252141706570e-01
-1.993815565330285811e-01
-8.337188269128945617e-01
-1.244810967516423172e-01
2.128277618241313895e+00
1.654258314809256003e-01
1.775198059342721901e-01
1.278147046422003941e+00
-9.327032938434399734e-01
-4.386143972702871707e-02
-7.597056502492882668e-01
-6.760230083240335031e-01
-2.101439564880656530e+00
-1.507544279769535533e+00
-2.459731720270296407e+00
-1.435820198741026399e+00
-7.380849060701922815e-01
-1.912293576795511596e+00
-2.081678225289134154e-01
-1.512584765750798477e+00
-5.240641391213645139e-01
-2.114135015185992117e+00
-1.894102416796547228e+00
-3.235047716968024734e-01
-3.192276560364857296e-01
-7.870109188580637349e-01
-2.373311267016435355e+00
-2.000777709640266799e+00
1.251003168477205607e+00
1.637392623001395320e+00
5.370151758394934305e-01
1.382500065088034802e+00
1.219335717496854432e+00
1.292884399506881499e+00
6.934878702538944673e-01
2.922309078369353941e-01
1.304569689797661969e+00
9.879066877814649539e-01
5.467124217745114034e-01
1.015330218948386154e+00
1.254053020925501638e+00
5.333326589005500384e-01
6.393006836458869913e-02
-8.361125428988717134e-01
-8.517657989156955933e-01
4.389050553131295107e-01
-1.506120451903298463e+00
-2.179284823037272556e+00
9.494175866208623971e-01
2.185918919300783303e-01
1.649179894570734106e+00
7.372644933649730170e-02
2.036416705661624249e+00
-1.213911261799829333e-01
-3.419051903364107581e-01
4.229920205377757370e-02
6.654024293046798544e-01
2.037327124703107728e+00
-8.886446512957634214e-01
-1.659885802784719422e+00
-1.166265146600284908e-01
-7.062006606632579286e-01
-2.199325930422886266e-01
1.106008120383828341e+00
1.414306097847187527e+00
3.181901618804323650e-01
3.126791913802442480e-01
1.064805172924222276e+00
1.354184317206861721e+00
8.208825180499663698e-01
5.127244338728798034e-01
1.456567174998399050e+00
-1.481537734102822412e-02
1.837733207910015931e+00
9.000326745768977288e-01
1.439026667468759513e+00
8.946130264336387139e-01
-1.019189165458445512e+00
8.419799655183672904e-01
1.583931348993625310e+00
-7.993748702714764676e-02
1.486516587941862255e+00
5.012329218203304126e-01
1.962972985689905858e-01
-3.398186607851638730e-02
-1.194631179378046859e+00
-2.288581110664048346e+00
-1.162031245941802515e+00
-3.552669424770137363e-01
-9.455861814350730032e-01
-1.211381930341615565e+00
-2.066883853164201312e+00
-1.087308541344461643e+00
-1.528418764454839929e+00
-2.913222139066129035e+00
-2.756491177396830583e+00
3.480209779959819727e-02
1.499138192798312730e-01
2.900322505981046906e+00
-1.939280805070413560e-01
9.275320941373850214e-01
1.356104899107359429e+00
2.093400777602213214e+00
-3.294021907233527502e-01
4.773638095390029257e-01
-6.482500569214723063e-01
-9.311553228010673866e-01
-7.296551212767069527e-01
-1.042678528640205826e+00
-1.311760120906678484e+00
-3.813242302352513047e-01
-1.373583807888106856e-01
-1.383580887575176721e+00
2.400178007756881282e-01
6.137196949022636350e-01
3.133081817806822933e+00
2.580064780759470100e+00
1.828501959354434270e+00
-3.415971277771664427e-01
-1.863887328110424679e+00
-9.577163839931641665e-01
-1.631612789393258378e+00
-9.766236940465706784e-01
-7.163216206658853391e-01
-2.072183890364809322e-01
-1.751953670577081068e-01
-1.445426459440563693e+00
-7.269813331258525579e-01
-1.431549909698967227e+00
-1.152364202445982588e+00
-3.404694309593656598e-01
-6.462568246380024917e-01
-4.913381903989710864e-01
-5.502845402410330156e-01
-2.594352131540039963e+00
-8.433892122517366863e-01
-1.067639564380136186e+00
-2.466771835999591378e+00
1.108293206469503689e+00
3.215788931441745380e-01
2.577255323111767193e+00
1.804075289278352479e+00
2.060834705914349474e-01
1.148428647474674325e+00
6.773162637073911752e-01
1.573783335644119763e+00
8.565963141708514694e-01
6.084609000667774437e-01
4.421878222349213683e-01
3.689859526734244888e-01
-7.363017107789726623e-02
1.303275005006651277e+00
2.365942501163886824e-01
-9.322508183251834168e-01
-9.822675938791823880e-01
-6.732938644133800166e-01
4.857113228368836744e-02
-4.252456104122156466e-01
1.475101024100348823e+00
3.468295777022318838e-01
1.648943323655123416e+00
-3.166794700636343940e-01
9.821659071786076334e-01
2.124229090649930818e+00
1.268079878817538697e+00
1.219045299154240869e+00
-7.798914614199194961e-01
6.546350848752553464e-01
-1.009291986195151258e+00
-1.434508382031872920e+00
-1.127532094674746244e+00
-1.580593854084650030e+00
-1.394245423783904370e+00
2.755585891221385531e+00
2.476698939889536266e+00
4.708442205274232517e-01
3.941200938158050393e-01
1.737146305675651092e+00
-2.551519557461150889e+00
-1.798065167834441702e+00
8.998661001068537502e-01
-1.515868047514137729e+00
-6.414709157477445078e-01
-1.533254895096664683e+00
-5.440335079845344257e-01
-2.322528699466326341e-01
-1.622202635465417320e+00
-7.319384750877563350e-01
7.299156500597234754e-01
1.007341084875992276e-01
-8.966903547911859729e-01
-1.263201394921047882e+00
-1.933687227928075236e+00
7.894365272966608060e-02
1.656087170348706561e+00
1.553491053298415636e+00
7.068741013951415075e-01
1.950108691766592184e+00
2.423511043825543609e-01
-3.083531383533080206e-01
1.661780220611115411e+00
2.932898929359269991e-01
1.666893497219413822e+00
1.905910230039757014e+00
1.595334409979923151e+00
1.138547738488827177e+00
1.805556251743989815e+00
1.400421183504463540e+00
-2.805639495578579057e-01
-1.684753234067033256e+00
1.199419176660150299e-01
-4.355291377530783326e-01
-4.591066081213793781e-01
1.159989377315065351e+00
1.948154175171336489e+00
1.423291644275658463e+00
2.681235679581613240e+00
3.918178035721820995e-01
-1.151251896060290214e-01
2.479001559322651094e-01
4.314001112048074793e-01
1.245248913753223441e+00
3.274466636089583549e-01
-1.713654079073146930e-01
-1.537772868019240402e+00
-5.026008605682337205e-01
-2.471673388587269038e+00
-6.116845178299364916e-01
1.354214473334043323e+00
2.861704575908674553e-01
1.105741130791525251e+00
3.691387496556173264e-01
1.083528878862578093e+00
8.193043761487770471e-01
4.391432353143331913e-01
6.765958902954480880e-01
8.196676279688926980e-01
1.565061387398814841e+00
7.290830014169964457e-01
1.512143190205090804e+00
1.583985336940564093e+00
-5.940438335766162758e-02
7.084860544554847372e-01
7.269203670839166076e-01
1.674994497015943384e+00
1.211761428238245397e+00
4.844838748563197184e-01
1.506267510534818888e+00
-2.591735287909593843e+00
6.577495094892338301e-02
-6.830827480187751100e-02
-7.151198875761403118e-01
-1.718976079117515265e+00
-2.209655136181623014e+00
-1.407013590332278685e+00
-1.656685835785984828e-01
-1.609486586400581398e+00
-1.959520252262797024e+00
-1.436368303863073681e+00
-8.260469107770167518e-01
-1.539258754270029339e+00
-5.177836526698185171e-01
-9.746238861888687488e-01
-1.383669221609018507e-02
3.133071982397894750e-01
1.420055261304355554e+00
2.349639037496123350e+00
1.467948902629098606e+00
-4.989154001187701137e-01
9.200248415834977322e-02
-1.324049022955649191e+00
9.233270626814844562e-01
-1.039763374005445273e+00
-2.913580422632122691e-04
-1.291482880916094977e-01
-1.022161189388377078e+00
-1.775114758941753745e-01
-1.230550666057746323e+00
1.134270659725484798e+00
1.631700563433636120e+00
9.999417410217636970e-01
1.754308463128880113e+00
9.912936032891925819e-01
-1.129788574482164076e+00
-1.309214626527393621e+00
-1.432205291606879705e+00
-1.343839393124032444e+00
9.950273157274258651e-02
-1.355707507266847411e+00
-1.795666335259985757e+00
-1.948703134800951808e+00
-1.413247722262042316e+00
-2.645477947817970188e-01
-1.632963101658023497e+00
-8.274610461924554183e-01
-6.175514278746966346e-01
-5.730897025712003989e-01
-1.194053170580834378e+00
-1.575932374522197144e+00
-5.046412310083229213e-01
-4.358268099826797526e-01
4.701061635396184268e-01
-2.009787252015960979e-01
2.404035531343378107e-01
6.916897979546234865e-01
6.372484166058423050e-01
1.087069477713079380e+00
1.534462067419623210e+00
2.006601694524958734e-01
1.117163841798405111e+00
1.376027216569782885e+00
1.223185028437572486e+00
8.848134031751244688e-01
1.453574194949789788e+00
1.187124472499909267e+00
1.124110093872581650e+00
1.191211680859354693e+00
9.772828702348960173e-01
-1.929444921138950830e-01
-1.396804078510787139e-01
-1.606101732958003847e+00
-1.203430732399167313e+00
-6.559502865125277360e-02
2.089758207212816243e-01
1.668462050362071070e+00
1.359129202823441851e+00
1.695971799523054990e-02
1.810393851240516216e+00
7.442114805564647995e-01
1.365304351238007197e+00
9.364406480506266561e-01
9.600290570528949852e-01
-1.871836600354896962e-01
-1.058884219865177112e+00
-1.201876858728252007e+00
-1.655291470270063403e+00
-1.025488348007322026e+00
-1.832724265432543076e+00
-2.617666671946305978e-01
7.563159262109330205e-01
7.130728075027876756e-01
1.503913371901910434e+00
7.625250828303219430e-01
-5.185715344592767284e-01
7.046677363820714746e-01
-1.573036267513487685e+00
-1.830658110478387224e+00
2.770798064985702247e-01
-2.292151463320822646e+00
-8.943366281796779615e-01
-1.289386425011390003e+00
-1.655467538500667857e+00
-1.603271282366531159e+00
1.017898397717846404e+00
-6.726282598914772315e-01
-7.370749583932566518e-01
-1.086060374687946473e+00
-1.388610732158002126e+00
-4.390508037276985576e-01
1.036668268391565562e+00
7.594406764801480136e-01
1.022134798726797467e+00
1.458322527519862799e+00
1.276000818828689987e+00
1.859375343216447041e+00
7.669165191281546168e-01
-3.236858076554494090e-02
7.739985064108156898e-01
2.108074492796173871e+00
3.431226387592436478e-01
1.653895878052069612e+00
1.414652575326069250e+00
9.206046078976682923e-01
-1.350316788988683792e+00
-2.011922942584556395e-01
-2.497227829921359277e+00
-5.574614021109099982e-01
-3.208781106646571013e-01
1.686133180962998024e+00
2.118841689512422910e-01
1.689575447249132445e+00
4.310007691541780650e-01
5.838225425330836327e-01
1.441288701275851292e+00
1.598404896226421901e-01
7.010380704286873765e-01
1.674992373129901235e+00
1.771759980291570891e+00
-7.880209270211735451e-02
-1.770488392858411419e-01
-1.107817828520791803e+00
-4.710485966767216093e-01
-1.916916445960597404e+00
2.112706504151885323e+00
-8.896917962628325682e-02
2.485787844243906530e+00
-2.649066863507507641e-01
8.127150415931988503e-01
1.737313004797722327e+00
9.280143595287567715e-01
6.610804764839661729e-01
1.506360450333002587e+00
1.070261964049935566e+00
3.286134063584722487e-01
2.043397340427099529e+00
-4.044995841506062728e-01
1.434872801523641384e+00
-3.967006841326914390e-01
1.036606006158891091e+00
1.651369394237346633e+00
1.926471758612003260e+00
9.899189772027705558e-02
1.959189013872997265e+00
-2.157861195202723792e-01
5.229705624577007939e-02
-1.461522621629045116e+00
-5.732428073814928027e-01
-1.347283215076895413e+00
-1.198195100826139559e+00
-2.165589337132950654e+00
9.448142399198111718e-02
-4.893405875019605222e-01
-1.189074878479298825e+00
-2.178566834163409460e+00
-1.134435525007318368e+00
-6.947328187813642808e-01
-2.222357841300961923e+00
-1.827383978611345494e+00
5.396033144131682224e-01
5.581975067144417935e-03
2.150591637513830090e+00
1.140674576323074563e+00
1.014882998871244668e+00
-6.956814253178306151e-01
1.914170475333969446e-01
-3.233391800348524026e-01
-1.624171571827434324e+00
-4.481589436723094622e-01
-1.819837106640893154e+00
-7.431826621174844050e-01
-1.119419465794899926e+00
-2.274365230399124638e-01
-1.162902886498471178e+00
5.171793635190945482e-01
-3.184522550756350157e-01
6.133589294163628303e-01
1.459349250420877819e+00
1.532286618528153621e-01
-1.542488344539150624e+00
-1.426841799374529707e+00
-5.767726471543239697e-01
-1.510986326898830612e+00
-5.034388643195480961e-01
-1.331579248113174962e+00
-1.019962645250158451e+00
-9.265499905128152802e-01
-7.150888382151597833e-01
-8.903825690143228888e-01
-1.331494873506354981e+00
-1.176168203132421208e+00
-5.028772944696229263e-01
-1.141729222223435425e+00
-7.443788404437001738e-01
-1.021387237197380449e+00
-2.771617364759680679e+00
9.357939652953621845e-01
1.284316602842646926e+00
-1.877817207804219901e-01
1.284345752029894872e+00
-2.438762757472621168e-01
8.527000621006166625e-01
1.922604404125215272e+00
-3.260355342888374697e-01
1.651234176633093131e+00
1.439955855488449954e+00
9.805369452269370178e-01
1.630207463686558667e+00
3.218041925656998092e-01
1.192293197040269259e+00
2.063966738648697063e+00
1.350691371410980501e+00
-2.260760060024868956e-02
2.344293334842610044e+00
-1.314136762191948860e+00
-1.108233599663550617e-01
-1.347065160955514429e+00
-5.187575719168533439e-01
-7.753718397805852147e-01
1.784056299027231285e+00
7.167200958502003560e-01
3.947299975216376211e-01
8.909755164484686185e-01
1.785605696574330548e+00
6.711072301206728596e-01
-5.279822950121748626e-02
1.060334931474865350e+00
7.684150369397007019e-01
1.666443809554874589e+00
-5.073569751043373044e-01
-1.369756105954858860e+00
-1.578469049192595897e+00
-1.203051135482934964e+00
-9.503500161812450386e-01
6.356026761508477563e-01
1.483484225506971566e+00
2.268471127124604969e-01
1.073554738188623459e+00
1.766612637698403931e+00
8.799473587888182458e-01
1.509216636901321351e+00
8.691720799763443805e-01
-7.052215261430794246e-01
8.519681507762300043e-01
4.472022944488538432e-01
9.858185405576598281e-01
6.694244265572028008e-01
7.710377023818064668e-01
1.464279126736254932e+00
6.270062004308409875e-01
3.750185323898448386e-01
-1.085959278866275302e-01
1.170487244499373691e+00
8.122458716149644209e-01
-2.166852522050195962e+00
-7.576993018348512354e-01
-1.701118524890568029e+00
-3.633365815749239225e+00
1.712708156366276047e-01
-3.202770311893276212e+00
-1.496759237421150024e+00
-1.857217347167396726e+00
2.363103954325098677e-01
-4.221547017471151131e-01
-1.398868588202450303e+00
-1.014940694239344854e+00
-4.150849769764305419e-01
-6.732136883034340880e-01
-1.089840319004083735e+00
6.182091282166479740e-02
1.707886827906976546e+00
1.514463993913447659e+00
9.109809501783483476e-02
4.106578735099621902e-01
-1.704632282713176572e+00
-1.184460852806612063e+00
-1.032400532453273678e+00
-1.293420893687834861e+00
-3.093313693072448078e-01
-6.904717656178788188e-01
-8.917264700694101931e-01
-3.135836460843433038e-01
3.246820640929075630e-01
3.020303692079711055e-01
1.713532107651892566e+00
1.814694580504921495e+00
1.004966144154836760e+00
8.376556013057712136e-01
5.398179909349485328e-01
-7.778970353414358385e-01
2.397577228096636759e-02
-8.426236750821783916e-01
2.332868226623661112e-01
-1.943325003250695460e-02
1.370484867909493643e+00
1.190789546541778821e+00
-1.503543708681152058e-01
2.119378128711970621e+00
2.646793305548273967e-01
1.189480832777701558e+00
6.136602073237142907e-01
2.245691570356864730e-01
-2.250283301674800285e-01
6.086304799076585059e-01
2.165619411586185983e+00
1.380576226101554393e+00
1.438017535154452409e+00
1.272858086930241717e+00
3.489789355782979552e-01
-1.065856810600194660e+00
-2.444398134312636639e+00
-1.156328777687463782e+00
-3.514872243485922532e-01
1.472310527823628146e-01
3.302143935683343745e-01
-2.919730609518982334e-01
-4.700212510192739446e-01
-4.171764660963374061e-01
-4.331361186861694135e-01
-1.135984599862976729e+00
-3.524986467314966676e-01
-9.166995231468287875e-01
7.197704247621037332e-01
-2.225661852818443531e-01
2.031535674833014227e+00
1.180677435904910144e+00
2.194812004931447902e+00
2.140042293496597470e+00
-1.636877710189237334e-01
-7.908685002380190232e-01
-1.613543391767232826e+00
-9.516091981353517193e-01
-1.594455438029452665e+00
-1.177346170113465540e+00
-1.123491646514507059e+00
-1.143261155423429098e+00
-7.191627299647398441e-01
-3.810077729997862761e-01
-1.403350708960259263e+00
1.850312217503439660e+00
8.916580863535010781e-01
1.777591933028342064e+00
8.058762886154272609e-01
3.423566008365344082e-01
-1.677852748226217328e+00
-1.423875246081410140e+00
-1.632748023767442547e+00
-5.704417541590286467e-01
-7.629644868173659500e-01
1.181476996882826480e+00
7.809965082634471312e-01
9.459738322070323502e-01
7.686919340510549592e-01
1.341743934407628069e+00
1.447134297409645276e+00
1.197506653801562848e+00
7.355928998913092709e-01
1.102214538854320303e+00
1.501520791135551036e+00
1.540613598658434835e+00
2.767652164965334061e-01
1.454953641715611701e+00
1.150499539157105788e+00
1.994001701545998984e+00
-3.714320035781077944e-01
-1.695739738145900954e+00
-1.014892780610854528e+00
-2.881353533273165013e+00
-1.320414839692839237e+00
-8.842432846250399825e-01
-3.989086888822046539e-02
-1.410292414074396650e+00
-1.663917076017464414e+00
-2.326993702468032943e+00
-2.877748416567438294e-02
-2.173606052557966350e+00
1.258102154920645255e+00
-8.040677013053532107e-01
3.165802968282691587e-01
8.083331550125207876e-01
1.257105049573087552e+00
1.726004276541834415e+00
1.791472208210972639e+00
6.932283507185967864e-01
-1.315192837163159156e+00
-6.518189219987591265e-02
1.082274400004201720e-01
-1.675247910549160224e+00
-1.029926340889665060e+00
-5.538055662075058727e-02
-9.833719165246699312e-01
-2.452701110448308075e+00
-6.411530792071777896e-01
3.870819039304282949e-01
1.784681362343710997e+00
1.803152409052524163e-01
7.880924328979599380e-01
1.176255098160050805e+00
6.751959837555061572e-01
-6.643952724411537059e-01
-2.661545740261170856e-01
-1.874668783126047344e+00
-7.168223481543810616e-01
-1.584662166251849191e+00
-1.478620949703039367e+00
-1.085967076132287046e+00
-1.947927994888617231e+00
-9.695137591723692605e-01
-4.296493342299112506e-01
-2.205236861074479471e+00
-1.138536319493622662e-01
-9.048038058003531336e-01
-1.180954175196564870e+00
-6.409946012336138477e-01
-3.782899776586335916e-01
2.190782698404480922e-01
-1.736121491263455052e+00
-1.761938870558556358e+00
-3.882439150730735422e-01
1.209638604572484066e+00
1.012373264330781009e+00
1.466527042841606843e+00
2.160105686410642267e+00
1.228336839526058100e+00
1.260900973743621423e+00
2.373899522152475017e-01
1.723678791546875644e+00
2.368361388270966206e+00
1.772815192458395694e+00
1.621629830797013838e+00
1.172796228830494725e+00
1.393187222734616704e+00
1.607517015549448480e+00
1.159709939367076226e+00
-1.165128318774131699e+00
-9.280087157666404574e-01
-9.925295824144958479e-01
-5.008840538997982872e-01
-6.688971635279258310e-01
8.471961376859040715e-01
7.221825441940744605e-01
9.905912734075195125e-02
8.167793941694996285e-01
6.686907374564314832e-01
3.198046150258075926e-01
7.156894120260430814e-01
9.214913450319186516e-01
3.116498726795879914e-02
-5.986053178978383293e-01
-4.147000692605686822e-01
-8.701132899130322729e-01
-1.202723344177706100e+00
-1.251137395368512317e+00
-2.584266535732669290e+00
6.872949114781145008e-01
1.298217238463908130e+00
3.335258907398754857e-01
2.661225065131742618e-01
3.644384947757839388e-01
-1.406130333720114756e-01
9.054408809815529535e-01
1.159655785868847877e+00
1.060599613933080443e+00
1.534217751510331240e+00
4.808222776199959636e-01
-6.593892717893901079e-02
8.209968087864334407e-01
1.031807926717039470e+00
1.325618160505782184e+00
1.590820829964494365e-01
1.236253882933382453e+00
1.963309153177803967e+00
8.365464623851746051e-01
3.063826988688600039e+00
-7.551947291891514258e-01
-1.968710449216992897e+00
-7.161092537115891776e-01
-6.248275319918392690e-01
-5.142480506875133361e-01
-2.474982026773042687e-01
-2.080826420409901401e-01
-5.112834128417140800e-01
-2.209772018308157060e-01
-2.029357613108889957e+00
-4.110634963258505969e-01
-8.864085186738916988e-01
-1.361920723989308968e+00
-6.020824971548994764e-01
-5.385219178780203952e-01
1.176488745289648197e+00
9.950307674268586977e-01
-3.416899068745742341e-01
1.926090954217463125e+00
5.804112763629164506e-01
-2.982881690060473767e-01
-4.236159837566462194e-01
-6.717215480750399204e-01
1.783890991096295231e-01
-1.023467494910239139e+00
-1.726080091012153428e+00
-1.387924838956256623e+00
-1.060892816762911028e+00
-9.148177244095656580e-01
-1.871713197905801707e+00
9.082475216608816293e-01
1.510228133067021972e+00
2.260184013816892712e+00
-3.118892564872033368e-01
1.042989106778236863e+00
-8.213322941392299237e-01
-2.153689323430737268e+00
-5.947039168571023326e-01
-8.094482675358553037e-01
-1.988102129906797133e+00
1.272202345614155128e-01
6.678464522484502952e-01
8.357681126606186783e-01
1.241116337174315021e+00
1.343668357951227632e+00
2.116971729492890475e+00
3.582896480314805565e-01
2.658513362975971184e+00
-7.337543661297885045e-01
1.003229535883799040e+00
-1.697268100714821593e-01
1.111315652948444255e+00
3.678595721726976020e-01
1.602767948888592420e+00
8.026060889276006582e-01
-1.225872413266240191e+00
-7.004130262257493023e-01
-2.127147963209660819e+00
-9.263494297541129407e-01
-1.498145898863478820e-01
-1.306240349339965690e+00
-2.722142272174099542e-01
-3.589465785555570054e-01
1.348908416306704439e-02
-1.855870607557310592e-01
1.039014764489659903e+00
-1.914842817099104977e-02
-2.200394495288839902e-01
-8.350874122532625510e-01
-9.085591506992364286e-01
9.675306865427104608e-01
5.611229959075155760e-01
4.010644542362469256e-01
1.173058759297628484e+00
2.032861161684521356e+00
-1.250469844662114749e+00
-1.105745670552116255e+00
-1.280685983506507419e+00
-3.563595838341843125e-01
-1.127886350617606004e+00
9.087481156625543122e-02
-1.910533375305978776e+00
-1.296895682815426776e+00
-1.483658526854236825e+00
-3.348199230846558017e-01
1.954527581931241098e+00
1.092903096090108717e+00
1.393208380523483614e+00
4.652887217216011839e-01
1.478442997447012131e+00
-1.260616439855151150e+00
-2.017369864486640907e+00
-1.878777556950701033e+00
-1.307792383893274124e+00
-7.813376546653010291e-01
-1.753616848685277230e+00
-8.063083378957878189e-01
2.299096783845431258e-01
-1.663810897185995508e+00
-1.156855515738039797e+00
-1.113481419292189800e+00
-4.951584861989959396e-01
-6.612994577192354839e-01
-9.179962312049863016e-01
-1.324763841203248305e+00
-6.875104992602376619e-02
4.601365295971060476e-02
-1.553851405276159392e+00
-1.610782744191218363e+00
-2.153017409442265162e+00
-6.665522392471645574e-02
1.466688458833045772e+00
8.488080341484059987e-01
1.605411546641804632e+00
-6.475413705472221615e-02
1.365957239662891620e+00
1.011614023927892791e+00
5.689593787359962240e-01
5.151951358428834560e-01
1.358417140855315397e+00
6.098431692680832406e-01
7.980914025437866322e-01
1.380869048544240307e+00
5.319019919193146428e-01
1.358162873801802339e+00
-1.549177469219621184e+00
-1.514537832596304812e+00
-6.455008929072935109e-01
6.306463220310076778e-02
-1.724219740837586556e+00
9.612493268952007064e-01
1.161180302663316954e+00
1.909312093473583216e+00
1.789628150013649055e+00
2.399030048269301219e+00
-9.620023958478642889e-01
5.044556495228349480e-01
8.125913241125304332e-01
1.388194250780660832e+00
2.010184227813556213e+00
-1.422769941800211990e+00
-7.940046846306603179e-01
-9.945378907049263750e-01
-4.989164258922982320e-01
-1.466931586339894622e+00
1.167963501078463917e+00
7.219646171803772994e-02
1.550404600420128620e+00
1.898109590316809925e+00
5.486885094645274075e-01
-2.183870439914965544e+00
-5.016007876355984552e-01
-1.858908790086221341e+00
-1.273361258300449883e+00
-9.254165722479924527e-01
-1.038394192533362848e+00
-7.966218267275193554e-01
-4.932961616106005254e-01
-1.847872505473734828e+00
-2.007645235177069054e+00
-1.477787512591265173e+00
-3.201785300769730558e-01
-1.644110638038325689e+00
-7.791134849241807547e-01
-1.571469577047076127e+00
1.160983315331003407e+00
1.614548828900491451e+00
1.161659219102958662e+00
1.558685125177818875e-01
-2.023795564715298312e-01
-1.564187956703437798e-01
1.151949936814116171e+00
1.645496945506008890e+00
1.915987610228712112e+00
1.276736227828874082e-01
2.794218312263899717e-01
9.945195190628147719e-01
7.824699572764159949e-01
2.219290728922165723e+00
6.592882874366443602e-01
-2.012736569764857819e+00
-4.241340680163578902e-01
-1.105489390476620759e+00
-1.240600747962688155e+00
-1.461520742582953725e+00
1.911986061270857018e+00
1.399405095639529861e+00
1.018346016431016965e+00
1.175434135280509329e+00
7.718497232391976492e-01
9.296232123233713063e-01
8.739341121123191947e-01
1.795045257076147260e+00
7.908625437291029181e-01
1.477684564735752160e+00
4.428047885120940386e-01
-7.100380445012972608e-01
-6.975685799294339962e-01
-1.544634080703386481e+00
-7.197236283344592422e-01
3.636671083663077786e-01
7.353698717625642978e-01
2.143338116831718043e+00
-1.058670346842272458e+00
1.444469692353067769e+00
2.172192786056558855e+00
-2.478044381682884545e-01
-6.002768489351950620e-02
8.264218848181882349e-01
3.491694064335560954e-01
1.568272227503377803e+00
2.303037080582894358e+00
2.649712930018919277e+00
2.168380384654217785e+00
8.995760487678431394e-01
5.334163182884208432e-01
1.234937951603875428e+00
1.691366626521427108e+00
-3.703978865044270652e-01
3.311187569576568013e-02
2.549987158996978032e-01
-1.119092724344895817e+00
-1.748902860098171086e+00
-1.734649672998119341e+00
-2.412856896499783410e+00
-1.306778856845029591e+00
-3.428553228248720774e-01
-9.742113040037159166e-01
-1.301057825998813033e+00
1.324552306158457426e-01
-2.652279893952561585e-01
-1.635730699973064528e+00
-1.805298120855072241e+00
-1.946371712351756322e+00
-1.816583835502511013e+00
9.755234057074225751e-01
8.700244930474962946e-01
1.682234262228845978e+00
1.831834661348501703e+00
8.418743829632936437e-01
-2.020586810175373671e+00
-3.509506831469366706e-01
6.966818798178993077e-01
-1.052605511052926657e+00
-9.862479218853917873e-01
-1.490415570004079759e+00
-1.912269678411260276e-02
-1.696460157217802855e+00
-7.375603686117274682e-01
-5.076722056577753772e-01
1.634316790531695762e-01
-2.039432377962495657e-01
1.329001183548524478e+00
1.045714772890850464e+00
5.684388942955594937e-01
-1.658179272898712364e+00
-8.378145855654902663e-01
-1.975821503112171529e+00
-1.063881806443454980e+00
-2.226011470867373720e+00
1.537924910144153445e+00
8.788793744263925234e-01
7.287315657825761406e-01
1.066413821163632258e+00
1.995495330222529784e-01
1.387317545413007114e+00
1.109855906614078958e+00
2.308308352602315150e-01
2.885244149851940776e+00
1.638471425732319631e+00
1.885978039562237862e+00
-1.839010026440046630e-02
1.756217825248660436e-01
1.963033524334601987e+00
1.666362183294536337e+00
-1.023838075534354797e+00
-7.860074295963017654e-01
-1.218171988199695965e+00
-8.188800908318027982e-01
-2.384469267861401676e+00
-3.014744718418066460e-01
-1.788521279326742874e+00
6.169333645095478325e-01
-9.132478536799922830e-01
-1.772353652185944428e+00
-7.752119102632484271e-01
1.039179288820839542e-01
-4.993707852745215003e-01
-1.076831711199385477e+00
-6.977730931930482550e-01
-1.734667383733379253e-02
3.615660845958257319e-02
1.694211263708370829e+00
-7.834624885245802250e-01
2.348266506721999214e+00
-1.507880673608293698e+00
-1.358640632242743340e+00
-9.308908255026490108e-01
-4.712240594015268957e-01
-1.751757081642359326e+00
-5.765333668803547251e-01
-7.673459939487390358e-01
-1.907326413681031951e-02
-1.221369233522590303e+00
-1.251231564117886830e+00
9.126277331156783523e-01
2.634813842227820224e+00
3.404737086742799512e-01
1.768479144807581172e+00
3.503900782777340517e-01
-1.718251682745944642e+00
-3.641559450753699689e-01
-3.243765926386298348e-01
1.560153927574503552e-01
-9.950261509991072950e-01
-2.318069584809101080e+00
-6.833845883233282681e-01
-1.081093237485818870e+00
-1.759167382582178085e+00
-1.337860675084948880e+00
-1.200492074649424090e+00
-1.050027132363771987e+00
-1.298963059494082639e+00
-1.290739479928965761e+00
-8.221266752654778909e-01
-8.296118094813333954e-01
-2.511195042101742381e+00
-4.762499597872973389e-01
-1.722040090072228136e+00
-1.314549714658139967e+00
1.307726725242933874e+00
8.216629678846791851e-01
8.993670225187262446e-01
8.449894507298083557e-01
1.069905327566552655e+00
7.164752872329531730e-01
1.127371184270670623e+00
8.213628122982949975e-01
1.376745785166749281e+00
2.703347075674388034e+00
1.875078053767321506e+00
1.981825961973533445e+00
1.775077548397645311e+00
1.562054468706319810e-01
4.447870511874039146e-01
-8.939712150661546231e-01
-1.888795803505910920e+00
-1.024620565960892016e-01
-2.333001372454635014e-01
-5.584912659235068411e-01
1.234540460617367108e+00
2.851642728165293850e+00
1.111385425102264790e+00
2.552963262797046440e+00
1.614347824014156663e+00
1.183291120157319520e+00
-8.016849957252381031e-02
1.164727081543327714e+00
6.157644012669263311e-01
1.588870401837914947e+00
-1.964943794910428254e+00
-1.124896341736101757e+00
-1.143327258359398080e+00
-3.685304179634993904e-01
-2.019998553629847926e+00
8.171871641201584602e-01
9.766237175281724525e-01
-4.885872795931369694e-01
2.288406732543798228e+00
1.002556391887402087e+00
-8.506194375773756811e-02
-8.361552317598578421e-01
-1.122391754867054781e+00
-4.340228043583763684e-01
-3.303322188844580731e-01
-1.662532668856743889e+00
-4.128877918036858441e-01
-7.853428729900820970e-01
-1.275777086683059114e+00
-2.191256611213544758e+00
-7.373585526646639909e-01
-2.245188268334400439e-01
-1.108214742769530803e+00
-2.763381021283010330e+00
-3.444688192999657783e+00
1.169178098108713204e+00
8.785751286523891812e-01
1.022641263361640185e+00
8.210633252856691655e-02
4.551360353456098684e-01
-1.829013484312413951e-03
1.190400735095701323e-01
1.085811211653870290e+00
8.937693480806825352e-01
6.061558844033747562e-01
1.631570524771717601e+00
1.924637623433320899e+00
1.533787695968171771e+00
1.039988396466248188e+00
2.378940668090858690e-01
-1.335769918837436343e+00
-8.066420382559986724e-01
-5.023085631842615362e-01
-8.068205157613304035e-01
-1.598172991641985785e+00
7.075024856903178172e-02
1.092510336602071641e+00
1.906626832098328173e-01
3.790487100268955523e-01
1.822453551455338827e+00
1.069391663724394315e+00
-1.144304775390323048e+00
1.829083984575483823e+00
7.513505621054354933e-01
2.925595640789325769e-01
-6.610675016509311996e-01
-4.022669031749870339e-01
-9.037600089813010440e-01
-1.356513131796442950e-01
3.943712958415670489e-01
7.456737282955945290e-01
1.844857156004871435e+00
5.837701925835092620e-01
9.330775429967995693e-01
2.440726935515818985e-01
1.430792575978326209e+00
7.603820512302115198e-01
1.991517668750020897e+00
2.155302107563140890e+00
1.026519734875637413e+00
1.337369482099426410e+00
1.380576506983666407e+00
1.475151446761870710e+00
-2.341389609720136988e-01
1.252594368382164536e+00
1.672361074850720497e+00
-5.047784015315750494e-01
1.368576450262487976e+00
1.280648424042119871e+00
1.502870994149472894e+00
-1.527321512146585736e+00
-2.664526436155859823e+00
-1.463670522295712706e+00
-1.174093955888330099e+00
-5.225201082134711683e-02
-6.022070307889355600e-01
-7.131877413041520786e-01
-6.189559178725840827e-01
-7.576380568741607480e-01
-8.792740681245799772e-01
-1.131313874899634087e+00
-1.349345988214092795e+00
4.853041771338042487e-01
-1.663053720710734984e+00
-5.129147539955662971e-01
1.252049293606418479e+00
5.052113311546198027e-01
3.499922680331132518e+00
1.484874141843216311e+00
2.303743351343343182e+00
-1.350741553995808975e+00
-1.350320031481125005e+00
-1.391015003631551838e+00
-1.653178067284513997e+00
-1.540910572166743320e+00
-1.348059570794648998e+00
-1.540676504794975754e+00
3.171513749177523600e-02
-9.106311865470698708e-01
-2.303034278477137597e+00
1.402939972435905069e+00
-4.009728842214888012e-02
5.720908062711588249e-01
1.820488172976662655e+00
2.351899563530141180e+00
-1.281698950779977642e+00
-2.182959855458241005e+00
-7.642338586729182648e-01
-9.898986222254334555e-01
-1.271313970381193981e+00
-8.539303872816357277e-01
8.225831174914719490e-01
-1.461241044737907613e+00
-2.132808680321588657e+00
1.038835489873881635e-01
-1.311923103607277596e+00
-3.715540062577279423e-01
-1.735670171750062218e-01
-1.371927271357384459e+00
-5.876827449100742173e-01
-2.289015664306861986e+00
-1.396186122385682182e+00
-2.920826103658121564e+00
-1.549214338867069607e+00
-1.587345607849543150e+00
-4.006169648421709084e-03
1.028779307548779665e+00
1.191389488326159318e+00
6.510014539778561371e-01
1.810190466855922109e+00
5.677403925564329379e-01
8.571400436797937950e-03
1.241776592639992183e+00
1.267997698119657013e+00
6.364201169585598228e-01
2.011790587581749890e-01
3.581490331059034027e-01
6.088127605919297913e-01
6.818306561325949700e-01
-3.622001707855342367e-01
-1.268137849907581494e+00
-1.307569829395359484e+00
-2.333620928958510810e+00
-6.036381403603773288e-01
2.670510511536912102e-01
1.213586303615377782e+00
8.588263326168457112e-01
7.919802811689309330e-01
1.747793820343944926e+00
-7.141110757648863050e-01
2.157850958079905901e+00
8.298834952143796517e-01
1.946198163237626400e+00
4.536554574209338275e-01
3.610688237500969677e-01
-6.366867721923521461e-01
-1.516885784199307752e-01
-3.681094592306892732e-01
-9.304750037447026001e-01
3.834301021621577821e-01
1.341847284134022988e+00
8.707034496128293055e-01
1.739828063578265915e-01
6.399583338099250618e-01
1.372618607528371726e+00
-1.777938532971365948e-01
1.441459653147752817e+00
2.356688935811721564e+00
1.358185984854610062e+00
1.652908788065061252e+00
3.173955185424512937e-01
1.952479434590871366e-01
1.212092623369613875e+00
2.768580536970397521e-01
1.984269332422070375e+00
-8.832219508511411910e-01
4.317304976050256871e-01
7.460424850867195534e-01
1.174053056189263700e+00
2.189335014820408265e-01
-9.064966729261332290e-01
-5.652219409788883375e-03
-1.819944271461007901e+00
-2.112259459192162403e+00
-5.614631600419939250e-01
-1.180218209247659411e+00
-6.360800407527822387e-02
-2.065795175073938061e+00
-2.241682540352603503e+00
-1.134256717764643874e+00
-1.452603300443117362e+00
-2.524192507044254352e+00
-5.543171416606080815e-01
-2.122845294423587159e+00
7.231969331078453855e-01
5.145864241790730764e-01
1.795152708485590054e+00
1.183658997845305594e+00
6.297995969112786252e-01
1.260683434922453827e+00
-6.596160920714666531e-01
-1.528632289714926040e+00
-1.316549009838583473e+00
5.528628060649429798e-01
-2.105173337401484268e+00
-1.501050297435748471e+00
-1.147048452861493262e+00
-1.778834491452065958e-01
-1.129634804531326031e+00
-1.516666493730670640e-01
1.776669488640506112e+00
5.619811633947782159e-01
1.383811591507842165e+00
1.310282066479972141e+00
1.233291473492614365e+00
-2.052821044813813778e+00
-6.795503856275010302e-01
-1.974352607847043028e+00
-1.431886062445081764e+00
-1.258243687422463175e+00
-1.601995271293819467e+00
7.208374678406714864e-02
-5.012022095396639898e-01
-4.878476246207875677e-01
-4.190279373860277268e-01
-6.667782174398266815e-01
-4.538181260525723237e-01
-1.798998539830973353e+00
1.769101483121180429e-01
-1.629329441705070103e+00
-1.749695609120973661e+00
-8.916818153714584083e-01
3.748055714776210579e-04
-5.658835841268967659e-01
-4.638190958385560725e-01
5.448291255892868667e-01
5.520609022578973901e-01
1.387635022141620045e-01
1.122469917278453355e+00
6.384599182918234694e-01
1.447008539767702828e+00
7.859319900085386390e-01
1.210159420015294973e+00
1.013027548047413351e+00
1.741045072183289300e+00
9.434075351261009823e-01
5.503046598946055301e-01
6.094208517195058850e-01
5.259548895544796654e-01
1.404289481707305942e-01
-5.704472730672409675e-01
-1.570485186607522898e+00
-1.582434879958257712e+00
-8.594644529663142407e-02
-1.441726708534618373e+00
1.953573895146574202e-01
5.096345980729491965e-01
1.655099303143188427e+00
8.656914924568448466e-01
7.207958340779511142e-01
1.511146828622465632e+00
1.299724753076092254e+00
8.468743143146143515e-01
6.250524933227659119e-01
1.507839207150293959e+00
-2.302195392524307049e+00
-1.261805172290012766e+00
-7.292027638253333333e-01
-6.098505588507896480e-01
-1.330438219581216774e+00
5.410762561905667622e-01
7.502132582621965362e-01
1.285483881476393586e+00
3.009706351745609076e+00
9.304263154666203572e-01
1.723642013033154896e+00
8.979602262536920954e-01
1.161223265060971954e+00
1.545787953341983822e+00
8.595205627865251108e-01
1.715618366718954402e+00
6.428910264019875864e-01
-1.235982663622143818e-01
3.061448513867421006e+00
1.498814745263117310e+00
9.863984603746841495e-01
1.432034079720894137e-01
5.145013053761909871e-01
-3.269395219579651624e-01
1.154688129907875282e+00
-3.745919443707330654e-01
-2.244044103973374060e+00
-1.676193597245908551e-01
-1.498423908115426251e+00
-2.274151558315958610e+00
-5.230998989061046434e-01
-1.159609397624960181e+00
3.430157134229316895e-02
1.247764772101078723e-01
-1.151683343548728811e+00
-2.979846228790485885e-01
-9.312852842290686439e-02
-2.016857377092413195e+00
2.404121126895990557e-01
-5.746161101938636051e-01
1.726058640464108951e+00
1.771017911404847434e+00
8.452813402399317333e-01
6.191236137967440767e-01
9.512282835780110357e-01
-1.047636835865613403e+00
-1.390067138788095846e+00
-1.128763896412013468e+00
-1.108599823535196149e+00
-1.104638987079381796e+00
-2.007006523598419356e+00
-4.172517891855171968e-01
-5.758213968133439886e-01
-1.237784266147518686e+00
-1.064280810985892778e+00
1.848532179717172319e+00
1.449900517825420954e-01
8.893841919651357397e-02
7.433225202598807702e-01
6.840144533526251180e-01
-9.080886724717303071e-01
-1.385154258126238380e+00
-7.625013484855645007e-01
-4.085001489698705246e-01
9.582215741683657306e-01
1.091616577824661372e+00
-9.519064059812718526e-01
5.921523182693522180e-02
9.499852177052676705e-01
4.421785473802120059e-01
2.183286358545417194e+00
1.488682046672926917e+00
2.748760086275283232e+00
1.408302553132461554e+00
1.510702020335588092e+00
1.189614166289491681e+00
-1.983798246563384104e-01
-1.982933623721447880e-01
2.025076707216827643e+00
1.293168718040242027e+00
-1.724217436495763200e+00
-1.007538477575934621e+00
-5.159456986027196601e-01
-1.237864108212800573e+00
-1.472970059524366881e+00
-1.330536358591067891e+00
-3.980631420901954431e-01
-1.016295116240012231e+00
1.323356695185080589e-01
-2.337703641513399599e+00
-2.868559804273405067e-01
-1.697515361483460161e+00
-1.074457966218443694e+00
2.594994466354609841e-01
-1.432287133912983457e+00
-7.128399636315303489e-01
2.078430222566432839e+00
2.800154352730764851e-01
2.551880276406575998e+00
1.150566039432023402e+00
-1.900948912769162558e+00
-1.869640178703493749e+00
-1.912608322692035179e+00
-1.748406789503695657e+00
-1.381479028146825883e-01
-7.944685567771276880e-01
-7.943103801502396921e-01
-6.635641690912291724e-01
-2.784858372109978442e-01
-5.860746734655870593e-01
9.260125573944766320e-01
5.258371719624688190e-02
2.025793595018101634e-01
1.789351630082827604e+00
1.861453102413372029e+00
-1.726198785847075534e+00
-1.322732332668699939e+00
-1.537542138498251276e-01
-1.584867863887802208e+00
-7.498589866569409512e-01
-1.596555817917130859e+00
-1.713219856348435766e+00
-1.391723307350394290e+00
-1.804143325567157508e+00
-1.724831262808278032e+00
-1.785766170245491669e+00
-4.232172044091453422e-02
-4.874014022877489749e-01
-1.044945226202285582e+00
-6.018780322026560103e-01
7.406851690943843103e-01
-1.900712353029490709e+00
-1.456285617592002257e+00
-1.384456104576986313e+00
-8.682234017030225903e-01
8.100786052974136009e-01
3.199648877188725038e+00
1.039334713069349103e+00
5.260211839341387696e-01
8.199718594776503888e-01
8.327247970471525207e-01
9.661875133550309469e-01
1.705035078800608561e+00
2.786308095149379049e-01
5.754955456379858836e-01
1.041430777668597152e+00
1.316403488999173810e+00
3.813265291242958765e-01
1.060977150606778885e+00
1.582215246740536152e+00
-1.573665629985948611e-01
-1.362473285126009070e+00
-5.129590722432363359e-01
-2.074357414853039927e+00
-7.273045137386232595e-01
1.509023217614344103e+00
2.019348082054680305e+00
4.357146987606718147e-01
6.397583124164816226e-01
2.956612152321143050e+00
3.088616195425719635e-01
1.133919647984812817e+00
1.105393464388263691e+00
1.039321370739954009e+00
7.155549292718434984e-01
-1.786172756531802630e+00
-1.213942646655208124e+00
-7.689968012601249292e-01
-6.521655124200999021e-01
-3.770245559601178575e-01
2.606793202593445269e+00
2.402800397593530590e+00
1.074582618177272186e+00
1.960479107556596379e-01
1.338782350666176235e+00
-1.451998886428454538e+00
-6.593853634107942341e-01
-1.677291662807120609e+00
-7.489121830245959455e-01
-1.039061112802759368e-01
-1.471224607173952759e+00
2.768484112640956507e-01
2.365029816143047192e-01
-6.807354133894061299e-02
-1.368534303758325077e+00
-8.911494962311752310e-01
-1.436884916907015253e+00
-4.663672784712341590e-01
-3.505671730157259303e-01
-3.203783227919207999e-01
-9.921205702742685872e-02
6.278242114949900143e-01
-7.361662692450081646e-01
6.726068072571247392e-01
1.454072966333211037e+00
-6.106764196914671317e-02
-6.407136468444416533e-01
5.629813426583284430e-01
7.131084427292035954e-01
1.965636567375657506e+00
1.561926579179800267e+00
5.519065710144599457e-02
3.127923818208995232e-01
1.403081388879601654e+00
1.026039037509517637e+00
-1.145414237513393996e+00
-7.763984290524940102e-01
-1.342370369709946498e-01
-1.836200315632614766e+00
-4.550325816432758685e-01
1.772963395679292287e-01
1.373726940773030147e-01
2.531392933552156776e-01
1.125185231374793871e+00
2.816049050265506448e+00
1.245592958071365164e+00
1.302485030037231262e+00
1.764178449368692725e+00
1.033972889288540253e+00
8.548377691687494284e-01
-6.495389095568433468e-01
-6.322238847465779799e-01
-3.997850939582220375e-01
-1.398240115681631091e+00
-8.301057649908067937e-01
1.220116160179962606e-01
7.521363772475746501e-01
2.371400260733507181e-01
1.137099423829996070e+00
-2.733116931581880404e-01
-2.869888674187333066e-01
-1.680677197322515859e+00
-2.200825760815274368e+00
-2.005622339443312807e+00
-1.790549252367183986e+00
-1.117765480992937821e+00
3.827464119073575866e-01
-1.267222430660860377e+00
-6.760558856633106517e-01
4.992787301101953013e-02
-1.612251289617830707e+00
-1.621116920064627820e+00
9.971873539054576518e-01
-1.855237417125610300e-01
6.087260811548547146e-01
-5.244816406185210944e-01
7.423034647326565150e-01
1.336684538642825215e+00
7.188134605981950642e-01
6.459868634886731797e-01
1.693748282896723190e+00
8.715499552262100380e-01
1.771188114469200103e+00
1.610113611392924637e+00
-4.027598282012812003e-01
1.293308808944951371e+00
1.206443460111569443e+00
1.997505753340198753e+00
-7.960155665359063271e-01
7.329386370470684087e-01
-2.157771392882917638e+00
-7.881471170454577013e-01
-1.669375790605515775e+00
1.172677070425942603e-02
-5.505021370304329364e-01
1.940916959609551462e+00
1.148947810353763810e+00
7.474178022871229565e-01
2.446654071331494151e+00
2.615767461823825801e-02
1.668132240846680769e+00
8.497466737665817504e-01
1.790869145938591922e+00
2.150115390121176695e+00
1.151739401858403067e+00
-1.056757457708945580e-03
-1.605808419362777073e+00
-4.887195478786943159e-01
-7.176820839996664869e-01
-7.019347524006064321e-01
1.512379589815305403e+00
4.684618899959939187e-01
7.372474774507631334e-02
6.299798864710146606e-01
1.553109154215777554e+00
-2.126486511288440795e+00
6.237928210395438100e-02
-1.744089443729581745e-01
-4.819928446068781902e-01
-1.871160803593923561e+00
-4.087843980949243949e-01
-1.059928627776729471e+00
-1.592805743305532706e+00
-1.115392016519828111e+00
2.794437626000192409e-01
-1.143536310504956965e+00
-1.434432565314530006e+00
-1.693017154131867041e+00
-4.928093019175783240e-02
-1.081689400593295103e+00
8.827017882427856676e-01
-2.073479998895424448e-01
1.532898697801287069e+00
1.017118719700338403e-01
1.097376352328817584e+00
1.726932448654889596e+00
9.118089995967916250e-01
2.008288281442937695e+00
1.101040417297157958e+00
7.931651247805712179e-01
8.868106378008520085e-01
1.394615566278284202e+00
1.250489689447661146e+00
2.167198738745022446e+00
1.176174753502197357e+00
-1.261793138421879235e+00
-2.321733475289407878e+00
-1.338232006915088146e+00
-1.563721983092001722e+00
-1.137944002655566500e+00
1.159369543223205845e+00
4.697395409571367697e-01
1.643310833100045443e+00
3.536778297982998698e-01
-6.367333283324341231e-01
1.944240674559413851e+00
1.517779268502474910e-01
2.279976982480065306e+00
1.740547895401361345e+00
1.708194606641109115e+00
-9.889815701114921254e-01
-1.111183953723893003e+00
-8.057057648251640947e-01
-3.046838121054487036e-01
-1.450591065827500969e+00
-7.701221662034298809e-01
6.603865518545579683e-01
5.261853054418275111e-01
8.278573845430565736e-01
8.691830593869982469e-01
1.449824121753484629e+00
2.024818270682114729e+00
1.053449066802316425e+00
1.095159381305757407e+00
-2.887667177058772516e-02
1.012544532315921009e+00
1.241771932799839329e+00
2.686667774992404834e+00
1.099678895830431546e+00
8.520834007266198107e-01
4.423432660799169192e-01
1.134668676164545253e+00
7.520715445859458281e-01
7.215274969354835699e-01
9.598551821054457367e-01
6.248863190508049392e-01
-4.919327916804593359e-01
-1.143533665530755972e+00
-6.632387175713805316e-01
-1.527691756859346217e+00
-7.777653909968965662e-01
-1.695299766365532923e+00
-6.145824133775948939e-01
-3.143324102828062294e+00
-2.452837570378170629e+00
-1.604818156789878936e+00
-3.105862497975922842e+00
-1.720205344302724537e+00
-1.290462916778966740e+00
8.434599027236320268e-01
1.072994582941719122e+00
5.924425960820711712e-02
1.873997001552050623e+00
1.944740494104133299e+00
1.081693245273969595e+00
-2.450710311780138984e+00
-2.147406949460429093e+00
-1.651775019540305811e+00
-1.839357227779211623e+00
-6.756836925250386816e-01
-1.218251542011975497e+00
-2.459973598260650096e+00
-2.242731291592952036e+00
-1.573064515376480177e+00
-1.605438577599615169e+00
1.560388930488141312e+00
5.187566358726785065e-01
1.968647393907050347e-01
-3.483634368857417840e-01
-1.047555863074003391e-01
-1.914676796443301798e+00
-8.977104549736616423e-01
-8.962871493180355476e-01
-1.213843748790566890e+00
-9.186752341627741902e-01
