-9.732221325732348660e-01
-1.602896273271535277e+00
-1.150095633236470904e+00
-1.792048265721583711e+00
-1.440293552254188203e+00
-1.633080357210044298e+00
-2.276668197871996036e+00
-2.542061258512639199e+00
-2.493836229285649075e+00
-5.911398752283985036e-01
-9.672349824981210098e-01
-1.463032988766679310e-01
-9.054921348663746983e-01
-9.530531512670008532e-01
-7.648801670488866167e-01
1.803735839796902773e-01
2.010697833818991143e+00
1.453633982603291797e+00
1.191111070865376043e-01
7.726235440700904844e-01
1.088094281791986750e+00
1.075322872563187371e+00
3.281415354215799773e-01
1.580076047314281640e+00
1.831364311074048734e+00
9.316267925290676599e-01
7.582918724066074478e-01
1.273343641849969288e+00
9.051429561628396847e-01
2.255430200957294851e+00
-1.118265177580967773e+00
-4.305403928451247975e-01
-2.534465558135901020e-01
-5.333540959375948631e-01
-5.259088448621178635e-01
1.222590816098702460e+00
1.618896458272904848e+00
1.663489574212504873e+00
-1.784186586780422967e-01
2.243054244080212589e-01
1.638850380642764559e-01
-3.144966586201025649e-02
1.158402033313585155e+00
5.676687542465755909e-01
3.145868885091622769e-01
-8.265571425607582956e-01
-1.281116093755555685e+00
-4.022304762187843830e-01
-1.527393167987978195e-01
2.023369028145278747e-01
7.271575281345972197e-01
5.282071608897687121e-01
8.108006648764196633e-01
-3.857137003586541546e-02
5.700845556720861573e-01
2.581803998139680534e+00
5.297981311223358691e-01
1.757869664856797742e+00
6.098398277078747043e-01
1.723069731674532035e+00
8.572456482623100893e-01
-3.892706573111137658e-03
4.135954708232991717e-01
6.849786905146509897e-01
9.004162543702689536e-01
-5.529436176026014671e-01
9.547355108858737172e-01
4.393449544499508086e-01
-7.552136870313381767e-01
-3.308058619281533108e-01
-2.076831367419428531e+00
-1.146388657442198644e+00
-1.768182642853010078e+00
2.365140955606914730e-02
3.321343940900209901e-01
-1.602762147966409145e+00
-1.947934669134631092e+00
-1.762674075303942933e+00
9.234845232266977177e-01
-1.697205314145827426e+00
-2.088070996912975374e+00
-5.268068243745731571e-01
-9.407656294405856157e-01
-8.000035594183754206e-01
-1.445699921121277098e+00
7.223565923321761950e-01
2.482373881477786703e+00
1.349136439556926970e+00
6.472834083035947650e-01
3.820436271854799060e-01
-1.232460107567177721e+00
-6.823799188516749270e-01
-9.302004834587539461e-01
-1.362606869131148812e+00
-1.117327207247742926e+00
-1.803235502479221264e+00
-9.793820187454069792e-01
-9.706744005770101547e-01
-3.516769762233351582e-01
-1.130887093598580417e+00
1.577415252168769211e+00
1.066688727560409999e+00
1.629550864084337469e+00
1.188950701428677537e+00
1.597228784241754962e+00
-7.374311447346854065e-01
-1.266210527242812134e+00
1.770359596177411010e-01
7.851967219607258741e-01
-1.272335734462334056e+00
3.450934999670622894e-01
-1.459202132841883603e-01
1.855775422014389164e+00
-5.666497784852744246e-01
-1.359412132473645229e-01
1.226805215968767016e+00
1.882303197464566757e+00
1.246670894017895659e+00
5.455744379042274383e-01
2.166822734511975934e+00
-8.667290744183797635e-02
1.291633484063197779e+00
1.277820708434601826e+00
9.360274409446256438e-01
8.141538856472411156e-01
-9.753720747895158194e-01
-9.581214588835468282e-01
-1.451726435444961494e+00
-9.314063899270548230e-01
-1.633716684756911341e+00
-3.484432684481069131e-01
-1.861709295626191585e+00
-1.556007230755027670e+00
-5.539812975642036674e-01
-1.207935024178478312e+00
-1.259989639223619839e-01
-8.304277518062419539e-02
-6.510306192888763999e-01
-5.962356474157110009e-01
-7.907712587597737208e-01
1.643348268504293719e+00
1.174691988625656380e+00
1.291831763648555453e+00
1.454332380796868218e+00
5.530658264787549072e-01
-1.329326692743922456e+00
-2.763976089537640846e+00
-7.374454983352576320e-01
-2.108256733258245141e+00
8.238138039805056323e-01
-3.114362240221675293e+00
-1.509618548304989094e+00
-3.283067177478153909e-01
-1.566321226108724263e+00
-1.814544190925205802e+00
-1.143730511271749961e-01
5.452737320236291652e-01
4.673109418551446570e-02
2.164120243970229396e+00
2.923812313638428417e+00
-1.546080154432308618e+00
-1.259351970162084777e+00
-5.362239537133899336e-01
-2.502199484043758471e+00
-1.645648846733541504e+00
-1.588344333036350919e+00
-6.197936573311586539e-01
-1.252844294361992183e+00
-1.126181061630713298e+00
-1.147482713884375283e+00
-5.005605490877080843e-01
-1.419400855553963892e+00
-4.888785224296363641e-01
-1.457381382824490368e+00
-2.772936911018048178e+00
-1.620584377961154399e+00
-1.072554406258501736e+00
-2.583585776200059136e+00
-1.300927839464171676e+00
-8.102060312291561317e-01
7.675969067590107109e-01
1.289931372331032389e-02
2.175147198663618830e+00
-1.492723183213253701e-01
8.698244818337050877e-01
1.793750586228121335e+00
5.551672849342608185e-01
4.965282854579258220e-01
6.099246537053331085e-01
-3.916418116972542052e-01
1.509833609724262171e+00
1.118384023412746231e+00
1.139228434069729401e+00
1.066181771159557812e-01
9.334515297162094827e-01
-2.736184297838699209e+00
-2.315704596287382788e+00
-9.526019146488058364e-01
-6.147107722232669769e-01
1.052513564329857765e-01
1.163457244444887628e+00
1.305905609483327012e+00
1.682000870380742974e+00
1.762124657385989224e+00
2.526798843018774221e+00
-2.147536709386059783e-01
-1.435953933227811508e-01
2.214836773439608830e+00
-2.285417334428267999e-01
1.960892478666972805e+00
-6.476256341756223556e-01
-1.762132017371631498e-01
-1.106984903173160451e+00
-7.146929270411760404e-01
-2.270469517125051073e-01
8.126061631723690004e-01
1.374598898534565627e+00
3.114938842244288075e-01
1.214882614056347121e+00
9.534528666336126168e-01
1.245354529891459672e+00
1.048316810352706296e+00
6.478529195086929482e-01
-1.389964391699034518e-01
1.928010292568042683e+00
-7.159207997349654740e-01
7.571159919839678398e-01
1.024015676811669939e+00
7.439208611788292735e-01
1.103371647733339067e+00
-7.609137162923345077e-01
2.721400369059360447e+00
1.222125208049562595e+00
1.400626771804301729e+00
7.897386515063142820e-01
-1.132492125445549558e+00
-5.487056111238690637e-01
-1.115074439302621068e+00
-1.302018244763005761e+00
-4.106534634804926975e-01
-3.616868891748875603e-01
-2.585021959381526013e+00
-1.251286978761286806e+00
-7.817581637868462607e-01
-6.974071125631045032e-01
-1.723498124487359506e+00
-1.595471343439084366e+00
-1.724488127320102926e+00
-8.818178833060645871e-01
-1.196040894574722069e+00
1.704461117576035578e+00
1.297887533473780941e+00
3.404197250950713460e+00
3.346341777486419033e-01
1.010201355931339195e+00
-2.274691406670212857e+00
-2.890466510398227218e+00
-3.559066149962377690e-01
-1.669421439309498378e+00
-3.638744108602044447e-01
-2.349540718893874391e+00
-2.013260179860915766e+00
-1.153134200351171312e+00
3.317486973878125411e-02
-1.038909118577399759e+00
-6.083458302417632524e-02
8.719330457018535929e-01
7.370963985041748545e-01
2.405670610518103603e-01
5.067013368816926100e-01
-2.229697596344736077e+00
-1.995743458828663552e+00
-8.447294842346136923e-01
-1.420490014354383046e+00
-1.156173024109631298e+00
4.982102083544945881e-01
-7.552332340962970569e-01
-1.756500282141342240e-01
-8.663525756592078686e-01
-9.382437944686817799e-01
-1.495529096829225413e+00
-1.888769143717169863e+00
-1.949224337298723020e+00
-2.170846194056048617e+00
-5.503159698878862249e-01
-5.645553460055326989e-01
-1.744227865626925222e+00
-1.826959155424132675e+00
-8.687411515745923074e-01
-1.171536756574477200e+00
1.437865844749922406e+00
6.414936035677250015e-01
1.170483264067750273e+00
9.751204453715844878e-02
-2.404725562531848659e-01
8.134713714348703606e-01
2.557172344622843596e+00
1.115216574786644488e+00
1.467966659890651782e+00
6.540359886397006939e-01
1.109391340936842774e+00
9.679236097429452235e-01
1.196673675619138510e+00
1.366106178746010702e+00
1.882389516635901483e+00
-7.335165383376496262e-01
-1.207852432387388708e+00
-6.235740808105207922e-01
-1.299528141923966817e+00
-1.550196336720312207e+00
1.113750202773553299e+00
1.182926839873164049e+00
1.182777423108229531e+00
1.433286430814200374e+00
2.415191121787950479e+00
1.018583622613285167e+00
1.270214845798630643e+00
1.280419313030858319e+00
1.847732753399192740e+00
5.063017328188810229e-01
-1.071092754812294157e+00
-1.829525204824434814e+00
-1.471633574644174214e+00
-1.306507436046614012e+00
-5.509017160516112011e-01
1.652469538632015400e+00
1.033274017770185127e+00
1.942044025808781660e+00
1.864161128773752507e+00
7.393397463548849746e-01
1.533623569932265784e+00
8.713102012137203811e-01
1.958896578844477654e+00
3.674718433779292637e-01
1.114803524013989966e+00
2.776437757848728261e+00
1.411713667277765261e+00
2.580797031561841148e+00
2.510259140444905057e+00
8.533396257258406559e-01
2.304654722484355656e+00
1.560794059352494711e+00
1.377961900060435951e-01
1.065827017136297794e+00
1.503914433293892960e+00
-1.342260072735457221e+00
-9.962725192673239638e-01
-1.672417951060073182e+00
-1.625178691099394168e+00
-7.345941952779582174e-01
-6.687884510034219909e-01
-1.380941277959477631e+00
-1.014641640238368447e+00
-9.695834734424847445e-01
-1.794015902906056947e+00
-1.080206751557223122e+00
1.941728133538891399e-01
-9.540251720551197190e-01
-8.576098601730604010e-01
-1.049776824014819088e+00
1.546865593638990344e+00
8.015489363958913094e-01
1.729970815121134375e+00
1.524633860321171319e+00
2.471645765026821095e+00
-6.260799898579743061e-01
-2.944445015878620620e-01
1.100471143837165933e+00
-1.581617579309076760e+00
-9.339518984675372337e-01
-9.762743952082880705e-01
-2.680095669534825475e-01
-2.009883198765237466e+00
7.517604255185847961e-01
4.705837242049133451e-01
1.666542948843527938e-01
1.047441942148642502e+00
1.930513215342182232e+00
9.933124238047549293e-01
2.068765372348579046e+00
-1.058039367437506817e+00
-1.303166786977694169e+00
-1.904502153232552786e+00
-9.752502424612844445e-01
5.992779414024140827e-02
1.192243766249343695e+00
5.958769021097592988e-01
2.257909190393393217e+00
-1.792439569175903191e-01
1.810142175223573346e+00
-1.134863906200103134e+00
1.034582258129471466e+00
1.887939561779253594e+00
2.306316555077492669e+00
8.979391718669232914e-01
-2.965652345514004917e-01
9.986865155048026965e-01
2.787733725605008761e+00
8.776309763536036535e-01
1.688027039282934627e+00
-6.896539667919012739e-01
-1.110322537360167505e+00
-1.015879296479306193e+00
-1.218187577773773178e+00
-1.238123406970546014e+00
-4.314585232314123164e-01
-1.126032985868360647e+00
-5.522615035101479108e-01
-1.421898525524527335e+00
-9.951623525924350178e-01
-1.367073655248105535e-01
-1.369066210988681975e+00
5.402350899613090895e-01
-9.311320529100111099e-01
-6.121033291264219578e-01
1.197236241401727685e+00
2.118376526636502888e+00
3.767977827087549691e-01
1.309392278651110297e-01
6.375333498057685899e-01
5.244043164635403542e-02
-4.499991105279895764e-01
-5.801924173362342785e-01
-2.047622927364432410e+00
-6.170772521154226364e-01
-1.831357851443325968e+00
4.031916369552275281e-01
1.514674906404360755e-01
-1.134020097155194362e+00
-1.492910442890134970e+00
1.526325086969196221e+00
7.234341554085833570e-01
8.989880409244311865e-01
1.131168977582108104e+00
1.174557644292725911e+00
-9.735114615278588346e-01
-2.126556531365175751e-02
-2.373370382724632854e+00
-1.673304282539239463e+00
-1.032440271999609749e+00
-4.534132322665249681e-01
-1.225633249978425932e+00
-8.645880104380975206e-01
-2.791524391827584495e-01
-2.169548809019794966e+00
-1.471769710302975209e+00
-5.447240691213670605e-01
-1.386568521937412646e+00
-2.101382966901302662e+00
2.778887807759922168e-03
-7.555365391500061811e-01
1.238521185344028108e-01
-1.643710282195612216e+00
-1.299148156475516735e+00
-2.128565415949256412e+00
1.738015975125215551e-01
-2.807470178979944997e-01
7.134142802864069655e-01
1.194045059854649704e+00
3.170660541249068487e-01
1.240061044565405002e+00
1.736574909254684496e-01
1.400894980946186585e+00
1.160474857230530343e+00
1.856529650020689592e-01
2.122802239470504393e+00
9.915538365350631267e-01
5.997082873136870829e-01
1.890486821450300114e+00
1.522165576393393227e+00
-1.415823497357689309e+00
-5.518466618894426468e-01
-2.507870690175530992e-01
-1.336073120628150646e-01
-4.660154070088637912e-01
6.499107524918421586e-01
1.279168458949162535e+00
2.016834942532653496e+00
1.550756616941973087e+00
8.936043399651789620e-01
-8.389107177226522438e-01
1.588949621889974129e+00
1.389702621896906187e+00
1.904335606070321818e+00
6.501299972540046657e-01
-1.905480623832938036e+00
-2.758469133381713512e-02
-1.365539754005943296e+00
-2.047868898819984906e+00
-1.204452964336176768e+00
-2.114485567880786121e-01
1.567205992643549539e+00
8.699818921988612397e-01
-9.070597251621648205e-02
5.752236797494747478e-01
1.577462699854377259e+00
7.459304874124104145e-01
-2.170414366648154569e-02
1.511293626626399877e+00
3.270863243764042805e-01
1.215164782930408194e+00
-4.007707589367279777e-01
1.516109854286651792e+00
1.403318166172964565e+00
1.911527686236101697e+00
8.251126874201041295e-01
2.164246532020640323e+00
-2.403260629411874127e-01
1.017020301576915697e+00
4.265799028129936277e-01
-1.468848185247421112e+00
-1.368724573704614311e+00
-2.016942124577463691e+00
-9.306306689169889790e-01
2.341765821077663734e-01
-8.081530314788714087e-01
-2.050512946663641589e+00
-1.225601086699222408e+00
-1.009699140879495971e+00
-1.385038886869561559e+00
-8.733765558602724077e-02
-1.947854577934564846e+00
-3.599842267346142766e-01
-2.968765250472370720e+00
-1.300469502802585886e+00
-4.008593675844789317e-01
1.034794937261170888e+00
4.831524720598608935e-01
3.384087975057756825e-01
8.710274436894651640e-01
3.456315475657190106e-01
-1.415520426338435556e+00
6.307458866098274441e-01
-1.098124395711024937e+00
-9.343724552361225566e-01
-4.803002689294159078e-01
-1.445897569355165446e+00
-1.686236857435308156e+00
6.878476315012571618e-02
-1.384821789967907169e+00
1.186519401803958207e-01
1.160654516525137847e+00
1.438767505056470331e+00
4.906332241337858502e-01
3.759647737430543701e-01
-2.763992381269688714e-01
-3.622268180654601988e-01
-3.396803742591596453e-01
-5.539138989187133433e-01
-1.137559465747137288e+00
7.306035538618449454e-01
1.735062940938906673e+00
6.790036387642595095e-01
1.033204827365363787e+00
2.026941049444148213e+00
7.976254111892472354e-01
8.495145569458324442e-01
-4.838134608705979556e-01
8.067946752843095926e-01
6.401101343522462850e-01
1.863264775008198537e+00
1.108835801960359246e+00
1.267604965959885366e+00
1.239965897144757578e+00
1.404873276928469306e+00
-1.915862344270460316e-01
-9.118611994013195998e-01
-1.855060692793302435e+00
-2.088065172352560062e-01
-1.690254151084865653e+00
-9.914858445870294856e-01
-8.664498079629928684e-01
1.065003423606884603e+00
-5.677772823428176574e-01
-1.954699232222604444e+00
-1.221547889517134999e+00
-1.020785999877044103e+00
-8.215099607201542531e-01
-1.073825884783976559e-01
-1.190742858702127593e+00
4.575534179575413418e-02
5.047322658245043669e-01
7.161016754781623916e-01
1.842108556681809173e+00
5.397902769711098170e-01
-1.700868436850283105e+00
3.262989757072800590e-01
-3.451771611821110586e-01
1.221276104447778454e+00
-5.370390699040772375e-02
-5.848092148275938484e-01
-1.444617076142096224e-01
-1.452459760709327696e+00
-5.404391586936729830e-02
-5.825736665870718811e-01
1.112290553694912143e+00
1.652813658850328604e+00
1.459906205731841045e+00
6.041293704377814766e-01
2.346400743402669020e-01
-1.266355220422677341e+00
2.262318906725506729e-01
-1.291808972380836806e+00
-8.475987902451145306e-01
-2.276692069689710829e-01
8.625041967918640751e-01
7.553711684559102357e-01
1.366257433794614062e+00
-2.067459449036328500e-01
1.430143849785221244e+00
2.865650338070075964e-01
1.531160674534448596e+00
4.941645409554021873e-01
2.516952495063280448e-01
1.901954818447374906e+00
-3.296240689914202715e-01
7.609688508645093830e-01
2.425847710734663210e-01
1.225404524245931048e+00
4.772514607372462248e-01
-7.443853931548529701e-01
-1.150946033744304930e+00
-4.001146506724522212e-01
-6.181119227650300196e-01
-9.941832136647731355e-01
-7.721033207517977726e-01
-4.962483157944959089e-01
-9.771832578966216376e-01
-1.967789075957011580e+00
-1.210643299553864516e+00
-8.795250052895815518e-01
-1.133650468090237062e+00
-4.037884171474737105e-01
-9.946227921007516626e-01
-1.972073551892217225e-03
1.169403146361352119e+00
1.630241397743760423e+00
4.373270731828819979e-01
1.290426102962567434e+00
3.516636213600201621e-01
-2.347364245029531116e+00
-8.541871219695835737e-01
2.380108721233822333e-01
-8.922706439776891818e-01
-1.886999759535426646e+00
-1.129974322808248610e+00
-2.828863989695579173e-01
-1.836068329043083036e+00
-1.156808952750120190e+00
1.243993364152493619e-01
-3.539884020189911773e-01
5.753874289411120557e-01
8.405991185566602519e-01
1.730138305341722527e+00
1.008138284419636044e+00
-2.333265807221598820e+00
-1.657549095365816072e+00
-1.107708732608509550e+00
-2.454918003373150803e+00
6.667031635980986692e-01
1.073919385161072437e+00
3.390824301094882642e+00
-2.857103786057635375e-01
6.874007082715447581e-01
1.267068134579979244e+00
1.828498609421292276e+00
1.045433510940534605e+00
1.869691129090424120e+00
6.997084294530799831e-01
5.633235898215274151e-01
1.212690343130368609e+00
1.189205912960020539e+00
1.086706272323359368e+00
1.156210343984744204e+00
-4.948240752427641720e-01
-7.131922693202494834e-01
-4.246044945601652465e-01
5.614215798525501455e-02
-2.046676234283719253e+00
-3.308881900606498450e-01
-7.729769032680158247e-01
-1.619416563789965124e+00
-1.031537856882460913e+00
-3.095192375144419916e-01
-6.437017349676745770e-01
-8.909312797763158098e-01
-1.924315921238428650e-02
-7.981251543230056811e-01
-1.010076034354290497e+00
-9.974277777342971385e-01
1.040119429878749502e+00
7.565876494692386212e-01
4.847196439630341303e-01
5.284019302824818354e-01
7.368901661164808381e-01
-1.506082772933556857e+00
-1.564827079546318611e+00
-1.787443565865203698e+00
-1.687583224083966549e+00
-1.337733974882809873e-01
-5.443530946692883843e-01
-1.545657127790855290e+00
-8.251541114988273362e-01
-1.574828811976911158e+00
-1.385165058970222240e+00
-1.684380642435781006e-01
1.848135436187717584e+00
1.248772456936568576e+00
1.024310471701693759e+00
-1.144925338989740471e+00
-1.619400867537020172e+00
-8.021964492350649456e-01
-9.126188639014387594e-01
-1.454106934387043637e+00
-3.383040370227430316e-01
-4.114926400913988536e-01
-1.962262261885191927e+00
-1.409549970300105093e+00
-1.556960355144672903e+00
-5.186426585168608661e-01
-1.166928891340464958e+00
-1.071967117752246734e+00
-2.502241309945997472e+00
-1.890129274112661406e+00
-1.399557984207316252e+00
1.433356340040545795e-01
-9.100941076220092629e-01
2.751677714883871140e-02
-6.778808564397500458e-01
-3.197219161179852609e+00
4.974308234090095704e-01
1.223940346128162604e+00
3.048491151753313089e-01
2.129780357800659107e-01
7.552075154493476106e-01
8.425735853147862109e-01
9.303554263179661943e-01
1.300043027646223370e+00
-3.266378374299638843e-01
1.385190117663475107e+00
7.290696957600508732e-01
1.482382198073110668e+00
1.653902516375908238e+00
2.569734234888459756e+00
2.157140949351680881e+00
-1.708696213369987005e+00
-1.988955161933317672e+00
-2.176267597897406425e+00
-1.174995795168176649e+00
-2.507227468706331841e+00
2.397614854634001702e+00
-1.452026679610369797e-01
3.295200890973231100e-01
6.970508410283015044e-01
9.720934848800786288e-01
1.253255870242520054e-02
1.303344628103816127e+00
7.451748089437649769e-01
7.788869288297607385e-01
1.526459949100834823e+00
-1.786277570712418328e+00
-3.982171975364054983e-01
-1.495846642193463083e+00
-2.223874614760771973e+00
-1.496387363922047076e-01
3.020570579792068999e-01
6.764693114228523818e-01
1.411255838122599915e+00
1.354337061116017704e+00
1.584101915400119021e+00
-8.895798752455386094e-02
2.860265011441559313e+00
8.026246228538034266e-01
1.041670907129389922e+00
7.518506842429215631e-01
9.266207490927603763e-01
1.092279771552593814e+00
9.925458734704886155e-01
-2.961172314483844215e-01
-2.902483284899461946e-01
1.550513375329516830e+00
1.075838290876321324e+00
1.298879965712069318e+00
6.684531636842570013e-01
1.407988495876483448e+00
-1.010988008707561780e+00
-1.588243144797033768e+00
2.794015131707052735e-01
-9.323016315326722037e-01
-1.092162690858572427e+00
-8.862048119912204758e-01
-1.061211644565727363e+00
-1.165653912066486386e+00
5.582663449100757624e-01
-2.165991072609135148e+00
-1.039764719305000362e+00
-8.651216891434324596e-01
-8.045256757629092315e-01
-1.930590887931392219e+00
-4.770869234031259731e-01
1.725897954147832092e+00
1.217081922977104158e+00
1.914310840226762789e-02
7.375644418001057190e-01
2.342320330735072176e+00
-2.118947432754889615e-01
-1.505904928493582373e+00
-6.701886421537102123e-01
-8.973712344299132893e-01
-8.197681357137196478e-01
-1.653574090444924316e+00
-9.179794579010088773e-01
-6.505292176991841480e-01
-1.081632701556769272e+00
-1.926817253083428660e+00
1.415186530046693036e+00
1.318385377562467653e+00
1.109213837871361186e+00
1.720192334067183193e+00
1.267016746452608977e+00
-8.433303268991553248e-01
-4.556767543014406119e-02
-1.289641232314855390e+00
-1.591736983349815171e+00
-3.020511714152831484e-01
-8.165218173591686224e-01
-5.709897813886652962e-01
-1.079036968493980009e+00
-1.929160417972415553e+00
-4.589658367068757405e-01
-7.213652307006992448e-01
-8.900471144547148494e-01
-6.859379013085826760e-01
-1.592572630969411929e+00
-5.724913734929152342e-01
-2.397649118005482638e-01
-1.594322638111959289e+00
-9.405720417654794829e-02
-1.823092657589889365e+00
-8.867969230497019240e-01
1.389697815345694032e+00
1.170433462008831693e+00
2.134051717648740576e-01
1.047092660892261495e+00
3.910068473893334451e-01
1.693984301708631790e+00
1.698857818588820567e+00
2.854145849429666981e+00
-3.045991925120783428e-02
1.920311764826821088e+00
8.358590195306536685e-01
2.133489391838262694e+00
8.280070968248374186e-01
1.470264932417024051e+00
2.680720372658416562e+00
-8.021167849160086849e-01
-1.272372186651738346e+00
-3.659887343087020461e-02
-2.777787710724758385e-01
2.793324524467140080e-01
2.066650919042631873e+00
1.326983024586230187e-01
1.103307022647784352e+00
7.167170160697000636e-01
5.337629219408935866e-01
9.862989194212473665e-01
6.889628549038737670e-01
2.332670694496297159e+00
-4.365312047411498142e-01
2.394168380392651230e+00
-2.921331311038779077e+00
-1.250079964532418764e+00
-2.144601345334370412e-01
-9.703653079751167754e-01
-1.320136539887652560e+00
1.901145915684207655e+00
5.484939984223690113e-01
2.173569047302909674e+00
1.187189087305752455e+00
1.773306373463225061e+00
-1.072619612014606094e+00
-4.105245126452137239e-01
-6.433414820452076910e-02
-1.990386003903516832e+00
-2.287219820934978110e-01
-1.557519550322200130e+00
-1.851480230626235457e+00
2.432399384058823166e-01
-1.362115207063220534e+00
-7.437387889655833195e-01
-1.190989620639070656e+00
-1.568585996954371398e+00
-9.162776015317186662e-02
-1.626328331541666339e+00
-3.929562290973787064e-01
-1.517181107977056964e-01
-3.696663468619898474e-01
9.033105013781720372e-01
7.756933474030252018e-01
1.625455334140034180e+00
1.179885397133638714e-01
9.114968091604753742e-01
7.093540602426366970e-01
3.075939343717678520e-01
1.242272755155223507e+00
-5.232291410361464834e-01
-1.341404165660753378e-01
5.744422160136180011e-01
1.019629099375475745e+00
1.649400447305733319e-01
6.294568000019862275e-02
-1.115287023612443251e+00
-1.652835972891425920e+00
-6.986846011867241524e-01
-8.966281023219370150e-01
1.812745090217022348e+00
5.145145868015066348e-01
1.030405741424707200e+00
1.010938018750033640e+00
1.519486004441592097e+00
3.219487419051275667e-01
9.655133711213403913e-02
9.979174618447735901e-01
1.272646309625453886e+00
1.627197465582423952e-01
-2.718659839613171147e-01
-9.650890634085036446e-01
-2.254283080370964587e-01
-3.044818932944215462e-02
-8.592489221633461405e-01
1.729698364314081083e+00
2.057563546602406923e+00
-1.680802165152237571e-01
4.800655345410163033e-01
1.166328445036248551e+00
1.525415809019670554e+00
1.438931565423198888e+00
8.354726285582383394e-01
8.771820269577298435e-01
-4.056856111783968544e-02
1.649006947697714942e+00
3.555173857560424144e-01
5.967270970239579864e-01
8.817199818457477356e-01
6.614821898162145386e-01
1.136611834992392822e+00
3.298778869715472961e-01
7.806530018474083787e-01
1.092549400847712571e+00
1.049039209031844555e+00
9.011346854229802528e-01
-1.551943906103684379e+00
-4.850532450300530929e-01
-7.602337631660867068e-01
-1.926036243413079330e+00
-6.892760880555133252e-01
1.775056735018245568e-01
-5.113633420907670590e-01
-2.147638411865290031e+00
-5.960953608607044707e-02
-6.329350353419842534e-01
-2.228657835092219486e+00
-1.755281052635011552e+00
-1.846398237037270462e+00
-6.345074664645533602e-02
8.006510961001456206e-02
1.634388166842717371e-01
1.927783481997590087e+00
2.256876859862983142e+00
1.753416624838468607e+00
-2.245354810625816988e-01
-1.011680560823417396e+00
-1.816833561870532909e+00
-4.461396533790343844e-01
-1.727411776409132571e+00
-1.025990705957216642e+00
-1.743208346624534943e+00
-1.570082013390724285e+00
-5.717617774913712481e-01
-1.852287047992231539e-01
1.194823590796408874e+00
-5.531930235753335090e-01
1.581528494425782583e+00
1.183974938531237253e+00
1.503035051600416505e-01
-1.464786062802592159e+00
-1.228302960911792585e+00
-1.573077391909790235e+00
-2.549506612457231203e+00
-2.775573391095290665e-01
7.071965746281165810e-01
-1.235572642617988048e-01
2.108660910747985895e+00
1.405857611887711300e+00
1.593610017242531152e+00
3.984527441053915542e-01
5.200025084591384239e-01
1.267707207760799593e+00
2.200419039216552797e+00
1.435159712373130336e+00
-6.496576162042280167e-01
9.652878698307696403e-01
2.908279794231096727e-01
2.013966510963939527e+00
1.054262332559106508e+00
-1.054226683573761481e+00
-2.935832788891837186e+00
-6.069022058421621457e-01
-2.067772403648882040e-01
-2.234646892533713292e+00
-2.557877774606242660e+00
-3.058946233972171802e-01
-1.288903947618362800e+00
-9.954428589990442777e-01
-2.271213561253218050e-01
-9.758173247658830096e-01
-7.000432543028430876e-01
-5.804121774616196605e-01
-1.731459072258900056e+00
-3.163498646534801395e-02
2.530332421993103376e-01
1.171765161521577614e+00
1.493779954261322152e+00
3.171653617651560175e+00
9.092093769735458686e-01
-1.441305597642294822e+00
-1.256956260375454271e+00
-1.668083957304773879e+00
3.279469179310530169e-01
-1.853734142641345395e+00
-2.000879337838583183e+00
-1.891430322425202259e+00
-1.098650217520845462e+00
-1.445691237832146703e+00
-2.517084161806972809e+00
5.663086896437997675e-01
2.155922977658079276e+00
2.641622679264241214e+00
6.329107777176878891e-01
1.187167499943777571e+00
-2.779642572159972680e-01
-2.047008130612594456e+00
-1.069146371003794060e+00
-5.417611118961842553e-01
-8.593682511672624535e-01
-1.705337132525118760e+00
-1.319650435822114165e+00
-1.463306445973806547e+00
-1.974419855796905265e+00
-3.168257324119753138e-01
1.177520365622508614e-02
-6.619811208217759591e-01
-1.559087560125010263e+00
-7.724924174631329077e-01
2.686950589943117862e-01
3.027470918843027103e-01
-1.421844662951008420e+00
-2.346237571055310500e+00
-9.047075434538343064e-01
-9.622233145005438804e-01
1.870702048409787599e+00
-9.926955766430101136e-02
1.002007480417672847e+00
2.183099381723881294e+00
2.481746018803254294e+00
1.439179033735259461e+00
1.742990251581487904e+00
5.246827694145901333e-01
1.267946985141298333e+00
-3.137951437131913934e-03
1.097707517145152023e+00
6.706222431839288234e-01
6.511298577599089477e-01
1.346926065039395937e+00
2.904822615249892603e+00
-8.477168916923037978e-01
-8.012034251599833290e-01
3.760164989582337469e-02
-5.217121691650461468e-01
-1.260492301315411678e+00
1.295690781906126521e+00
4.911560755829469382e-01
-9.417368569629416264e-01
2.540451172593032325e+00
1.603088525300344624e+00
9.107610385528661645e-01
3.493669815549919067e-01
3.814667872357404566e-01
1.139313705551376010e+00
1.020210684087925257e+00
-1.074565148391349201e+00
-1.543408812700840294e+00
-2.139718685931054853e+00
-1.073683798679331503e+00
6.144938437699494216e-01
1.415647171183830766e+00
6.944571747519584504e-01
3.287876692920890243e-01
4.844910060687449560e-01
1.083434754843788150e+00
-4.588605496501796388e-01
-1.950583267878832183e+00
-1.740203035620999650e+00
-8.672482439214246330e-01
-9.596640559466534937e-01
-1.591906767092917008e+00
-4.501344185577065282e-01
-1.391472383202576824e+00
4.346539925919210567e-01
-1.570624203818487663e+00
-3.909946108862644154e-01
9.578115541298171109e-03
-5.430318678380495756e-01
-8.171349498464705041e-01
-1.424004804835602656e+00
6.338462953064818439e-01
1.529456205826580817e+00
1.055681130547062807e+00
2.486742310235394715e-01
1.473030693140995107e+00
1.744456517502321891e+00
1.278728769192706949e+00
1.030034402102949942e+00
9.619694199105597310e-01
1.126703609882464097e+00
9.535531209565798472e-01
6.821681846352432022e-01
7.819941415740825352e-01
3.545807343337095130e-01
8.771085643362508399e-02
-9.204938687673768216e-01
-1.308270036228848854e+00
3.401676179817458845e-03
-1.122144727285381283e-01
-7.744295423508975595e-01
1.919030297809483088e-01
1.508090644648147904e+00
5.847520619267756459e-01
1.625178958017518216e+00
8.064347728362577516e-01
1.962835397739730148e+00
1.014398090520491014e+00
-3.882608496120916186e-01
1.143708180091800086e+00
3.334728102423629714e-01
-1.341021781428189730e+00
-2.105948675598788178e+00
-1.575908579980449531e-01
-1.277327929289889585e+00
-1.023005538510053158e+00
1.189391842688527268e+00
6.864003475960864797e-01
9.994805906940534834e-01
2.035807294975964687e+00
1.310297263966629266e+00
-1.005326988725292692e+00
-2.011471323522544985e+00
-1.176696410796380432e+00
-1.579644710512901451e+00
-1.142785221990792133e+00
-5.157659201225632817e-01
-1.001073304542561271e+00
-1.261634964790838476e+00
-5.518206026841819822e-01
-1.135109155966022909e+00
-2.196163145549213436e+00
-1.501071635249082714e+00
1.096250878299442899e-01
-1.687708963931096928e+00
-2.369024161307957677e+00
1.671303855573758046e+00
2.046159790931965539e+00
9.884958367269300883e-01
7.624744825626617040e-01
1.265375427654661600e+00
6.986704864173439722e-01
1.111146974606367355e+00
-4.018863090616917599e-01
1.939668149865381608e+00
7.506413769113664536e-01
2.128412969360241824e+00
1.834535813849799135e+00
4.812456741107085101e-01
2.814845712421248924e-01
1.360943304442849833e+00
-4.064328843854092543e-01
-1.048016066304098270e+00
-2.031170103085227385e+00
-3.506758584499883868e-01
-6.166984884991775218e-01
1.949359905651696590e+00
7.371822951437740912e-01
5.943622733706775962e-01
9.512561065924253212e-01
8.331968100950390976e-01
1.048182273585875901e+00
1.580067677619165112e+00
2.548732217816141343e+00
2.584620339863669347e+00
5.204948326622962362e-01
-1.278105541912569310e+00
-3.681706332296987849e-01
-1.578475461238300515e+00
3.180896380969915338e-01
-1.211347498050046489e+00
3.921099415071549465e-02
-1.910967488080288490e-01
1.459889179890891731e+00
1.530008191198303225e-01
2.639661622094450877e+00
1.194367333798078690e+00
1.389623584506394671e+00
8.843713970588668039e-01
2.198937727848878421e+00
1.974402618405448617e+00
6.946191278735776020e-01
2.410114477844149228e+00
1.949875391003167202e+00
1.627979232227297457e+00
1.366895531335966307e+00
2.071167223372259336e+00
7.780591029632573097e-01
1.317217786457802520e+00
-2.655855336070334083e-01
1.234490860178638627e+00
7.474668691644437146e-01
6.936243973269196061e-02
-7.898528797202075680e-01
-8.126005369335007611e-01
-9.856559584469227753e-01
-1.608973945563248353e+00
-5.158008994866254415e-01
-1.311686125337475417e+00
-1.853040119787211948e+00
-8.812625920708773153e-01
-5.192676283177323215e-01
-1.117611412854677910e+00
2.016255050429611728e-01
3.676277650345216585e-02
-7.979568150800484538e-01
7.396841135677372225e-01
-4.629882198850809871e-02
1.263567114561097160e+00
1.408178054223254705e-01
1.350268613621466107e+00
-1.011958049788592273e+00
-1.791989718406231669e+00
-1.470581345388379813e+00
-1.303012828868210349e+00
-1.467899489532824786e+00
-1.118789974184735136e+00
-1.096034774866622152e+00
1.212672561726338749e+00
-2.801693396645190237e+00
-2.293098142624444780e+00
1.102500435820052971e+00
4.889459021192213983e-01
1.176838268532091281e+00
1.191544975204868795e+00
9.670051081330213183e-01
-1.649399219998883837e+00
-2.173012404150759025e+00
-1.714114073906683577e+00
-1.116235852667201822e+00
-1.126225648634905596e+00
-2.144299780505227737e-01
-2.005458470318844277e+00
-1.586697429107372326e+00
-9.690677144939229271e-01
-1.889512295127816266e+00
-1.697621222127544849e+00
-7.286124058510420332e-01
-1.084754207953027239e+00
-4.218319144172592017e-01
-3.320072842114705214e-01
-1.199881744779384363e+00
-1.982693960297884139e+00
-1.225647277044743522e+00
-8.842099093338086080e-01
-1.638627787965313498e+00
3.990639700735503226e-01
1.585155561201761154e+00
1.497270360552646062e+00
2.505406020199164807e+00
4.309615768170602657e-01
6.630956862349425274e-01
-5.776781964142587711e-01
7.467572276127887321e-02
-4.364420034138443150e-01
4.454206456243687828e-01
7.301081029673823775e-01
1.158742102900246707e+00
1.755507472701730354e+00
8.530370008004004578e-01
1.203405189001342190e+00
-1.234404682051028823e+00
-1.039004930044567176e+00
9.653236157981415211e-01
-9.841348024438502096e-01
-3.818858487826743975e-01
2.148225768763835308e+00
3.154557519581906444e-01
1.886696115034059984e-01
2.532180696100842177e+00
4.424667509821782474e-01
1.718181349487998943e+00
-8.666801513252564426e-01
1.037182622893415340e+00
1.027127477569542480e+00
1.973564341426575108e+00
-2.756765855071757976e+00
-1.494450383682521366e+00
-1.352179875774079054e+00
6.237023378606521007e-01
-1.425816941229449686e-01
6.822223136013463307e-01
2.786151619912477173e+00
1.472543731066456196e+00
1.462249401582689678e+00
1.211185095041053428e+00
-7.168703075239666322e-01
-2.077234958419440503e-01
-2.240198086559953339e+00
-4.178128752541970803e-01
-1.045763826001016028e+00
4.621156911225641206e-01
-6.392209442136925768e-01
-2.056962872698115952e+00
-2.207991337428015788e-01
-6.842752713748183613e-01
-1.006590087099623609e-01
-2.502464354891569709e+00
-1.331083720879268295e+00
-4.784671315820778759e-01
-7.494375663491490425e-01
6.752877879813552475e-01
1.601771226776807389e+00
5.625641924715487630e-01
1.498979193845273006e+00
1.088774363480699670e+00
1.127825467149989436e+00
1.569621618916559935e+00
3.674818863930904289e-01
2.315569563796590291e+00
1.184144708314297079e+00
1.282456241528310059e+00
-1.704674536442780663e-01
1.867002099407053972e+00
1.372233307132758817e+00
9.439629540088240178e-01
-1.564295147256015817e+00
-6.376422726596984170e-01
-5.232568860681396927e-01
-1.212423644366957598e+00
-8.355290420427798903e-01
1.326824728600752845e+00
2.351245693167522965e-01
9.296774113112885596e-01
1.195530650826915453e+00
1.525330359376834588e+00
8.488129137161614102e-01
1.039631531036077972e+00
1.470043072813091989e+00
1.156231904961002144e+00
-2.509569302001786184e-01
-1.151495745780930946e+00
-6.431663882278689792e-01
-1.893638602548506578e+00
1.919488257490062910e-01
-7.284273089856196925e-02
1.062812249745085591e+00
2.433928280899755769e+00
2.306569553422376018e+00
7.101459158292524609e-01
7.177447075407523691e-01
1.707503101099405285e+00
1.433723396003188766e+00
4.676516203993732468e-01
1.303181277586008324e+00
-2.036324618480167548e-01
-2.543720295352511762e-01
-3.802346199714163877e-01
2.551028767434646571e+00
1.297260784169230075e+00
6.454559264672314889e-01
1.364251894586971936e+00
1.992082375187239629e+00
9.846335491462113731e-01
1.623065175809660143e+00
7.319763424967586918e-01
-6.301080939047267737e-01
-7.822264865613317575e-01
-1.382423500819415896e+00
-2.020474552209967189e+00
-1.097044294510997497e+00
-8.841628671071453116e-01
-1.084404135159475979e+00
7.413926283137552975e-01
-1.154572117384807362e+00
-5.818757544548951444e-01
-1.747471086641012139e+00
-3.168543056710189099e-01
-8.007377344714028400e-02
-1.299144216119616946e+00
-5.847195311217328051e-01
1.186865726581177061e+00
1.434915817740445299e-01
1.585484786369138366e+00
1.685140780685149053e+00
6.518285721618437556e-01
-1.206572883090082371e+00
-2.016523134225297387e+00
-2.034030282391249056e+00
-8.678976312990216435e-01
-1.018931361806406199e+00
-2.063638401780993448e+00
-8.380827161120817381e-01
-1.139267875441725142e+00
-4.042153957689582633e-01
-1.268553337324447527e+00
1.492480013598345590e+00
7.851065262845329240e-01
1.357870000384350462e+00
3.938584770901265575e-01
1.479186428660905106e+00
-1.064407608463313615e-02
-1.722716583979131189e+00
-1.323984503523431222e+00
-2.126063525893377992e-01
-2.018783103490888742e+00
-2.128007243680313243e-01
-6.798540694638262050e-01
1.405307219407530006e+00
-2.944795230017744903e-01
-7.922437436421581047e-01
1.132632127747577044e-01
-2.183160944190627895e+00
-3.474225350290895964e-01
-1.559112927250143166e+00
-1.254175413708363385e+00
-2.033559813928667026e+00
-1.972013548921250692e+00
-2.341703674083936093e+00
-1.166227752555093700e+00
-1.693244043245420549e+00
-5.545584774470140310e-01
4.471103734871924029e-01
6.690791562229349010e-01
2.164629402862616736e+00
1.942380087000025402e+00
4.351526525774102039e-01
1.041352383502363033e+00
2.252476359724970845e+00
2.302353488354956124e+00
-6.185709936566230471e-01
1.736356539172081215e+00
1.282745989795039065e+00
2.370153733919208250e+00
8.674052221749837255e-01
6.822583581899599459e-02
-1.089358988107095527e+00
-1.861198926669935805e+00
-1.509459959257207773e-01
-5.095597834748732957e-01
-1.823718792627496033e+00
1.369538253269591221e+00
8.824732464017548406e-02
1.910510138065770747e-01
5.586153894358025784e-01
1.158889684136288567e+00
1.226587216232512878e+00
1.043653214410755092e+00
8.203283779781025409e-01
1.669771771248154124e+00
1.859722612014509391e+00
-1.306141315261380997e+00
-1.759549802433352017e+00
-1.527229533630419356e+00
6.003382660981699814e-01
-1.807661180462618367e+00
-2.884471215916868392e-01
1.157866485972147474e+00
9.427137652081535313e-01
2.635463742291687117e-01
-3.146485008027766206e-01
-4.426110301730734609e-01
-8.307841471494803454e-02
-7.241111487986564565e-01
-3.926682529580857173e-01
-5.687739754523231106e-01
-2.456071960434331736e+00
3.975380115119020452e-02
5.419701550262545631e-02
-1.399913768556069416e+00
-2.195846408818846740e-02
-8.186522568613222584e-01
-1.511610754819787239e+00
-1.833508762703080386e+00
-1.778336707442979892e+00
-2.624326350343138436e+00
1.688934276583792915e+00
3.374784447375128726e-01
1.554864391143978786e+00
9.264231811972925001e-01
6.179042816381169478e-01
2.086538040074030320e+00
1.824251168516564103e+00
4.894469938125467490e-01
-6.371538811027814830e-01
9.040582355092747768e-01
1.413683472188112411e+00
2.518916895772149722e-01
1.231430728761633508e+00
6.067446336110852156e-01
-1.280624779697666416e+00
-2.363030557583606139e+00
-1.245483991668365986e+00
-9.182899516623700409e-01
-1.896697897294368662e+00
-3.981533436105114676e-01
2.271603936079695796e+00
6.089049178329796197e-01
1.705376330581818589e+00
1.424647086535242746e+00
1.655332068690838820e+00
1.518376227533827283e+00
3.719657387557444572e-01
5.895833846005036349e-01
1.252591086662310005e+00
1.182474809513811120e+00
1.088428805053976767e+00
3.769577989199555113e-01
2.053451268116455175e-01
-2.019780711659908690e+00
2.138260871994515089e-01
1.660956303156686298e+00
8.860929656675251564e-01
7.617262850404520336e-01
1.242619112502427514e+00
1.115462805586362460e-01
1.608401217930729210e+00
1.917662033475984629e+00
1.482476384396145042e+00
7.412424296452326811e-01
7.864765240093782861e-01
-1.532311429045116746e-01
5.030965167306779007e-01
5.735844254968397449e-01
2.818177015730522150e+00
5.198656848485783133e-01
9.560441075701285873e-01
2.194653600925429160e+00
1.916694331246389771e+00
8.473088682372077463e-01
-8.953697613172355574e-01
-2.104763746493658605e-01
-1.138064684720157427e+00
-5.141081888151511903e-01
9.065007943022762582e-02
-1.996816479360307817e+00
-1.943465265868149272e+00
-5.743173088255562053e-01
-1.276566612251562205e+00
2.164107031447604079e-01
-1.559412098922902556e+00
-4.758559545422305082e-01
-9.068796979615629805e-01
-6.135837510432242681e-01
-1.146731283342525387e+00
-1.464174762112533390e-01
1.971872020662904346e+00
9.135914933840673102e-01
5.749099702121929223e-01
8.147080534437526333e-01
9.418343820299261981e-01
-4.125120043366006239e-01
-7.051234767911047641e-01
-1.638568317828958731e+00
-1.365964301879031284e+00
1.468780877705346821e-01
-6.617612202850509107e-03
-9.473176129073934693e-01
-1.921775363597304498e+00
-1.020989841754382788e+00
-1.504331863218431931e+00
4.235681733807845628e-01
1.371737775375133639e+00
1.778876908350879305e-01
5.595178507025709846e-01
1.695897220497922575e+00
-7.066762084989630655e-01
-1.405864098840637233e+00
-1.124925874818506921e+00
-8.134084177691986994e-01
5.149276654485070992e-01
-2.100979901645756875e+00
2.566439222895446903e-01
-3.854814201471239432e-01
-1.629419677079033235e+00
-1.462469733942384220e-01
-4.715332619696670502e-01
-1.539875205196000962e+00
-2.021218892472538275e+00
-1.028520856521641713e+00
-6.815351381404390896e-01
-1.780472781934492543e+00
-1.623984495750145696e+00
-9.940807732788073947e-01
-1.164376887644103631e+00
-6.761576785323617500e-01
1.422822963911254401e+00
9.132942128534993209e-01
1.411173294631154373e+00
7.549222455247572849e-01
7.145370076951286231e-01
1.124385263072402275e+00
2.489302294269837290e+00
1.221164162373028272e+00
2.020689903689497413e+00
6.158069008595885574e-01
9.975653582837251676e-01
1.719397901184787525e+00
1.016222717681932064e+00
8.669375058166404191e-01
8.992883574363828014e-01
-5.637495951907397496e-01
-2.171188287422603835e+00
-1.640860986353012141e+00
-8.172275577975117722e-01
-1.324705813933294563e+00
2.752201434092611976e+00
1.307721507480985812e+00
1.422942397137639148e+00
2.408847572067968734e+00
2.028439340569219151e+00
1.062993888051786184e+00
1.064487022821154261e+00
8.582260125987163368e-01
1.721353728276965311e+00
1.614290400252190505e+00
-1.093756537664924533e+00
-1.001216189216319830e+00
-9.455099281854575377e-01
-8.016914027575857693e-01
-2.910931282442541956e+00
1.852160579174584543e+00
8.606016371418780952e-01
2.110376868132812778e+00
1.647252780270579864e+00
5.204033333642956727e-01
-8.535358965663775166e-01
-1.580723341880206245e+00
-9.217640319289079898e-01
-5.154310984552593622e-01
-8.720458618103599235e-01
-2.425980593918463768e+00
-1.400431456744348324e+00
-4.968605588945600449e-01
-1.427802939707847329e+00
-8.382308673109934993e-01
-2.105608723041703545e+00
7.708352852187072557e-03
3.915877744677906946e-01
-3.301021572806364102e-01
-1.993617016460769165e-01
7.532694553926281289e-01
1.040074933440359617e+00
2.659008900513373241e+00
1.264961449441447172e+00
1.404284453012669243e+00
6.830726223104566230e-01
1.801571356811922264e+00
3.762142131345611595e-01
1.812479095113044281e-01
-3.238281793257433705e-01
2.854891832688587483e-01
9.730507743716095836e-01
1.591340749887412365e+00
1.472277238178973935e+00
-3.693757462827196303e-01
-3.243906672055865137e-01
-1.722376695148261971e+00
-1.158112447965238267e+00
-1.437111887664960008e+00
-1.236908559155243559e+00
1.394474979946712434e+00
6.212096566412472765e-01
1.116761584031497945e+00
8.343560799421059215e-01
4.437533629098522336e-01
-6.361620516776025358e-01
1.438196392215534303e+00
1.050621533261469231e+00
1.217561303544291818e+00
1.425417237487107691e+00
-1.255067836259319725e+00
-3.579668572649838953e-01
-8.991653613476199292e-01
-6.245923632372772927e-01
-1.085735601583835308e+00
1.093995050543211445e+00
8.332153250869105410e-01
-1.712538054846630686e-01
7.872583309799741080e-01
1.981232759153772616e+00
1.668753438599877903e+00
8.874822013983267865e-01
1.918345972727271143e-01
1.329586319372426662e+00
9.251041637456777211e-01
1.637750842833030074e+00
-2.948919453901370780e-01
1.110796044791636739e+00
1.445985011111939222e+00
1.000029665483842312e+00
1.742938939783321706e+00
1.193251125780026900e+00
2.225817333821920929e+00
1.607168676631596682e+00
8.632301512606771476e-01
-4.686569816076191497e-01
-1.401411239900248074e+00
2.749903741528394452e-01
-1.738382903829697401e+00
-1.576364267042892564e+00
-1.161020064683617736e-01
-9.211270698530102941e-01
-8.493857816378805881e-01
-1.513012047028587270e+00
-2.339103176594740319e+00
-1.886815354752733986e+00
-1.187871602368000268e+00
-1.359317657459643502e+00
-6.778393253087078296e-01
-3.003244814009741859e+00
1.825825141527634310e+00
1.175022878476075894e+00
1.866735850430892629e+00
1.414639371373698662e+00
1.447454682720378916e+00
-1.273647794573218972e+00
-1.928306291239799464e+00
-5.511387885475733661e-01
-8.351069859582820332e-01
-3.920424067271075508e-01
-6.756125102995871323e-01
-6.274480656628932396e-01
-7.023289780642557600e-01
2.472562427001725460e-01
-1.066654983559919057e+00
4.670972446636347808e-01
-7.272502058179552975e-02
-2.104309700921596082e-01
-2.237401138852159743e-01
1.745392543983230516e+00
-1.187280431219465138e+00
-2.917537459412026468e+00
-9.737006492223541088e-01
-8.376306690087090834e-01
-1.642827215457012269e-01
-1.851369929260546554e+00
-1.189656002047590588e+00
5.488959276884159966e-01
-1.413720940464092912e+00
-9.502050534407935345e-01
-1.641793757713962965e+00
-5.802335677688962301e-01
-1.365143874021210513e+00
-1.460899756840571051e+00
-1.234126061413387321e+00
-8.426161469921619185e-01
-1.383467494652369734e+00
-6.723183506234415852e-01
-2.737199272624236901e+00
-9.486979112871535280e-01
2.104056211503549267e+00
7.037947296360482774e-01
1.134445225097057586e+00
2.851755636419814888e-01
5.729799722884987290e-01
1.225963533147552020e+00
5.130666604733454816e-01
-8.477715820164721805e-02
1.434740736359372049e+00
2.415350593921246514e+00
7.344483471290910170e-01
8.041954002200596419e-01
4.069018640302998202e-01
1.506314491665235344e+00
1.753815232596626084e+00
-2.941293091764762835e-02
-9.073299227350916096e-01
-1.944827522983027857e+00
-1.824851282245718576e+00
-1.072255138167022226e+00
-2.119692846185605273e+00
8.930484436305365925e-01
1.178634060392023342e+00
8.413823578721335572e-01
2.294680844309800349e+00
5.637202897760530407e-01
1.736792150199485629e+00
1.534927443850121698e+00
1.498485830038086775e+00
1.806208333408923394e+00
-1.211787303811378669e+00
-2.482183407939542619e+00
-1.927659515408021162e+00
3.577676787386003809e-01
-4.321028709772469778e-01
1.076072759005780810e+00
8.914944327639319210e-01
8.500064882440268033e-01
6.273916260025451663e-01
-1.673448518271121177e-01
-2.039301733274618833e-01
1.588625881828203745e+00
8.185776220587098750e-01
1.825036356448026309e+00
4.121428414142518371e-01
2.405162460066434527e-01
3.862061695950089746e-01
1.765176280017962895e+00
1.678772296113623108e+00
1.548259160457201578e+00
1.627260925533059455e-01
1.364048282366597586e+00
2.555539389333487676e-01
1.864896517203496362e+00
1.830627266241874107e+00
2.741115799914846107e-01
-1.407262181177621141e+00
-5.074847872507451951e-01
-2.749517136405950080e-01
-7.018186789309965867e-02
-1.389126065961314938e+00
4.233602381158851902e-01
-1.018592604289012105e+00
-1.525601394538592448e+00
-6.045777209872521540e-01
5.884935986738117908e-01
-4.864998192183588310e-01
-4.963428491557360100e-01
-1.286099793758491705e+00
-1.545824933098032705e+00
1.579715352898209968e-01
2.605960504537707223e+00
1.862340047221745953e+00
8.675825686116273028e-01
-2.320767943822810153e-01
-3.484085495208022465e-02
-1.498613100237826679e+00
-5.311058369844092741e-01
-2.211742020993534119e+00
-8.692960513702986391e-01
-1.269258324542341665e+00
-7.445860030000603924e-01
-1.213368061331115744e+00
-1.112643825045612322e+00
-1.033142545514630140e+00
1.306332940606141468e+00
1.077035955503415687e+00
1.473151305332335959e+00
6.620151961346772973e-01
2.425013629799459114e+00
-1.106018014135251359e+00
-1.816708928442374305e+00
-9.178736395059163833e-01
-6.932983232246827665e-01
-1.281802310269082312e+00
1.185278814014362414e+00
2.396885987202015400e-01
1.590343586971343148e+00
7.740847059487987458e-02
7.149973995834686402e-01
1.235835124388145356e+00
1.026814290200183111e+00
3.915157453222235517e-01
6.561666941846375778e-01
1.026060696974226971e+00
1.006054316917203595e+00
1.254462503820201746e+00
1.639044856085428270e+00
1.322290140128183022e+00
-5.798661460558296454e-02
-1.867167887080225297e+00
-9.563232975664075486e-01
-2.461891426870773003e+00
-2.000593239804664414e+00
-1.009628757647545783e+00
1.191543537630845861e-02
-9.662661570780572973e-01
-6.593413669223596729e-01
-1.332281810379307707e+00
-9.473305812135024428e-01
-1.503098885417152086e+00
-1.036130548133505469e+00
-1.071157878617041703e+00
-4.770455798312278617e-01
-1.859728971650873142e+00
1.146119059156181619e+00
-9.203485804287914185e-02
6.937225553292697411e-01
2.041035492439449150e+00
6.391621755832121998e-01
-1.985952872415546633e+00
-1.977933783277611379e+00
-1.927284450969926066e+00
5.738957589719246855e-01
-1.044173410068504060e+00
-1.607125131066960311e+00
-1.504376541838792880e+00
-2.411754400459001690e+00
-7.992570066064745848e-01
-1.165379553393037337e+00
6.443380671342371357e-01
7.136376586542257927e-01
6.120939650785683916e-01
7.620640163125482758e-01
1.356241895052418656e+00
-2.429802062755284986e+00
-5.287481383574603733e-01
-1.199773075703962188e+00
-1.268342169253361407e+00
-8.387341157173126005e-01
2.179727404876272701e-01
-1.197466035481531410e+00
-1.316165606084255923e+00
-1.147935876227813345e+00
-1.303401375157726694e-01
-4.146399779438496580e-01
-2.655452879361957841e+00
-2.922537149262092626e+00
3.782410488431715567e-01
-1.038621306482299333e+00
-1.225543537280908035e+00
-4.295151379357087240e-01
-3.177268535419023321e-01
-1.508266937385598805e+00
-3.149645635230399199e-01
1.781405699454100322e+00
6.896935065910676510e-01
1.164686549915199265e+00
2.254869986291205830e+00
2.124835532471032629e+00
9.351999256249172721e-01
1.604563917668883954e+00
9.310696142798551289e-01
1.001880241388819925e+00
3.565415946313185147e-01
8.121148487422047424e-02
1.341286895332421070e+00
1.303528916640481539e+00
8.475758886045877682e-01
1.615445448210883761e-02
8.482260510457937386e-01
-2.140287013845766140e+00
-3.424159764174377063e-01
-3.187017562523573044e-01
-1.267697883106398304e+00
9.179283089139907981e-01
1.513944542269692439e+00
2.195934926144666122e+00
1.061093173186009153e+00
7.930202639412082810e-01
8.322940980046102943e-01
1.183788335922824286e+00
9.847365053386962774e-01
4.140720142500553536e-01
3.941425083195897461e-01
-1.853559911747475475e+00
-8.011076070192250098e-01
-9.370605237804218168e-01
-4.993864599974506824e-02
-1.103663963487435451e+00
7.507130862338187161e-01
1.178605608534072147e+00
6.802478906253009994e-01
-1.166228748255333514e-01
8.738799175692204546e-01
-1.269666574316405949e+00
-1.545787849603271980e+00
-1.292085822006414642e+00
-4.078760889575788751e-01
-8.838816269583673613e-01
-1.113656051682232695e+00
-1.408505288449160009e+00
-1.299211531368297701e+00
-1.724924154588814318e+00
-6.878538201962436371e-01
-7.401796446065966872e-01
-3.487760747217647506e-01
-3.628275234391896031e+00
-5.785100531110944910e-01
-9.713529593343590562e-01
1.074090855192736615e+00
1.619622272587416978e+00
2.456154618002684309e+00
1.439065240542567681e+00
1.569381008520561505e+00
9.551073244199166368e-01
1.508669417641361754e+00
1.221092542815406912e+00
1.725397928246080070e+00
1.846277334516724933e+00
1.696570359505960912e+00
2.401618543190815469e+00
1.904856148414501016e+00
2.021213801775817664e+00
1.647102731831238120e+00
-5.897469621220839953e-01
-2.208180832115085312e-01
-7.927178994650860844e-01
-1.074548100217454838e+00
9.603321949760879050e-03
2.589504605470836829e+00
1.241747723881757137e+00
4.631378854403945811e-01
-2.618534491780291074e-01
-5.286658467299873987e-01
3.345819556524427529e-01
1.452930796626632048e+00
1.012172516335712258e+00
3.940621531695324142e-01
6.674581213188184314e-01
-6.961465789641556601e-01
-5.594318823897451720e-01
2.196561404358101655e-01
-7.634465780674679625e-01
-8.970736073121009513e-01
1.582658738006509580e+00
1.423508408301363382e+00
3.414362324817750149e-01
1.509966004404887929e-01
2.220303095562267348e+00
6.973308518762461050e-01
1.136092037417501643e+00
2.040842395129512710e+00
6.444788857952314931e-01
1.273531451619830168e+00
1.209894382013450009e+00
9.866893720570922843e-01
-6.745407302915014114e-01
1.481263572005498963e+00
6.417575787814460142e-01
1.435020013181210530e+00
2.262676959249016129e+00
9.838564178616733269e-01
8.551525762093363792e-01
4.041569583366393381e-01
-2.068627001106457364e+00
-1.387842408676339678e+00
-1.193130649208923533e+00
-1.321968440396793065e+00
-1.804062576835070875e+00
-1.324220903667394644e+00
-3.185922038280475377e-01
-9.748548506144737447e-01
-1.279064955667642778e+00
-9.565807229368512576e-01
-1.982127027990800094e+00
-6.545154822695973262e-01
-8.917868011242322535e-01
-5.413852542369306242e-01
-1.808125593399818154e+00
-3.999920091974940028e-02
5.362741117419722592e-01
-1.184244933041543213e+00
-4.826562852951021831e-02
1.687918246238808484e+00
-3.856582489538096237e-01
-3.921748208730794216e-01
-1.006032953860329648e-01
-4.944643692573884586e-01
-1.736811116560106560e+00
-2.182411391303552328e+00
-1.303305203466465390e+00
-5.992567751317967595e-02
-1.469367486657506827e+00
-4.861143084544434778e-01
7.440943915095575845e-01
9.160420252505009353e-01
3.732750938215022574e-01
9.702504336882465941e-01
9.027356600811236031e-01
-7.684688750409929270e-02
-3.613624991968193978e-01
-9.017303822809049629e-01
-1.341760096623062060e+00
-1.032664049150534114e+00
-1.360221204705554854e+00
-1.402266662090238425e+00
2.846036214593474778e-01
-7.504553473284263365e-01
-1.633362815003686741e+00
-1.094255082232838294e+00
-1.991618962028172124e+00
-1.720585416653173993e+00
-2.523532316525640695e-01
-5.952982178298998894e-01
-1.128450966064005856e+00
-1.305094321785707168e+00
-2.704855923138325569e+00
-1.191142865754130309e+00
-2.407968929032276328e+00
2.143764174042508408e-01
8.551742636965001809e-01
-1.770798692966610854e-01
1.997566923637830616e+00
5.322029114071801237e-01
1.224936807248116599e+00
1.544066931475226667e+00
8.272666067246001731e-01
1.758679603310270290e+00
-4.505993118906934658e-01
3.647529624859182640e-01
1.343669860232829638e+00
1.831477099188651980e-01
9.879095928343527566e-01
1.758725905255786870e-01
5.266618032455423482e-01
-1.177374564644473098e+00
-4.825381611011195782e-01
-1.215986378589375416e+00
-2.377234085430977029e-01
1.042281291341655480e+00
3.446671361928878019e-01
7.634516428118580667e-01
1.142526378296615741e+00
7.385579209697709091e-01
2.556868135480166782e+00
1.990124194270429525e+00
2.618673901353504307e-01
1.888344797045218293e+00
8.951372174316658548e-01
-8.301782072039571858e-01
-2.215946763680210818e+00
-1.577005245274510248e+00
-2.294469594512372090e+00
-7.494372135915117195e-01
2.044904472260025585e+00
1.457845252885076937e+00
1.009645004046823891e+00
9.343788365008580676e-01
2.295134148512746108e+00
1.303446290868914836e+00
6.711453686920426653e-01
7.142185985137324833e-01
1.434728180837009592e+00
-1.249727959042854497e-01
6.708694984948491147e-01
3.217153045301748282e-01
1.320620690004663089e+00
2.170233936280682840e+00
5.061193749252534957e-01
1.155636004301018094e+00
2.057731386500474713e+00
1.317186088957730927e+00
3.372655738650085500e-01
1.819894372243989533e+00
-1.694575550716959755e+00
-9.792510800148671590e-01
-9.457471471124397899e-01
-1.104305215942479101e+00
-1.399256669253312824e+00
-1.419215270164840836e+00
-2.664559214502552065e-01
-1.494932303546845365e+00
7.063184154568986628e-01
-1.743082334575585701e+00
-1.337673121595781112e+00
-1.023402499317717540e+00
-1.674437884131968035e+00
8.018248622076917798e-02
-1.613485653806424391e+00
1.569400812901428521e+00
5.562235853163326471e-01
1.356924337879893416e-01
1.455784329700533064e+00
7.762855190843591657e-01
-3.085562232837910646e-01
4.282914301725486705e-01
-3.664098320431046218e-01
-1.660929663488796004e+00
-1.530655625051465352e+00
-1.820399535486896481e+00
-1.939107131622602065e+00
-9.983611567550219057e-01
4.052091016396601741e-01
-1.528931939985577859e+00
1.501544353663181397e+00
-4.132454066970430162e-01
5.320424613060749097e-01
1.810731651249556817e+00
9.260321711635342012e-01
-7.753875364247144741e-01
-8.592568822564854436e-01
1.840028371249147199e-01
4.181774423650157502e-01
-1.278901746597618239e+00
-7.580029938934979006e-01
-8.944477414883114097e-01
-1.468368169074279139e+00
-3.030870754116790966e+00
8.254902518999429617e-02
-6.182629660641109082e-01
2.425197935271299343e-01
-2.265395512300611980e+00
-1.275199425158006772e+00
-1.686557294164114484e+00
-2.459709833821994707e-01
-7.526003489910041422e-01
1.239017548858158957e-01
-1.335269725106774885e+00
-1.471568376486997343e+00
1.225157450106430845e+00
3.508134753032183806e-01
1.790647206960140680e+00
1.487034209842853505e-01
1.494665123478989832e+00
1.084927310050181060e-01
7.935700894760040480e-01
6.550616063695695601e-01
1.108591283556826568e+00
1.587167478088338246e-01
2.200413931306108850e+00
1.105581762581131500e+00
1.638637660197463930e+00
8.642018079413060772e-01
1.352772243622247350e+00
-9.590349635339647794e-01
-1.877099012725531813e+00
-3.008570059170825317e+00
-1.327102714803549910e+00
-2.294567786298919998e+00
6.358034796353716489e-01
9.824712159789447119e-01
1.455816878425495453e+00
4.068590297307110859e-01
1.715318061364029756e+00
4.134841779638366299e-01
2.796944729647421468e-02
5.314108745513708154e-01
9.976993840115592205e-01
1.223394527588333558e+00
-3.797033678272963009e-01
-1.119054561899078815e+00
1.384095994602860369e+00
-8.689859204480392396e-01
6.824698328625458110e-01
2.086644554623880765e+00
-1.705133066766844063e-01
1.357634317768968923e+00
1.922014953812283045e+00
1.349535845156467406e+00
1.221411066192067407e+00
1.307941234759481874e+00
1.129243956891648804e+00
2.197742388651314105e+00
-2.412126597167807418e-02
1.737920737743797073e+00
2.697155521629531094e+00
9.918095391397399041e-01
8.818685056506188058e-01
6.929900543192103468e-01
2.699471222215034771e+00
5.739923753368235682e-01
-5.499098346514159630e-01
4.006434181925605520e-01
1.146948766137686926e+00
-1.414049543705010903e+00
-1.111041500594739828e+00
-9.248453428406824273e-01
-1.670024334551325262e+00
-7.200117467370144020e-01
-4.768646143067711840e-01
-4.734772101499862273e-01
-9.360916813666072533e-01
-1.062611619319188794e+00
-1.770342773934951097e+00
-6.719401402457514383e-02
-2.104240617900140720e+00
6.602339171944415774e-02
-9.014931520500838458e-01
-1.321038685531261248e+00
2.653393311188843029e-01
1.217723078869968001e+00
-1.778767565442933574e-01
1.564358609739572525e+00
2.339075027141097607e-01
-5.013105264261306093e-01
-1.137050832214478113e+00
1.514778826359115538e-01
-1.576167209299172978e+00
-1.892024871802004515e+00
2.155759206116245608e-01
6.789113839521065952e-01
-3.891428836635817401e-01
-1.145392125413521311e+00
2.586605617987973726e-01
5.396988476962315540e-01
8.827906671507850245e-01
-1.954084805130151814e-02
9.773181696000852181e-01
1.101277751664874627e+00
-7.598400904983111381e-01
-2.550708888562553511e+00
-2.004522528279733873e+00
4.666651648005442077e-01
-4.237967179286986630e-01
6.561327562912765421e-01
1.944470996696687770e-01
3.775289711618489141e-01
1.433609918403918826e+00
9.801122226162135576e-01
1.585679177335531653e+00
4.596502925788821248e-01
-2.612416891001281272e-01
1.374553923678544010e+00
6.109562519194561281e-01
-6.317403892863850956e-01
1.287908385772814635e+00
2.487947266848310690e+00
-3.627335264572224549e-01
6.631177144680953095e-01
-1.566326845445126015e+00
-2.369826649582382316e+00
-1.625151557515174039e+00
-1.578273680621314679e+00
-2.054365669854593790e+00
-1.355021404250582595e-01
-1.853939684538876032e+00
-1.210350356391118432e+00
-1.418340199268247392e+00
-1.888034067550790729e+00
1.901861767623946875e-02
-1.339045362264440708e+00
-1.429420377788179763e+00
-1.648311356004864336e+00
-1.374962178590191098e+00
9.435549278915646987e-01
3.351059785044926409e-01
3.324094935241680426e-01
2.370483984172689906e-01
2.213791488855736400e-01
-8.115508685413892476e-01
-9.959449175048105118e-01
-8.227419050344684237e-01
8.165587167508119304e-01
-2.833330514006774381e-01
-5.956623412140865659e-01
2.497681929096620124e-01
-9.619227965220763510e-01
-3.706793872165836667e-02
-1.529192526538970753e+00
1.335899941954812542e+00
4.416190655664609110e-01
-2.447194960648659823e-01
5.585252664402815537e-01
9.513100134499781202e-01
-1.399053921970943470e+00
-1.444823763014830176e+00
-7.321457989818068723e-01
-2.574760103832089975e-01
-1.650076509626797305e+00
-3.128002791015371820e-01
9.106698728053519432e-01
1.031832746931484746e+00
-5.060178177678118505e-01
8.910305424538373931e-01
1.888075786593063743e+00
8.582568747858878577e-01
7.971985115484477857e-01
1.050105368528602812e+00
1.392877393100921513e+00
2.326800436531725413e+00
4.156051582796900234e-01
4.050194562135540632e-01
1.335693184090992691e+00
1.091869970357827402e+00
-9.546944298365086512e-01
-7.353947582666495730e-01
-1.844378183651764092e+00
4.630779304944794283e-01
-2.065543170619334123e+00
-1.152502122859451861e+00
-1.500552026620358248e+00
-1.248115595350907325e+00
-9.547808553137968612e-01
-9.893010712328269562e-01
-2.415043101594360753e+00
-1.225537684571492036e+00
-6.492105965503995879e-01
-7.856736098357069986e-01
-1.074658085563848342e+00
3.031701378207969366e-01
1.033047948122042259e+00
6.925060359608385951e-01
2.256580379475241482e-01
1.329097630428079491e+00
-1.279372909302559425e+00
-8.302504477179821762e-01
-1.239095386410683730e+00
-1.329946651727528462e+00
-1.201018411965810273e+00
-5.335301757800471334e-01
-1.175555521413077065e+00
-7.934663919549570510e-01
-2.038569436274335622e-01
-1.278065302099908429e+00
-2.751795135032477635e-01
7.026095965669163501e-01
1.373704417195563687e+00
-6.486235302850373863e-02
-3.138009812521360686e-01
-3.255138235080334397e+00
-1.222110830200648479e+00
-2.982155952882352690e-01
-1.362663410354961302e+00
4.138834665320185735e-01
-9.482480443821172944e-01
-8.278020332333519971e-01
3.640752459316183298e-01
-1.131868892884214217e+00
-1.463799682400445334e+00
-3.751733615377649267e-01
-9.385429944858439955e-01
-1.554724000685298702e+00
-6.810002493181827044e-01
-2.659199725684477489e+00
-2.250127231713750398e+00
-6.440033507765327014e-01
-3.012101949243176646e-01
-1.102083728263493434e+00
-1.978250334943797206e+00
1.263651580952426023e+00
1.826676065541330329e+00
1.430632165286472857e+00
1.800264228505040975e+00
1.736812133490480470e+00
1.078965798702076206e-01
7.824798065069870079e-01
1.060041383845718999e+00
1.603684308791514468e+00
5.734007843158164253e-01
-2.753554872863190894e-01
6.023217448108119099e-01
2.601570503808097179e-01
5.032560591899275515e-01
-7.692575498871745410e-02
-1.309313993753919547e+00
-5.660612642643269021e-01
-9.319265280064111812e-01
-1.658506196330638449e+00
-7.384941705487870767e-01
7.529436834747715857e-01
2.079194345309676173e+00
2.106503266426211773e-01
3.369299085057879672e-01
6.724346597965420447e-01
2.431513943412750844e-01
1.499752645015598018e+00
2.378223999668678257e-01
-3.738830633509335755e-01
1.520191297610483661e-01
-8.501410608940676017e-01
-1.159094480827517870e+00
-2.970964997118008544e-02
-1.201249788154953313e+00
-1.795226645660827458e+00
3.989294893892210148e-01
3.394708670421362484e-01
-5.885767941721220531e-02
1.497960505652651264e+00
-1.737663548998389373e-01
8.501387889222026262e-01
1.856150415638262885e+00
1.432830470439916848e+00
2.635734330975135764e-01
-5.075956942451842480e-01
2.058224984175631711e+00
3.016664908088382280e-01
6.372452416724323498e-01
2.843491840596514830e-01
1.648057908925658843e+00
1.382861950062145073e+00
2.366350407525665389e+00
6.452196586543935686e-01
9.362482136444489900e-01
7.770100424469204015e-01
-8.978757489074190579e-01
-1.134157369902870416e+00
-7.318005544205719026e-01
-1.867281642252351936e-01
-5.151544752252666948e-01
3.737549267195865443e-01
-9.676766805649356096e-01
-4.429784179859823645e-01
-3.408822307685752673e-01
-5.193590877899375569e-01
-1.454478831134857986e+00
-2.574196589851763806e-01
-2.825383354741454189e-01
-1.592010403224426440e-01
-1.361666216277779284e-02
-2.221033917696493276e-01
1.603846197266401541e+00
-5.854351747317569910e-01
8.796760168420763026e-01
7.785960616596214745e-01
-8.548494135744377775e-01
-1.434836996672792520e+00
4.250659713378754923e-01
-5.989330006830733133e-01
-1.576988584722177844e+00
-4.706312967150483306e-01
1.544280358420631050e-01
-1.798136966368771628e+00
-8.847374105616883089e-01
-8.359403963820416505e-01
4.911701227680171922e-01
1.435454565247465286e+00
2.049847234010441888e+00
-7.317686133250673741e-01
1.997951416312604422e+00
-1.067038721431232018e+00
-2.182507129559021486e+00
-1.183329609580669572e+00
-5.282929882445565051e-01
-7.045553790411624995e-01
1.949205606659957235e+00
1.323035130384778935e+00
6.993822504092079839e-01
2.005739356456433864e+00
6.147778421894805057e-01
1.132295591648617483e+00
-1.726071856540019045e-01
1.102473368527390640e+00
5.783248836632981504e-01
2.229049550636781341e-01
1.071378569245442502e-01
1.800659136220639223e+00
1.308705972723042343e+00
1.833418619516630654e+00
1.440351727912612567e+00
-1.231766765436013156e+00
-1.497812896849473940e+00
-5.165832377859067570e-01
-1.304206386592997369e+00
-7.231532549602650572e-01
-1.835066912920354953e+00
-3.417904958833106743e-01
-2.868212640915379641e-01
-1.556057517068499596e+00
2.413435000153807408e-01
-1.871939263264887909e-01
-2.019790941703394793e+00
-6.046702096370042412e-01
-1.331317068353180311e+00
-1.741158271687335723e+00
7.590756206538055162e-01
1.823110428702284347e+00
2.336987377510046926e-02
1.066672341408286595e+00
7.954467873440462800e-02
-3.742270739347549613e-01
4.351744272937518865e-01
-8.859468726014151363e-01
-1.187683960023792951e+00
-1.554061228378316173e+00
-9.463310660058443791e-01
-1.221337580996157746e+00
-1.025196020572934907e+00
2.262189545509056821e-01
-1.123341272419128067e+00
9.703090734891147706e-01
1.790907398062404621e-01
1.599902920728954570e+00
1.004267124786137444e+00
7.977932420853033335e-01
-4.462913516337387865e-01
-1.469049438159285792e+00
-7.672687722761963869e-01
-9.708014641318096771e-03
-7.763079917498816318e-01
-1.007567741610507328e+00
-1.157658889189034923e-01
-9.846711257685626384e-01
-1.254459068466448501e+00
-1.095417559493112591e-01
-1.021235909603608327e+00
-1.128742934470661652e+00
-6.175815720289798971e-01
-6.540369418710075822e-01
-1.694296302773397711e+00
-1.207412456376506293e+00
-1.504253976045609953e+00
-2.032123152260497445e+00
-6.815170035159984208e-01
-1.495375220732182653e+00
9.156457096167511800e-01
4.305437940334193581e-01
8.372225502358585647e-01
1.015224786307075355e+00
1.314459497924886699e+00
2.475488050787670424e+00
9.231416982447013808e-01
2.249607463424000642e+00
1.011189985959643600e+00
9.215377256140457884e-01
6.867876497847857920e-01
2.154256370342094495e+00
9.013086774073317820e-01
1.022008846918538882e+00
2.188875080902833226e+00
-1.472169612366055702e+00
-1.133270328659599313e+00
-1.738398899745616122e+00
-1.982052315895945327e+00
-1.946272304590432878e+00
5.680419892675827587e-01
1.151643874640964293e+00
2.603959718113344479e+00
1.304631294768195282e+00
1.351311402962340757e+00
1.865880844027286267e+00
2.178119335791657285e-01
1.633720723837081223e+00
1.378321159818664876e+00
6.926690839377835918e-01
-1.523037143650507463e+00
-8.639951211506794460e-01
-1.546379173626223125e+00
-3.286187363582551146e-01
-6.272743418785338143e-01
5.394393178646406106e-01
1.579595107516384100e+00
-1.432094721660861492e-01
1.920068101437795161e+00
2.367133381780330836e+00
-1.341661113070782507e+00
-1.203064384660059494e+00
-1.145055390532208506e+00
-9.222190992789383035e-01
2.511884670552944065e-02
-8.277667206661839527e-01
-5.738403568771179852e-01
-1.602122962886109336e+00
7.047777041583458413e-02
-7.020444914350081334e-01
-1.420295135780514695e+00
-6.216785255213330696e-02
-1.450010004564920685e+00
-1.428863998014657577e+00
-1.251106523258533887e+00
6.583380299092631560e-01
1.364263419284065915e+00
2.157474657046703825e+00
9.017160912813578788e-01
1.071690544506261666e+00
1.476382334831218834e+00
-6.174191517662479534e-01
8.590317302009919942e-01
1.838951086908357624e+00
1.217880665037015309e+00
1.160569145072235742e+00
1.176475015673939195e+00
1.793081109296135622e+00
9.642688901319442785e-01
1.510026206348369593e+00
-1.194819908307761303e+00
-1.009259890956234473e+00
-3.734514710690451933e-01
-1.860005407256085652e+00
-2.207127730140203248e+00
1.293463138417046743e+00
5.873135056537124310e-01
8.942123328825350992e-01
2.576508135414624423e+00
2.291918247658225383e+00
3.127013774208524666e-01
1.665846994014515303e+00
1.043549737588724158e+00
-1.654084670014821512e-03
7.974448191117722295e-01
-1.633111247062708715e+00
-6.320601278084932995e-01
-9.362899679657685770e-01
-5.324891479545532658e-01
-1.004141096044991466e+00
1.839233965570474805e+00
1.569210398446111210e+00
6.677473786299653602e-01
1.725089094932265033e+00
1.977801398456969784e-01
8.898304935092560264e-01
6.487141840856547326e-02
6.402930064625235174e-01
1.096863274629924279e+00
-5.474847308005186264e-01
1.456275738250388363e+00
1.229626161822003683e+00
9.002639705331594300e-01
1.278736028959029269e+00
2.503837438503553336e-02
7.189142348019106343e-01
-2.668519577844916668e-01
1.535515298840915532e+00
3.383425689994121743e-01
3.459728451841131980e-01
-1.445659368853532190e+00
-1.403591977263105584e+00
-1.846337121811992610e+00
-1.265015061677368768e+00
-1.401533985722833053e+00
-1.492886037542818789e+00
-1.090957285950787892e+00
-1.218044027848603550e+00
-7.144731714186718374e-01
2.123800894334118006e-01
-5.508630446280198267e-01
-4.916931713274446114e-01
1.275628541554987283e-01
-8.737338309811272241e-01
-1.915134559339020548e+00
8.049665185240845178e-01
1.261034456761696232e+00
1.304852831951676340e+00
1.574835424933381134e+00
1.083181953477214687e+00
-1.128357287308719981e+00
-1.549556076737621080e+00
-4.625043909131325570e-01
-1.173969118438953130e+00
-1.380902382013502017e+00
-1.305063932966467721e+00
2.803248939904463555e-01
-1.939026958066711659e+00
-6.844576640692151548e-01
-1.920050316284298786e+00
1.589681889038022877e+00
1.352210753629856654e+00
2.410999209584705927e+00
1.925996380745869097e-01
6.911267859633676292e-01
-1.747740784314141704e+00
-1.444342761480083226e+00
-7.604574220746206370e-01
-9.866934957200912404e-01
-1.773254140955850433e+00
5.062673141526398135e-01
1.690025311072965053e+00
4.516237213358910152e-01
1.432574933599006339e+00
2.072822464718151902e+00
-9.239640821235353130e-01
1.936931042932606317e+00
1.542492489701015268e+00
8.196636596788062779e-01
1.210414206637326018e+00
2.446175940931212267e-01
2.818445989871078528e+00
1.890796445922237279e+00
2.467873345222555415e-01
2.438217779108172500e+00
-1.250475469026993691e+00
-7.367240208642251709e-01
-9.421944494833911499e-01
1.554073804944928749e-01
6.306614478274192859e-01
-1.001799701383122576e+00
-5.901972629277073557e-01
-4.773780678877422856e-01
-6.184265591972530896e-01
-2.779431637792472820e+00
-1.291841485874367201e+00
-2.007431289210745984e-01
-2.016118983565630352e+00
-1.417540493532841506e+00
-1.126298613725460029e+00
1.844693433148180350e+00
-5.566466861465722005e-01
3.270483663320338241e-01
9.983618827069025148e-01
1.177878692372116731e+00
2.853038828810885441e-01
-2.019505943082837263e+00
-6.656476771932540171e-01
-1.088429322349343531e-01
-7.444912384812796269e-01
-1.170828413412900559e+00
-1.460874137563782593e+00
3.687457026557148243e-01
-1.223118045442251445e+00
-2.001493093986802752e+00
2.353971819469091287e+00
9.169442992584324603e-01
1.922958591876395396e+00
1.723295815742121651e+00
6.943941352666401778e-01
-1.801248702366740728e+00
-5.009904509382001603e-01
-8.396859077054790177e-01
-1.165495219393982929e+00
-4.920974626069385405e-01
-1.326495743161679286e+00
-1.973510355811601169e+00
-6.714617891703165142e-01
9.813233190327608213e-02
-2.061623222666345789e+00
-1.678617385048046140e+00
-1.055613164264411985e+00
-1.247149650382554098e+00
-1.916910866246838152e+00
-1.138902547454988312e+00
2.579844607760595210e-01
-3.840623267816414277e-01
-1.677979626758358878e+00
-1.540366466191821493e-01
-7.658607612585827118e-01
7.629982200549558780e-01
1.792649857564986737e+00
3.193973355481788401e-01
1.100429461696731614e+00
2.136039343718201255e-01
6.091913649539153486e-01
-3.991335710358980826e-01
1.787654460719465543e+00
7.062808767211533612e-01
4.403874608044089367e-01
1.097670516674122743e+00
2.044371199652346149e+00
-1.407502076317443951e-01
1.350852928842009915e+00
1.464077106258510064e+00
-4.520209199117584120e-01
-1.223143598567471457e+00
6.680535467443937669e-01
-4.560896083084342578e-02
-2.104776731754485208e+00
8.736898032595701302e-01
4.439403903097995929e-01
1.918486439757482787e+00
9.880133935409566304e-01
3.794642750111699714e-01
1.413019124061466236e+00
1.652382214893993728e+00
8.689215898180233655e-01
2.802668383530474427e-01
2.133575046670834752e+00
-9.838716791212314128e-01
-1.469929233477109687e+00
-1.449476480624162011e+00
-1.614271692911115608e+00
-1.029445873787707910e+00
4.422835083193445982e-01
2.465786980326380995e-01
9.208363729808688447e-02
3.779968050017357140e-01
8.808269046230510213e-01
1.411254013520311545e+00
1.694890841876157239e+00
1.306383867751387040e+00
2.606364426643181798e+00
7.595011528905650788e-01
-8.521008292656779837e-01
2.349919292391775549e-01
1.324074570684099283e+00
1.758100648529579813e+00
2.285593356961161504e+00
-2.906795076761561347e-01
6.132587386315615507e-01
1.278831658658898363e+00
7.201015455188056746e-01
3.774037921652639849e-01
-1.429387351606587586e+00
-1.175815127807644522e+00
8.199086372291275460e-01
-5.440627122320207398e-02
-3.279365842621698945e+00
-7.336191750275182777e-01
-9.337027306823409978e-01
-4.656796060406520610e-02
-6.054543185903598079e-01
-4.657783865279642166e-01
-2.037756804162719204e-01
-9.270473074162453031e-01
-1.742927676955220884e+00
-2.230807120633358842e+00
5.881317498480500561e-01
8.704951186018570208e-01
1.286211711452870610e+00
2.455958950092970383e+00
1.383100566580170554e+00
2.842460428176942777e-01
-1.593368712965741452e+00
-5.206143729390032560e-01
-3.639478992551758996e-01
-1.434922417512334958e+00
-5.318170043513004153e-01
-2.182734636305683207e-02
-1.391764999438620309e+00
-1.591427019943517873e+00
-1.136934441041299593e+00
-2.323984401130153366e+00
5.845771078247404828e-01
5.330453101546038797e-01
7.162792377547826383e-01
-1.017765634057574697e-01
7.472359143945450644e-01
6.696100200820609416e-02
-7.550495516240958160e-01
-9.477753364335378405e-01
-6.593308716561689931e-01
-5.290263874086196250e-01
1.496325169734845417e+00
1.124663643823519132e+00
1.767762307415757794e+00
1.109000403512840682e+00
2.185159884921918483e+00
3.542385103786480638e-01
2.036876181418416198e+00
1.523775352936256100e+00
1.876258444743626352e+00
6.784820624405418776e-01
1.684127636634288327e-01
-4.921847253105693376e-01
5.530356434032315249e-01
9.733259499156330374e-01
4.432762371829821468e-01
-9.614776714653391343e-01
-7.603726071870894332e-01
-1.086024383003981519e+00
-9.962571568077963624e-01
-1.120773768756416988e+00
-3.177041427175424371e-01
-2.164605942667703342e-01
-7.421890633002611315e-01
4.710604841260379594e-01
-5.029652790586709443e-01
-2.311694443605853522e+00
-4.016914852252668755e-01
-1.017434714278724339e-01
8.128463939669074989e-01
-9.109751232108284080e-01
-1.550225320609248669e-01
1.075016155408305973e+00
1.080362701615145138e+00
7.644538043769303348e-01
9.582138398704074245e-01
-2.151467252279502418e+00
-8.040631006501322009e-01
-1.328263353427772131e-01
-1.095736294498292462e+00
-1.513502629982633296e+00
-1.206605254636265334e+00
1.262981707599741377e+00
-1.270838206054700770e-01
-1.186328664785246456e+00
-4.883991519189045949e-01
2.023877722144312052e+00
2.647544095405983455e+00
4.417678032079994654e-01
9.080727184287925580e-01
8.476028022751105340e-01
-1.328805665986347861e-01
-8.236282249791919696e-01
-1.612480341530238004e+00
-4.813988097048763626e-01
-8.035943572466399676e-01
1.458826455459556692e+00
1.162238533407895735e+00
4.867949624123688590e-01
7.025536019351912298e-01
1.482672122520234392e-01
5.786967138753021933e-01
2.281891705038131768e+00
7.108626801598179057e-01
1.546263602172714080e+00
-2.436966690575026462e-01
1.354406966386756395e+00
2.315024745403605255e+00
1.118545310708621843e+00
1.173842826475333112e+00
1.056995696515266259e+00
-4.289094572868048516e-01
-4.369097586443357883e-01
-1.326884162501289266e+00
-1.976993781585580034e+00
-1.646424059410834362e+00
2.159319383903468559e-01
-1.296823302567842173e+00
-1.255197134587135555e+00
-2.127429558793026310e+00
-1.221280732304903971e+00
-2.265501074413528215e+00
-1.102926686681060753e+00
-4.673931015629875230e-01
-1.696130173510036698e+00
-1.939577851032060263e+00
2.161883524018342495e+00
-9.628848815684383222e-01
1.180059637953273066e+00
1.242789015454181412e+00
4.073921987393077648e-01
-1.860579314565058873e+00
-5.688720826857441848e-01
2.983475871928269463e-01
-6.136179853849020871e-01
-6.551499202305535174e-01
-1.485260162417972207e+00
-6.436688416034477278e-01
-5.160175513891553933e-01
-8.357393766488980802e-01
-1.088003718474416459e+00
9.074922111580068229e-01
6.584162280379102228e-01
2.101836208669942252e+00
-3.446111783799143957e-02
3.411823926286771114e-01
-1.123944018671432454e+00
-1.887441950887201125e+00
-1.868483889111983043e+00
-4.170435348632084427e-01
-1.581226568126593790e+00
1.334413101926710254e+00
1.966682962634878962e+00
7.463649247919175167e-01
6.504839745560753173e-02
2.314932208231263999e-01
1.232803451829908026e+00
1.603300478012295915e+00
1.116179878760146016e+00
8.269403923856972760e-01
6.534734192912328155e-01
1.419875403310895123e+00
2.719822538029304404e+00
-1.838306576046107033e-01
2.016902114547690861e+00
2.101179701860532711e-01
-2.570838139386050436e+00
-9.784579481695730996e-01
-1.239406939793535667e+00
2.964890727065871978e-01
-4.238506394032182101e-02
-2.189774861606301748e+00
-1.334225199009997365e+00
-2.429437639632006096e+00
-5.547709695566767074e-01
-8.631151932513216885e-01
-1.132981045721237479e+00
-1.769060202854585206e+00
-1.060207636718766722e+00
-1.737225608066668370e+00
-8.389211183491400714e-01
1.872545957975420006e+00
6.009420804681323558e-01
7.083559594600876697e-01
-1.065299357604646779e+00
1.990665528780747762e+00
-2.052431107332152393e+00
-1.881553413332605285e+00
-1.369236665916452322e+00
-1.614991406541046892e+00
-1.071210004204872224e+00
-2.856333467910818769e-01
-8.756562566538290682e-01
-1.924314282158837708e-01
-5.782351888579112531e-01
-2.107448681860402573e+00
9.351105268624082534e-01
1.168932249373943355e+00
1.414890945575919545e+00
2.513780890513571009e+00
2.176163693213546857e+00
-1.154627332396612305e+00
-1.615779624425179861e+00
-2.402999023449070570e+00
-2.245835667717667405e+00
-6.490896208659256983e-01
