-1.067152587714084166e+00
-5.444670323879847729e-01
-6.757834101182720321e-01
-1.971676754401502807e+00
-1.522532117094551385e+00
-1.479222947538141764e+00
-1.315623054686930971e+00
6.677370452992303917e-02
-4.692014879958279483e-01
-1.280391220702038924e+00
5.328824975380246354e-01
-6.589760078304249813e-01
-1.952959419655385442e+00
-5.962533109632408568e-01
6.496306892529433163e-01
-2.084837382190691812e-01
5.438222330441238039e-01
7.563602930450767925e-01
1.111491918062833761e+00
2.148246562990156150e+00
9.492080338329172973e-01
8.542463296187635668e-01
2.814436268420157372e-01
6.144907562346836327e-01
7.986301866148950435e-01
7.563395378448863893e-01
-1.106663691431693852e+00
2.192723572741119842e-01
-1.935012199721581894e-01
1.764838933857258096e+00
-9.302251679938455808e-01
-1.670822173415593470e+00
1.194732991543955514e+00
-9.790682981462069945e-01
-1.236975292256359271e+00
1.764871582624560009e+00
1.266251857181835971e+00
3.672619059474467873e-01
1.549610287234948869e+00
9.463300305536948009e-01
1.393101977162519045e+00
8.535142395766404100e-01
3.181635398631087464e-01
-8.392059674284872983e-01
-1.885622765030814385e-01
2.911572319579325274e-01
-1.086869116411329106e+00
-1.397906854298438750e+00
5.948823993867220494e-01
-1.634670290403403392e+00
1.628478893189959642e+00
2.452480741313675328e+00
4.413762953864397431e-01
1.709195317163976213e-01
-7.571805673033860096e-02
2.462108075377721583e+00
3.267299441834358165e-01
7.423510983432851651e-01
-1.908463540449747420e-01
1.135320524382720686e+00
1.418596947327131375e+00
2.059483263197032343e+00
-4.005481779041233370e-01
1.299181648273312728e+00
7.146187930353701256e-01
1.425576700772683170e+00
1.290936419098380528e+00
3.158040350657910222e-01
1.610381202069655071e-02
1.568077380561101020e+00
-1.474760568870464805e+00
-9.370682039325493040e-01
5.224164161057869293e-01
2.573107326743022671e-01
-1.848824686862258426e+00
-2.516161793236555422e+00
-1.634796757510681209e+00
-3.362860680530386226e-01
-1.868826002832866706e+00
-2.302226626546132859e+00
-1.570356508252965799e+00
-5.168266132723204898e-01
-1.528652894941417983e+00
-1.356313433941867430e+00
-1.973665433930943847e+00
-8.991811972104946094e-02
1.924269572517929960e+00
1.313308346384945979e-01
-5.352581762201085169e-01
9.898252256466987253e-01
-6.700882772709719770e-01
-2.085967797015388037e+00
-2.707170296133315723e+00
-8.574896633031690030e-01
-7.240509030133289725e-01
-1.526065990629887903e-02
-9.992858726629355592e-01
-8.186710633869965781e-01
-5.321468330456959883e-01
-3.921214448202744451e-01
-4.440705646139426754e-01
9.470715729449167286e-01
1.786569574157527374e+00
5.914949376033927786e-01
1.168478317597088534e+00
-1.613309650075468671e+00
-3.062180165080404803e-01
-3.588783938825748088e-01
-1.103538929658289369e+00
-1.224440651754102438e+00
-1.879370833617668435e-01
4.714662246018530567e-01
7.390683891973620634e-01
1.508369512204607688e+00
-4.087662582324800287e-01
1.872358328639472935e-01
1.443256394294431644e+00
1.389335458411498081e-01
1.142614473794829388e+00
2.213747436618527686e+00
9.898163049657601187e-01
1.219566120104428775e+00
1.708909074492860558e+00
-5.898282271967025814e-01
1.551691129386379320e+00
-5.548471345315389991e-01
-1.100616779371516252e+00
-1.239905087019084196e+00
-8.299386785114112319e-01
-1.628710721163627140e+00
1.190708512760094706e-01
-5.312840566454738456e-01
-1.624750039777244082e+00
-9.258223923443533732e-01
-1.835836156040697054e+00
-2.515570428344303888e+00
-8.204001596165788612e-01
-1.442951357405927837e+00
-4.439709863540214352e-01
-7.444459822068717481e-01
8.537431933195449574e-01
-4.880803988689297324e-01
1.022087178117585093e+00
1.165525877690935186e+00
7.870834205667531780e-01
-2.362125928272491571e-01
-1.284643555583168784e+00
-2.050913310757369601e+00
-1.258934154049055287e+00
1.699592391543836012e-01
-8.782432807587881030e-01
-2.927929040488854717e-01
-4.196440404256625012e-01
-1.193506146763992470e+00
-1.812856276409799072e+00
7.771093469392014175e-01
-1.147652425284474198e+00
2.628951541384941804e-01
1.563231779413417843e+00
6.408692917465663719e-01
-2.194963384206213508e+00
-2.111740950900459879e+00
-2.592756096204210436e+00
-4.135022993219745757e-01
-7.129723018928668665e-01
1.129619804919023363e+00
1.888187401520192044e+00
-1.605850487067761456e-01
1.646879365115442084e+00
8.344254920939558895e-01
-1.931697054201428898e-01
1.014630550171078616e+00
9.519890341715814275e-01
7.847183655199246877e-01
1.240196143814885188e+00
1.329226926666923658e+00
1.110362734629519066e+00
8.447209056422958495e-01
-6.366329176131371170e-01
5.376105753598272585e-01
-1.602391497226402617e+00
-1.482874631880174210e+00
-1.338274626507903964e+00
1.801191237590273886e-01
-9.409718721157598331e-01
-9.321603760558855312e-01
-1.874180110276786548e+00
-1.441287467860227656e+00
-1.039537437025836564e+00
-1.386968755807137299e+00
-4.562206957959991094e-01
-1.332173286646657129e+00
-1.138605791768535491e+00
-1.242856660015771997e-01
-1.340306982542109449e+00
1.762620435437990407e-01
6.448915861523186743e-01
1.151431446572166672e+00
1.781331834315702078e+00
1.378822839227664909e+00
-4.072760221281184201e-01
-1.512461445924900838e+00
4.934987934221823913e-02
-1.039687101036619987e+00
-1.142841154078761523e+00
-6.968823115645101929e-01
-1.846826335377395267e+00
-6.607522228648361473e-01
2.064277269485157440e-01
-1.151213030553179140e+00
1.341560532132953121e+00
1.291876040220269584e+00
-1.664822369042506800e-02
1.916695357853396509e+00
1.385676056394141931e+00
-1.403743083114453061e+00
-1.058744783691904834e+00
-1.840422926470786091e+00
-2.068694587165929022e+00
-9.934588534033790275e-01
-1.371278275133807067e+00
8.940459936684597153e-02
-9.489984299783148503e-01
-1.246527033927792960e+00
-1.620221052775545401e+00
5.262834285093740405e-01
-1.692295033129512349e+00
-9.821569614990810493e-01
-1.543071268748261282e+00
-1.598338806763535125e-01
-1.294436840837990044e+00
-1.234904767528320235e+00
-1.258219362336481240e+00
-1.226814901496410259e+00
-6.927339791980715589e-01
1.351776699765028233e+00
-1.511952451616063176e-01
7.048167162625640358e-02
1.370438304243656980e+00
1.509965981956114200e+00
8.876674354586265858e-01
5.144777509100748603e-01
7.780550585756951243e-02
3.475431239183357501e-01
1.646513334836184450e+00
-2.455489704638469384e-02
1.418248388987037423e+00
1.548816904776916914e+00
1.922567193408466268e+00
1.456278520760818429e+00
-1.524865575735239842e+00
-7.007141792951114834e-01
-7.186641213133255768e-01
-1.352871349496483244e+00
-8.025044185443881428e-01
6.472407046761745608e-01
9.839946142634152793e-01
9.644516112791190476e-02
1.618948844211621996e+00
1.679181285387733258e+00
-1.576877168357480041e-01
1.523441053433895576e+00
1.574059564071620398e+00
8.818084568667656775e-01
1.824153118954425334e+00
-6.657713620635163920e-01
-1.105453804059977063e+00
-5.899851677211138679e-01
-3.700245922435561052e-01
-2.375624850118692066e+00
1.013453225646817835e+00
1.277902568728136679e+00
1.002611241164949041e+00
1.011055890274835667e+00
1.858976323289999177e+00
4.162083757902901304e-01
1.144695773300739683e+00
9.961674933623726469e-01
6.285307212540323096e-01
8.521725300154072702e-01
-1.314808101160809262e-01
1.404094427604800632e+00
-1.518243049120733268e-01
1.472628878630432236e+00
1.098212444108532138e+00
2.027372344907528046e+00
1.112010835344964699e+00
1.401431442924461646e+00
1.060132097050108690e+00
-3.097743533414623052e-01
-5.281199078793500368e-01
-9.374890054904914116e-01
-9.833352325195122701e-01
5.695068424758482628e-01
-9.862721974681416537e-01
-1.460650362460135687e+00
-1.196581824674915140e+00
3.035343624809563323e-01
-6.888151089863852050e-01
2.071420373654160318e-01
-2.004251236081175946e+00
-1.101387039519959199e+00
-5.018938216550107301e-01
-1.676252941118926199e+00
-1.040999352980790604e+00
1.069586655149863619e+00
7.023788643497042017e-02
1.368866598518339250e+00
1.367323693568148091e+00
7.582946737394699044e-01
-2.378976823305096744e-01
-1.347816306214798088e+00
-3.404021881064592803e-01
-1.240319807703102573e+00
-1.266933338096601913e+00
-1.392290483109976496e+00
-6.825906248137897370e-01
-1.307507686665132063e+00
1.729987584800634082e-01
-3.038452477626495396e-01
3.747463301233989741e-01
-7.899687575882832213e-01
5.401549388177249167e-01
1.272530841938404267e+00
1.512843943643433331e+00
-7.577776493331387364e-01
1.031544794402601717e+00
-1.741580296602419864e+00
-1.333966937055521385e+00
-1.447419133591184792e+00
-1.914827669268484023e-01
1.367428195795539425e+00
6.603646110554025617e-01
1.326349559881271567e+00
8.355009515514928431e-01
9.050326600111789910e-01
1.008029163598126221e+00
1.627534770703537692e+00
5.207632676639362135e-01
-9.910352977516461159e-01
1.753460573928842248e+00
4.545396608767444668e-01
1.458440959523769953e+00
6.234872943390750155e-01
-3.278960876437049254e-01
2.093033687231882212e-02
-3.762059092256674342e-01
-8.066234647954915182e-01
-6.178230982543145844e-01
-1.171752580147750189e+00
-1.148224098463699772e+00
-7.099867401342723205e-01
-1.651918866170434264e+00
-8.218842108386517076e-01
-6.161731207278204892e-01
-1.097443393965694902e+00
-1.085721255655207163e+00
4.617023388473884271e-01
-2.409906005624689929e+00
-1.198911444917320379e+00
7.526090647243034448e-01
-2.251565664901167274e-01
2.178245389116315156e+00
2.747780960906879288e-01
1.710169246734723369e+00
-1.396366069295188694e+00
-6.022267050131707711e-01
-2.316089229206061528e+00
-6.354969950045037397e-01
-9.990517109012756469e-01
2.184914668021942230e-01
-7.622052673264589906e-02
5.243019358981397815e-01
-2.099521527560166412e+00
-5.565857384543635433e-01
1.147811830613891804e+00
2.897841996415531085e+00
1.271966046000511996e+00
-1.554660172389246142e-01
2.478903478462370913e+00
-1.059582290584682340e+00
-2.375964824200163861e+00
-9.872506453766712875e-01
-1.832521318171478786e+00
-1.032553718119513464e+00
-1.222712401016010197e+00
-5.233362390692273269e-01
-2.476081191711156482e+00
-1.603302230161523179e+00
1.668155960611916733e-01
4.809502077135570097e-01
-4.515768177714931664e-01
-1.381348914171092401e+00
4.011884170675983352e-01
-2.876950691629158730e+00
-7.868058973203961859e-01
-1.190413084042742264e+00
-1.587630871055520032e+00
-2.108940849291796926e+00
-1.280854167611680694e+00
7.309196558159276602e-01
1.150896174869379784e+00
1.851422148970027104e+00
-8.410644704391656568e-02
9.292329159768997204e-01
7.613828880421685819e-01
5.136608769696209276e-01
1.441297016745880732e+00
7.494086532049654137e-01
5.305486899889921837e-01
-4.376777913301754808e-01
9.981708502288942908e-01
5.420987267361647710e-01
8.408626253397550876e-01
9.797463039158493814e-01
-7.589389958980319317e-01
-5.706386288213649571e-02
-1.831950694190017881e+00
-8.781670675823547434e-01
-6.896013518958890032e-01
-6.671325294802363803e-01
1.682655211212905400e+00
1.581676250242618487e-01
4.655266984215032933e-01
1.101200776546894300e+00
1.194296502582030461e+00
1.498395676175227287e+00
1.411334997514135603e+00
8.291548104267776331e-02
2.131436365242745712e+00
-3.415523378752006067e+00
-7.013386148331157699e-02
-2.372988217681852419e+00
-7.316029653680333755e-01
7.642388473353811662e-02
2.060871939387915575e+00
4.742770951986141625e-02
1.294460098090828737e+00
-3.066326752147219281e-02
-1.978842269200693504e-01
-1.640248822630609338e+00
-2.097775721902336965e+00
-1.304549660848183024e+00
-2.551423825982779725e+00
-4.840909024291876195e-01
-1.564185659973914122e+00
-1.065842560753117230e+00
-1.452150012734132911e+00
-1.657958596226608350e+00
-2.683885454696428141e+00
-8.678250045223244724e-01
-1.351402860046682086e+00
-1.848488067959773495e+00
-1.356694471493608445e+00
-5.124064498281294400e-01
2.383897461638048831e+00
8.908196218323195525e-01
5.605465419381828740e-01
1.764440703341573657e+00
1.691213668957556759e+00
1.415255295766693511e+00
9.835054391283881703e-01
7.533700019459579345e-01
9.007926407080014686e-01
2.231778378086764381e+00
1.569554161903471634e+00
1.644068981568112653e+00
1.589773240682759825e+00
8.614441355319373272e-01
1.098594250853784038e+00
-1.426246766147329259e+00
-8.700938100630413174e-01
-1.470400188471871150e+00
-1.947369570341720646e+00
-3.812754898600178022e-01
2.172324268843591089e+00
2.016345685663753162e+00
1.257732213880173866e+00
2.090520177325496665e-01
1.941123992946526267e+00
1.658976787684973031e+00
9.718180884297453748e-01
1.812881482068966044e+00
1.716558646560781387e+00
3.235846304526621697e-01
-1.069984766681935762e+00
-1.267291496199852041e+00
-2.352151623117755275e-01
-3.686332507680074588e-01
-1.309910703106612839e+00
3.299145821310369708e-01
-2.956664517366656142e-01
1.201482296136107575e+00
2.155291592181229010e+00
2.068675923196942712e+00
1.399097755519688846e+00
1.004496706597189704e+00
1.283000349298953680e+00
1.087937298012946918e+00
1.668758470521360060e+00
7.737275491566332208e-01
-2.514458370160923550e-01
1.275827841179763888e+00
1.669242390061013159e+00
1.430635882129549508e-01
1.327250574282026641e+00
7.768867482879895370e-01
1.328593044577702997e+00
2.267383870009588520e+00
4.786861968646549670e-02
-1.766758340783360914e-01
-1.075789806804587245e+00
1.257698336147621276e-01
-1.449384477347018141e+00
-9.894620344806859258e-01
-5.348237507741553376e-01
-1.148427319855208850e+00
-9.055908570189004081e-01
-9.759160644283431107e-01
-1.143419576871952392e+00
-9.141775333285961924e-02
-1.558731719570279894e+00
-2.331638630494811792e+00
-1.397828462687330076e+00
-3.790852084143643275e-01
2.458338049563844496e+00
9.589315310402479753e-02
1.262595679817726246e+00
2.255549861126089350e-01
1.427289644715396877e+00
-3.148640774844429835e+00
-9.751875509737394365e-01
-6.522860524744579225e-01
-8.663368594785127996e-01
-2.795064649543842705e+00
-7.944196182152682972e-01
-4.395929488041632194e-01
-9.667663342900929546e-01
-3.023221539966666205e-01
-6.350708503410399386e-01
-1.183473293431158702e-01
1.337375917509003420e+00
-6.520471677657990739e-02
4.922355654444805495e-01
2.970846148704799461e+00
-9.953512444607608423e-01
-8.507470903729174028e-01
-1.259458726126540418e+00
-7.879788970684011851e-01
-9.553406186153398094e-01
1.527784455766670213e+00
5.795780709973301636e-01
7.117992607949401584e-01
9.347752444184688203e-01
4.099741107141189334e-01
9.905529388479734632e-01
3.714090978883785032e-01
-4.812847308018848302e-01
9.584106507171874512e-02
1.429612207445359662e+00
6.498706950330223053e-01
8.491982219888185579e-01
2.057024226626771757e+00
2.359981867642903630e+00
1.039600734896043654e+00
-9.570804464882703977e-01
-1.305660295471401389e-01
-1.021505291806859228e+00
-1.628491010947262563e+00
-1.732267095163194437e+00
-9.335758058469367793e-01
-3.754057267761556904e-01
-2.649849696567365687e+00
4.222161362726912781e-01
-1.660139058706099568e+00
-3.643176089631716685e-03
-1.839876442317026850e+00
-1.427464495865635730e+00
-1.049910145401286687e+00
-9.734086010651157306e-01
1.116775774685269562e+00
5.396125700217652144e-01
1.181260751059526548e+00
1.504306359551621730e+00
-2.093346212852540411e-01
-7.646167567087941430e-01
-1.521991338949431949e+00
-4.696426578211607694e-01
-1.611368555387040491e+00
2.563904855940866145e-01
-1.368390680160204154e+00
-2.061440885349454799e-01
8.740773246389341722e-01
-2.080574843782847516e+00
-1.161104313406392530e+00
9.308701372527131701e-01
-5.728576755878371785e-01
1.432869104250656722e+00
6.360699024014693226e-01
6.242035334383158052e-01
-2.830648823926932955e+00
-1.497348290187510589e+00
-7.409285364464709422e-01
-2.946150743942514971e-01
-7.840383620325378500e-01
1.003128495896882244e+00
6.592935870161656942e-01
2.713987940999329052e+00
2.742825335436542833e-01
2.679640575685047210e+00
6.258423119451268501e-01
1.469541764308947229e+00
6.056892858752311870e-01
4.203481218612845627e-01
7.938390873457188412e-01
4.134390830339895739e-01
1.600176954159154397e+00
2.244607865652992196e-02
1.466867676832734890e-01
-9.862484817548144989e-03
-1.968200629356191556e+00
-5.057874070236755282e-01
-3.842714321648843523e-03
-1.643210127430617895e+00
-1.540155411450518264e+00
-9.117075151244438125e-01
-1.372161240328493959e+00
-3.036012112292666210e+00
-8.576013481025271945e-01
-4.032043285720283698e-01
-1.131765330860968533e+00
-5.516125114869295798e-01
-4.428444000930829016e-01
-2.031015684819198697e+00
-1.632010449830890941e+00
8.478932714031561790e-01
6.348942283785170559e-01
2.357527388591591944e+00
1.626340708763970078e+00
6.333488466419494589e-01
-1.971978385125220834e+00
-5.662333974458608754e-01
-1.429096274954248624e+00
-2.166386049300414118e+00
-8.310344143094549052e-01
-1.551402053644914680e-01
-2.010131663520152490e+00
-1.541026279492653472e+00
-1.794535402426109538e+00
-9.610465269270243027e-01
1.174244262597223143e+00
1.742647816922507920e+00
1.160709930317462613e+00
3.733365331447278113e-01
1.572567157225298384e+00
-4.504985821162125204e-01
-1.404667872974527443e+00
6.326941931205283254e-01
-7.373729194513800600e-01
-1.415127422915276600e+00
-2.491081864145210822e+00
-1.898454608001324262e+00
-8.761800301584277140e-01
-1.221087055565637458e+00
-1.519068896535859636e+00
-1.250499936991683381e+00
-1.787268009675569980e+00
-1.969980822693278455e+00
-3.155074364523288155e-01
-1.199550079658245672e+00
-3.510904280175040082e-01
-7.713491998380159753e-01
-5.452883448181642390e-01
6.572818293239772736e-01
-1.407507784717330290e+00
1.569880040162855650e+00
1.614267861176473584e+00
6.334690849521480427e-01
1.472993859548523687e+00
8.239269151093393528e-01
9.179206070031024067e-01
2.248227312721150284e+00
5.732994258523280706e-01
9.905963074016473913e-01
2.400499992707419317e+00
8.072218356824226726e-01
-2.710399122437952002e-01
1.556026002499883765e+00
7.264408336345385964e-01
1.314698970548642265e-01
-1.193034125903758680e+00
-5.506125659599959699e-01
-1.147796389769822456e+00
-6.472025425274741117e-02
-4.234732451045968293e-01
2.007396336836240192e+00
4.310747529257420441e-01
1.748775280990728653e-01
8.845990979214477523e-01
1.089624868623795262e+00
5.959453017336815428e-01
2.309659758612792935e+00
1.475119634939536351e+00
1.694779896759835758e+00
1.305549737921920306e+00
-1.376927749639435206e+00
5.709215379178966820e-01
-6.136380856665327732e-01
-2.181539024158761553e+00
-2.344226116593856046e-01
1.554948959283291465e+00
1.627047433332339699e+00
1.218846298455129595e+00
-1.397866682989581388e-01
1.517770230561428457e+00
8.057648041610412371e-01
1.282109373702847499e+00
9.202984126827725708e-01
7.712240256560032314e-03
9.492378697940617727e-01
7.042639053176207309e-01
1.133063648776942989e-01
8.965824163369429112e-01
7.747338835557324721e-01
4.654174649325792945e-01
1.265424293094598474e+00
6.719013687081176744e-02
1.825969777588733134e+00
-4.431012702587073804e-01
1.831927935449316980e+00
-1.510204868878314510e+00
-1.602101558757106137e+00
-2.960238348334153891e+00
-3.591659490296460477e-01
-7.678410944951379324e-01
-3.103106780829143485e-01
-1.681343706852267417e-02
-2.974090544008087811e-01
-2.437416222171655100e+00
-1.043202455497049819e+00
-2.919623422805894819e-01
-1.691223860625194586e+00
4.604337940955169906e-01
3.839991315439901243e-01
-1.302493023620755475e+00
-7.736058434857751021e-01
5.210316675280773913e-01
2.188257900723614924e+00
1.075748789226796287e+00
1.122518771694770878e+00
-1.996521884869483898e+00
-4.902701470017600816e-02
-1.156504167347110368e+00
-9.231515928313210884e-01
-1.023397502688104810e+00
-1.055136465838086401e+00
-7.906998789565063968e-01
-1.212122810495677605e+00
-1.748532346396183268e+00
-2.905277131181709382e-01
1.529552974150267808e-01
1.587548577816231266e+00
8.762453140963371023e-01
1.115932079836990498e+00
1.689437264135250416e+00
-2.130521976203065382e+00
-9.004041131729400016e-01
-8.203688727974165484e-01
-1.072676262178389628e+00
-8.683763778859777682e-01
7.102457803271993164e-01
-5.725238863242200216e-01
7.625231481625751595e-01
1.303985765188659940e+00
-9.642277682113419290e-01
-1.086219061178597123e+00
-6.294624348100190669e-01
-1.469666240358814102e+00
4.341190293653571786e-01
-1.362079550621299484e+00
-1.323539972672903353e+00
-7.147018901689301540e-01
-3.745186498232920824e-01
-1.195972993001638507e+00
-1.341348758475580327e+00
1.382049312652110729e+00
-1.441092485230684783e+00
8.769429482639157225e-01
1.333611597221444622e+00
9.409439346749091104e-01
1.088901268684864032e+00
6.009464326847653304e-01
2.094497166181085390e+00
2.044548419289370589e+00
1.483234392970121718e+00
8.883653478104778234e-01
3.447781453915387040e+00
1.899472016841427191e+00
1.269437565481755126e+00
6.134309024577230263e-01
-2.894518310182081500e-01
-8.300964786520332872e-01
-4.914805228192622444e-01
-1.019265772508636703e+00
-5.107710040733615120e-01
2.065833802057093216e+00
1.028562988021454627e+00
-1.011808769446750578e+00
1.432147978738974370e+00
8.781045132128428854e-01
6.528112919454132079e-01
1.748571615783891753e+00
1.602948883986357043e+00
1.396145527140003839e+00
1.596440780539448046e+00
-1.061392695425730226e+00
-1.822869133721184198e+00
-1.459347131532259922e+00
-1.377241181462308006e+00
-2.280804517266233233e+00
1.764390009788903591e+00
6.626453973961221600e-02
2.143979759506101646e-01
3.663150527807514933e-01
2.214884104726982272e+00
-2.127279648826672975e+00
-4.481496130362743191e-01
-3.169835650615921985e-01
-1.512413385421339740e+00
-9.040135434775085077e-01
8.480921340752711757e-02
-1.954000484528452430e+00
-1.350068290563447571e+00
-1.514945626221603003e+00
-3.723066657486369113e-01
-1.102896896499502288e+00
-9.882263140163123349e-01
-1.480204110988601496e+00
-2.340442151125561310e+00
-4.765577777242374635e-01
6.952676973632782031e-01
2.334477420704772932e+00
2.264864515744272833e+00
5.664033950631041092e-01
2.310420097499696901e-01
1.374127617087741005e+00
1.516991437701687317e+00
1.859624144079224051e+00
8.679988290485789459e-01
2.031032283759076851e+00
1.325637819999908595e+00
1.507936712770390209e-01
6.645355390953278096e-02
-2.485915092261070658e-01
-4.159700692566987712e-01
-1.368823415838611002e+00
-4.932903317317587355e-01
-1.407108694660549553e+00
-6.833229974133232520e-01
-1.574634707584882554e+00
1.288880389105094837e+00
-6.321365131847977992e-02
6.967076114180088542e-01
6.220705809259180485e-01
9.051111622180073590e-01
4.533973760395691999e-01
-7.084915064854424571e-02
8.591727790600356407e-02
6.911474153969248135e-01
2.122731258730443660e-01
-1.165415231159224296e+00
-1.123295100913168643e+00
-9.934271178212822351e-01
1.896135611039651003e-01
4.128915742808128009e-01
1.205441892186547514e+00
8.348761859274249630e-01
1.940402185917263544e+00
1.387094653081469176e+00
2.215031657854455993e+00
2.440344676311390071e-01
-2.964804259445305012e-01
-3.416605316602638887e-01
-2.379694151212887299e+00
-4.440980169152510815e-01
-8.558116140752001222e-01
-2.175188401658580517e+00
1.086100071455449179e+00
-8.991795818776733284e-01
-2.551807510444962901e+00
-1.315329772122247665e+00
-1.167023112798118545e+00
-1.483178028283530070e+00
-1.429697482598028646e+00
-9.408589771101614208e-01
2.072649098911041321e+00
1.011418843843562065e+00
8.156174881350920502e-01
3.393445889079853117e+00
1.428585992253303738e+00
1.228491140805527682e+00
1.711725504311839785e+00
1.735662771927979353e-01
1.504314112833961214e+00
6.540923580958731831e-01
5.742118368332197464e-01
7.655170593338086471e-01
8.373724471469040642e-01
1.219122708495070651e+00
2.687784789010703168e+00
1.033363168504655150e-01
-4.093849015239340305e-01
3.342010766716767556e-01
6.571644383952279789e-02
-1.823838797798144062e+00
9.169961202489799179e-01
2.068962397605471626e+00
5.424870583262745294e-01
1.217483833247099856e+00
-2.110171243964147347e-01
1.594316517512937015e+00
1.747364765042891399e+00
2.255609201503165018e+00
-1.018659311822509572e-01
6.013572449643671547e-01
-1.213889781210465868e+00
-9.857255441646811667e-01
-1.740147910730426517e+00
-2.888523963017697316e-01
-1.050461249754656157e+00
2.016325865368816750e+00
8.966200472933374410e-01
8.592719444849693522e-01
4.108621449965288441e-02
2.200826555817132490e+00
1.712430242092255028e+00
9.255633085071921506e-01
7.138148581626175826e-01
7.895479121690565094e-01
5.080757991111581884e-01
4.005502244128141820e-01
-1.038587470814833491e-01
4.234698497478994739e-02
8.831560301637511046e-01
-1.945534362817147311e-02
1.891469044989786852e+00
2.264303016784563471e-02
2.692421072593009779e+00
1.929992308291722525e-01
7.973274609681364478e-01
-1.167305592748584697e+00
-1.895639182424847080e+00
1.456945477046740489e-01
-1.817231196553936723e+00
-1.716467118894751120e-01
-1.048021954381652243e+00
-1.041435793300284240e+00
1.628632298561194514e-01
-1.340083213779410531e-01
-1.672854811901312910e+00
-2.153413535656533817e+00
-7.387766696185369408e-01
-1.540602767147322805e+00
-2.419192940501364575e-01
-5.984284953888684422e-01
1.576854681576687067e+00
1.321524983317611701e+00
-3.045410468500064916e-02
4.717050650304210890e-02
4.656257166302107953e-01
-1.581657398229141531e+00
-9.704886449533778325e-02
1.772300134947095707e-01
-2.655238041953866812e-02
-4.068208197696381312e-01
-1.985756608855444139e+00
-1.728067085576708850e-01
-7.700804508211557264e-01
-6.117415511005660500e-01
-9.541503833359796793e-01
-5.536001499804161785e-01
7.802043792017822055e-01
7.263782730530516929e-01
5.035385487963329743e-01
8.783419725864682892e-01
-5.695461595587671955e-01
-1.643305458374072714e+00
-1.390803586758355248e+00
-1.983653488672316723e+00
-1.657094465202142652e+00
1.357609267943287623e+00
1.150676211586424413e-01
2.732649518464925986e+00
-2.506106136445322985e-01
-2.225345016800333031e-01
-2.321104268756388755e-01
-6.371739747201621284e-02
7.934032341474039907e-01
2.991532389753126520e-01
3.272182812379085259e-01
8.745721091878496667e-01
7.107108121955599822e-01
-3.441517932114159795e-01
3.487184752256182740e-01
1.466667983529447827e+00
8.012636818457896659e-02
-5.258533880148628104e-01
-1.500780814921612638e+00
-1.626411755192149755e-01
-1.277509513780125117e+00
-9.828289265634388983e-01
-1.886204670954637175e+00
-1.295107017691067286e+00
-2.131225533063032529e-01
-1.805048070929273551e+00
-1.183914119943635823e+00
-5.897498100748500560e-01
-9.387551214157705548e-01
-1.289709859937556491e+00
-1.105236285799571228e+00
1.225413640744758892e+00
1.358461973300605141e+00
1.441429999468043288e+00
1.274416080696868736e+00
9.310751884660166677e-01
-1.082641539827148947e+00
-7.975306540374645925e-01
7.687875650505815450e-02
-5.247073173733529661e-01
-1.249860868456531771e+00
-2.010421864612646381e+00
-1.768141262024058857e-02
-2.034449556918547231e+00
-6.045263642856152364e-01
-1.394544269318432894e-01
5.398848647062887141e-01
3.070439028859097697e-01
8.064740627245059468e-01
1.606060344507325377e+00
2.251615885088070090e+00
-2.168872700393933428e+00
-5.607932052658168853e-01
-1.316167432431880613e+00
-4.441676354848083097e-01
-7.304730477630840824e-01
-3.790615440287916638e-01
-4.045682735298249399e-01
-5.203289384298644960e-01
-2.047629409658509037e-01
-1.634459317953755875e-01
-4.521877885878516912e-01
-9.337057283734424562e-01
-1.385953213028664699e+00
-1.748660518335016567e+00
-2.163440900151702984e+00
-1.274336513365975643e+00
-1.430068618359627175e+00
-8.315656102564304986e-01
-1.072647677666835886e+00
-1.050285786591630410e+00
-6.584154506439698906e-02
1.608300534234834878e+00
6.686526751212148456e-01
1.777832065221481184e+00
8.861009823346860381e-01
1.463663612905829137e+00
1.345067913604532706e+00
2.472646897206502992e-01
8.229168593168536550e-01
3.156084848016227351e-02
6.112390732822886585e-01
7.007472268691801176e-01
1.835954315448001362e+00
1.007601612973771932e-01
3.989410957790557877e-01
-1.525704430947758095e+00
-1.445121062822552815e+00
-2.769824574952117757e-01
-1.355818080349993071e-01
7.170826817913282802e-01
1.125011397055471596e+00
2.391012922042411226e+00
1.918638436058550667e+00
5.552722816228622404e-01
3.498628056341981374e-01
8.565179415823281905e-01
-3.336487670267200834e-01
6.943202126531187179e-01
3.519179349614478536e-01
5.642519216140648997e-01
-1.822741896032162190e+00
-8.440685799087268570e-01
-1.818614483788626668e+00
-8.966070651808750736e-01
-1.998899614990276241e+00
2.420443913822403648e+00
6.333722648808589595e-01
1.978971105694855126e+00
6.339091632895963446e-01
1.291307016980022038e+00
1.308037672895674630e+00
1.690181790737493195e+00
1.071740301286007391e+00
1.206316347033933756e+00
1.470412589608508513e-01
1.006415762482704590e+00
7.572219114180016586e-01
5.504010284930498376e-01
1.894943977110729261e+00
7.268804251334904931e-01
1.834459002542516703e+00
-4.165188567388478091e-02
1.669251409636612671e+00
8.120772736292047878e-01
1.125395296725776983e+00
-9.746794242766112504e-01
-1.282016591617192169e+00
6.808106346860804958e-01
9.534019705159302305e-01
-1.365755283244225460e+00
-1.534153757792685591e+00
-1.804943001544800030e+00
2.022896913221028381e-01
-1.124693561437810851e+00
-2.182470171558014371e+00
-1.192404751600825374e+00
-1.539784474724942509e+00
-3.839249962329731591e-01
-2.987893929522559278e-01
1.273090778917644883e-01
1.586216560126064046e+00
1.065400940736774382e+00
1.818954917432553664e-01
3.251332141419429611e-01
2.446340082271591054e+00
-1.570794137301300353e+00
-1.704815506273484216e+00
3.380305493268616068e-01
-1.867408618772340212e+00
-9.337372197395502615e-01
-1.054361369529257519e-01
-1.536998749170328082e+00
-7.854821302812862172e-01
-2.083118956832472612e-01
-1.592960893512617382e+00
-1.651077193465277926e-01
1.090142429422455539e+00
1.598229888016246436e+00
9.992530092655911300e-01
1.549717346755730585e+00
-1.436535459380726465e+00
-8.457197029812502098e-02
-8.259860587891196815e-01
-8.510385261285100533e-01
-1.177040946886523054e+00
1.022131847205652422e+00
1.358243086168313685e-01
-2.597856241990306181e-01
2.085972453940551752e+00
2.493334063644003784e-02
1.307662809181319163e+00
-1.273949409537555866e-02
9.603733541875972834e-01
1.423633892441957149e+00
1.314387810595396999e+00
1.918493793302820549e+00
1.401392773732153207e+00
-2.217242540339365853e-01
2.063442146391444298e-01
2.666127959880544740e+00
1.070714192653619001e-01
-1.280764652246696444e+00
-8.777016680208318267e-01
-6.566713189624424629e-01
9.011571679558727510e-02
-6.712367088980795149e-01
-8.492403912496382379e-01
-2.074947059696231833e+00
6.070364136431642965e-01
-1.552976837842257041e+00
-2.589724891835916143e+00
-9.622631017578940904e-01
-9.453206631384577507e-01
-4.565688932188047833e-01
-7.563921944537330688e-01
8.903946071729544887e-01
1.159563203335724157e+00
7.684037872663681545e-01
3.585786739523280087e-01
5.464480047574008514e-01
-1.066773907275503586e+00
-4.395915378422854403e-01
-7.869681118938758324e-01
-1.168927529897528128e+00
8.980352604808627959e-02
-3.929316040209415162e-01
-2.332840203309111793e+00
-1.366707806090714517e+00
-5.474685875274415414e-01
-4.457975102963417369e-01
1.098995122412325109e+00
9.006892486113926566e-01
1.654082478657706190e+00
1.443030934553822808e+00
-5.671489955196618027e-02
-1.834552285355437462e+00
-2.051618514335870724e+00
-4.680283552060701124e-01
-1.326374244942243097e+00
-4.017170028139362969e-01
1.681198492178541004e+00
1.175931579297655460e+00
4.154977941369464300e-01
1.013601984563259339e+00
1.162109097517495471e+00
6.261560142222666325e-01
1.464488879130574350e-01
6.306302671336425636e-01
1.820514058112943534e+00
-9.529569116272007534e-03
4.633554229777978595e-01
2.115833309049479638e+00
1.878247220838978881e-01
1.753630348643182124e+00
1.603007265649353474e+00
-2.009357129309914392e+00
-7.799667175399838115e-01
-1.321907971005147786e+00
-4.892630354294059680e-01
-8.868670789929102849e-01
-1.544065189930571069e+00
-1.183299850980275458e+00
-7.531794879214386285e-01
-2.915808935636498012e-01
4.859689822921995361e-01
1.013571391924390497e-01
-4.332875863503755642e-01
-1.467985933994245817e+00
-1.729061126944354099e+00
-1.429131712610773874e+00
1.401100870418122923e+00
1.647792743355511735e+00
1.591457164536124402e+00
5.202332710629027357e-01
6.856282491742374807e-01
-1.035443269375148079e+00
-3.842676071721291553e-01
-2.366086941548682709e+00
-5.490579596615146052e-01
-1.346919903456980316e+00
-1.392011448856129263e+00
-1.865397002835096796e+00
-7.710875650872276443e-01
-1.171267579664492242e-01
-1.974265542183073929e+00
1.355757434460231892e+00
-6.130733324423376374e-02
-7.464781698280833488e-01
2.916085088928112024e-01
1.914346628618501578e+00
-8.460773863083497215e-01
-1.109413012258447351e+00
-6.822269034423111833e-01
-6.338609695361219210e-02
-1.787544038269337277e+00
-4.965417285726916319e-01
6.690500710347646596e-02
1.125427201212535699e+00
2.220970666478150335e-01
1.123395011302033675e+00
1.490628168123045993e-01
1.480500254681792471e+00
1.549711836008598853e+00
7.192472087552773674e-01
9.075708032879902243e-01
9.612964951106084399e-03
6.267911464766122709e-01
1.759416665453342521e+00
2.114196582793070878e-01
1.542201163069797154e+00
-3.966130530278937361e-01
-1.426193990679355039e+00
1.835623789303642006e-02
-7.773684379633004626e-01
-1.260614542620682288e+00
-4.807243558693000685e-01
-1.047634319166646844e+00
-2.020427098110579855e+00
-1.863500665246334176e+00
-1.853381988247851275e+00
-1.089170465817134170e+00
-1.346188675825741754e+00
-1.445480458799224932e+00
-6.120162778150615157e-01
-8.960639454717553853e-01
-1.729070112249120328e-01
6.358652366189758709e-01
7.062199374592015300e-01
4.634187514238693462e-01
2.566564090722611269e+00
-1.948608155773834394e-02
-2.059724372119309699e+00
-3.138615717121305826e-01
-2.045468519806057373e+00
-1.018865844714728075e+00
-2.254955618647795923e-01
-1.308826368016371866e+00
-1.523295239538697388e+00
5.617810101192701744e-01
-1.086766274223912365e+00
1.130239690192032631e+00
1.055787897594152813e+00
-5.369677389018834290e-02
1.586629413716572845e+00
4.694847287416377135e-01
-1.579871393348899034e+00
-8.178024959527572246e-01
-1.093036226262545041e+00
-2.010889841245478316e+00
-1.948962419921367317e+00
-1.635581967231442668e+00
-6.053347379291278418e-01
-1.350863231309756607e+00
-3.810774896461748273e-01
-1.765358054299460466e+00
-1.672443591088579762e+00
-2.300071120689915816e+00
-8.655219217912777374e-01
-9.066320032315530186e-01
-2.130608960765390414e+00
-2.218809456838497063e+00
-6.581867821293707621e-02
-5.199274997708770440e-01
-8.760302009219791408e-01
-4.963420568819656431e-01
3.781741827635021203e-01
8.415386664034176789e-01
4.415121749240104032e-01
1.832507013459335976e+00
1.582963331003126140e+00
1.907996282015468559e+00
1.785517977271193324e+00
7.333815402997827526e-01
3.212502736255995472e-01
1.262587095957302896e+00
1.356862269350387784e+00
1.082782165911732708e+00
7.315103720070527116e-01
1.821766497400720386e+00
1.237182256659276725e+00
-8.473287818335458743e-01
-1.783385281150192903e+00
-5.785647690418826983e-01
-5.106137842709604913e-01
-8.358113903479834628e-01
3.066028035435683030e+00
4.985997528055704509e-01
7.654690999289134323e-01
1.117939064313138386e+00
1.816376303478274945e+00
4.759196121648887612e-01
2.012999686418375234e+00
-6.084876050749770116e-01
7.600797113189212695e-01
-1.922132371839424536e-01
-5.871451709400439256e-01
-6.117656544754676018e-01
-2.521717787542166356e+00
-3.286278810152585272e-01
2.101217397056978076e-01
5.728580536656130429e-01
1.929553723069209470e+00
9.431208270187693143e-01
1.932042673589022819e-01
3.937914794415269260e-01
2.222757776283474485e+00
-2.600647738699701783e-01
1.242339849760183412e-01
1.491828912208678748e+00
1.388639022440715909e+00
1.281734519879658141e+00
1.778495931147657139e+00
3.103114143887666376e-01
9.051518618678974226e-01
1.101934519103883403e+00
1.597332010295474447e+00
1.457349025280272325e+00
2.014717180897260818e+00
2.255521879892084858e+00
2.808958077991873470e+00
-7.165468042264260262e-01
-7.623259270397728660e-01
-1.806773009325126633e-01
-5.607215551303250667e-01
-3.237105004583397116e-01
-9.728048482743937297e-01
-1.041347168062877415e+00
-7.384136259594952234e-01
-1.100048993753461213e+00
-3.788934289126998367e-01
-1.415987641470325187e+00
-1.978503564063764264e+00
7.024083987088358683e-02
-1.515836363103306716e-01
4.022625244248116960e-01
2.035978239539435464e+00
1.413517924130253345e+00
1.184219460120577772e+00
2.034655513235110291e+00
1.488462432938590929e+00
-1.342524408446773343e+00
3.810266220047981989e-01
-9.205088132154648495e-01
-7.714563340021888260e-01
-1.638431804916989698e+00
4.236305624023364302e-01
-1.100387892821480751e+00
-1.677325070569415821e+00
1.989924399568692159e-01
-4.491428418493417229e-01
1.855503698806733048e+00
7.027537118556537177e-01
1.284920806851604258e+00
6.618973511370593865e-01
6.586637140579253424e-01
-8.966597108820697493e-01
-1.164507985401810330e+00
-4.200756994496279706e-01
-7.664332860324427621e-01
-1.947289361000164032e+00
7.644402881242344794e-01
1.119526884430599667e+00
2.897726569882598024e+00
2.996703324512082212e-01
1.062326749192968878e+00
1.245364718856164732e+00
1.484712331945668984e+00
1.574181954668729677e-01
4.768849054705497359e-01
1.721873211308388996e-01
1.184412219131198318e+00
1.465037049421213045e+00
-2.026647420249996223e-01
1.393728904689418790e+00
1.204185415132223547e+00
-1.223032922849454529e+00
-1.620214321877830876e+00
-1.512277311104799127e+00
-2.094499899697251921e-01
-6.484102259495344578e-01
-1.563714350881855175e-01
-2.682801752679070617e+00
-9.018605701694377696e-01
-1.187756481646843332e+00
-2.497593165484993660e-01
1.118096818879710241e-02
-3.324173614489140949e-01
-1.570382461170664046e+00
-6.495990072047286290e-02
-2.033234297582218630e+00
1.822983425479464570e+00
2.600175431895691780e+00
1.138399555058344115e+00
7.137994129643217001e-01
2.635992318742983453e-01
-5.156933812646022908e-01
-2.700666417835615452e-01
-1.558285646084237586e+00
-8.781673106803015161e-01
-8.241740664228692781e-01
-8.330134617751143722e-01
-1.643332449548788876e+00
-9.080456713329354557e-02
-6.140821794658206656e-01
-3.831786376764769741e-01
9.872315828349552680e-01
2.161597589354731230e+00
1.100151781120892291e+00
5.128940546069979955e-01
1.593408839048338077e+00
-9.555247523192709203e-01
3.206309820357209350e-01
-1.542326783066588103e+00
-1.508843723644717860e+00
-5.894540896532043384e-01
1.394020625616866793e+00
-2.810260830823767542e-01
6.472219191026342688e-01
1.102146729299453565e+00
1.683303234800518133e+00
2.317374543419954858e+00
1.593682153633214416e+00
1.052084381247380129e+00
2.797424811802595723e-01
3.759405933641444264e-01
-2.806354558869372795e-02
7.109205679435253167e-01
7.466505477597140672e-01
1.788680836252360296e+00
1.368489113098434018e+00
-1.108924959220356499e+00
-7.668398925086722384e-01
-8.745959819636025534e-01
-1.342366788256022625e+00
-8.631381717310864232e-01
-1.462393829338422435e+00
-1.323738152544360336e+00
-7.735567532602494190e-01
-2.713088798336302787e-01
-2.048665027083063084e-01
-8.189559907369401426e-01
-1.556525930379542011e+00
-6.807208180219894711e-01
-8.062586084547946896e-01
-1.016974087751374656e+00
6.177331939554949747e-01
1.053180060199051082e+00
1.688181904513299525e+00
1.539140028723177123e+00
5.763408833112202423e-01
-2.763303139455363100e-01
-7.736137403955817282e-01
-7.121614709440291513e-01
-5.339705676515821287e-01
-6.996280968601011896e-01
-1.412730841286400363e-01
-6.729656133916688265e-01
-1.042825318406486179e-01
-7.636292609048203062e-01
-6.149181401541591319e-01
3.159729198918159732e-01
5.949185897629709618e-01
1.812740621634063798e+00
1.201721217544023501e+00
8.728591847916346014e-01
-9.150281602909481338e-01
-2.128685549047337311e+00
-1.182410460622331572e+00
-3.076497167791769627e-02
-2.651847154877957635e+00
-1.244326866362303052e+00
3.300608261441886349e-01
2.790789046136876728e-02
2.851440094028898642e-01
-2.069581409524418270e+00
-5.448049376260787335e-01
-2.784208123680873115e+00
-1.578264465882234457e+00
-2.971206192174564276e+00
-9.668659898592947277e-01
-8.643860875277369349e-01
1.963135893560428169e-01
-3.686825004079277157e-01
-5.178407721424225230e-01
-1.084073404946564567e+00
-6.317218386174987543e-01
-4.078835270930936119e-02
1.724884861509256240e+00
-6.860738971647362128e-02
1.635126038180041208e+00
-4.547444676478233916e-01
2.990931841233729127e+00
3.923879675308842296e-01
1.146333074136839603e+00
6.201068226604986577e-01
1.254321585616222645e-01
3.730129199139775587e-02
5.400657916652633617e-01
1.149515818046527249e+00
1.865585417162368920e+00
-2.685804976808709998e+00
-1.092234438779069894e+00
-1.630201819669096830e+00
-1.762976848868025082e+00
-1.091413100160160798e+00
1.041889340893868754e+00
-8.639816853048665202e-02
7.922806300833085125e-01
-6.123580929405536555e-01
6.749452781798248591e-01
8.558662290560892227e-02
1.717978131303922407e+00
2.076356008544867127e+00
1.268941517300147925e+00
1.308460160553492013e+00
-2.350125243093020622e+00
-1.044511164228340672e+00
-1.688083564746669651e+00
-1.104212476576493573e+00
-4.804849482459324639e-01
1.432536388474994649e+00
7.141032060837334550e-01
1.847725280099489442e+00
2.149572795486791144e+00
-2.224580576927501774e-01
-1.074259930251544093e+00
1.396053440416888947e-01
-1.447501982843521606e+00
-1.828677732969030467e+00
-1.307134136079409314e+00
-1.868541507667504042e+00
-1.291375415981763641e+00
-1.886601319647132513e+00
-1.223832044306016886e-01
9.031406949808440388e-02
-1.607967250650303548e+00
-6.981598529920407525e-01
-9.524582040410101147e-02
-1.252529074642030782e+00
-1.305998325055166109e+00
9.035112047113973421e-01
-2.451570698530289860e-01
1.051758774081253067e+00
7.624658360494537268e-01
1.189235590210109716e+00
2.855444831794000660e-01
1.336052678518236503e+00
4.927275962857573521e-01
3.823541716354925679e-01
1.361326038648870806e+00
1.211597041009877085e+00
9.947158160167414165e-01
1.665355035857763344e+00
-6.508587885386689642e-01
1.082824579281944866e+00
-1.405323111932220481e+00
-1.591588304788811303e+00
-6.464409090553984161e-01
-4.709271787688429356e-03
-2.656054473287870366e+00
-2.704461970229243839e-01
6.452597175095773352e-01
1.131119297146942371e+00
8.588451926181122076e-01
7.949911044784215841e-01
3.696582153030159024e-01
5.880684610511981436e-01
1.954779528644282394e+00
1.567467108891849037e+00
1.726576443800331706e+00
2.480897410212186127e-01
-2.194258799796005466e+00
-1.008628315938796760e+00
-1.718486744189553272e+00
2.429881887790577011e-01
7.603227331759601082e-01
6.825732629181469058e-01
2.093130051500679656e+00
4.462338586630726356e-01
-8.356878957044888701e-02
1.647796811796311545e-01
-5.630843764933112228e-01
-1.492671059094848207e+00
-1.166570105639454624e+00
-9.832148341684608939e-01
-1.176702339108477213e+00
-1.276525012776737134e+00
7.534404157964222915e-01
-3.618168066258752980e+00
-1.278571481979027258e+00
-2.213552485564857619e+00
-1.789267096393929446e+00
-5.278439246720993960e-01
-1.938389663988210332e+00
-8.006619238158571017e-01
7.197823353307797323e-01
5.007448822356970197e-01
5.925174838973834568e-02
5.407981659104471595e-01
8.855413002500017727e-01
9.177540373686932096e-01
1.580793526446957031e+00
1.478143142235213814e+00
4.701711947305530215e-01
1.288204542066944125e+00
-2.117512093893161307e-01
7.700254303582267923e-01
2.141037978852094348e+00
1.968737710721339962e+00
1.636500783014088078e+00
-8.928274007613743457e-01
-1.736554094297316553e+00
-1.453049048466681814e+00
-1.699441843677775843e+00
-6.788481116133369131e-01
-1.527359435349371353e-01
-5.737075218556102474e-01
4.820005825527893251e-01
2.701686306461729359e+00
1.461595866670289068e+00
3.734577258076545725e-01
1.513693475012259260e+00
9.099877398155978847e-01
1.763883884517024159e+00
3.324894104916981119e-01
-1.555185532109419011e+00
-1.722966904406885824e+00
4.231842028173726789e-03
-7.475579743053629711e-01
-3.668607059516837410e-02
1.625483357288523445e+00
1.494014346953816297e+00
1.967362568054377148e+00
2.172663895079771645e-01
6.490689941544554031e-01
-3.526353109116215911e-01
1.674453536864497494e-01
-2.049046686780713777e+00
-1.814721463099694176e+00
-5.362220099296205467e-01
-1.231894191789089543e+00
-1.347350738811652127e+00
-8.488175344608123174e-01
-8.559700119734625634e-02
-7.692941836626157048e-01
-6.057334212704934551e-02
-2.088846513502065960e+00
-1.049964017642911696e+00
-1.136732989465875088e+00
-9.204382678585018018e-01
-1.686330265009352569e-01
2.184431466696183932e+00
6.839919494164847791e-02
1.703567408520980653e-01
3.706084800177508187e-01
-3.225867690471950766e-01
9.515981945999930636e-01
-2.709096015706746741e-01
1.139024035163109794e-01
7.398954892897182667e-01
4.871707987840233622e-01
5.692394178995596743e-01
-4.172812879299716560e-01
1.084626844489570363e+00
-3.746502620959513141e-01
-1.069712633875013363e+00
-1.670366680056673658e+00
-1.540144836346849733e+00
-6.310187488447898119e-01
-9.092741642492631060e-01
1.039150431137417785e-01
2.926291452740227506e+00
1.975629894487245686e+00
4.069493712333214219e-01
1.290462976082779933e+00
1.166353888440181841e+00
1.628806131617891451e+00
5.716269712102941547e-01
1.734515830197102426e+00
5.420629464938893083e-01
-4.608531059917178041e-01
5.259435821063649374e-01
-1.413704117638416413e+00
-1.435650528202255582e+00
-6.405604246843267235e-01
-8.279141095271835837e-02
7.870212268887403217e-01
1.019668680963931706e+00
1.595097216181775357e+00
1.467842986795943716e+00
-1.457997339379461188e+00
-1.258977865884373104e+00
-6.081583564327222025e-01
-1.201939182533855233e+00
-8.957943768367639947e-01
-1.432057439993684067e+00
-5.780522122718847466e-01
-1.446511255953373709e+00
-6.805550353210124692e-01
-7.214302386497881692e-01
-8.020661457300056751e-01
-1.454616879626425163e+00
-1.481420777800322552e+00
1.877115812151415319e-01
-2.116763040090295256e+00
2.128036737787179611e+00
1.511652896034938465e+00
3.525166167959562502e-01
1.024378006949255848e+00
-4.357401663916173895e-01
1.837910123205143575e+00
1.724476329095939064e+00
1.218614570901461969e+00
5.748506911524060570e-01
-4.467823703044229156e-01
-4.210994112057337979e-01
1.700895477009861434e+00
1.135820296787911410e+00
1.360199745538374305e+00
1.477484268860719041e+00
1.176020128122892139e-01
-1.140845482339208017e+00
-2.951292595317703826e-01
-6.978569906242326759e-01
-1.800234861621460514e+00
6.479693421042567181e-01
5.091639381956279964e-01
8.064592066496927281e-01
1.302980044147090899e+00
1.551400374718860498e+00
6.193559938876751492e-01
8.900176157187499326e-01
8.125942868739741698e-01
1.710393212182148348e+00
7.594608712319471655e-01
-9.050418228159401446e-01
-1.065672942519318767e+00
-1.480000561655308911e+00
-3.251094198568714733e-01
-9.629569008638501071e-01
5.162296485282941161e-01
1.510000021093535816e+00
6.120196132812838474e-02
2.071761194732546496e-02
2.044191009422259286e-01
1.362713583241535353e+00
7.541589616666539708e-01
1.853346392206489224e+00
-2.388309003079229775e-01
5.779643260516068581e-01
1.306033878403221937e+00
6.435218334688763697e-02
4.062479180786784383e-01
1.219848406101188942e+00
9.029687232256834450e-01
1.582979241596909725e+00
1.578060001576312210e+00
8.198372554640624976e-01
8.810646860516528900e-01
4.715991865381176096e-01
-1.429382072248150504e+00
-1.954455274453956726e-01
-1.415246806168476645e+00
2.053715177767545530e-01
-8.638893008860116796e-01
-7.889506823145473469e-01
-5.868507713660554570e-01
-8.454530903778979534e-01
-8.809245487134952368e-01
-1.187154344897224822e+00
-4.768870411989444280e-01
-9.214946063252186237e-01
-6.531348809576204006e-01
-7.548238042381598678e-01
-2.075311252549021823e+00
1.535195345985916671e+00
6.414097226030109899e-01
1.673962049894427428e+00
6.664855221089671655e-01
1.657583973731567628e+00
-1.358681067130627529e+00
-4.442215516823722066e-01
2.660632939978890832e-02
-2.174372672858088329e+00
-1.323606554022976223e+00
-4.782766742087080081e-01
-7.675587778524941562e-01
-6.491105890885855434e-01
1.951799932637563462e-01
-2.096882913640722101e+00
1.061063291170838419e-01
5.428874824600776750e-01
2.365202294630537327e-01
-1.740928419707046260e-01
1.522414414607957678e+00
-1.105197569255749190e+00
-2.068014575938832422e+00
2.454624547305575000e-01
-8.178021969846758221e-01
-1.222740707392995230e-01
1.221749883573418405e+00
2.169501176661205122e+00
8.620041470313979382e-01
1.700297038005304628e+00
1.607117291100485623e+00
1.355966343906381377e+00
6.688923672974053103e-01
5.265351089147007890e-02
1.167446026485387867e+00
1.665687665312251209e+00
1.576257380165402289e-01
1.553669445306155916e+00
1.495584072273304033e+00
2.065340137420339950e+00
6.117414155177498536e-01
5.946265985526253406e-01
-1.906300414253499387e+00
-1.737058288001193107e-01
-1.177329875455795705e+00
-2.275983511733539189e+00
6.786177493540197503e-01
-1.250097610357761679e+00
-2.106860956331077617e+00
-1.315017923119318421e+00
-1.591789226927871281e+00
-1.848659779840338357e+00
-1.384237100539233989e-01
-5.519500803031174296e-01
-1.849601619594949176e+00
-1.630499139915829732e+00
7.800572239640854999e-01
1.975764923492046687e+00
7.684847843684099455e-01
3.972092624363710023e-03
1.256529720898077462e+00
1.265285472343576689e+00
-1.674543102940894590e+00
-2.248398511693685542e+00
-7.116495399900013563e-02
-1.554527456777257122e-01
-1.551355854601719209e+00
-1.078848948075957548e+00
-1.571839488391946205e-01
-3.029929642745945451e-01
-2.140566152937146693e+00
-1.705389266454104824e-01
1.319358783661673806e+00
4.263394208506410266e-01
1.097128085067762271e-01
5.048335571196544969e-01
-1.730249447382746331e+00
-1.038658355424645574e+00
-1.729381109671116246e+00
7.210814629294848288e-02
-9.162530012079553865e-01
-1.906006538599655187e+00
-3.132616257267408333e+00
-1.487460347281534645e+00
-9.230964454016360454e-01
-1.422795069585854000e+00
-1.484480886098038965e+00
-1.642670749938097696e+00
-1.545386132538597357e+00
-1.469376132706319282e+00
-6.165412083001243770e-01
-1.991485209888767649e+00
-1.045474594761914400e+00
-5.319893774756465632e-01
-7.741614839847382745e-01
-6.111566250357385321e-01
8.864693019842286859e-01
7.805674916815650288e-01
8.008478272231143169e-01
7.600596314130206865e-01
1.110993360794776841e+00
2.156210562755336291e-01
1.543019785742691941e+00
5.012619806676361645e-01
1.926418844933632135e+00
1.131088869201505531e+00
1.238290906815877390e+00
5.932028120680774563e-01
1.105627936948625045e+00
7.071934933376039512e-01
1.465116377417946758e+00
-2.009812899404337383e-01
-2.913386989069852717e-01
-8.190273506714562668e-02
-5.662510722117246598e-01
-1.770215067639652862e+00
5.484635454818937994e-01
1.311914160751463276e+00
8.657857771740021802e-01
9.474432862906683184e-01
-2.311127495328553216e-01
5.465142331441439350e-01
1.177043133138435449e+00
1.309720384785355130e+00
9.559147864517388848e-01
9.894415089655729245e-01
-1.746004017812707865e+00
-1.927763834245077135e+00
-1.891550255741480058e+00
-2.924594622097769214e-01
-1.519179515258298752e+00
1.253414314437254706e+00
2.103670154809019754e-01
1.306433987353166071e+00
9.371672518322708978e-01
2.418781021249187813e-01
-1.372899136805782350e+00
1.451007919942000068e-01
-2.044489495275011670e+00
-1.672524639813714575e+00
-9.967498752832384401e-01
-6.675389813259282601e-01
-1.231631186696800828e+00
-1.026848720395906245e+00
-1.641697275375225029e+00
-1.762697397121781639e+00
-1.843023103470089241e+00
-1.225414452839855839e+00
-1.969879925802192400e+00
-7.444106954240481411e-01
-2.530719973491621921e+00
1.069658819069101652e+00
1.014993550431798619e+00
5.312013434108847632e-01
4.072503040604824598e-02
1.461382226757583336e+00
8.903726271869079056e-01
1.022082153210629452e+00
1.510492105307546407e+00
1.089095919404648782e+00
1.006342995835479703e+00
5.124153333041535641e-01
1.310536573438529029e+00
1.962099350435657197e+00
2.031337964524887685e+00
9.440438494531695479e-01
-1.079056488270214498e+00
-8.592772047679838598e-01
-1.714738566658252861e+00
-1.103271776623552025e+00
-1.663382395949159376e+00
1.159484618995580973e+00
9.815162545957004658e-01
5.890158260314581895e-03
1.489843149677876788e+00
1.287730956136196259e+00
2.735910134219839751e+00
4.046884569060620329e-01
-1.446559448309527873e-01
9.062536628043088571e-01
1.536519186929619751e+00
-1.433464843512100906e+00
-6.906742813553141680e-01
-5.908382101718632207e-01
-7.730818805756873857e-01
-1.068995319506015340e+00
4.587064996737003630e-01
1.799562153029612865e+00
9.427014143945940949e-01
1.261252874503688615e+00
-2.964818219801799160e-01
-3.084439550481530290e-01
-1.702446327219482303e+00
-1.896201336063493947e+00
-9.416685074631381269e-01
-1.725010322919517725e+00
-2.536616975720328071e+00
-1.251436980394228904e+00
-1.667738212052314317e-01
-5.808839225131794404e-01
-4.662433003771965234e-01
-1.207440071806627602e+00
-1.142254110052790317e+00
-1.588552623102114092e+00
-2.319765451982846560e+00
-6.474510045922018397e-01
4.815839831132275872e-01
1.571707563550463149e+00
1.910625847627649199e+00
1.748621700921661359e+00
2.185687740719981953e+00
1.205118960568021258e+00
1.295887808234396088e+00
1.971718311290681758e+00
1.384342255516518350e+00
2.229343865170497985e+00
8.501773166596656717e-01
1.066631188274865805e+00
2.590582640790559665e-01
-5.469895683429357724e-01
4.346961939560881616e-01
-1.238514136260356224e+00
-2.165979289221975357e+00
-1.524309957396005721e+00
-1.257499122675727721e+00
-9.049662685952498675e-01
-3.515877512987675146e-02
1.600214582772016669e+00
3.589079675978931183e-01
1.155663344468111697e+00
7.953784280081356295e-01
4.744436149096115107e-01
-8.078430541264869369e-02
1.632594369250777611e+00
1.412630706372112188e+00
6.384011664185986756e-01
-2.627566381890344971e-02
-1.022115226460940329e+00
-1.632702405823210690e+00
-1.572884301054210621e+00
-1.124907185818055266e+00
1.634520222934356504e+00
5.400743632054176846e-01
7.190256799045416924e-01
2.459811149189771395e+00
1.466434518387272234e+00
-2.126375549259272635e+00
-1.207931339044358676e+00
-1.548105372622249565e+00
-1.525133885290560931e+00
-3.645879280529631394e-01
-2.382516712941953330e-01
-2.587312457988321768e+00
-8.157996590196463504e-01
-2.397058001584505327e+00
-1.455324397545049830e+00
-1.646796528964733497e+00
-1.614796620641675950e+00
-1.458114625755458693e+00
-1.799593907127557957e-01
-2.071523103330681348e-01
-1.523350458026466736e-01
2.642297109343979544e-01
6.536806931402672216e-02
2.977163036232965965e-02
-2.642844431885715828e-02
1.297949597381567788e+00
9.450045222464524830e-01
3.823475436051886334e-01
1.624298493393305565e+00
8.375242188314014902e-01
1.171451478177621297e+00
1.225077925927553490e+00
5.542706634083995887e-01
1.554792436165744141e+00
1.235625546892541671e+00
-7.962483655116514569e-01
-2.650123930293678320e+00
-1.320488589430057313e+00
-1.689498516477880852e+00
-1.352668839838928605e+00
1.924139259992099893e+00
1.254568663041100374e+00
3.377156732734648559e-01
2.167658946333938630e+00
1.840594457659845418e-01
2.909250843863888214e+00
6.947704165418191469e-01
8.586174125480690034e-01
1.243076223841695249e+00
7.472229514821098206e-01
-9.359960685141666126e-02
-5.858189897367449550e-01
-4.352324325391567772e-01
-2.188393999104807364e+00
-1.694895254862299083e+00
1.379017080134266937e+00
3.381332550255817804e-01
-6.513699477721524023e-01
1.596177724306417911e-01
-9.685688833424697108e-01
9.003333546663290221e-01
1.050539644621786284e+00
7.328748688749098239e-01
-1.135384785602482349e-01
1.563744822736948148e+00
2.367129524158040788e+00
1.669666624549778877e+00
1.138505253474010992e+00
7.953955700574191212e-01
2.475482362618977916e+00
-1.700694775083271271e-01
7.715427905649916429e-01
1.048213974449369701e+00
1.759237952888615952e+00
1.460179810342242757e+00
-1.717712758139354978e+00
-1.063944020918385025e+00
-2.321187700498364315e+00
-1.376682847523040376e+00
-1.710658709063885841e+00
-1.320345047007112971e+00
-6.026344284512343830e-01
-1.566649272135883120e+00
-2.118617782930401372e+00
-1.560436083727248624e+00
-1.852442617478036846e+00
-1.243036229811316673e+00
-1.139603937252662291e+00
-2.213145228981878709e+00
-1.473740341994615122e+00
1.933182028936982322e+00
1.716067681401182377e+00
7.284538739600960877e-01
3.160080914403262220e+00
2.491885787428764765e+00
-2.156214032694090399e+00
-6.339146760017553284e-01
-1.070764429247321958e+00
5.334062321047050581e-02
-1.776758816439659716e-01
-1.678064692028600202e-01
-1.066670999446883705e+00
-2.576548724064598339e+00
-2.855780945204962062e-01
-7.666251358805704630e-01
1.929137956364730622e+00
1.875848373044225692e+00
6.234483934482837331e-01
7.652759289670688636e-01
1.212654802738654780e+00
-1.529574323618456688e+00
-1.824884781608467232e+00
-2.554678852580584358e+00
-1.265963828852859185e+00
-4.700524125351143168e-01
-1.424850561056417053e+00
-1.787244553305494366e+00
-1.222168927734557764e+00
-9.980708842834945527e-01
-1.775948402457984354e+00
-1.952863690643625860e+00
-1.784231677775046654e-01
-1.072878663069926519e+00
-1.848798637931371003e+00
-7.224118759470099516e-01
-1.551286432212136690e-01
2.452055709515419402e-01
-9.392915710909780502e-01
-2.440506272424470158e+00
-1.547494815099494936e-01
3.393199513383175159e+00
2.372368924122437051e+00
-4.960251739824048656e-01
1.027727180460252798e+00
1.322031763600909349e-01
1.172041037217283144e+00
1.212790540901416136e+00
1.014282134590856144e+00
1.008929664585292985e+00
7.532895913822099665e-01
-2.307968827623754215e-01
7.033195813178027000e-01
-6.234464908744639100e-01
2.312941552645420007e-01
1.319804160460922304e-01
-1.409990186654806577e+00
-6.928050591655561252e-01
-1.256526081642570514e+00
-3.660563191145493889e-02
-5.947131092453148415e-01
1.272861546507426445e+00
8.488907781820920206e-01
-3.278052286427985962e-01
7.748058915024131910e-01
1.572229924955538038e+00
7.461958300790955123e-01
5.479279403025408834e-01
2.905115927694689182e-01
1.643299524794079591e+00
5.548413623406884820e-01
-1.789628606486852513e+00
-1.066943703691070500e+00
-3.019739612289612518e-01
-1.147343231753863213e+00
-1.337837660053641464e+00
1.150308047195318650e+00
1.776579193126753387e+00
2.841973983131609316e-01
8.300018628611869342e-01
5.692220501491809248e-01
1.968759206691271801e+00
3.972859141629705437e-01
1.142632791535383996e+00
7.688603918415837235e-01
6.051365056266603260e-01
1.198084048648051070e+00
-2.412915279870282426e-01
3.147478994125718188e+00
1.446138137374362032e+00
2.200647824988637868e+00
6.200498590380062458e-01
1.326350376358738536e+00
-8.643273295456597172e-01
1.448027944583136772e+00
1.113406014555343493e+00
-7.262964495943722287e-01
-8.580073944926356333e-01
-1.073337534937140347e+00
3.412433849369720384e-01
-1.682917280570934482e+00
-2.457396333512185116e-02
-1.083692008391363482e+00
-3.833160540978963748e-01
-1.189701142911669063e+00
-6.863579465479101582e-01
-4.817655304655844573e-01
-2.035246090501516392e+00
-1.457376711687411230e+00
-1.174053135824135730e-01
-8.084682369199265306e-01
5.400303072628345191e-01
2.469344226031153777e+00
1.730077830835464736e-01
8.610774567638926902e-01
6.916121969277808645e-01
-1.309749861241858770e+00
-1.373172362406409830e+00
1.405236251817676418e-02
-1.296379149081972715e+00
-1.011202017149331001e+00
-9.721912675121391345e-01
1.103643267094303049e+00
-1.292789395310140144e+00
-1.595898125305394544e+00
-2.363578905188443713e-01
1.403932777376343033e+00
1.451473219576768336e+00
9.275739245716005943e-01
1.544419617206360229e+00
2.517286188895292653e+00
-9.644234910748032963e-01
-1.430273309162854556e+00
-1.401689171851112636e-01
-1.001812958998444136e+00
-1.051859520281078986e+00
-1.230936712955385648e+00
-2.158905910722753063e+00
-3.086254825430314597e-01
-2.808607462632570773e-01
-7.432088428762082533e-01
-1.210124805939658321e+00
-9.292916665725277081e-01
-2.425787749883220989e+00
-9.522721971105613248e-01
-1.061658745700711837e+00
-3.299207503623585724e-01
-3.806934067971959879e-01
-4.018372042930304922e-01
-1.206327623292158924e+00
7.544138168744582984e-01
1.166197389501578696e+00
8.727037563005444198e-01
1.367988419242289755e+00
1.804850843115606951e+00
2.237301466940366801e-02
2.144365387293488912e+00
1.313035672221273487e+00
2.329474901023796285e+00
1.987013301204916038e+00
2.860204543318315418e-01
7.453454682251278163e-01
-6.224500731326765290e-02
1.250818295415895953e+00
-3.103948652249230999e-01
3.394151217478584837e-01
-8.857281566135004613e-01
-2.646889813430381544e+00
-1.663449002569061141e+00
-1.087992100861675304e+00
-2.059430372367464290e+00
4.857536664858743691e-01
1.790821890079345557e+00
1.465145315926875913e+00
-6.741933405381410616e-01
5.157610959220811919e-01
2.057350227823970812e-01
-6.006591505599154779e-01
4.318250605011739740e-01
6.545455993656505989e-01
6.287516486196422782e-01
-1.676361617711585872e-02
-1.712098072561450302e+00
-2.532361364757181876e-01
-1.019147134432312640e+00
-1.149367858323451230e+00
1.571748596996250580e+00
1.432199663985288751e+00
1.171186897887760647e+00
9.380974760234728205e-01
9.232898730491435613e-01
-1.752790165896056074e+00
-1.528486878848728692e+00
-8.289669481809620599e-01
-1.671531027288262194e-01
-2.275092601651018676e-02
4.738434067013246320e-01
1.023556775427250098e-01
-1.255202291641466239e+00
-4.128654601305563610e-01
-9.010355089273706097e-01
-1.095031970452326808e+00
-3.889444314110813705e-01
3.571662145945966316e-01
-2.074101085674236788e+00
-1.433541862874539552e+00
8.660859879291354924e-01
1.052249789575413930e+00
3.390647123277309438e-01
1.726658107778826334e+00
1.279034147394523480e+00
1.478785330137588616e+00
7.209532138652496869e-01
2.656292215456200756e-01
2.367512708576409164e-01
1.998296417563770744e+00
-8.477497837271625869e-01
1.360278211077772470e+00
1.321859260885231313e+00
1.124114777382416719e-01
-3.155511591600759225e-01
-1.428910696167768446e+00
-1.683085069853269555e+00
-4.548388006393074834e-01
-2.436807273999478607e+00
-1.505167548425150770e+00
1.918418165849015811e+00
1.236367865223487517e+00
9.832334819606525222e-01
2.573005670404170608e+00
2.002675834305109870e-01
-3.206894300671350173e-01
-9.155024038930190677e-01
1.880234977716320088e+00
1.998710090004568229e+00
1.697635913486108095e+00
-4.791541014921385511e-02
-3.085089878872349090e-02
-1.587785279642873082e+00
-4.934154735376149459e-01
-2.092293239919992942e+00
3.650719523882952622e-01
1.286407239029865091e+00
6.002173803618990888e-01
1.350496118146899738e+00
3.149621015359077569e-01
1.982054791156926177e+00
6.140489115405427523e-01
1.581740516462513124e+00
3.116804286986656347e-01
-5.986944196044583499e-01
2.067146928140100037e-01
9.882182189082037160e-01
-1.193848620647743886e-01
1.048633784606375130e+00
1.817841247642991931e+00
-1.167680128437665665e+00
2.312727578269216266e+00
2.627533815532061112e+00
2.736286762181452392e-01
5.240116997314063774e-01
-1.793628049972807004e+00
-1.277513649327339573e+00
-1.318772323442061190e+00
-1.128575497636812086e+00
-1.809274648533534924e+00
-1.436163902604334019e+00
-3.740476603330475935e-01
-1.691841199145229790e+00
-8.000864223764314609e-01
-8.432983737852235429e-01
-1.799211731584068108e+00
-1.446140339266737351e+00
-7.995733929011088481e-01
-1.058886769015512153e+00
-7.147428560420282517e-01
1.166311281372923503e+00
1.194176257579746103e+00
1.031094677692034889e+00
1.587640250036859602e+00
1.542573812714514325e+00
-1.250131509922133954e+00
4.515012818213453016e-01
-1.573224730069417099e+00
6.014555343867939996e-01
-7.614724614672205849e-01
-1.697701284357421070e+00
-6.707280327466731418e-01
1.030031315913326750e+00
-1.183152674097428081e+00
-1.834277743120602100e+00
1.434522634722752432e+00
1.216287990848449407e+00
2.355011844635510609e+00
9.231404682514523508e-01
1.009124000731873139e+00
-3.081825511606537393e-01
-1.994251177575075751e+00
-1.220924363767383891e+00
-9.368659426154927194e-01
-6.089513545778777459e-01
-8.847714995886102329e-03
-2.066280287884212363e+00
-1.370701081269484645e+00
-9.993598384526936051e-01
-1.261935878364275121e+00
-1.858695782020125531e+00
-1.377653874502659859e+00
-7.065741150950268779e-01
-5.024898504604498051e-01
3.162460651130805100e-01
-1.292814237168865787e+00
-1.212010935407916046e+00
-1.449233021224242801e+00
-3.891271300345994222e-01
-2.765302050774363973e+00
1.099051111147703708e+00
6.616199335600791986e-01
1.312750443007374868e+00
2.056062247399194298e+00
5.837148408423971091e-01
1.897299388905861584e+00
4.550434130328574467e-01
9.980119873709545342e-01
2.661296219645975292e+00
3.552646167610251648e-01
3.769933818158863748e-01
2.241999365747404660e-01
7.417985206219609440e-01
1.094212996377103675e+00
1.943301324011128983e+00
-2.596630016377777572e+00
-7.811109764641610553e-01
-1.136636329177898030e+00
-1.173404591013211595e+00
-1.947316425838255816e-01
2.753982965602650435e-01
1.018204635007397441e+00
1.627330364970812182e+00
1.290481955016375970e-01
9.580044257709424693e-01
1.752915496653874472e+00
8.815431193162103218e-01
1.072785026174354117e+00
1.482111275263225281e+00
1.098433768123593834e+00
-6.846429282186461407e-01
-7.561503320468547784e-01
-1.952199643210270619e+00
-1.681857029641511403e-01
-1.398178114312092379e+00
1.229895775880312847e+00
-6.026153467671437891e-01
1.327121432366302756e-01
5.539599787388056473e-01
8.143291483955761301e-02
-9.983867235993090228e-01
-1.578039753674880252e+00
-1.149186462071895898e+00
-1.640349195633528545e+00
-8.958909534672860886e-01
-1.195176702196741658e+00
-9.453697801768780051e-01
7.175142263705014400e-02
4.719295468018793738e-01
-1.065402907449390701e+00
6.798672350696137734e-01
-1.496219628545591984e+00
-3.310767097012886628e-01
2.894654380697279095e-01
-3.248475489498344748e-01
6.574426695441538682e-01
1.297148680039048596e-01
1.618453738498750294e+00
1.151781738463675264e+00
3.101549381561607976e-01
1.578680315394875855e+00
2.414521668115737985e+00
1.736501078327192138e+00
-2.636547551932784117e-01
9.415280114978463732e-01
9.472111628711471498e-01
1.784831139288963309e+00
5.139588072715111089e-01
1.049153416731693822e+00
5.402469858412559667e-01
-8.348454364746998868e-01
2.049796306324265238e-01
-9.064970796057806313e-01
-3.748069016473268844e-01
-1.865319175377230909e+00
8.176885114114689213e-01
9.776858768324271365e-01
1.760425577408291531e+00
3.035807659571679862e-01
1.415300719559031695e-01
1.621204858376628311e+00
1.710913136506817533e+00
6.542279971901046043e-01
7.507862994948450996e-01
1.588298317348644684e+00
-1.191074098561663019e+00
-1.003004477765729208e+00
-1.701113288458668826e+00
-6.090563005677980257e-01
-3.285079558187897764e-02
-2.200973859674602018e-01
1.259038172974975778e+00
8.295229326798385650e-01
1.450867846707557085e+00
1.428988392048952782e+00
1.273570915271550641e+00
2.483508032443139779e+00
2.078808642658553030e+00
1.746107229451735243e+00
9.240065656014035955e-01
2.098998732996482097e+00
5.233837139722510301e-01
2.361911653560358815e+00
2.133618486937601588e+00
5.546823910400580093e-01
8.809611556048735359e-01
1.978779818380989042e-01
6.556458075336883962e-01
1.411523076385344577e+00
-1.755244197917489313e-01
-3.071111449946826166e-01
-4.846220733877172338e-01
-1.189750913267440646e+00
-1.034759511938910581e+00
-1.539789858661417821e+00
-2.622448342512211372e-01
-2.210094975246987836e-01
-2.004086909666138894e+00
-3.849330205829084584e-01
-9.946501919433906602e-01
-2.354330979210583763e-02
5.682028684402351537e-02
-1.249680534563882839e+00
-9.658708074832409451e-01
-1.565744524651852654e+00
-2.174832453363235718e-01
1.426619254546587001e+00
1.629873036557875299e+00
1.286741979848384787e+00
1.457892804992821922e+00
-1.696354915932596574e+00
-9.961606756309655530e-01
1.149792861889107343e-01
-8.905464646303952181e-01
-4.430357815832541846e-01
-1.246021018972459649e+00
-1.332661419502199518e+00
-1.776727625619008766e+00
-7.018570187093002843e-01
-1.178126870660616055e+00
7.079311845658295965e-01
2.050190313431447198e+00
1.619600330959942713e-01
3.851628568186808987e-01
1.207795457528132221e+00
-1.265556827667711159e+00
-1.267155239612227424e+00
4.154255041200911602e-01
-1.481252797702800938e+00
-1.305421667921467854e+00
