2.286334213672682747e-01
-1.126272435927978099e+00
-1.124679824923714655e+00
-1.237923327774388405e+00
-7.387189401272218348e-01
-7.379221165959182205e-02
2.345305612999240008e-01
-1.669198205242930833e+00
-1.268372345253820033e+00
-4.627539712811693517e-01
-2.411299341686512498e+00
-1.936548881811179790e+00
-1.652653432916224574e-01
-1.491017301694629982e+00
-1.083647192581913332e+00
-6.153232060665656533e-01
5.171874126895874557e-01
-1.394617667961290941e-01
8.203540118627894451e-01
2.051047915289373691e+00
1.979566897238285161e-01
3.852129645547081038e-01
5.042867534663848517e-01
1.231726401885484767e+00
1.174662807177834667e+00
7.148262670371652305e-01
1.845498923106529521e+00
7.092077359724873187e-01
2.143989793375947528e+00
4.891273497350497879e-01
-1.252116804117644921e+00
-1.013794402913537063e+00
-2.490014749606261901e-01
-9.881329911274472355e-01
-2.539215487586739428e+00
2.942291002944807943e-01
1.595946039059141119e+00
9.869952923669430556e-01
4.271694517045981909e-01
1.023028454684310029e+00
1.319429684940415681e+00
1.420147241437353047e+00
4.055328543191626389e-01
1.887518685574095523e+00
-8.441293315318214585e-01
-9.091976673795217900e-01
-2.297283708301459448e+00
1.029798405025683650e-02
-7.238285181871977336e-01
1.111804553941766471e+00
1.482507116502116418e+00
8.274942655693234839e-01
1.909222057794145666e+00
1.063423168713244049e+00
1.147268601195836624e-01
9.484424873836975189e-01
2.186165087667516715e+00
9.373492495612232300e-01
1.981000776176170319e+00
8.083915295212538155e-01
8.791365109196886962e-01
2.287084433780965487e+00
1.013029499477507978e+00
5.358964130998695730e-01
9.602843546037250766e-01
1.086293479677783225e+00
2.244403905559626100e+00
2.479008493110852474e-01
1.077064632125697585e+00
8.160191872620877751e-01
-8.939113336211504945e-01
-6.113516410288111214e-01
-1.609778496827328098e+00
-1.938753832977285985e+00
1.984805328272645220e-01
-2.110966042710070045e+00
-1.856146566820522814e+00
-6.639300380204957719e-01
-1.574992366385999709e+00
-2.114554071901417309e+00
-1.500768104226500865e+00
-1.149772841268187351e+00
2.003145243609345538e-01
-1.380940293421559772e+00
-1.123108192249744341e+00
1.224422615653839586e+00
4.613910141898194262e-01
4.616652253378799031e-01
-3.602494311034911689e-01
7.505014808656422787e-01
-3.259831434111737369e-01
-8.008399632864195983e-01
-2.045018736938914117e+00
-2.509483415458811706e+00
-1.001310791188252614e+00
2.556679599847910822e-02
-1.684695022789072016e+00
-1.141840805943414860e+00
-9.253422714825099149e-01
-6.766202242008687584e-01
2.386374682925643143e+00
1.266819169126821798e+00
1.186992202077056024e+00
1.331476371165071004e+00
6.761311081495892106e-01
-1.641629774937026109e+00
-9.830345364082433424e-01
-2.585152760239852743e-01
-2.773654136225933708e-01
-1.073744261032032465e+00
1.724072368370099362e+00
6.274892760072753317e-01
1.144143459620646563e+00
6.092812315871918294e-01
2.272525554847679263e+00
1.727533289086527368e+00
1.129654615454398270e+00
6.668661343343148529e-01
1.216284816084844955e-01
-9.802959844466796469e-02
-1.173681957502123119e+00
1.674160727884643318e+00
7.929375053651834815e-01
1.084378470554948404e+00
1.109098066835345398e+00
-1.438500126059337969e+00
-1.077904020689255837e+00
-1.079250315183264863e+00
-1.467590251697148407e+00
-1.056578189933753853e+00
2.220703881198442531e-01
-7.857318654589507956e-01
-2.523066480302302850e-01
-1.061066151776421052e+00
-1.228592214009571970e+00
-1.913698537606315364e+00
-3.675287497013661753e-01
-1.502394486496918757e+00
-1.086577817687202296e+00
-9.607240705099072686e-01
3.171727909021271330e-02
1.628376789580319617e+00
7.659684284214307581e-01
1.066255287613430358e+00
1.208672612221977305e+00
-1.202219332102639315e+00
-1.452347346513864546e+00
-5.010362905788318111e-01
-1.960301977155316511e-01
-2.634860564204692057e+00
-6.748829136757388270e-01
4.984706898087529758e-01
-1.476479156633858203e+00
-2.260259591805844348e-01
-1.479012523581727745e+00
-2.873874260173980844e-01
1.282271169458507609e+00
2.010749783293807713e+00
3.581758254682324560e-01
9.116168530128312408e-01
-1.756384290982807572e-01
-2.000046403487520941e+00
-1.393217669945773229e+00
-2.615284907430664774e+00
-1.680435550743266226e+00
-5.918101476495929436e-01
-5.087512946443277784e-01
-1.395916726621799109e+00
-1.894644311060611930e+00
-5.594265352754943521e-01
-2.560453987969583789e+00
-6.094000373077307353e-01
-1.665932804235026321e+00
-6.860600762772802730e-01
2.603290896041885460e-01
-1.513554338684665268e+00
-3.287695956094474070e-01
-7.213874149186888518e-01
-1.401376081095268900e+00
-7.209942577816367271e-01
2.108991310724788626e+00
1.196770416632183531e+00
1.293316829328405193e+00
2.362095560683927786e-01
8.204025019015354081e-01
2.021661815502188375e+00
1.332816641521265444e+00
-3.405162878146028582e-02
8.448731681886492151e-01
1.585371395551202101e+00
-4.733739651616275523e-02
2.702547286285449157e+00
5.391274813218498441e-01
5.756849626053673896e-01
1.534861766729798571e+00
-1.922358579268585110e+00
-7.536494063236734986e-01
-1.223868730490743628e+00
-2.493243715195821331e+00
-1.346804427197000553e+00
9.914161700428543167e-01
-1.489988464005556068e-01
1.048779768117470423e+00
1.119106132900924422e+00
1.129842658366491781e+00
5.649210868701216581e-01
2.420245623389125633e-01
3.718317880400963116e-01
5.746110190101110238e-01
1.815836472045015304e+00
-1.023694848595477991e+00
5.980197247378580272e-01
-3.997265317817819685e-01
-1.289068872372283625e+00
-1.251348683557964137e+00
1.286695816373311763e+00
1.164131752100144634e+00
2.382234926268205211e-01
2.489064814289028149e-01
7.735157586232279670e-01
1.327244080434649476e+00
1.441258681501503602e+00
1.436155388158995017e-01
6.550809709922700286e-01
1.216806431493796303e+00
6.059398011436568643e-01
1.497034140297970772e+00
2.595178220287950754e+00
1.568006060664753454e+00
1.735378392547567650e+00
2.178763910907985046e+00
9.883065743520180746e-02
1.449623208247329265e+00
4.220963166602546002e-01
1.568109108583437550e+00
4.819952174782800025e-01
-2.511853185932174437e+00
-1.183222584234553842e+00
1.441677106424816834e-01
-9.965535779730221311e-01
1.412263353057523485e-01
-1.737869133176105363e+00
-1.136563311672018628e+00
-1.451488976634975225e+00
1.509952264449214709e-01
-1.054057788741507684e+00
-1.877517709036542470e+00
-1.360062049102248150e+00
-1.392883444556639816e+00
-1.332147372969685772e+00
3.761542297333162477e-01
4.392960313603699873e-03
-2.219484368834461208e-01
1.314628489542311041e+00
4.013072962117295583e-01
-1.708641206070518725e+00
1.005889812446988607e+00
-1.840449589941401287e+00
-8.969513193318275901e-01
-6.363654405702129369e-01
-6.877679454369843848e-01
-2.593500528715887654e+00
-2.399371978510662640e+00
-6.205155371429774691e-01
2.238811311432322704e-01
4.879032004749548346e-01
1.591094677768911891e+00
1.961275303112898216e+00
1.337066715771736636e+00
2.162780261628868494e+00
-9.912292400002964410e-01
-2.092741426208289290e+00
-1.112603856717525375e+00
-1.581975518138581949e+00
-6.276824425349956105e-01
-2.582894772126801408e-01
-1.131396815905264530e+00
4.102718700670897611e-01
-1.364899100573800039e+00
-8.604505384435946480e-01
-2.065803490084233474e+00
-1.722734780815127875e+00
-7.297596007175178867e-01
-1.387968199830059479e+00
-5.855662122801965630e-01
-1.849870175129401995e+00
-1.608917520481314867e+00
-3.402503392685711781e-01
-8.751453529073914828e-01
-9.954511213443214546e-01
-1.895352436712745003e-01
-3.032751806324773813e-01
1.236417285571539182e+00
6.345295326279110082e-01
2.063191337717594109e+00
1.031650292181037543e+00
1.374489160895271400e+00
9.154161872553513435e-01
1.386689319557124600e+00
1.589321960893392616e+00
-5.279134884465339628e-01
4.175228137318300892e-01
5.209207106994108161e-01
7.666150588777851382e-01
7.894217468972594132e-01
-1.596994735061787241e+00
-5.020689490161858171e-01
-3.000504118121877228e-01
-1.083654869574672386e+00
-1.465037478019034278e+00
-2.024848025600851642e-01
4.044977981542250411e-01
2.649546552618788908e+00
8.595869648610072744e-01
1.019254260817402669e+00
-7.491359629711349388e-01
4.707485659895769281e-01
1.069812777439578255e-01
1.348139519655307428e+00
1.714748191897281560e+00
-1.072983065012895976e+00
-7.794805241646887151e-01
4.220412320102315817e-01
-1.706325039360283569e-01
-1.803756182412137310e-01
1.339528275193837548e+00
1.207586855805989234e+00
1.586184663648313453e-01
1.208285905224999901e+00
3.905365591946170500e-01
1.801266971379259063e+00
4.635081956508415590e-01
-4.629444051263553739e-02
9.321967868399247958e-01
9.817953526150899890e-01
1.146501741261181095e+00
2.298466408265595895e-01
-5.651461662594987612e-01
1.322735692852225808e+00
1.086699226218991399e+00
3.315720500528552828e-01
1.906505983082163347e+00
1.489598428815404052e+00
1.242855723407765733e+00
2.341155206700571867e+00
5.061430807054976277e-01
-9.835986772631347685e-01
-1.983654544264486175e+00
-7.742941520731756455e-01
-1.393418245443228232e+00
-8.261619285838286419e-01
-5.234760428589519954e-01
-4.498160958740037296e-01
-2.300368019298715261e+00
-4.209315128788725380e-01
-6.903800764086762687e-01
-1.747605727390156405e+00
-6.672388910732867107e-01
-1.023280781691890962e+00
-2.146114735906712312e-02
1.025977650375533567e-01
1.530254342951424373e+00
1.489519537471099442e+00
9.783082074875800727e-01
1.827564221905294106e+00
-1.685093367785326590e+00
-6.114963515387858983e-01
-5.704043488705407006e-01
-7.603637004618428730e-01
-4.810364490023384398e-01
-1.649134262468487933e+00
-1.874078779799289718e-01
-1.431765318309771828e+00
-1.073689394614232295e-01
-7.367935460483662213e-01
1.814350347366640026e-01
5.074595037000457776e-01
4.400014141473707063e-02
7.906570158857846309e-01
7.401833888151554408e-01
-1.178402267922697977e+00
-7.452888720828142466e-01
-4.791606614511123574e-02
-2.226431094203255689e+00
6.383734893415708989e-01
1.715563316544996830e-01
1.710032445069444407e+00
1.988801828493697688e+00
1.328274169791710202e+00
6.999091870314457786e-01
1.680445038478541431e+00
1.827065030731273687e+00
1.066673167835223035e+00
4.208503513382702010e-01
1.267971782830268346e+00
1.997111229653734554e+00
-1.295788670120012753e-02
2.039395623101752708e+00
1.792613099411743072e+00
4.447710323077654904e-01
-7.915978691276746027e-01
-1.764038035129987358e+00
2.475065355898466990e-01
-1.069169586276188966e+00
-1.594353212933972586e+00
-2.536125942947559331e+00
-1.072249279712674364e+00
-1.216971668458274758e+00
-6.640281846790494491e-01
-2.451015984937478187e+00
-7.493971475385805547e-01
-1.730099473422692657e+00
-3.965470455069445288e-01
-1.244708174536831358e+00
-1.483619266370696188e+00
1.144428855499100006e-01
2.151277080846373924e+00
1.005272404714253609e+00
8.470674939311495510e-01
8.647886496894300334e-01
-1.087166036325905916e+00
-1.705520968052669284e+00
-6.656688028265027590e-01
-1.674800925918247918e+00
-5.378668861576531013e-01
2.544352564183629539e-01
-9.827516439684693683e-01
-7.638169160727292795e-01
-6.619859489822756959e-01
-1.548603886916962269e+00
1.169023866865217087e+00
6.934570337852767885e-01
1.349620750004650205e+00
2.678455195993264537e-01
5.573978563818454690e-01
-3.963369642569953832e-01
-2.631150611615713064e+00
-3.106616358087693541e+00
-4.907777284719214705e-01
1.622979097378561608e+00
-1.417604087523966827e+00
-5.185683980281439176e-01
2.476969236328243618e-01
-1.183999301912555424e+00
1.320673488893091552e-01
-2.521229981490518135e-01
-5.338490151662442784e-01
-8.484109804923093412e-01
-7.112900522824168181e-01
-1.799165240631686924e+00
9.687135662706578554e-01
-4.649472415866167108e-01
-3.515122681297868645e-01
-1.021771897911202265e+00
-1.022436718876459816e+00
5.493890387655884222e-01
2.246170960360035274e+00
7.331936557502369833e-01
2.716877982583335571e-01
2.302107727914379787e+00
1.577801097295157939e+00
6.894541529237054878e-01
1.115262635264371527e+00
3.177502387820994034e-01
1.066156695716118596e+00
1.845338680400233411e+00
7.578179483422851082e-01
9.027061357339721814e-01
1.071920888258992566e-02
1.621164422488760248e+00
-1.293632011358748279e+00
-4.775606098170137592e-01
-1.218248136106637958e+00
-2.062529242391638373e+00
-1.468311883062433987e+00
6.741410273231910333e-01
1.723252296509634185e-01
1.107658058330929229e-01
1.600605367254395839e+00
1.453245687167131983e+00
2.095308876784091723e+00
1.424213315619539344e+00
4.754080042087410751e-01
5.572678588728854354e-01
1.223142869079524298e+00
-1.477371622081722791e+00
-3.760054881166231544e-01
-1.808793071764584148e+00
-1.563572691588253738e+00
-1.027883097656426825e-01
4.112250599615508984e-01
1.615103779010012008e+00
1.138518322177485942e+00
2.905424111575472867e+00
1.633261181571066478e+00
1.958201284546355891e+00
3.826938000130183370e-01
-2.329164301592854258e-01
1.363453778804604166e+00
4.487434973109990510e-01
8.920998203442986885e-01
1.564793577776673938e+00
4.627610835663413802e-01
1.353952166277729630e+00
1.198310784465927981e+00
5.911351071194337337e-02
1.157571943924885050e+00
1.947768252835228031e+00
5.134776846385383786e-01
-8.811370224365377979e-02
-7.051488660064981762e-01
-2.958639911022762359e-01
-7.452011675465874951e-01
-1.728142682094551352e+00
-1.953335573034758132e+00
-8.267136448246695801e-01
-1.384776717549904834e-01
5.095470939778734554e-01
-1.794162111423988737e+00
-2.033631169051778542e+00
-4.194819574786191607e-01
-8.804017502107007731e-01
-1.396538876930887296e+00
-6.385262179482611433e-01
-2.014658595463068025e+00
1.029900671682537627e-02
1.026620830689309205e+00
1.777597902765430060e+00
3.402748600777096843e-01
1.960670895692714355e+00
-1.048014475110223387e+00
-7.279648748677950421e-01
-2.146412742443219113e+00
-6.343746500491294071e-01
-8.454614713043135943e-01
-4.666399642973529938e-01
-5.489636837185611906e-01
-1.470672878679401219e+00
-1.766664844200482642e+00
-1.100753943321794548e+00
3.379247632402676338e+00
9.081417255587211912e-01
1.178826191067277929e+00
1.369220504148918938e+00
1.546618514132355848e+00
-7.123016978712897185e-01
-9.814404921101096413e-01
-2.504234569514035558e-01
3.445590965340894485e-02
-8.793288544782023042e-01
4.755384403986993025e-01
1.100592310226902848e+00
1.454001023592019992e+00
6.041739125362054486e-01
1.063536764163758308e-01
2.315611399102075474e-01
9.435945290673399821e-01
1.612946922678274220e+00
7.887958280440386938e-01
9.828801276027395728e-01
8.318518716154259529e-01
2.567238859421006048e+00
1.087776649891156522e+00
-4.685573792067305732e-01
7.548554767586157510e-01
-9.936011516165150770e-01
8.498364354333900472e-01
-2.583441162333428576e-01
1.217686527091486060e-01
-1.214320536818210838e+00
-1.049663589993517165e+00
-3.507057852027251066e-02
-3.956370237184227978e-01
-2.717293089364287706e-01
-1.966359808766915407e+00
-8.549278353462834712e-01
-1.369687352834611405e+00
-4.708828270548677253e-01
-1.929092879515440950e+00
-2.127264294353100382e+00
7.313986903870782763e-01
7.913204304007770418e-02
1.130598970098973366e+00
1.479294891480598562e+00
1.595048159150287415e+00
-2.091224393540524140e+00
-1.155687084513721263e+00
-2.403144627206232009e+00
-1.290756286927558838e+00
-2.270306678025153957e+00
-2.261646121229686113e+00
-4.218984567616590464e-01
-1.661512911517148527e+00
-3.828030938516298054e-01
-2.509493180859766692e+00
1.518061224918684893e+00
1.185357496652482912e+00
1.995309551184184516e+00
-1.530880121324815768e-01
1.000820767122102106e+00
2.589937655514786830e-01
-1.522593394168302305e+00
-1.122014922419217076e+00
-1.878598408431269462e+00
-4.771539213791846645e-01
-1.995956287600707313e+00
1.351823667375948723e-01
-1.160723666379933849e+00
1.290485944148045405e-03
-3.554501882665402901e-01
-4.455358054445159866e-01
-5.028217765591090904e-01
7.730716113862361460e-01
-3.192318998104459737e-01
-9.656346787757273953e-01
-7.682460551702017248e-01
-8.321985717086864964e-01
-2.394134509398115895e-01
-3.957487018960583747e-01
-1.300232243106172803e+00
1.671385480377257871e+00
9.340452835610747462e-01
5.910322903472339240e-01
-3.635132611563651750e-02
2.613252654826261789e+00
1.218573896924398658e+00
9.370563138910077416e-01
2.927949902884562361e-01
9.719296032054107748e-01
3.686764303508422991e-01
1.742021494107551138e+00
5.844062191430893227e-01
3.980279807804186776e-01
7.008261707563664400e-01
9.978716988198682580e-01
-1.280638079020223863e+00
-2.463806106350812097e+00
-1.609811211091226157e+00
-3.685740447353016425e-01
-8.847054025840738190e-01
1.131147527753571636e+00
-7.421257960944775967e-01
1.776877825594414650e+00
1.428118943088648507e+00
1.447575160754404511e+00
3.150897634339961950e-01
6.481842058979107035e-01
1.969380404182691002e+00
5.329640532636383821e-01
1.045599068964208733e+00
-9.989503532764174576e-01
-5.981553967687955886e-01
-4.130050971639748214e-01
-1.201260733191507502e+00
-8.478124770099975116e-01
1.554561246377722750e+00
1.493647516278946208e+00
-4.051012970985408135e-01
9.717347618022654787e-01
4.794516829360608856e-01
-2.309834032928520742e+00
-2.292980841784912904e-01
-1.183210446260341442e+00
-1.260757567314559457e+00
-6.779334629473457996e-01
-2.236370833262669500e+00
-1.601546827637909898e+00
-1.677950097757078707e+00
-1.732373364558232431e+00
-1.394337831623572166e+00
3.671741027794221957e-01
-4.452155078245132458e-01
-8.192251812631680119e-01
-2.475166147891603607e+00
-8.649438823799293630e-01
1.808574917951981886e+00
8.874794958503163800e-01
2.861194984224963989e-01
1.414287665045947273e+00
6.900470574737314067e-01
1.215030853645962194e+00
2.324213907449242944e-01
7.171556618610913647e-01
1.493885592998332568e+00
1.758948804199339300e+00
1.034040724914665033e+00
1.568573852705577920e+00
1.212206726593334949e+00
1.702945262090312051e+00
9.927444339376786386e-01
-2.264771452326169499e+00
-2.651736180826127942e+00
-8.709739545994629184e-01
-1.388131390564325551e+00
-1.474309024659529177e+00
1.091348719109002108e+00
8.556896846517560995e-01
1.284533607222345886e+00
1.249048811185100805e+00
1.488604112082227759e+00
-3.761469650868676240e-02
8.100722152399073561e-01
3.234389893650584380e-01
1.117702693107870848e+00
1.769808996915428034e+00
-1.356021108577769141e+00
2.506298028977684833e-01
-1.114842020784856391e-02
-1.291491948015894398e+00
-5.280434766734037888e-01
1.398790318225777263e+00
-2.150791292627878271e-01
2.069884022378429389e+00
1.286579625661787407e+00
1.475594777025901472e+00
-4.183402583515761775e-01
-2.037384322128628078e+00
-9.610115019112489554e-01
-1.439012816386157523e+00
-1.034634926340697314e+00
4.700608814619866571e-02
-1.525217281357170274e+00
-2.256409334845308479e+00
-5.079244639561431018e-01
-4.929536898309810899e-01
-8.143734288440003244e-01
-2.406886882801105187e+00
-9.637361086919703501e-01
-1.523474433310040066e+00
-1.071151672777042485e+00
1.704670529528442113e+00
7.819033095916139153e-01
1.833865892761889160e+00
1.889964823042150188e+00
2.119878825225463004e-03
1.941066535372840463e+00
2.408275521367220229e-01
1.411916834089686379e+00
1.453911610317708325e+00
1.387918131098532903e+00
1.225242633745948773e+00
2.076967370790997691e+00
2.372086712829227118e+00
-6.250492779600325122e-03
1.335619320253907727e+00
2.436380002558813374e-01
-2.616058938075997986e+00
-1.170980892702371268e+00
-6.198849831480086614e-01
-2.115047069601105001e+00
1.762662742507550728e+00
1.961964755090087831e+00
1.638354444694215317e+00
1.386788688431941807e+00
7.142926922584580396e-02
1.622326408851175517e+00
7.459945764457035500e-01
1.177260527373230170e+00
1.142784034264783477e+00
7.135834562677080273e-01
-1.968149883374892273e-01
-9.241162796531013912e-01
-1.661614425009901419e+00
-7.922796194090231392e-01
-6.066102959262772432e-01
6.975603895538611265e-01
2.015353810162716641e-01
1.712279672809698061e+00
2.393392861024226104e-01
1.853840081957711883e+00
-2.325954073180650283e+00
-1.596341468140755948e+00
-2.112253542096209635e-01
-1.588874858693784198e+00
-9.468021761200822173e-01
-3.135463330940605475e-01
-3.415680388551853852e-01
-2.495368396529401789e+00
-7.853340162976024663e-01
-8.883792107578202257e-01
-2.131926167271713801e-01
-7.505483229477072360e-01
-1.157558608601803485e+00
-2.911603169586198803e+00
-2.173582182102479443e+00
2.985760971197951585e-01
5.225034037107002538e-01
1.122704728258335560e+00
1.984592315363871151e+00
1.545606083404975850e+00
7.629181626390877380e-01
1.012711548360148317e+00
1.117990932330404696e+00
9.323105842736678639e-01
-1.694205842947278384e-01
4.565186802105134500e-01
2.636475748724054213e-04
4.695402209079976297e-01
1.284733734496539936e+00
1.501628852674073755e+00
-2.362089120904429240e+00
-1.489232650887845066e+00
-4.848170194372845021e-01
-1.325676917418526113e+00
-2.008733830705879519e+00
1.460484886603212074e+00
-4.823358374050146224e-02
2.659829331512985062e-01
2.367794109690203097e+00
6.619257220767817973e-01
8.054048312657042796e-01
1.969373728144003355e+00
-7.972263382614437344e-01
2.056414606354772801e+00
1.101995189256452123e+00
-1.118554427702379117e+00
-4.737210855728936076e-01
-1.206470416625941233e+00
-8.389294993601918993e-01
-1.613748367089955504e+00
4.785274593606934079e-01
5.996299082248336410e-01
1.844659554947707836e+00
3.340604790919360356e-01
3.255333641126432198e-01
1.244049917163180252e+00
1.518310708460601788e-02
3.075188093953338253e-01
-1.851378409913904122e-01
1.681647712123271354e+00
9.563515927158448005e-01
1.176271558578470433e+00
-1.615205935179904184e-01
3.127813824669026799e-01
1.855672423544006966e+00
1.169526932136065955e+00
1.345303012021596301e+00
1.685671543016945328e+00
6.502724848548737668e-01
2.340621929392562528e+00
-1.866711537402784282e-01
-3.747263874996521471e-01
-9.546756909506246558e-01
-9.112791564928732768e-01
-4.782999832860513889e-01
-2.365670023528210208e-01
-1.294838478217623878e+00
-7.690452896675334937e-01
-2.837996248006178224e-01
-8.354815420730619113e-01
-1.542995377209256613e+00
-5.205877783048696861e-01
-7.507130520171479970e-01
-7.454461959391619486e-01
-1.275044923801091246e+00
6.668150136861041855e-01
1.814731911662226249e-01
1.831425470438469816e+00
5.040149572015157897e-01
1.949057089140723953e+00
-2.535028754576014176e+00
-1.480065917067061587e-01
-1.906393677756064164e+00
-1.047006841920388398e+00
-1.015120665817764722e+00
-1.121378706802441227e+00
9.825178820753206477e-01
-7.662312950228846731e-01
-1.890700617169542852e-01
-1.592633291607222557e+00
1.549402321253579906e+00
7.405247189568114896e-01
3.535428147623214112e-01
1.619150395414136412e+00
3.066569808691863130e+00
-1.027364720527934372e+00
-1.833975888418927669e+00
-5.263083076188296294e-01
2.151472920156480839e-01
-1.045440011102551470e+00
4.844137565362296449e-01
-6.573434300718841161e-01
-2.273849898338918596e+00
-3.087333304827042380e-01
5.828291425971956485e-01
2.874379835726448285e-01
-6.955921839663887773e-01
-1.555605554746675168e-01
-1.075464151220513864e+00
-6.575770470650441624e-01
-7.196701627353045971e-01
-9.348739350913655155e-01
-8.657801491447347786e-02
-1.184844652628023409e+00
-7.660057781444693514e-01
2.041351236762610100e+00
9.530892975225618846e-01
6.339909483453989303e-01
1.863595719076975854e-01
4.091030345589590222e-01
1.297525611855857797e+00
1.188795207378024577e+00
2.358106097305768589e+00
8.506199914328296252e-01
9.382434043146848923e-01
5.702404073882817448e-01
7.881944305239997339e-01
8.196776768017859371e-01
1.130937506306162188e+00
1.149770267112599331e+00
-3.749908819601082133e-01
-2.451381970673117916e+00
-7.002658124697338504e-01
-1.787771443906336355e+00
-8.145712885829001770e-01
5.129935420532172330e-01
-2.662904697719818969e-01
-1.065203989005805152e-01
1.458553155648463218e+00
6.782838207298513833e-01
4.409255841301890078e-01
2.176758311207858121e-01
1.136576134813731320e+00
9.101545153340001582e-01
3.824500735101818982e-01
-9.629733183730686541e-01
-3.953352284167037656e-01
-1.433078307556493236e+00
4.247503635870200078e-01
-1.621624482592581629e+00
1.582752290867190048e+00
1.230556078364822170e+00
1.651304416380374729e+00
8.473068176356752801e-01
1.776225836923060353e+00
1.131832003160929245e+00
1.839642035166813683e+00
-8.153396176439753340e-02
7.244327080245991368e-01
1.871673483991746156e+00
7.908565653391762540e-01
2.261855629687590241e+00
1.505859271468162675e+00
1.601875855924866254e+00
5.016724667172445251e-02
2.265682313694424632e+00
9.223468199896367459e-01
1.362044433298703616e+00
4.883774009940022864e-02
1.209649534499339207e+00
-8.311092071723954477e-01
-7.767533940199742304e-01
-9.341703811797630319e-01
-1.174978243124041644e+00
-1.391618222399718441e+00
-7.260506077593837926e-01
-1.573208308330722005e+00
-1.137921798892635783e+00
6.352952201708950142e-02
-1.974309177052709696e+00
-1.259862826574859263e+00
-9.183023438482736944e-01
-8.228681531396875304e-01
-1.251536336550200801e+00
-1.597775450769290284e+00
1.757189507322942656e-01
-1.681172420714569515e-01
1.311416128657506563e+00
1.889460224543225930e+00
1.257228605215104933e+00
-1.276947842631953378e+00
-4.599645044107704139e-01
-4.462735574131118099e-01
-1.070930664983963609e+00
-1.246410499352099244e+00
-9.327181779909988757e-01
-9.611799079363135823e-01
-1.987634617046470931e+00
-2.015043913023109035e+00
-6.601169498953836090e-01
-8.130157384943978993e-01
1.342336075316963528e+00
1.702288357348172632e+00
1.483518697268976894e+00
1.168639473343258128e-01
-6.689056545725298175e-01
-2.417042583562253544e+00
-2.556997616597590506e-01
-1.244886755267848422e+00
-6.340483794039104559e-01
2.379354380648737610e+00
6.826749289340718896e-01
2.254408913498471279e+00
7.181689104757744690e-01
1.861456067611625853e+00
1.012004996646262089e+00
6.877378899751716013e-01
8.242947939931536405e-01
7.772188993968165427e-01
3.673275480411419824e-01
1.773501538468484240e+00
1.334375418039071226e+00
1.331967495842492966e+00
4.035761918122788838e-01
1.384820754990830238e+00
-1.582977051426738946e+00
-2.592141423789281474e-01
-8.941942247854118841e-01
4.918806407703280037e-01
-2.274373662289359554e+00
-1.508163986030426562e+00
1.387358718491085163e-01
-2.655792742089981839e+00
4.780599652839352398e-01
-1.270818653559341316e+00
3.296798496542376888e-01
-1.374414442836038530e+00
-7.629467587334164413e-01
-1.499162186468573577e+00
-1.699518407596062097e+00
4.245762899494354148e-01
5.778879259733309404e-01
1.608770238128062413e+00
1.005152867704318886e+00
1.241811161538506569e+00
7.876214552733695751e-01
-1.722571322879586919e-01
-1.492606405024772265e+00
-7.941788691193809591e-01
-2.404635601886309093e-01
2.040930273650531923e-01
-9.200902328889808413e-01
-1.178602442115552096e+00
-1.993099341288073312e+00
-1.918425622785731033e-01
1.347152946603253687e+00
1.476506071221790339e+00
1.592590670078700921e+00
4.113222250764362320e-01
9.669029877732526757e-01
-7.615040496497695877e-01
-1.731923284703095645e+00
-2.207945986476008704e-01
-2.127335709221176430e+00
-1.554088183438437021e+00
7.215281190422349056e-01
-1.913504573668414865e+00
-2.611758204465756350e+00
-2.189641332046108779e+00
-1.940575510190701847e-01
-3.047346214270182374e-01
-1.933496667396398472e+00
4.682249529783153452e-01
-6.229602174170292272e-01
-1.094157347318519991e+00
-1.692362558164739683e+00
-1.154037738706156224e+00
-7.372824802000499389e-02
-6.145259496972931279e-01
-1.605099543559577846e+00
1.235900499443260081e+00
1.087192261449250186e-01
-5.839805775015936007e-01
7.196468854471698151e-01
2.658612288100750121e+00
7.647603722513276470e-01
1.870690784627156322e+00
1.132988619195069768e+00
1.558932567157121696e+00
1.731032858036888555e+00
1.013321740135166182e+00
1.165670959231243753e+00
1.692106662604960343e+00
1.506567085340158041e+00
8.541140220355053492e-01
-1.510960107288146670e+00
-1.745556530003076201e-01
-9.336232765215655149e-01
-2.241022798122612514e+00
-1.726453858398616203e+00
1.455827493215077428e+00
8.922189702128541233e-01
5.689415065397400717e-01
6.698943518409419262e-01
1.074619292611863175e+00
8.472152479403736169e-01
7.478350118381463796e-01
8.820280574024566000e-01
2.493277282910737469e-01
5.847914895373482747e-01
-3.252747457349389748e-01
-2.683006066643244480e+00
-1.044529501877750066e+00
-1.424742507455407203e+00
-1.054321366004714378e+00
7.217914101089659695e-01
2.568463429129840492e+00
-2.285370978397889274e-01
1.672928433833837936e+00
4.489324885203562765e-01
1.644752465511948758e+00
8.195741493097105090e-01
5.311925398163303003e-01
4.056051061052557971e-01
2.589380968739255495e-01
3.378815544138766835e-01
7.705206817857022106e-01
1.310700601292093648e+00
2.341521924293212376e+00
8.592453259496257711e-02
9.699423487921200460e-01
8.281523433812781887e-01
9.174313132973215268e-01
5.794699083327290445e-01
-1.368886525833886481e+00
-3.265898758136579483e-01
-6.408634164153347301e-01
-1.149017230168402293e+00
-3.693620635452201650e-01
-1.496396667034554095e+00
-5.759198490458916631e-01
-1.377709133976766864e+00
-9.943963609383493774e-01
-1.201360209969218218e+00
-6.510383358240208196e-01
-2.053028529155695114e+00
1.561645105522069255e-01
-1.957010522696637222e-01
-1.355029009247120886e+00
-1.795723700052731520e-01
1.168933718032738600e-01
-7.073623995174309620e-01
7.939096985099938220e-01
2.980531829841360780e-01
3.714130293573640884e-01
-1.174977081623067132e+00
-1.059965951741240531e+00
1.444610702687250114e-01
-3.772131977008361670e-01
-7.399333770235079211e-01
-3.668671724944061463e-01
-1.200006704801905189e+00
-1.434701395964086856e+00
-1.503197132064885810e+00
-2.484865861301162493e+00
2.086213427123295716e-01
4.628397206860934698e-01
1.827985310019772713e+00
5.696567622052395308e-03
4.088175372686227993e-01
7.190266299989924725e-01
-1.166021391810331043e+00
-3.348558433606553253e-01
-2.257227735795797052e+00
-1.432225990461386766e+00
1.391308882594604501e+00
1.379610043263041597e+00
5.581270789280112776e-02
1.398893534691789231e+00
1.384412904838419500e+00
1.632488333687348581e+00
9.780847507277798947e-01
1.326031327513018443e+00
7.504687419452120700e-01
6.352560372701985258e-01
8.747680958675769780e-01
1.084981265390406291e+00
1.144317066448599318e+00
-1.184978738799835618e-02
8.492245716966780877e-01
-4.065115720347720618e-01
-4.654257610369597620e-01
-2.147435022378997083e+00
-6.919360878597018427e-01
-1.172260962884255076e+00
-1.390600282741590643e+00
-1.085807427650079537e+00
-1.359149877819413543e+00
-1.075556554147846233e+00
2.185003228684139209e-01
-1.254626181357835879e+00
-1.125970045799937980e+00
-1.035485804304366209e+00
-7.959305062814325815e-02
-9.221204383543543104e-01
5.773541079758470751e-01
6.671689739097486083e-02
4.001116822573381748e-01
1.353002782490325906e+00
-6.645625850533898316e-02
-7.986718009947969543e-01
-8.974936949003395892e-01
-1.871107518623825294e+00
-1.208878056151940994e+00
-3.101774483897032919e-01
-6.994679035762446651e-01
-1.890052292479293961e-03
-8.873596372724710246e-01
-9.452017251985291857e-01
-1.804879278747784088e+00
1.019336266326372975e+00
1.025304158165455837e+00
-1.976763390995972536e-01
1.228020183178977653e+00
4.580473255016077605e-01
-5.186583413691893130e-01
-4.106151222176886995e-01
-1.710525136151154202e+00
-9.067333000912258800e-01
-6.663953927001713406e-01
1.679005865465847513e+00
1.087110124366959196e+00
1.199821748575335523e+00
2.037107966076215249e+00
4.691920994598900441e-01
1.688455688443040836e+00
4.793895808314716511e-01
1.056227124998524447e-01
1.549639007729722628e+00
1.257052137723042362e+00
5.577811105674082004e-01
1.352862344785572102e+00
1.672292457756809236e+00
7.397898156973508055e-01
8.688381413049893753e-01
-7.984290419165898101e-01
-6.448269075009616103e-01
-8.862578400127424372e-01
4.829861734418998687e-01
-9.784577036157097174e-01
-2.498334157154200597e-01
-3.740519407450170197e-01
-1.873175408079792881e+00
-1.227951666086757321e+00
-1.885518748631853647e-01
-2.931032704636798991e-01
-6.309095512393652072e-01
-9.685064601434177911e-01
-7.329183025295419318e-01
-2.105099596346693414e-02
3.260020746918377288e-01
2.144923861511330188e+00
2.009588849972879787e-01
5.926244850300779188e-01
4.138607505353818494e-01
-4.502026020473274270e-01
-1.925039281900863042e+00
-1.687915537120391996e+00
-1.430221389667536425e+00
-1.256195820001035690e+00
-2.148803075645280281e+00
-8.832335711023877600e-01
-1.147854197724837100e+00
-1.449739748824166341e+00
-2.015978717785748220e+00
5.766291722270144859e-01
7.479878175091021486e-01
1.321905863165448780e+00
2.059176395037066065e+00
2.024892479767228970e+00
-6.531553127950660009e-01
3.737622625932877085e-01
-1.360883710881589437e+00
-1.457178257600766358e+00
-1.811423571838362667e+00
1.785277942443751487e+00
1.567804568742724447e+00
1.503825802164520109e-01
1.157007797867415810e+00
1.888186046673048013e+00
2.279289824165007250e-01
1.191418679693980964e+00
4.832485799981890429e-01
8.475343509504421613e-01
2.883000085515721178e-01
2.376634330579316057e+00
1.898778835119589115e+00
2.441786078520570058e+00
1.206726928406348431e+00
3.628511161104490679e-01
-1.817135043626589175e+00
-1.047071381912075161e+00
-1.670978798919704245e+00
-1.611025832270614355e+00
1.835782686197982017e-01
-7.754191817602085202e-02
7.395133309918184850e-01
-1.455606864382639642e+00
-7.330361148387585235e-01
-2.101416589470381346e+00
-8.826999509868023175e-01
-1.400857707039365962e+00
-7.542285457186836961e-01
-8.550842942993590601e-01
-6.836014516288372311e-01
1.468611836823648709e+00
8.003289937685804656e-01
1.618093345119798521e+00
1.370037130616561072e+00
3.090714783487720219e-01
-1.201800900433362074e+00
-1.225792054324971625e+00
-2.043237026946838508e+00
-2.329951743089222482e+00
-7.382315039634950171e-01
-1.050059616432383436e+00
-1.620200450981284623e+00
-2.382009811384234732e-01
-1.649956089949951465e+00
5.457075795144696873e-01
2.981463052520968438e-01
7.721851862124965438e-01
1.138768805892307334e+00
8.012862299103921115e-01
3.731504074628736456e-01
-3.322111974245210986e-01
-1.328802483581470018e+00
-5.820212061474685505e-01
-1.133128589046747958e+00
-8.681110804827805172e-01
4.633993498612776207e-02
-4.495887157385294319e-01
-1.622216496713634104e+00
-6.640269433447864023e-01
-2.179964300027603663e+00
1.139691289506290506e-01
-9.355658966723401360e-01
1.984779311913189570e-01
-2.174107273563383735e+00
-2.893100709412380844e+00
-2.945732786618993071e-01
-8.937639278465671078e-01
-1.169723192949980506e+00
-7.890036443469909955e-01
-1.426758901174852934e+00
1.735276831160019073e+00
8.220770157065426798e-01
1.547810327076554415e+00
1.798932985163341547e+00
1.291264427540269377e+00
1.488895592465584450e-01
1.500213505036993356e+00
7.479773366721286232e-01
2.371504577974657746e+00
1.799294250986878785e+00
1.393986654607392017e+00
7.451283988283272652e-01
2.389494723254956376e+00
1.170987066711518310e+00
5.627452841214097834e-01
-1.739678299991953558e+00
-1.052810956907887396e+00
-1.930910719677499499e+00
-1.085443583478755469e+00
-6.263508038055820570e-01
1.012819430059866299e+00
1.655879222315980392e+00
1.045252780981203111e+00
1.539003593073428044e-01
2.254786962045660648e+00
7.211315425696851467e-01
-3.747282310769886049e-01
9.938823346582550400e-01
9.310141792380941528e-01
1.074704325456810938e+00
-8.140313470837778898e-01
-1.468524060974514933e+00
-4.247998073545958819e-01
-2.090183864648706979e+00
-7.765450941610922975e-01
4.877018514870041788e-01
1.004457917802223932e+00
-3.391910857109103894e-02
1.065935179512611075e+00
2.687459310137723101e+00
8.205197561987427335e-01
1.164958867424137345e+00
1.994505150629965362e+00
1.300548437146019642e+00
2.164788716520312573e+00
1.073177733112931964e+00
1.513792969601219784e+00
-8.916768395925118718e-01
9.093150486512620034e-01
1.176788219560028992e+00
-9.477002217177084020e-01
1.254599208597576565e+00
1.132354153999141522e+00
3.462416992116590375e-01
1.617430945096967942e+00
-1.331171899516860879e+00
9.020446377921764736e-02
-1.050340285211833757e+00
-7.547523776884321745e-01
-1.043475212468218949e-01
-6.619590985628442947e-01
4.070592658035796507e-01
-1.797878728394429970e+00
-1.192409985841740960e+00
-1.244820549598098403e+00
-4.608457803453368529e-01
-1.324641796729288501e+00
-1.561523151738563708e+00
-3.481304101574121956e-01
-2.350389068611245413e+00
4.501183622480564583e-01
1.327649138386776784e+00
4.780478229009924585e-01
9.839892661330642554e-01
1.078889782545688458e+00
-1.797855501965356373e+00
-1.149961366937338081e+00
-9.832942913226604409e-01
-6.191842442858984663e-01
-1.835165770759245252e+00
-1.338588087692343054e+00
-5.683754121173607565e-01
-7.768844557348442148e-01
-1.797590548972135771e+00
-8.042616783808337333e-01
1.776610246315450281e+00
-2.872468703779773591e-02
8.668368401471511220e-01
1.638816712952976484e+00
6.007847526550486039e-01
7.490347019367460391e-02
-1.644147173124909767e+00
-7.371455710590764099e-01
-6.506809179589543302e-01
-5.148899843838339319e-01
1.027133270207418070e+00
6.254187821064622899e-01
-5.919495918020079017e-02
1.370688153305647639e+00
9.933636864962716029e-01
-1.826086282161867302e-01
2.329974559505725296e+00
6.588187405601009239e-02
4.786756114008912100e-01
1.388293759882581302e+00
-3.321315442899277492e-01
1.822457130940052572e+00
2.701085004535407341e-01
9.382162045538788853e-02
1.053589182592640006e+00
-5.199785079818202149e-01
6.722532932926399418e-01
-1.636197007428302763e+00
-1.143649274044997055e+00
-1.757962724920469233e+00
-1.588825787967739434e+00
-3.422551567577251097e-01
-1.712671411012856026e+00
-4.089437680460215052e-01
-1.918769624105941540e+00
-1.228203497604123839e+00
-1.675275372368009386e+00
-9.868984855181455185e-01
-8.653920405825819007e-01
-1.874307217795350144e-01
2.140386414753562505e+00
5.336942530101019821e-01
3.354913962649279657e-01
5.686201607253810186e-01
8.536555768646449938e-01
-1.032001634102518661e+00
-1.388628622492615650e+00
-1.878513865190601262e+00
-1.778586796288333716e+00
-1.617908032291041076e+00
-8.283596602141171106e-01
-1.769026839821993047e+00
-1.031772102446359973e+00
-4.045138588958241410e-01
-5.280037389901948153e-01
1.326630643089588002e+00
1.282552453551089044e+00
2.158891111558158826e-02
9.899661077613179927e-01
1.931289311934311748e+00
-6.183026662493169567e-01
-8.885805276312208623e-01
-2.429599456400986401e+00
-5.907334278901709146e-01
-1.057445296573213067e+00
1.439747294158934654e+00
1.667565133954283851e+00
3.702421040477187342e-01
9.397162988559274455e-01
1.039545473774085682e+00
1.881165114596078602e+00
1.174729633182317823e+00
7.128198648807033688e-01
1.376580378553347028e+00
-1.303999711935559525e+00
1.942411910711209222e+00
1.104091074950064089e+00
1.165106118240190503e+00
2.149777301726541801e+00
5.626440147356243093e-01
-1.787662822935973006e+00
-1.795770690202512121e+00
-3.388567773370454450e-01
-1.156706371117136589e+00
-6.671824322004048513e-01
-2.377930717572763974e+00
-7.200966658964493838e-01
-1.243169539947193147e+00
6.788137867062471464e-02
-1.614459115477675955e+00
-3.729617087819356858e-01
-1.134813516495974284e+00
-4.204327329252508516e-01
-3.638327211797012239e-01
-1.001995770267280150e+00
9.313796324155441120e-01
1.077524140734733127e+00
1.517782530191985613e+00
2.738743144408977592e+00
3.656334658760684864e-01
-1.103539969706644808e+00
-5.332593065036620450e-01
-2.800719311421184798e-02
-1.190097478033088851e+00
-8.395132652152450525e-01
-8.854216280950122364e-02
-1.394073237900615991e+00
-1.974111606502961802e-01
-6.113661306542483853e-01
4.415956032447132529e-02
7.224991851460181858e-01
2.333108876832017398e-01
2.393036890795773974e+00
1.450480101196404137e+00
6.811587270796057858e-01
-6.550831361874513981e-01
-1.633565699229105439e+00
-9.645339226323296211e-01
-1.738881863907272063e+00
-2.912053681001144367e-01
-7.553639231979206725e-01
-7.306731091759257612e-01
1.569813410771703222e-01
-7.300569102325716875e-01
-9.161184449857556755e-01
-2.154293188156071626e+00
-2.001357872047417885e+00
-5.789970792899431506e-01
-7.854810676205659092e-01
-1.487673585279577271e+00
-8.771045137157009730e-01
-6.377797088855821084e-01
-1.429792875559482868e+00
-1.163755198656051926e+00
-2.272210122461537640e-01
1.523063846268062349e+00
5.750372303477711000e-01
1.907503488432599204e+00
1.677730826466813596e+00
3.112135953783202735e-01
1.507740185660633170e+00
1.403914783478848793e+00
1.789385753334620688e+00
1.061511835547549687e+00
1.803247161765668460e+00
4.650844235767855883e-01
1.552454256388634546e+00
1.886456028357729409e+00
-4.840608251702338549e-02
2.959338238161777657e+00
-7.395156470162865814e-01
-1.957781124726655442e+00
9.376929350219387338e-02
-1.440535447435040250e+00
5.983849244826187075e-01
2.203308499693994005e+00
1.674751414541859162e+00
6.386379843130739475e-01
9.965430232363419183e-01
1.068888762948364546e+00
7.941402262595220751e-01
9.947139364542586515e-01
6.875083296548050171e-01
5.561055664663532294e-01
7.872614191305242759e-01
2.595053667402369424e-01
-1.264563361634291949e+00
-1.497171713130126314e+00
-1.657377258030212630e+00
-1.403457492868155798e+00
1.143642822858987662e+00
1.870540632695935956e+00
-1.127767449676357892e-01
-6.380330909519038585e-01
2.273284180259453446e+00
1.317512490959593219e+00
1.676980423444541568e+00
1.070175618998187250e+00
1.232214208968781310e+00
8.751437047404410086e-01
2.151841922168686416e+00
9.598075368118045292e-01
4.309043218247432527e-01
-5.346887442587622274e-02
1.027800033996978613e+00
-3.104988074728047831e-01
2.782923286849224853e-01
-1.528097603631781709e-01
1.295447704065061600e+00
8.680533626232656008e-01
-6.823508024078985823e-01
-2.998812573064518761e-01
-3.401147148363437012e-02
-9.416801283502638231e-01
-1.108896316007575988e+00
-2.718063624621108065e+00
-1.319199973211280019e+00
-1.221675154655224027e-01
-1.022307254353181039e+00
-4.453195035781138955e-01
-3.582557666807710817e-01
-1.499227367293407553e+00
-6.854609088810132977e-01
-1.048965395217164698e+00
-1.323233726917541597e+00
4.235848105880670733e-01
1.664523139074645108e-01
1.059834257462292539e+00
1.520283753002919180e+00
4.637660767450204613e-01
6.775263489144482953e-01
-1.036842511669160638e+00
-5.177019178108387409e-01
-9.068242684258309705e-01
-8.848135688343798932e-01
-1.472722156642257252e+00
2.134751147388960213e-01
-1.296687225770394969e+00
-6.675341395841892789e-01
-9.753336084369839121e-01
1.862792151840920729e+00
8.440437749379156029e-01
2.243074165235580786e+00
1.060652382217766920e+00
4.102050930634596471e-01
-1.322787770010723118e+00
-1.729222628659212724e+00
-1.609451410166016228e+00
-5.542068983465702203e-01
-7.965780013916829994e-01
1.614213065249573642e+00
2.317950567663851213e-01
1.634544479200287892e+00
-1.560891378924456063e-01
2.106701803524581695e+00
1.651855803898516273e+00
9.019539760420521857e-01
-8.329570936751764521e-01
6.683222789697652599e-01
3.602778199331242437e-01
7.932524825600748564e-01
1.442335366138809416e-01
5.184037156347698350e-02
1.967188319504172611e+00
5.587203148833986832e-01
-7.121049065555677959e-01
-4.960647269339706344e-01
-2.298046842321338268e+00
-1.791232551971464249e+00
-4.544301100122654091e-01
-1.993016097525884822e+00
-1.288619633304271872e+00
-7.339626185057350760e-01
-2.253842288311176389e-01
-7.520735792224999550e-01
-4.158562350430413668e-01
-5.540959020566815774e-01
-1.188546814104865845e+00
-2.967815924097890967e+00
-2.052420134526767637e+00
1.111487308107165006e+00
1.380437123900862373e+00
2.137736320094119957e+00
1.439031730637298390e+00
1.600949695575761833e+00
-3.526449169830737640e-01
-1.259397494151645702e+00
1.815415118958287888e-01
-9.911888047871560969e-01
-8.585152417990828955e-01
-8.511573873723167205e-01
-1.200045932981004038e+00
4.430946353928060244e-01
-1.265411740367115012e+00
-1.500305362817240251e+00
2.687507082407979420e-01
6.620813639905021031e-01
3.378850635567918204e-01
1.303841687570880925e+00
1.496892208026266546e+00
-1.993467953347357380e+00
-1.069119533422022927e+00
6.043610598759601160e-01
-1.133150411220064546e+00
1.424315301837046910e-01
-1.142840313184982470e+00
-3.888792122650368555e-01
-1.097463677928803616e+00
-6.985936590558075032e-01
-1.825755944113207185e+00
-1.107288550939501404e+00
-1.298102754346388776e+00
-2.372357502599789836e+00
-1.144154030777519759e+00
-1.486391234845590326e+00
-1.363675370191232528e+00
-1.386471468671973462e+00
-6.294294504089191777e-01
-1.686294192557185934e+00
3.844911564427546669e-01
1.593419231035409389e+00
1.427065259882152715e+00
1.159817652685664058e+00
1.320434676021335019e+00
1.561755751141873372e-01
1.017268888406623883e+00
8.390571092298987343e-01
1.759265029509565981e+00
8.260793306984366424e-01
1.422772136232126838e+00
9.240648331656164949e-01
1.603105080823797657e+00
1.300073642455845668e+00
-1.017592746617614896e-01
1.461988952995865620e+00
-2.645551990771565887e+00
9.817874261619174980e-01
-1.494673038506054041e+00
-7.742598513325279486e-01
-7.077300781600796009e-01
1.905017097309482654e+00
4.454353643443653699e-01
7.388321239937866158e-01
1.105807656830380514e+00
1.871767979244391311e+00
3.070222834399922274e+00
1.015097477114943025e+00
1.392727505785564368e+00
1.364641773514110756e+00
1.221311682777324492e+00
-2.187070312241884196e+00
-2.470338911432054196e+00
-1.562481916009332616e+00
-6.202637705181480721e-01
-1.172170370085657165e+00
1.593726896982722074e+00
-5.872849425419337521e-01
1.084339112407929129e+00
9.187537496101059187e-01
1.276122376230001354e+00
-1.361595113652580569e+00
-1.115183712964429530e+00
-2.297542291514815371e+00
-1.973049863047871444e+00
-6.078140796375258725e-01
-7.714077795939675575e-01
-2.779471120267755779e-01
-1.336106698900036527e+00
9.666822139872444097e-02
-8.989369004296882126e-01
-2.813303130016808762e-01
-1.117957336431313120e+00
-5.333525650603591073e-01
-2.496626268758083356e+00
-1.028709205285383899e+00
2.176721949212142349e+00
8.892867975328004881e-01
7.354652051088192977e-01
9.527580282384954247e-01
1.087759306326143482e+00
1.623608270619023797e+00
-6.005781461130097476e-01
5.470758165742336532e-01
1.277726527183269400e+00
8.587506161244781167e-01
4.420716422915260679e-02
9.445453024105207041e-01
4.762668283479828402e-01
7.427288031921321920e-01
1.128400864974465678e+00
-1.407310423087295703e+00
1.190005750164082610e-01
-1.733247136718415904e+00
-1.261620043996159124e+00
-7.251056698906368503e-01
1.048082463737475711e+00
1.774388542397074886e+00
3.172531245270892031e-01
2.597798792022848469e-01
5.317197947581908668e-02
3.426169423045323237e-01
1.433663359533375647e+00
2.738015700913243311e-02
1.478324812683638800e+00
9.116674301832187188e-01
-2.437832786959497788e+00
-2.220966825755941620e+00
-2.781291043263107721e-01
-6.857111162794082837e-02
6.493030566219761823e-01
1.305766012643931662e+00
1.740738776692772660e+00
1.212808782992004231e-01
1.329577019529665449e+00
2.051300017960927313e+00
5.816876523666820731e-01
2.464666506479307628e+00
8.285642364109939706e-01
3.576641662101609498e-02
2.515232796153268335e-01
1.171878176816791184e+00
1.560442341505969832e-01
8.665995356389326609e-01
5.109512038330350503e-01
7.315021605148770423e-01
1.637246624100897829e+00
2.895884075788417444e-01
2.148443797657566989e+00
1.844030448859641957e+00
9.623301680241924672e-01
4.521450530683450708e-01
-1.456501193216042100e+00
-6.182258916966194562e-01
-7.982674544786414472e-01
-1.786724515708608685e-01
-3.799671712209126140e-01
-2.436422456634255163e-01
-8.041849476660403173e-01
-1.080393525496299745e+00
-8.790550688318116146e-01
-4.229140586332346130e-01
-1.778215597918080926e+00
-4.416637003488284030e-01
-5.728440961075245141e-01
-1.622011841690122136e+00
1.616911216488010616e+00
-1.006823640009271159e-01
-2.428561225387810829e-01
1.658056383346512064e+00
1.558834752695578807e+00
-3.702526814996196514e-01
5.585643281478147593e-01
-1.494876364926282175e+00
-2.386840394763845463e+00
-1.400474752073854079e+00
-1.552947648502898126e+00
-3.648271690554631963e-01
-1.696634664112655511e+00
-1.423182105746595205e+00
-1.409446677044974505e+00
-4.290295235721934830e-01
-4.756515440928346106e-01
1.584374940029451562e+00
1.484414471331449992e-01
1.030254613250477735e+00
-1.672400338121915908e+00
-1.575622502338465125e+00
3.754509221189934465e-01
-6.888799584198758152e-01
-3.208640686866949254e-01
-3.600405677667712911e-01
1.397312714695795544e+00
1.402426110291085548e+00
2.669302105333739128e+00
1.626433232948563123e-01
1.050142928931256270e+00
2.331831655181320961e+00
7.025514151875267288e-02
1.980807881192899522e+00
1.533543988960947235e+00
-4.182456402833729658e-01
-4.977536558699635627e-02
5.389251687550420389e-01
9.541658169839328796e-01
1.054831625708638976e+00
-6.043003403836110232e-01
-6.072026438249192859e-01
-1.520578609729744013e+00
-7.640761552224910602e-01
1.797283301111767262e-01
3.859464618991315099e-01
1.554652020370408838e+00
-4.628732254203626884e-01
-1.512432657761928478e+00
-1.245114210978349067e+00
-8.419282479432685928e-01
-1.886195071955668157e+00
-4.581805566555841036e-01
5.395554799929813683e-03
-1.290648256079284906e+00
1.123484603924672864e+00
2.098579842403581974e+00
5.945973068422130137e-01
8.191658342127203785e-01
6.703732359117350326e-01
3.474025556311377549e-01
-1.471832968720223178e+00
-1.715779065888550114e+00
-8.647933041488953254e-01
-1.234867734845819909e+00
-8.129088771661637791e-01
-1.404824712117628938e+00
-7.792818065690954032e-01
-1.274823287313410436e+00
-7.771768579762348139e-01
1.664022285704242377e+00
3.820867834490162540e-01
-2.600797443092119909e-01
3.240571707344164221e-01
3.294529385196633964e-01
-7.047244884457279923e-01
-1.742927046493637500e-01
-8.221639073717772472e-01
-7.458988949092850707e-01
-1.671017368180119478e+00
1.915996966788336753e+00
1.143125411379930068e+00
9.572455868428897396e-01
1.703496895743288775e+00
2.449129776520872603e+00
-5.280856432709435389e-01
8.647331008953074161e-01
1.029160528415835607e-01
1.971083990155256149e+00
1.061310302512119552e+00
1.470044974610583921e+00
4.448032616237185266e-02
9.481597684895837208e-01
2.153167157652964292e-01
1.017537526986851626e+00
3.324088238370908055e-01
-9.438422001135005068e-01
-6.733385015333374080e-01
-8.635996315072779206e-01
-1.783279515485891586e-01
-3.571061849764818330e-01
3.101913134973623976e-01
-1.382850980523337103e+00
-7.665034009030091688e-02
-1.139309755774893684e+00
-2.488944664391598671e+00
-1.138573173223356383e+00
-2.200320220564756291e+00
-9.488079577446077995e-01
-7.148785541293294354e-01
1.543989613363430768e+00
1.136406476363050366e+00
1.361674381761490471e+00
-1.178029024534823499e-01
1.305354473297217321e+00
-4.749274212946825724e-01
-1.035483036556572811e+00
-9.594661736541587604e-02
-5.235326236985673454e-01
-1.775603716668593623e+00
-1.273884013239211077e+00
-1.003266029426155059e+00
-1.450126172471948305e+00
2.711442574061107003e-01
-1.875863351721308137e+00
1.218979832921812445e+00
1.585187531143315454e+00
-3.329935906179202210e-01
1.129990223451428522e+00
8.328162666098877231e-01
-1.216645737832830143e+00
-3.683937408217553555e-01
-2.831225047760486113e+00
-8.388128704902542143e-01
-2.150660708479069427e+00
-2.109519970435869141e+00
3.103275372245053454e-01
-4.097976141760854008e-01
-3.894610119577501806e-01
-4.114268290177887089e-01
-1.411474063630669296e+00
-1.458851075075449533e+00
-6.825647121516239535e-01
-2.816759521298788371e-01
-5.149608320703640274e-01
-8.965409674960386210e-01
-1.001323011648588279e+00
-1.359961912656401983e+00
-1.530291302561774813e+00
-6.585479971545609157e-01
1.690432359852613864e+00
5.360236538510525506e-01
1.067358940704036696e+00
6.702278309256685107e-01
1.279508359772849602e-01
9.546729061482064349e-01
8.634427885470664643e-01
9.401920369076779416e-01
6.379803269100940977e-01
1.607325642284120892e+00
8.751624065584169276e-01
6.842977153565684700e-01
8.238716358433242348e-01
1.471880879659854369e+00
9.168086963435673198e-02
-5.427751146324468756e-01
-1.234879642756687934e+00
-2.300859008144630735e+00
-1.468941527579430417e+00
-1.111073376667623958e+00
2.611897693960888667e+00
2.443516379536820438e+00
2.280036864983910672e+00
1.661066988666539679e+00
1.366451295521788456e+00
2.754651406041148665e-01
2.738169646410102853e+00
2.795902791083745065e+00
3.289330046011831321e-01
6.530468406175338192e-01
-8.085542906566964838e-01
-2.231914674806225740e+00
-1.395045539441794880e-01
-1.295233796474223986e+00
-1.710315226557265422e+00
6.927046302286138380e-01
7.762996831712203338e-01
5.875565698284835880e-01
9.096058412780289038e-01
1.208071019709003879e+00
-1.604497856212104168e+00
6.835474437838280348e-01
-3.479254619772023105e-01
-1.245936836817023607e+00
3.467321016664848266e-02
-2.456707119960581220e+00
-1.264276466731294679e+00
-9.827242037763039839e-02
-1.049041540428969466e+00
-1.134176841987755813e+00
-1.501470709969053630e+00
-2.339138047201900328e+00
2.900071460950832680e-01
-1.219563547246423685e+00
-9.124214525072349424e-02
9.495550621303259220e-01
1.543425822241066392e+00
1.428146860077137426e+00
1.046907758769274777e+00
1.725540112276946259e+00
2.625873838162852136e-01
2.363119455211299957e-01
1.572435359426360701e+00
1.080383665684700123e+00
1.571896210582699016e+00
1.174743150379937040e+00
1.861060698844982486e+00
9.310650234291542038e-01
1.591298133772014456e-01
2.691396823183682230e+00
-1.841949066524146250e+00
-1.630656514478248997e+00
-2.997639738593015579e+00
-1.310354829786525288e+00
-1.083137492388254852e+00
1.744490839623214606e+00
1.078814327842638976e+00
2.939011645489834068e-01
2.610348191218050395e-01
5.486364238156111739e-01
8.071936241996922057e-01
-7.581728351184309211e-01
6.266411560845536188e-01
-8.472606098387025497e-02
2.762846746063744696e+00
-1.933862562721960554e+00
-1.394823289820755319e+00
-2.298107418903973631e+00
-9.855340532532593789e-01
-2.247062232548778571e+00
8.606797131059216177e-01
7.255041610604935354e-01
1.974699175404726503e+00
7.804803250097831491e-01
1.274860671148155156e+00
4.128965798376796892e-01
1.162621817967721016e+00
3.510727348609614662e-01
5.689166465132968753e-01
2.182654366209265007e+00
7.626787614517092084e-01
1.575087826951378167e+00
1.055370767202755689e+00
-2.938058950419786264e-01
1.534924643178362746e+00
2.469789504164160654e+00
2.133307149307208661e-01
1.428858396375005446e+00
9.825313457414973639e-01
7.288401337438362715e-01
-4.383475248642317856e-01
-1.542270827832540547e+00
-2.615631225195699239e-01
-1.329422388822826262e+00
-2.493463497472636625e-01
-1.494620451663835503e+00
-1.252220602647085901e+00
-4.825625215997587647e-01
7.207050335948950170e-02
-5.121845269337598205e-01
-1.393653247716656995e+00
6.417113886328504879e-01
-1.607509540467455089e+00
-6.417251371682871630e-01
2.651694076170321157e-01
1.065582222601272333e+00
1.095158268651505784e+00
1.735396752943610732e+00
1.568254827343302793e+00
6.856965845531095560e-01
-1.681096973308437992e-01
-1.937176396633061737e+00
-1.027868140218289206e+00
-3.843336092650327940e-01
-3.013192081639968656e+00
-1.498155719409745235e+00
-1.571901715844508107e+00
-1.226135564291149338e+00
-2.133139773059724575e-01
-1.302352190037738611e+00
4.451249543354088845e-01
1.399052946100862727e+00
7.318479241677515734e-01
-5.258664074409120648e-01
4.833701873726490295e-01
-1.434946662502329495e+00
-2.908798792155977697e-01
-1.555299629733024602e+00
-1.431476549783212260e+00
-1.237947170469529512e+00
1.689277541278199291e+00
1.046190461320552378e+00
4.238206777558254368e-01
1.211472720088225818e+00
1.916668868597997788e+00
6.165963924978670185e-01
8.600355745316801137e-01
1.246539358279115550e+00
7.814838845593279348e-01
1.641180867306419433e+00
-4.436195651907188786e-01
2.318074175989622177e+00
7.441452606788135915e-01
2.048903499685712060e+00
1.126870432157386137e+00
1.030276515860006459e+00
-1.869971265753457512e+00
-1.383744260554286898e+00
-1.038175934118446442e+00
-2.098378615922849910e+00
-8.678670894600157837e-01
-4.000435077712574117e-01
-9.503144044683841107e-01
-2.101674941226300497e+00
-1.215948959695511533e+00
-4.825417377499234828e-01
-1.048176976210550837e+00
-8.641158273198602524e-01
-1.350782320009914272e+00
-2.049742956305684594e+00
1.341719378760272363e+00
1.288478682412024234e+00
6.809141649549315112e-01
6.471025666118375153e-01
1.100416721757697669e+00
-1.413848429989278621e+00
-2.337832947901463676e-01
-1.759810889264908029e+00
-1.689784639889512441e+00
-1.018553447345302843e-01
2.159110827618877515e-01
-1.104867651987393229e+00
-8.063162069416506261e-01
-1.407965770864711530e+00
-1.657971589158349079e+00
3.378981011239967636e-02
-1.892640627922448360e-02
2.694932451402917151e-01
9.526164954378377736e-01
9.566604012036941107e-01
-1.662528476903640584e+00
1.201673399906883155e+00
-3.429422680760587649e-01
-9.137190660600196246e-01
-2.376955775122798542e+00
-5.975239008133189644e-01
-2.512658683648552937e+00
-8.820158157045588920e-01
-1.282556981911193272e+00
-7.109724476572183427e-01
-2.471148931974835428e+00
-1.467036290909801810e+00
-1.541462636986479451e+00
-1.090787335569518568e-01
-5.160932037110439463e-01
-7.876937622602240285e-01
-6.250589188155880604e-01
-3.110329764463486413e-01
-6.320276945772187460e-01
-1.260891602657896016e+00
7.126118106746869296e-01
3.566511185319269917e+00
1.200718016169762814e+00
1.504342350923801419e+00
1.097080089680410264e+00
-6.019439239289827714e-01
1.800323529757033025e+00
1.124970575791390592e+00
9.736114182540664963e-01
5.322938475750222942e-01
1.716401752956286941e-02
-5.279865418766158669e-01
2.116035057492917648e-01
-1.207240009353430565e+00
6.819602066454444333e-01
-7.090335521317087109e-01
-2.304410203006614921e-01
-1.839524512179544491e+00
-1.194297333222829494e+00
-1.368717062853742616e+00
1.870160022910389186e+00
1.115499645757469516e+00
1.937173153018840077e+00
4.017866434775138051e-01
2.142982281575838588e+00
1.176657817156280261e+00
1.281303248790170102e+00
7.891933645066728786e-01
1.000418044512837001e+00
6.030067388681636942e-02
3.779743541348636882e-01
1.169068086844686771e-01
-1.732067096018625740e-01
-1.883148478226759570e+00
-7.500729565174957258e-01
-7.167807207219145660e-02
1.138273984566817720e-02
4.007484404617105422e-01
1.474605937761024554e+00
8.731916417772320749e-01
1.033527012404913847e+00
-1.480025618145961452e-01
3.413214912563006243e-01
1.589799068759559120e+00
1.035062128658378988e+00
7.359469929873441174e-01
1.415138341457397253e+00
1.349001038394149088e+00
1.547717275247242341e-01
5.855890069550434562e-01
1.082945112960650658e+00
8.824085892976664125e-01
4.256618375543452792e-01
1.124119610204519226e+00
-1.922866522023483071e-01
-1.694693689316938867e+00
-1.088871122688638726e+00
8.953267691327564393e-01
-8.797374925023904169e-01
-1.446547977683306785e+00
-8.443663889110626375e-01
-1.143382569201014887e+00
-1.022249675991945939e+00
-1.283661356572771473e+00
-2.052426360146017981e+00
-2.832189549606450640e+00
-1.793689948638127030e+00
-5.964244145703836431e-01
-1.031544293962385339e+00
2.895373992069967262e-01
1.000110973889020372e+00
2.062284313405716496e+00
2.034438701251584103e-01
1.605160525245824310e+00
-2.140424812186696446e-01
1.105806987340345326e-01
-9.644031261126597698e-01
-1.132109859153459075e+00
-1.566976042458290586e+00
1.337257310052506476e-01
-7.454990648839738832e-01
-8.480535860077798027e-03
-1.772329509924985835e-01
-1.074124530221222784e+00
-1.328363815389284941e+00
4.827167138307286720e-01
-6.960769718897963365e-02
7.326258699921661677e-01
-4.827911536365969702e-01
6.136905065494527856e-01
-1.443558533521838383e+00
-7.729049901048159477e-01
-1.193942343087872615e+00
-1.317478183169245476e+00
7.964304223649136816e-01
1.764770241118440719e-01
-1.756071333351210129e+00
-1.313559389344090000e+00
-1.726096263823121646e+00
-5.458806534602410609e-01
-8.812079600669046053e-01
-1.284155999285542027e+00
7.520687958780136739e-03
-9.151692010211425199e-01
-9.658744270214342231e-01
-1.176764643189088577e+00
-1.242388909880822290e+00
-6.823840607344899833e-01
-6.669582459139777875e-01
-1.112736475791421542e+00
4.544721088188504732e-01
3.943525986852284282e-01
-4.633813752295390387e-01
-4.326664430973425901e-02
1.669777403204793842e+00
9.548828894303028614e-01
5.802355827203435901e-01
1.027978220617965510e+00
8.826822632170583383e-01
5.678575570216765067e-01
9.947078465167422667e-01
9.197398065701154479e-01
-4.588565470376586575e-01
8.180469734691309114e-01
1.596207376247571030e+00
-9.293907150503366577e-02
-1.117862949151372964e+00
-7.014869033665610543e-01
-8.844356028023021565e-01
3.844258919571532651e-01
2.127245310918027599e+00
9.798865371915200795e-01
1.277558628956389164e+00
6.110869961860705413e-01
9.511811617933128016e-01
1.269519223313089862e+00
1.699483294834062352e+00
8.830134872662653844e-01
2.013395871085823963e+00
1.170753690955712356e+00
-1.018688121794752988e-02
-1.788625923850971855e+00
-1.453936136906142096e+00
-7.157976624911583929e-01
-1.601731256927307223e+00
9.496266634648765637e-01
1.262257973737808570e+00
5.882130517093902000e-01
3.794322954296552863e-01
1.039092546898165992e+00
-3.164055445160033342e-01
-2.542204654461696300e+00
-5.249551794776826652e-01
-1.710902424784609188e+00
-1.948069667799333882e+00
-1.547014578126568729e+00
-1.151764807721045836e+00
-1.103341000446431686e-01
-1.164480026110095157e-01
8.256089513296194227e-02
-8.888345942745429218e-01
-1.125293971581803998e+00
2.105984508090728013e-01
-1.392974796645563451e+00
-2.306575025853337735e+00
2.924391992820394304e+00
1.311200121837994281e+00
6.788149936926164418e-01
6.115654379108104166e-01
2.241093091640574464e+00
4.953242611756044633e-01
1.072663899591032699e+00
6.089989296186917311e-01
2.166529372592014724e+00
1.876871033794997645e+00
1.448040618107383715e+00
1.891151887385539521e+00
6.399775969872218973e-01
2.393139022615498046e-02
2.228666913353610113e+00
-1.377622064464950613e+00
-1.200250628907562067e+00
-1.381360798541724222e-01
-9.014986548286005874e-01
-8.268460121420586617e-01
2.502031678164048145e+00
2.311770169385680251e+00
8.067703469286667817e-01
1.607614505795776028e+00
4.531341785441564962e-01
1.337261208271672386e+00
-9.509952722969017280e-02
1.064786297923986158e+00
3.336503090916345116e-01
2.497278597400460765e-01
-6.251642060808975110e-01
-4.124216767297088637e-01
-6.329731428577511920e-02
-1.992850018686453506e+00
-1.292484280503513494e+00
1.115175099528498803e+00
1.693435527534032481e+00
2.125555215287596722e-01
7.805869175184692033e-01
1.040048357240598298e+00
1.659483370842307348e-01
1.980983896570918557e+00
1.036788056382142109e+00
2.874878485758400881e+00
5.558054728364005825e-01
5.981459774313013789e-01
1.367159086826984948e+00
1.111479631708556459e+00
1.155502645574161935e+00
4.981981486643691781e-01
9.735548996502235708e-01
2.438899331907335988e-01
1.727574961719961166e+00
3.837278636344112481e-01
1.681378646471591631e+00
-1.296208102720254995e+00
-1.593201782330299521e+00
-3.055783686685089595e-01
-5.738227855447647352e-01
-8.205505099458985097e-01
9.699696781432873838e-01
-2.093544237279170162e+00
-7.341184988309155113e-01
-4.353859513631815892e-01
-8.302899373564046615e-01
-1.060164817319037889e+00
1.744054440004254580e-01
-6.788556644993218869e-01
-1.393372555113002953e+00
-1.733990789186089509e-01
7.817028809367647657e-01
1.302748016551089405e+00
1.315827211539148944e+00
1.828970774800309229e+00
7.616203937819587821e-02
-1.430672338187268799e-01
-6.594137585548407454e-01
-2.221585232894538464e+00
-2.154852118279633189e+00
-6.659343897319351946e-01
-4.971880869562200767e-01
-1.386360407924092764e+00
-2.126506221279073294e+00
-2.006639604255547660e+00
-2.021921319721687649e+00
1.201317720376608777e+00
1.786276476015984382e+00
-9.894135529138194940e-01
1.635661257579192451e+00
-1.026078795637430652e-01
-1.531559522874396784e+00
-1.889841230634948799e+00
-1.496095487826819115e+00
-2.148615359535097191e+00
9.537920711550134101e-01
-1.757017296620185132e+00
6.304575796301223889e-01
-1.352390695772257345e+00
5.570550074978246613e-01
-8.245687935102856692e-01
-2.285990958352941416e+00
-1.204158812479617202e+00
-1.226814932917190237e+00
-5.040425039890181758e-01
-5.144112388870500929e-01
-1.228389848582978949e+00
-9.877266112306252177e-01
-1.281714935622216389e+00
-9.332709060224761988e-01
-6.400876568930528032e-01
1.541075976439902018e+00
8.179569181761554564e-01
8.128084212566384359e-01
6.978413111166463789e-01
1.297616550710231964e+00
1.697081573203378380e+00
2.502828398012677980e+00
1.288536435264418856e+00
1.064740252070977444e+00
1.371196469033599818e+00
1.784600924244127862e+00
1.137982985430985972e+00
1.742351588909575089e+00
1.625172890592911923e-01
-4.668932971255612685e-02
-9.132183556948407777e-01
3.155356417633292665e-02
5.339109207026411230e-01
-8.447002687708806690e-01
-1.711410783917793221e+00
1.382896572418643943e+00
1.092181796140407890e+00
4.674204933232838366e-01
3.839971052576991450e-01
3.043139619421726394e-01
5.840185300873632634e-01
1.185926843049839086e+00
-5.836244013332745340e-01
1.986146700749674920e+00
2.054409132641324964e-01
-8.069640786242336938e-01
-7.489472087000612621e-01
-1.796992438346034504e+00
5.157611153602004173e-01
-6.483885415326698931e-01
2.699716963188651953e+00
2.137130431160216837e+00
1.072200991369258283e+00
1.496663496308735519e-01
1.652776601648425547e+00
-1.183324130923007811e+00
-1.905135916737030977e+00
-1.702781352992372765e+00
-7.230503316147953718e-01
2.442564526351898024e-02
-1.051589782037699372e+00
-9.597011018528002202e-01
6.886342025800133992e-01
-1.105078768031582115e+00
-1.809361825095379794e+00
-1.169258945804618754e+00
-1.368849184501466532e+00
-9.814704626228133444e-01
-6.898066129536726265e-01
-5.747106865109073981e-01
1.728259202300661546e+00
2.467217804327328512e+00
1.322746498736224741e+00
1.958905960122997003e+00
2.116334679701383781e-01
3.069764022968680672e-01
1.730046146508655847e-01
5.651307354076462452e-02
6.106912621522186946e-01
8.172870866054304795e-01
1.216748129184642035e+00
5.077448470486827237e-01
6.340701476530170577e-01
3.795992258535131336e-01
1.001930611971431517e+00
-1.307981652803257733e+00
-1.117624693359529742e+00
-1.847980341413127281e+00
3.430635374113504277e-01
-8.195519521616532188e-01
2.056808111508302339e+00
2.316570680479143274e+00
-2.668210494229508178e-01
-1.793146931285622969e-01
1.358395988158230594e+00
2.274253360062882923e+00
-2.752634317933646546e-01
1.093631468292288300e+00
1.266464378855296058e+00
-1.527528824980333155e-01
-5.213547412729635511e-02
-9.677620704690539366e-01
-1.642257480535709746e+00
-2.373018463030065472e-01
-1.686090985870419168e+00
7.447692451032208449e-01
2.483422866542910334e+00
2.470887174731498659e-01
-3.843145500781974810e-02
-5.791484486497004980e-01
6.640156746545460287e-01
1.061187151449744626e+00
7.329597054599134021e-01
2.395919721241746014e+00
3.088001711191915799e+00
-1.619888916201741580e-01
-4.401988118735140620e-01
3.367387104407351117e-01
1.717136475396383588e-01
2.457216167098122961e-01
6.747643210146854198e-01
-6.200917423153695651e-02
2.411336270845342078e+00
1.684189876460613799e+00
1.536845362315534924e+00
-6.716096434418199479e-01
-2.004946893469818470e+00
-7.614753128124792658e-01
-3.690999999543049803e-01
-6.860989758466240485e-01
-1.134111448021386304e+00
5.390500160750406611e-01
-5.120683656478108858e-01
-1.102342514671838858e+00
-1.037708576647036418e+00
-4.381224692685388167e-01
-9.223503481539648829e-01
-3.937294134878983609e-01
-5.679469576627170779e-01
-6.831472283147188573e-01
1.061275775662557930e+00
1.141546411283990370e+00
1.373757462250323691e+00
1.560096064226725865e+00
2.230088349874412401e+00
-1.223650391829709028e+00
5.243547767264065129e-01
-1.817534411265275152e+00
-2.368204016063094386e+00
-1.276308139415955889e+00
3.118480528228284587e-01
-1.465253682367446464e+00
-8.349074212778000437e-01
-4.752782814034218761e-01
-1.497175693655445228e+00
1.245128555962865535e+00
9.104821990777132168e-01
1.478139208981918973e+00
1.308910765816752697e+00
2.035376145445471519e+00
-9.224761015408236009e-01
-1.015415625384529674e+00
-3.700477496282084111e-01
-5.402409892654322920e-01
-1.291395216623201447e+00
