-2.956466516173010817e-01
-1.066269243790102461e+00
-1.170091183646403410e-01
-8.090864285918505372e-01
-3.751475545796474353e-01
-1.286401423247210740e+00
-1.478529809725027677e-01
-1.143252109483603229e+00
-5.143572648844060291e-01
-1.179358586916865015e+00
-1.379812625635330914e+00
-1.042886567394606168e+00
-1.581031146401380205e+00
-1.815259948462248696e+00
-1.681903393372759847e+00
1.384387942766844848e-01
1.163410418782167666e+00
5.671124710315922357e-02
1.352869150320731517e+00
1.815300741413832686e+00
1.323521861225794627e+00
1.129605150953716608e+00
7.807469721415675190e-01
9.333684387621227208e-01
7.365015312543010673e-01
1.380752165913786911e+00
1.236253552852454307e+00
1.059652182118893782e+00
8.441458054939203759e-01
5.463356650145986260e-01
-1.098359105445728456e+00
-9.294304329009900334e-01
-5.482427302753131171e-01
-4.025580061449703928e-01
-8.717141089202405935e-01
1.101127151641827284e+00
-2.145560113482605225e-01
7.779203634165683390e-01
2.237252132225282519e-01
6.854668645342741895e-01
1.238627948520678146e+00
6.939475632620257795e-01
1.641580883984752326e+00
1.584764284123953981e-01
1.398539493648652154e+00
-1.701084106940346841e+00
-8.141612876601482807e-01
-1.704734410838209424e+00
7.812694603266923110e-02
-5.997984777932273692e-01
1.263070952894674637e+00
1.977736765240654337e+00
4.682366924575820377e-01
1.626413296500663908e+00
1.017192723884807748e-02
1.230284062420360813e+00
1.706400968096259962e-01
9.614569458457240536e-01
1.613487657460356495e+00
2.009326160259980121e+00
5.692500820316436227e-01
8.058974467492818761e-01
8.666207086890809208e-02
4.354583369491640266e-01
-5.884966001858091822e-01
4.974626831758766077e-02
2.338895063741581737e-01
-5.555043056264492574e-01
2.280677147673401350e+00
8.177791738083112216e-01
-4.158836983613648508e-01
-4.419254636390945734e-01
-6.026228684235287458e-01
-4.361299303083449042e-01
-1.474377180648058339e+00
-1.947323906347161682e+00
-1.758188062903969673e+00
-7.409308591115435494e-01
-9.270813091236340675e-03
-7.321732042460376011e-01
-1.309539451570086888e+00
-1.122795661182025784e+00
-6.345956827017127377e-01
-2.132187340741963588e+00
1.360095291879166446e-01
2.260991782519850446e+00
1.012523995796450693e+00
2.867201576518505490e-01
2.027703210433696945e+00
1.257652211486794958e+00
-1.966163803110424046e+00
-2.296787977194909569e-01
-7.927957029239113274e-01
-7.784090851941368738e-01
-1.290359661309758987e+00
-2.141537859833488877e-01
-1.950942322606020074e+00
8.136078426091630789e-02
-1.940235720570576250e+00
-1.236989874810365819e+00
-4.369709890929271978e-01
1.225493120904697086e+00
7.875235211582780614e-01
1.449786460707522373e+00
2.183449495889980163e+00
-9.859069892590121009e-01
-5.110667172337628461e-01
-4.979315385810160199e-01
-8.307396689065356110e-01
-9.744944963173107766e-01
1.587093438645526877e+00
2.135418613144458577e-01
9.913379590355049231e-01
9.711640335692084403e-01
1.613285510951552482e+00
2.785132287129316042e-01
1.147283165510437630e+00
2.046249415258404092e+00
1.238295148515862865e+00
1.430760198393654203e+00
-1.048736546878248355e+00
1.845470034024261352e-01
4.708653835619469596e-01
2.069302675554617998e+00
8.889253894122373101e-01
1.046226565368526540e-01
-4.471014345037478410e-01
-1.286694688868589287e+00
-1.050851223251664024e+00
-9.047685987808082864e-01
2.797442261684364162e-01
-1.027295986735437427e+00
2.826272037052250941e-01
-1.816414591512621524e+00
-1.226820922886728837e-02
-1.357894998828091060e+00
1.890632103470379910e-01
-2.929610810930823206e+00
-1.724056132188120705e+00
-1.748892085754059078e-01
9.889824347000019111e-01
1.273611183955340342e+00
2.145354191277626388e-01
1.117368762659518566e+00
8.224018556907091160e-01
-1.843762115753914133e-01
-1.931218334285354166e+00
7.007134578222329324e-03
-5.065411582707006755e-01
-1.887329297894543290e+00
-1.242139827494241899e+00
-1.407770201022686685e+00
-1.192140247031173717e+00
-1.463400169750328939e+00
-6.874031055434046689e-01
8.831177511673244940e-01
2.073837479220281388e+00
5.471780873423804925e-01
1.917711801387704362e+00
4.178745408469235478e-01
-1.110458061756422143e+00
-1.675855094464622219e-01
-1.034758599988300665e+00
-1.197165824511787324e+00
-1.611753008235913498e+00
-4.004606059444778543e-01
-1.040755833703506106e-01
-1.591461315593009074e+00
-9.181112730802876154e-02
-6.204120241429799121e-01
-1.257237066705038320e+00
-5.187181121001993578e-01
-5.511068894836672616e-01
-8.130875899801647266e-01
1.179600729983016905e-01
-4.396330164929143081e-01
-1.124588840018609481e+00
-1.069828903385912300e+00
-6.961196314182698242e-01
-5.519086115230831258e-01
7.572819881912715712e-01
-1.206072329192864778e+00
7.979012855500948742e-01
1.430850545974895915e+00
1.414394553181985703e+00
5.147073687633310080e-01
2.796340323743259138e+00
1.463909026550078707e+00
2.168312683274416841e+00
7.816861539363975098e-01
3.613822497373111453e-01
2.662238122164579668e-01
3.869591761583093259e-01
1.392966787057586142e+00
7.950881025904126265e-01
-9.287248844094044831e-01
2.304604613771408239e-01
-6.901134208905428391e-01
-2.286151128652931241e+00
-1.251932644047008214e+00
1.183100632519884954e+00
6.506975034918416334e-01
-4.105247194432144475e-01
7.796407908923138619e-01
8.423406821463295113e-01
1.719147827204538403e+00
1.386698541734272760e+00
1.402553355519287503e+00
1.036495278647814322e+00
3.115825933071312281e-01
-1.391658472500593602e+00
-1.531036564875559947e+00
-4.898979185492273736e-01
-7.204080136584443128e-01
-2.012635495596104107e+00
7.555774347039547756e-01
1.692375631770369537e+00
1.695898683360634873e+00
-1.076574980887380573e+00
1.183487504837609006e+00
2.421824055653860608e+00
7.181377788659666361e-01
1.164196932489034220e+00
1.598401972249652747e+00
7.110871369764268923e-01
5.391456156878129402e-01
-3.054057322826020382e-02
-2.211761743630100696e-01
1.742844351537573999e+00
1.613124290452724097e+00
1.307656407108940932e+00
1.412876059453933131e+00
5.781083860977296318e-01
9.062459688583713868e-01
2.342440666266641713e+00
-4.225644734715376938e-01
-1.295559746456728556e+00
-7.495172899462108074e-01
6.401320518320479103e-01
-9.783502821975647024e-01
-8.582605294729837020e-01
-7.712588190961061629e-01
-5.446972034892977321e-01
-1.748837053551786536e+00
-4.400689770133313639e-01
-9.598102497775947706e-01
-3.587728651744180874e-01
-1.015781079838876888e+00
-1.331962199216834897e+00
-1.100039777172543864e+00
1.122320827346902750e+00
7.215631133892517202e-01
5.544118842119516444e-01
1.981347393899168807e-01
1.228694055797999507e+00
-5.481218447050051346e-01
3.942943947335981747e-01
-1.364694636553685170e+00
-1.469138577808664303e+00
-2.198116907547174037e+00
-6.976296844251197449e-01
-9.670592701621057996e-01
-9.091233399117091274e-01
-6.171279942141419950e-01
-4.670198331372408251e-01
-6.195024661649450870e-02
1.193414567247216951e+00
6.534978374432263148e-01
1.044604989110711868e+00
7.938958482621440993e-01
-8.183625739126972887e-01
-5.121085405408959401e-01
-3.679141155552149156e-01
-1.738609607094032672e+00
-1.039106240759859245e+00
-1.513140897358367098e-02
1.373604671158100921e+00
-3.719789443906451609e-02
7.854919401424281800e-01
9.150338970198077515e-01
-1.186653884920774171e-01
1.717531447132245148e+00
8.512387655541451270e-01
7.439797927364860675e-01
1.058775219687350333e+00
6.075832013960198452e-01
1.484402173435398709e+00
1.350339232720570992e+00
7.268438788197933986e-01
6.594344629094625043e-01
-1.525927387910636757e+00
-2.571820072134124446e-01
-6.468601636929809384e-01
-6.228110064546044100e-01
7.172835091387024242e-01
-1.262088032087181677e+00
-1.062253094782264151e+00
-1.711283258756175041e+00
-1.490046959026359641e+00
-1.044590206369469643e+00
-6.637949413057866455e-01
-9.680801750658002414e-01
-1.865184549831508498e+00
-2.482941512009704255e-01
-1.334162164616932156e+00
-5.102008715513615122e-01
8.309221335824757970e-01
1.603914706159721426e+00
3.713782878924254405e-02
2.976259386396228557e+00
-9.960840713319469852e-01
-2.117234016297983246e+00
-1.905150433753677097e+00
6.316348840832937128e-01
-6.012761550829052171e-01
-9.138358073127845760e-01
-7.644577781437755792e-01
-1.063894828556496641e+00
-7.245914365913954658e-01
-3.176793280346790205e-01
1.548972494103128650e+00
1.679348367340625536e+00
1.887648354523073779e-01
2.077972725645553354e+00
2.449995967373858718e+00
-1.075960236739162523e+00
-1.355253717754513865e+00
5.802417130858739114e-01
-4.544890594087389601e-01
-1.881635393384038846e+00
-1.618193759563693268e+00
-6.879343017785592984e-01
-1.135051996651887274e+00
-6.056635087774082660e-01
-1.603430236979254353e+00
1.654714457107149261e-01
-9.144595816216705142e-01
-1.522410261363395634e+00
-1.624209041079291094e+00
-4.357660019330273915e-01
-3.134298209723218598e-01
-2.741127771658316892e+00
-1.104194862415841527e-01
-1.436090267173768753e+00
-3.865102671816287305e-01
1.649602897566062376e+00
2.291247731719259662e+00
-2.021738407459916509e-02
8.632070801588008768e-01
1.249172189450853621e+00
1.380415057918231270e+00
1.598726709714320737e+00
1.453537023344748658e-01
2.378815746602560566e+00
8.539493577036808558e-01
-5.410786459702854323e-02
5.342211061183735898e-01
1.649881712420853130e+00
1.841470137857275535e+00
1.877111325730873581e-01
-2.116402358181228571e+00
-1.719849247726198849e+00
-1.215480314710283727e+00
-1.200895441786494322e+00
-1.645573272115735897e+00
7.514496557842043067e-01
2.209902868310118507e+00
1.813387137280363159e+00
6.663647808489856494e-01
1.292438416414732005e+00
7.958722079138140781e-01
1.840250817047288656e+00
1.260107088887381543e+00
1.176387054275932043e+00
9.394271167349265150e-01
-1.713789301777955743e+00
-5.066465351671796125e-01
-8.933563015772145732e-01
-2.147566581056300272e+00
-2.032752829058241950e+00
9.589590616745589102e-01
1.391625357778236705e+00
1.529839197968432707e+00
1.187952869545152446e+00
2.269814444347717952e+00
-7.101334336683853277e-01
-7.610264611813214453e-01
-3.661550795857211327e-01
-3.684505872229040246e-01
-1.473914685335913077e-01
-1.772802841270017193e+00
4.358512362304349796e-01
-9.076002494603221393e-01
-1.746960356577775819e+00
-3.455804894891246759e-01
-4.623198777370827184e-01
-1.105526332896381136e+00
-2.543429588823725718e-01
-1.410390565200352331e+00
-9.616094919737506741e-01
9.508356396314565639e-01
9.414068837668760903e-01
5.663222590318600647e-01
6.583240119371480681e-01
9.881129478367054464e-01
2.219009884497392449e+00
1.979011175813254253e+00
5.807723254348539088e-01
5.824159747739617865e-01
4.973084216525280876e-02
1.008329351372819094e+00
1.232057553850388620e-01
-1.751560987013496273e-01
6.520453171666171777e-01
8.473232930690909326e-01
-1.292539633635655605e+00
-3.967531605894071278e-01
6.002094629846221885e-02
-3.235398909675485379e-01
-1.282683555375805140e+00
2.656836869533278911e+00
1.044386766359171714e+00
1.699198350047045780e+00
1.050596214445258303e+00
1.388455250361797955e+00
4.565806768749223199e-01
-2.117139403874679360e-02
1.498650231070040917e+00
7.236179541460412423e-01
2.212196263018359144e+00
-1.116610992830667559e+00
-8.946559409800418639e-01
-5.653197210643590154e-01
-1.065532711979963354e+00
-3.788404461379846211e-01
6.779639423068712922e-01
1.665920125503871141e+00
1.624409675193702052e+00
1.476135886617907733e+00
2.958407135599142812e+00
-4.616915250406047333e-01
-2.062317261343274311e+00
-3.396250439765508000e-01
-1.615473582277910936e-01
-1.682214659079307228e+00
-9.764019702637233289e-01
-9.764034757128394748e-01
-1.977957058392682654e+00
-1.536677165167732673e+00
-1.032147245142087222e+00
2.645959712454766244e-01
-1.366986345025787752e+00
-6.604957022649693421e-01
-1.612221600893098961e+00
-1.133138340238127206e+00
7.198578056907468659e-01
-2.059227162555556934e-01
4.129042483332041602e-01
2.796568985191108858e+00
2.243877550447317404e+00
1.354554234782162636e+00
9.710948064454547612e-01
1.407988715592029871e+00
1.523005807307387105e+00
9.376028745013356147e-01
9.779245937817561130e-01
1.739582297034584002e+00
9.078098887815050366e-01
4.345202339888203369e-01
-1.229889393426517152e+00
-1.054319824084602564e+00
-9.795729830599791965e-01
-8.729297718588968635e-01
-3.330144447887122272e-01
-8.336433977513990623e-01
2.103543151269491318e+00
-9.086667055209018962e-02
1.390820067340525990e+00
2.969464376981534315e-02
8.583888241606020264e-01
4.336039636930888452e-02
5.337582415307169370e-01
2.084121169410688701e+00
3.313105174104498118e-01
7.704992509827376379e-01
-1.719455362070836379e-01
-2.038897214942524183e+00
-4.675693243082954531e-01
7.859525839200465214e-03
-8.233366460705996426e-01
1.434175174976080935e+00
1.506422001239093866e+00
5.495386431817894657e-01
-7.363312555214855948e-01
1.317328659682036163e+00
6.698841699476221212e-01
7.950361932185614489e-01
1.171983210331206671e+00
3.493434532521328961e+00
2.729244415295932313e+00
1.310588757440322993e+00
1.121107030953099937e+00
1.437224578031840005e+00
6.776036135617673484e-01
8.322443121068709981e-01
1.798684716044627319e+00
1.091047020418092428e+00
1.289459126861671301e+00
-5.878980226174284063e-01
4.024091340267256234e-01
-1.333933780446677986e+00
-1.832454670131994146e+00
-1.235463850122146878e+00
-8.552959873605714414e-01
-1.144286013794103329e+00
-1.588840378374716034e+00
-1.168501466395734489e+00
-1.443501924330345965e+00
5.541798374965583029e-01
-1.208321465643217740e+00
-1.241207946253811922e+00
-1.170359820183730859e+00
-1.115122243889205667e+00
-1.135654656264192930e+00
-1.910662822789732429e+00
1.232157526603206765e+00
1.623694227255115585e+00
1.223821826168102422e+00
5.020564838742813674e-01
1.208613864065597454e-01
-2.469932077581453722e-01
-1.370101027739463628e+00
-1.047093074072345864e+00
-1.283247723410860797e-01
-5.036377945434684644e-01
-6.543369351919092747e-01
-1.649380386587789182e+00
-2.131333440961832082e+00
-1.202126448220130595e+00
-9.030958624466024487e-01
8.651618873177515656e-01
8.944211300473818849e-01
1.043076000700208006e+00
-2.883128643961780924e-01
7.316571610999698105e-01
-6.651433837515812186e-01
-1.528883581196168517e+00
-4.390833209483828714e-01
-1.421372766131317578e+00
-1.906789913083099197e+00
2.402212490895510477e+00
1.700386871434700575e+00
1.396309823832309061e+00
2.770010680420907923e-01
5.684818130693202187e-01
9.215206910061137791e-01
8.765959071514293210e-01
4.567601432073626899e-01
1.263088037533114161e+00
1.251387117584166653e+00
-5.306412715241148881e-02
2.762485045695729724e+00
-2.457662865832928034e-01
4.006209551602758490e-01
1.373041864608388618e+00
-1.020381255726977132e+00
-5.360676596836876362e-01
-2.006886381782216233e+00
-2.944156533264512543e-01
-3.867588189428423640e-01
-1.652792919254337356e+00
-1.226926976525943846e+00
-1.010952251120312173e+00
1.849982776326641876e-02
-3.010444694557488088e-01
-8.317283317828521039e-01
-8.493774699586482679e-01
-1.028119611332869665e+00
-5.361529693893333226e-01
-1.463002191214247016e+00
9.428044332186417131e-01
1.938247567569135077e+00
-2.343212796576319423e-01
1.105368812962571834e+00
1.175578150160768720e+00
-7.704255443340497500e-01
-1.208744084094228732e-01
-1.303057160413564564e+00
-8.796046933443002480e-02
-9.651948488956944017e-01
-1.876542478345126774e+00
-1.432237581072880239e+00
-1.111189303644420923e+00
1.029881150017200042e-01
-1.623368068140682796e+00
1.344104360816118726e+00
1.222183086011930930e+00
1.553435179591424298e+00
5.272537076118540833e-01
5.945962120716197230e-02
-2.000407050685389709e+00
-2.048898852058176345e+00
3.822736748183739319e-01
-1.308170122675495151e+00
-2.811506045079277261e-01
-1.393041753974840757e+00
-7.825002902766868829e-01
-1.449856806255746644e+00
1.828584918599465148e-01
-2.755862192312787950e-01
-8.569343491726075790e-01
5.128182699225916075e-01
-2.647654633731122864e+00
-4.581529760644046378e-01
-1.542429485489457575e+00
-2.646467700638713616e+00
-1.851624412589121027e+00
-2.973740398683734076e-01
-4.711892963809566348e-01
8.610557883488478836e-01
1.684151032057522368e+00
-4.328686743562624173e-01
1.620001983273906543e-01
1.638549659321084651e-01
5.037059737488592814e-01
1.360221732038425779e+00
1.003587754789211806e+00
1.098060082393787606e+00
3.126813248565362136e-01
9.169696789657124647e-01
5.913006257088772033e-01
8.815024014316568124e-01
2.800622295465128087e+00
1.450243971629563644e+00
1.303303143883868032e+00
-2.534920646746589679e+00
-1.689414236224415111e+00
1.912874463751756959e-01
-1.385971340332894375e+00
-1.554988906754407374e+00
1.237026340128234203e+00
2.000071849757254050e+00
1.499023832847033777e+00
1.102183987559761214e+00
1.509586235888016992e+00
1.137715001832718009e+00
1.936616023633606520e+00
8.949081688487202646e-01
1.194394589947329610e+00
-1.850612750423434871e-01
-9.659034087200191188e-01
-3.396207568885754036e-01
-2.661380488239704079e-01
-1.378793297156821529e+00
2.320421641436902771e-01
3.170298320123106084e-01
-4.561688779245132164e-01
2.123516572072422726e+00
4.209608123930175250e-01
1.508575181962617862e+00
-1.882847433504525991e+00
-1.612382358149623052e+00
-1.299421996436071147e+00
-7.528606375864966838e-01
-5.136728943897255206e-01
-2.550886360041980883e+00
-5.521121460772991929e-01
-1.398940199077721935e+00
-2.216145495102802787e+00
-4.480951383331641669e-01
-3.239769886266314902e-01
-1.372445346972456459e+00
-1.045940590805393144e+00
-7.064094427121138109e-01
-1.270949907162910453e-01
2.331412868992996046e+00
8.269691569054308244e-01
5.396696243817070693e-01
8.164614618845466021e-01
1.681256433998951971e+00
7.041861925732648686e-01
8.444589524953450832e-01
9.351916545881038267e-01
-9.573010683537108712e-02
1.509993683874051307e+00
1.417194835212661763e+00
8.285070360405021317e-01
1.617872893739529916e+00
1.575921693592325923e-01
1.216626330022405167e+00
8.155224530451032905e-02
-1.164396541372891392e+00
-1.568487190387413577e+00
-2.650007768152886634e-01
4.991605391903308764e-02
1.165018713459087252e+00
7.712412603611304984e-01
2.663131872361331531e+00
9.344817124974870159e-01
1.333531053786546128e+00
1.140838761668566903e+00
1.108672577207142185e+00
2.830555380904681950e+00
1.719235070046446934e+00
2.180111597800567402e+00
-1.255977698613862881e+00
-7.133165052243399806e-01
-2.545884473295039196e+00
-1.103381087111320991e+00
-9.087563248658452331e-01
5.832060675725367904e-01
1.156961083026656567e+00
6.591338083439238771e-01
1.325672030639222232e-01
8.592626070001955219e-01
-3.360306208675312156e-01
-1.283991695330163108e+00
-9.059752877270054183e-01
-7.851395100966271912e-01
-1.689502378299499785e+00
-3.853056881847439774e-01
-1.360244208188658321e+00
-1.699483539577473223e-01
-7.188325918736533371e-01
-2.033141444505643936e-01
-1.357705108525953719e+00
-1.647362148728219067e+00
-1.847755503228875718e+00
-1.516289550400283126e+00
-1.406044126776200498e+00
1.600528627223625655e+00
1.679996049980537309e+00
-3.068242008954573663e-01
-1.006978710586858838e-02
3.630072539766124873e-01
2.203994874629665368e+00
5.087226576373859999e-01
9.778361064148426429e-01
1.861112584334686515e+00
4.382525382916268031e-01
1.021716729609265739e+00
2.067133338026878597e+00
1.140185614050973628e+00
-6.136662803264218979e-01
1.684090043190272334e+00
-2.023063831253164579e+00
-1.451101567769555345e+00
-1.873719329770290543e+00
-7.445184174663364018e-01
-9.656041947623010824e-01
1.185442898886945651e+00
8.452412173688221841e-01
7.542116843250765701e-01
-6.016798927264450647e-01
9.320766581261538120e-01
8.294670773027754684e-01
1.165166260666979259e+00
1.758080219168000058e-01
9.864359462962442038e-01
7.946710759985304851e-01
-5.905971502171354359e-01
-8.752175680902328780e-01
-7.018408782990361860e-01
2.630356893437559851e-01
-1.757873859016617857e+00
2.036297129067680345e+00
2.405202660369454293e-01
9.482581233703657464e-02
-2.116007398435986175e-01
1.964018526092023098e+00
-1.938068849771433122e+00
-4.503285845606175286e-01
-1.838194048829312255e+00
8.315287877954258278e-02
7.625415237566790516e-02
-1.697250577976262775e+00
-1.132810622414040402e+00
-4.596481514163747173e-01
-6.449120524049889447e-02
-1.311621958632428475e+00
-3.184312766448292864e-01
-1.214097775339825214e+00
-2.728070630862188262e-01
-7.332719963788792983e-01
-1.125235870768693802e+00
1.023345573204932801e+00
8.216076908809610835e-02
4.471319964936770752e-01
1.288093793592044900e+00
1.695726048713918077e+00
1.852112815130180890e+00
5.361302535287919557e-01
1.237758214297453474e+00
2.086374396232973716e+00
2.171653837797943964e+00
2.012365846615051801e+00
6.962713379304593664e-01
1.125614547005250765e+00
4.506883871977123146e-01
1.781624856767858311e+00
-1.406979820882543031e+00
1.928587212903980497e-01
-1.878576330726343890e+00
-3.284682099673762457e-01
-2.249406759079769280e+00
1.461740156862580298e+00
9.301336255932879382e-01
1.038538118780133024e+00
5.073450585345736785e-01
7.670646131486750230e-01
5.674616700155981075e-01
1.882051097108294879e-01
5.704922347059731003e-01
7.335719533520892455e-01
3.873174619437576016e-01
-2.077461413896509068e+00
-1.583757297484059690e+00
-1.215465605194304688e+00
-8.869435295987184720e-01
-2.476509275723959291e-03
8.579749747645668556e-01
1.666610843908054918e+00
1.937043051250131320e-01
1.947951283643520659e+00
8.580058775333470056e-01
1.144875103399629612e-01
1.649582370957575872e+00
9.223804693163583091e-01
1.928454778422119542e+00
-5.987193771871601733e-02
1.133816829726805642e+00
2.848894837319259743e+00
6.053495155443513465e-01
1.060754707329292224e-01
2.292314817539886640e+00
-2.670759056101288387e-01
1.059694849675825834e+00
1.338678317017856667e+00
5.276415070886157910e-01
2.323656522879971487e+00
-2.816816543199773815e-02
-6.737145057019833239e-02
-4.628016173168925107e-01
-1.463389702231030043e+00
-7.310331575559323447e-01
-6.774731257776288595e-01
-1.768827250571440857e-01
-6.880204288807028057e-01
-8.987636557461797793e-01
-1.582834272691237887e+00
-1.218473604024575829e+00
-8.218232110433107973e-01
-2.024335233050035043e+00
-1.715176917810893098e+00
5.450541675351598947e-01
1.308759377678950120e+00
-9.919795420931245555e-01
2.519461889708881852e+00
7.628192972564263874e-01
8.302434220180263669e-01
-1.108090657499722465e+00
-6.931691155211110456e-01
-1.082192475779081065e+00
-1.682186281473255329e+00
-1.443846432914865696e+00
8.276446071505971780e-01
-1.296836250018511771e+00
-9.343350161889729666e-02
-4.071352746728384986e-01
-6.844218837196589522e-01
9.723028225304990446e-01
1.524426048089443375e+00
-7.594676857924920199e-04
5.498312245674847887e-01
1.259310061916193879e+00
-8.935317519987624468e-01
-2.585610104370232865e-01
-1.517407760062792654e+00
-1.397471146411846776e+00
-6.151035434041518535e-01
-9.359371636495472657e-03
-1.615432860852372698e-01
-1.340374221319496018e+00
-1.069631807867106321e-01
4.990131935953425746e-01
-2.087629947696398425e+00
-1.994546566892486217e+00
-1.303787749527287154e+00
-3.719041229049619979e-01
-1.963514721783508499e+00
-5.561589749461767207e-01
-1.021480313357426617e+00
-4.604004429506618479e-01
-1.237126411041325591e+00
-1.120319918442348683e+00
4.588244556706095878e-01
1.776360154695179272e+00
7.603114172290732498e-01
1.705600027049884559e+00
1.129684913264812351e+00
9.457164754155034103e-01
8.034687406620050210e-01
7.529607595652089147e-01
9.810281970236939264e-01
3.314110864365482634e-02
8.878424353295220062e-01
6.763718547156930549e-01
-1.786447307135063944e-02
1.775650639324278357e+00
2.296477423169262622e+00
-7.523704250252207792e-01
-1.931748157648888631e+00
-2.184440793288235927e+00
-6.942396919113575926e-01
-1.681740581406937274e+00
-1.198796859880089105e-01
1.671163563730887702e+00
5.100077093365942282e-01
7.147814858025978157e-01
1.072477051051457630e+00
3.330783930346661759e+00
7.624884209571926030e-01
1.451608867120716795e+00
4.264878912132598066e-01
1.465376658082668371e+00
-7.208759992616735612e-01
-1.712933844037284103e+00
-1.031532953743210745e+00
-9.364225038535922696e-02
-1.021611583345626295e-01
3.245675401552379213e-01
1.259590685272488075e+00
1.622166875350139037e+00
6.175920399564804875e-01
1.108042220119503707e+00
1.709332833403871099e+00
2.323187176063216342e+00
1.081021153535316914e+00
1.345433227161032530e+00
3.370476954497725330e-02
3.839630536498020996e-01
-2.725053098922465278e-01
1.840862393140638931e+00
-7.726605145823930432e-01
1.198344746078835676e+00
1.178155683668035358e+00
1.057695134501688061e+00
-4.040158068695274274e-01
1.675193582622905852e-01
1.672521076687681241e+00
-2.089841668180934420e+00
-3.943910383900303129e-01
-1.927951226304410515e+00
-5.504623733220409543e-01
-8.127648411668154660e-01
-8.540676113275520454e-01
-6.823033651204747363e-01
-1.149806444911387837e+00
-2.068563198037932871e+00
-4.691317348553418753e-01
-1.225777061295928227e+00
-1.879420671466313308e+00
-1.735324912936508923e+00
-2.199122685842239910e+00
9.433047044331166475e-01
5.367600789866532329e-01
2.882995901996697974e+00
1.428175449350519211e+00
3.755821816626032650e-01
2.083980800218037110e+00
3.632288731535848747e-02
-3.379485297792670373e-01
-2.267813006222879624e-01
-1.450769626920385802e+00
-2.368904247440350996e+00
2.579969411896261278e-01
-9.149979905298806226e-01
-6.516923366513953653e-01
-1.210699838256555916e+00
-8.975635106783166339e-01
1.309267356462407994e+00
1.428254576877865833e+00
5.163884650177288371e-01
3.770486532363848120e-01
9.301398250973587079e-01
-1.258573844094517113e+00
-1.548247454578308258e+00
-9.586399872178964499e-01
6.403737243134921542e-03
-7.527468120722968781e-01
8.471928217337545419e-01
6.131571430453720550e-01
1.249131210810312975e+00
-2.274198554686626128e-01
1.873961859330853574e+00
4.125109143595488970e-01
2.484830409504124926e+00
-3.778011377287415762e-02
1.375113413031242349e+00
1.446838445565329589e+00
8.430207423561585367e-01
-3.380497277994782834e-01
7.271849079286825113e-01
2.531949454005764100e-01
2.333971863526009827e+00
2.267125752760761337e-01
-1.838883867224771596e+00
-1.309487569725923617e+00
-1.756608992945253078e+00
-9.700973403980661658e-02
-1.597285937757944030e+00
-6.868203995469592815e-01
-1.335911217417724561e+00
-2.475014724666994237e+00
-4.011225109696225921e-01
-1.279663176444895134e+00
-1.375210037161929133e+00
-1.124955627082449672e+00
-3.793791891508270231e-01
-8.432786900861077850e-01
-3.533979840402570183e-01
9.989822626524791360e-02
1.024086323087493255e+00
9.984646848615773562e-01
1.598167536976765835e+00
-1.535222027529767885e-01
-9.658446311438618759e-01
-2.075738749536094385e+00
-1.838098824451272595e+00
-4.231899487863053366e-01
-1.035165527832243360e+00
1.732179621298326477e-01
-1.303128017177763720e+00
-1.154072716453861336e+00
-1.520231368616967504e+00
8.277108118810239112e-01
4.528580276585003617e-02
1.892821883935145388e+00
1.393827574215594334e+00
5.622530270511776340e-01
-2.489315498569374618e+00
-1.612024401825677078e+00
-2.752187742967038275e-03
-6.292080667140114159e-01
-8.095760511479603849e-01
1.326882076048704118e+00
9.777631220275230239e-01
2.396488749952701447e+00
7.968388730775678441e-01
8.521192217022475202e-01
-1.702281168383543708e-01
1.819258196955705120e+00
1.368349901220397680e+00
3.359461161590846512e-01
1.732271255565584145e+00
6.556501369421153802e-01
1.779896765485746268e+00
1.120989483534984288e+00
1.501692954067932906e+00
7.788959735599341183e-01
-3.186335516824042591e-01
-3.466731753524703308e-01
-4.279713669098428319e-01
-1.660831412174810673e+00
-2.380039346764245778e+00
-1.955937763160762843e+00
-9.458628978706732360e-01
-1.553884572031920319e+00
-9.117272458080245556e-01
-1.109071118826056912e+00
-4.715152611983954856e-01
-1.608619679037977424e+00
-9.923744486434079581e-01
-1.503144802153621562e+00
3.579239164952974228e-02
1.290975019558739278e+00
9.512105780516958431e-01
1.191673156464911454e+00
1.973207973352064659e-02
1.003349288282390894e+00
-1.765722167826741851e+00
3.420230204364007598e-01
-2.583774900761055093e+00
4.500042920397486768e-01
-1.144767621174015870e+00
-1.257099576651081740e+00
-1.002765278482048439e+00
1.136629430453063527e+00
-6.354903915718563834e-01
-1.085366782404034502e+00
7.417780241874530889e-01
7.496185178483885103e-01
1.465545672465269789e+00
1.452687918057584682e+00
1.889832472800278218e+00
-1.580538553393332712e+00
-1.161175404418970825e+00
-1.435335182312656777e+00
3.271202747027093238e-01
-1.414386795864255530e+00
-1.923202052650179184e-01
-6.589769016184693351e-01
-9.224508852331940734e-01
-6.015736468553580796e-01
-4.661133607255032452e-01
-1.516329912224587240e+00
-2.877984848656791605e-01
-1.522159140537808319e+00
-1.683262172016562364e+00
-1.102059029023043202e+00
-2.080506193601319609e+00
-4.203177885924135326e-01
-4.426698073515609178e-01
-7.366100857536392876e-01
-2.468614983787642991e+00
6.560703709306499043e-01
1.586295399754395374e+00
2.549394595563603705e+00
1.341704108663606121e+00
2.383993077542406525e+00
2.225958390224119565e+00
2.511290447565679429e+00
1.547291801611801354e+00
1.895327774287808520e+00
9.899750019576388782e-01
5.916256461031580427e-01
1.458508884431913177e+00
1.552473302736031346e+00
9.724468446715121006e-01
1.450488275333575494e+00
-1.416811433918842233e+00
-9.112621354050687295e-02
-3.967794076138514425e-01
-2.048835649324219688e+00
-7.093327295536994148e-01
1.181116372140964099e+00
6.324993307352410055e-01
2.017596961308735004e+00
5.819356739567127512e-02
5.486881394522971078e-01
-4.137156973596904930e-01
6.081641198672218529e-01
2.042193503938309007e+00
2.530220606217303825e+00
1.555664175043800279e+00
-9.170883697178677796e-02
-9.204598464376485545e-01
-1.072840300901221067e+00
-5.419978218303234119e-01
-1.158916687227055764e+00
1.277307526206512112e+00
5.574380145121300423e-01
4.856097526875056136e-01
1.473284862629867131e+00
1.349783013692644085e+00
2.517640923007621323e-01
2.434321160443547072e+00
6.466567027885055108e-01
1.349221416387961892e+00
1.964596685612172156e-01
8.919450874283728625e-01
6.547362742861979612e-01
1.613320400958888179e+00
1.364700657913714421e+00
1.895742018005810436e+00
7.812272980400000177e-01
2.410802165959413657e+00
8.475111109641900731e-01
1.164336410216645135e+00
9.053031098280734934e-01
-7.691819238884605170e-01
8.320177322457551483e-01
-1.509231724325892809e+00
-2.916957217605677943e-01
-1.310347532277683857e+00
3.168741177508209717e-01
-1.340500352331428724e+00
-1.537419812291386023e+00
-1.361399230519117820e+00
-1.424777959522776083e+00
-1.029496342430732847e+00
-2.043129162886390127e+00
-1.069859871828215292e+00
-3.851490722646961906e-01
5.708239078478749562e-02
1.238914241834316643e+00
-4.227658624274117649e-01
-4.677782231760629905e-01
1.891643198454650676e+00
1.052672354174675862e+00
3.150994831422799791e-01
-1.027271429612661935e+00
-7.988168200934249175e-01
-3.240793319849867293e-01
-5.898424280057386060e-01
-1.488868538926350515e+00
-1.233684610885426247e+00
-8.434153519245500830e-01
-1.766572502954719015e+00
-1.037963848985545390e+00
6.291593164642141911e-01
2.699548696227038747e-02
1.188820965340714020e+00
1.136460583415078718e+00
1.513697160246499696e+00
-1.048924856958429297e+00
-1.149241130053693549e+00
-1.287427245084069360e+00
-1.317577797159760866e+00
-1.063920721789426427e-01
1.581317551942811983e+00
8.359278455807350738e-01
1.720266785512307273e+00
1.980537634101169342e+00
2.524658692747772104e+00
1.774304267698198156e+00
1.893435962058784394e+00
1.163279403239153353e+00
9.446768081873246903e-01
9.770331776159475456e-01
8.307005914957519277e-01
4.795954831622373238e-01
9.893986763766350334e-01
4.822293288970391778e-02
7.447673452161619467e-01
-9.865697796204641046e-01
-2.409379593846211698e+00
-9.107937600925484212e-01
-8.217568597629089089e-01
-4.365366252476003961e-01
-2.212991470223844015e+00
-1.677809673131557933e+00
-1.210015704908435907e+00
-8.299479521708286178e-02
-5.743311808167164134e-01
7.040151518745538795e-01
-5.942028483779377979e-01
-4.334794217579089892e-01
-4.574698727265624765e-01
-2.254763213981561876e+00
1.587421776095948145e+00
7.098097810772554528e-01
2.481918158430640453e-01
9.226540841696935225e-01
1.880904660914298088e+00
-1.273569185194721953e+00
-2.391037650201741638e-01
-2.071110703885964632e+00
-1.041018281401538736e+00
-1.962888861548366837e+00
-1.570520296615657285e-01
-1.618285908044027721e+00
-2.002693412275296847e+00
-1.038344301074180409e+00
1.509233124780811064e-01
2.357504355907344973e-01
1.484128462297072515e+00
1.144680093903176488e+00
8.236732803714064133e-03
6.903876128130499445e-01
-1.230617516249151278e+00
-1.289062196123011317e+00
-3.938969793178052070e-01
-1.844865745690255521e+00
-2.198977646664829422e+00
-1.805301417667210639e+00
-4.161803195455915372e-01
-1.692481421508062134e+00
-4.923509951696732889e-01
-9.705285821344505903e-01
-1.474834309565368651e+00
-6.231411116972388475e-01
-1.847951790114704895e+00
-8.738202876648925033e-01
-3.254405258041301874e-01
2.365977737485933652e-01
-8.940598849934876524e-01
-8.619062462509079481e-01
-7.159399694966028793e-01
-2.541899871632133934e+00
1.314682282549750836e+00
2.679497985660930226e+00
2.455073292112765593e+00
-8.386077376517575566e-02
5.069744952256888260e-01
-1.015131373841445583e+00
1.851885218177302450e+00
3.169546864926214624e+00
1.456614980737814147e+00
2.541417783050711865e+00
9.500190688167342579e-02
9.726023917747577130e-01
7.231373808716137219e-01
8.995654899013583172e-02
1.023522504329129168e+00
-2.649069288305588188e+00
-7.870098301925056994e-01
-1.035311580522471075e+00
-9.764848412605587891e-01
-1.600046235898534785e+00
1.461856751646306796e+00
4.909697480125447822e-01
3.482013474268361719e-01
1.015041246642298445e+00
1.079729365281971942e+00
-2.219992099666159291e-01
-1.146827916454957741e-01
-4.525014681613592771e-02
2.090888138632879256e-01
6.827629245917138379e-01
-1.426450997324489656e+00
-5.464729543744496487e-01
-1.458306238974789171e+00
-9.725671318336071014e-02
-1.283636593422480043e+00
1.256076123580642134e+00
1.171926544644003476e+00
1.480246858814522337e-01
6.797601123424275027e-01
1.238753725634644809e-02
-1.631694046405317122e+00
-6.157855126524092171e-01
-2.298201188475902157e+00
-6.478524986460810764e-01
-1.895034382172599230e+00
-1.072078307268054420e+00
-9.607887011671434330e-01
-1.393059362601727358e+00
-1.325578590845294613e+00
-4.063820437192073864e-01
-3.620150329887942275e-01
-6.703181925902215177e-01
-9.872790039820050767e-01
-1.306056054505026598e+00
-1.175226953426157905e+00
1.513457558064516872e+00
1.865004375161823713e+00
1.542860126816529842e+00
1.541854696812498204e+00
-7.737829053534928114e-02
5.819061746826381665e-01
4.169759045094698635e-01
1.367183457961284265e+00
1.107945004267166800e+00
1.380311733686963915e+00
5.052394301284933720e-01
5.951145576087429889e-01
2.966885256470512822e-01
5.176327916898193493e-01
1.668852697878497882e+00
3.908984324277722244e-01
-8.885291170825525553e-01
3.001712715623672256e-01
-6.244169648207735790e-01
-9.759486964731552971e-01
2.114042160698144990e+00
9.082869596765266174e-01
-3.060689944795611517e-01
-5.657936567121104598e-01
1.599420472522121717e-01
4.420837601053069221e-01
1.046471432565764470e+00
9.198731314842873985e-01
1.610661033973527667e+00
-1.812713579136993047e-02
-1.671306191204805724e+00
-1.157771919647594849e+00
3.265672000922814622e-01
4.526409644822200207e-01
3.553186965988692769e-01
1.240856203378072786e+00
2.508912552168811594e+00
1.423436432702938070e-01
2.114451096978686717e+00
5.176269472496223267e-01
2.985462559970166740e-01
1.593955910221667160e+00
1.145486566214199309e+00
5.530106120469722164e-01
5.101564143550757491e-01
7.382315908759897738e-01
6.806604936527738126e-02
2.044063582704017890e+00
4.584576908675968010e-01
2.948227779979462060e-02
-5.792982830902433378e-01
1.736439914154196185e+00
1.704887049063260829e+00
1.309747889138759502e+00
1.427526658794935344e+00
-1.794396903474173577e-01
-1.988604002979745822e+00
-9.555866347210428824e-01
7.448988177670639033e-01
3.307875497049850289e-02
-7.190573426500290743e-02
-1.535995133358630582e+00
-6.818245577871584473e-01
-6.695812188073744231e-01
-1.391088270739835764e+00
-3.818441483036352224e-01
-5.701641790575843194e-01
-1.053480496316763437e+00
-2.378527683578586682e+00
-7.728215271545595400e-01
-2.041826690404353606e-01
6.840543670333060211e-01
1.950151121748950445e+00
1.311161323188505978e+00
5.877882815537937011e-01
5.779407379576939618e-02
-1.436081819204447552e+00
-5.105670838655551602e-02
-1.371633570793509227e+00
-1.251592130416732784e+00
-2.003817316593266451e+00
-6.463030863149996641e-01
-1.583387099258755315e+00
-1.477213425319669815e+00
-6.084668442771544727e-01
1.414978319283247021e+00
1.262588005102084576e+00
9.981450943230533168e-01
4.335181303998797420e-01
3.025859447803410651e-01
-6.641725534497329164e-01
-1.623051204573896733e+00
-7.680149346295088719e-01
-1.858617330619641406e+00
-1.250231803117216156e+00
2.915628027486152352e-01
4.586367212645481306e-01
1.415519152423909244e+00
1.126154508999420711e+00
6.429622912988055550e-01
3.840805441203071213e-01
8.504003419060549573e-01
1.335455424401426061e+00
6.313906020595773105e-01
1.919513932033684478e+00
1.440699636135896577e+00
1.366155382622166847e+00
1.494810987259656443e+00
8.031925678831204340e-01
9.914380268544388253e-01
-1.160396831466029122e+00
-1.432660016002947456e+00
2.875045983924933157e-01
1.233059584047157209e+00
-6.099900144048844286e-01
-7.584758041464854106e-01
-6.535727385113658805e-01
-1.526517314277754611e+00
-3.055989372423606465e-02
-1.328289369864979141e+00
7.533923244906872707e-01
-2.440572219846847801e+00
-9.827244697269799101e-01
-1.610575284692633113e+00
-1.763819014260687990e-01
-7.166691463178542776e-02
1.152159107082659117e+00
1.453393291363454853e+00
3.469215346596837835e-01
9.955850298565382950e-03
7.779299243462638458e-01
-6.707292602410428461e-01
-9.752085475359260069e-01
-9.816109718028143138e-01
-1.180326162321396533e+00
2.362780658212253471e-01
-2.237215625417967590e-01
-1.985281461590497010e+00
-1.636821870709299187e+00
-8.661850904473085144e-01
1.440845545185694965e-01
2.487678051703092752e-01
1.843098408702410262e+00
2.305118513510469036e+00
9.603522525785839203e-01
-1.705435359642815563e+00
-1.592739542073802195e+00
-9.198571905534350668e-01
-1.301579162552114699e+00
-9.658044085505346210e-01
-1.547329757604619882e+00
-1.160151262020584273e+00
-7.717623918186058418e-01
-2.082033869265303316e+00
-8.381006381478312006e-01
-1.449808623052112111e+00
-7.935581049290062472e-01
-1.587961801632013614e+00
-1.367209325325959401e+00
2.170255741050786114e-02
-8.918365722367128656e-01
-2.028418066489117155e-01
-6.947458656003772104e-01
-3.451625759192409326e-01
-1.598441040544487324e+00
7.992482253674566550e-01
1.929121133873234584e+00
5.870957050311629288e-01
7.803942942351269618e-01
6.561850103542234969e-01
7.472470789617027265e-01
1.861740578087961229e+00
1.133942662824482195e+00
2.050879848265926952e+00
1.110519683858697260e-01
1.181804122987047734e+00
2.001709659520594542e+00
1.408960316057686679e+00
2.069713530504173171e+00
9.269268426392270888e-01
-3.011274183527770099e-01
-1.060385589464716283e+00
-3.420632704514945388e-01
-3.845219453253629904e-01
-2.141141060728497525e-01
6.849178812870593269e-02
2.895725277986704871e-02
2.019132751761858469e-01
1.997580671075749104e+00
7.204894582502908706e-01
4.056051669860675224e-01
1.674371723069729700e+00
1.646296077330600571e+00
1.305009045989945049e+00
1.023059989274681669e+00
-3.101694936894973109e-01
-7.481811718350004359e-01
-2.924558858821689977e+00
-1.160089190335231724e-01
-1.646155600970139687e+00
9.264514383302359102e-01
4.910526132372684538e-01
2.001994352533891242e+00
6.680929193966267388e-01
1.259754093530125907e+00
1.059432162148871370e+00
1.543630088156239921e+00
-2.044783389186557443e-01
1.386115750387078238e+00
2.058982879987089731e+00
9.775841249245430520e-01
1.407194590673847667e+00
-2.106732045957555588e-01
5.981603857962615178e-01
1.230240003773324542e+00
-1.059705141604331047e+00
6.184821579280992410e-01
2.806213568432746053e-01
3.031642795051918693e-01
6.059706641090314427e-01
6.787417557171560034e-01
-2.398520104818237630e+00
-7.469846315060016950e-01
-6.962993930417845645e-01
-5.172606754785048500e-01
-4.204088622411285003e-01
-1.460914441230571015e+00
-1.343238210615247397e-01
-7.869959864750931677e-01
1.374942111921788612e-01
-1.181834116489333342e+00
-1.194143531785672119e+00
-1.901339496779322458e+00
-2.914080384478153762e-01
-1.161906887746847250e+00
2.965919649347866782e-01
1.064952129905861078e+00
1.306849179500435554e+00
1.615816746909949142e+00
9.545043011558985713e-01
-8.144008463210498094e-01
-3.053039724567319091e-01
-3.113116666110687936e-01
-5.359453172787711495e-01
-1.571098920129943899e+00
-3.628588144118541914e-01
-1.051748422601657573e+00
-1.640399723948598343e+00
-5.561724356987471918e-01
-9.244461426104533253e-01
9.864705586612547705e-01
-1.589538839498705336e-02
1.152041002265018710e+00
1.020586974535989455e+00
1.061166878394129931e+00
8.108730913065893553e-01
-2.692652538424048725e+00
-7.146358098400230618e-01
2.051138215480574623e-02
3.547435228278779107e-01
-2.509819050525650130e-01
1.735937332763128005e+00
-8.192505930887516996e-02
8.101881751597761472e-01
1.562959431515462461e+00
2.326139179758848208e+00
1.708253806546178755e+00
1.056411541152365796e+00
1.618380040090024563e+00
1.130734772875084282e+00
2.650223568596951296e+00
1.266822839535286960e+00
1.355463730839054470e+00
6.535129335181272259e-01
8.378629091958126329e-01
-3.939154302938627783e-01
-1.798861794708401352e+00
-6.945812475482406878e-01
-8.439199131599036674e-01
-1.161927730034464812e+00
-1.726850761565015269e+00
-1.101701233689335258e+00
-9.676482533270392983e-01
-1.311341440877244802e+00
-1.447925966821177024e+00
1.381647545290398682e-01
-8.867658705032450683e-01
-1.090686884988766092e+00
-5.742718795823177347e-01
5.244116501658353524e-01
1.210887262701577649e+00
6.135342109293198121e-01
2.475108969660797520e-01
7.938792722316626582e-01
8.156002822314596390e-01
-1.694171096378045416e+00
-8.146736196563610921e-01
3.514493460397407620e-01
-2.786010958660708470e-01
-1.600245923352742405e+00
-2.228782634565730447e+00
-1.919344472420641434e+00
-1.556676469647833683e+00
7.228652533441737305e-02
3.497254031344967373e-01
9.654916640584524368e-01
3.322826706714677725e-01
7.616453925462662866e-01
1.824112704538610519e+00
7.301921450244516221e-01
-1.223786475891923464e+00
-1.155250350838372464e+00
-3.293594213824300176e-01
-1.337939946044862660e-01
-2.101501416312676618e+00
1.223113088976786278e+00
7.055049877564188998e-01
5.982241236032767029e-01
1.672880445188836385e+00
7.350153360794478008e-01
6.537843232534783500e-01
3.384722213490843901e-01
1.317091009626043974e+00
6.989633410771523003e-01
7.172962194163652327e-01
1.537054889579550609e+00
9.064289681734898352e-01
2.094063593163729919e+00
1.036298127377475842e+00
2.776196510893407243e-01
-1.351886172175889023e+00
-8.706880496677020798e-01
-5.320846753951780084e-01
-6.062777724643252375e-01
-2.986268477713653891e-01
-5.904350769167775459e-01
-1.016064120234537960e+00
-1.019119761369436494e+00
-1.274267007536070251e+00
8.404046752110239105e-01
-6.263132109830217287e-01
-5.444525370429934563e-01
-4.917627578475985972e-01
-5.300842557604289462e-01
-1.157715117366503454e+00
9.921891573631413941e-01
2.095570421403102568e+00
1.581008826894777952e+00
1.803863240810014590e+00
6.877761577611831711e-01
4.695834177853042135e-01
-5.889880491678998187e-01
-3.037436420740646792e-02
-6.396642414580087088e-01
-1.571839824235593763e+00
-2.047324311599761693e+00
4.358878099600267397e-01
-1.060355291327249150e+00
4.816360897021354504e-02
-5.904585446926512438e-01
1.020812758948785870e+00
5.000245899238372482e-01
4.819957423292964283e-02
-5.574047300149778117e-01
7.332702639162151925e-01
-1.032593347173428100e+00
-1.387857589970872940e+00
-8.827208701072978281e-01
2.370819581495995365e-01
-8.205817512481385911e-01
8.819457723317942754e-01
1.122868929063620014e+00
1.822383390733207209e+00
1.389607357540169952e+00
2.766624483314722660e+00
1.001911590076054903e+00
4.921910104620128568e-01
8.528179154170496545e-01
1.271114720790958996e-01
1.692161853705324237e+00
7.409680332438933759e-01
4.752064438444777439e-01
1.345359815631626210e+00
1.277406918262552260e+00
1.480025176115792540e+00
-1.179969022540229506e+00
-6.284268929505596457e-01
-1.861608769521819085e+00
-1.512867304841247540e+00
-1.103770754334580051e+00
-1.171540898810409015e+00
-3.297565410910101580e-01
1.915973699170614442e-01
-4.285332992874083535e-01
-1.089944342000596977e+00
-1.084345827011424568e+00
-7.968309960833208638e-01
-1.013903541116496498e-01
-1.005147458366716373e+00
5.579834203030165085e-02
1.411514372625575886e+00
1.023308788212695664e+00
1.062272528171894104e+00
9.738003347878487759e-01
1.006650995134777737e+00
-7.178105405425552199e-01
-1.424160014625133197e+00
-2.000440039401143899e+00
-7.544975442788350861e-01
-1.480781181282574410e+00
-5.655562160278333472e-01
-4.582890760861669799e-01
-4.001207564137211348e-01
-1.018718859111781727e+00
-8.245067935827068428e-01
3.779244098000210661e-01
2.523629231303326836e+00
7.612549679168146843e-01
1.788255923712749329e+00
1.730466975780108330e+00
-1.429357041809221851e+00
-6.798252201724693800e-01
-1.312612382917777598e+00
-1.396201794829645904e+00
-1.549689887574523084e+00
-7.370172786154103317e-01
-1.096085456315011086e+00
-1.911559102211530803e+00
-8.807974727769291023e-01
-5.706017209352256536e-01
-1.613512999737140241e+00
-1.116230256020005696e+00
-8.829120034624722280e-01
1.236308864192818824e-01
5.146837026029262852e-01
-4.824907935799178649e-01
-1.148041812209343204e+00
-2.794933795680383248e-01
-1.229369439659338425e+00
1.966988327601069120e-01
9.321479610640976965e-01
2.081323541888310480e+00
4.837811577222632664e-01
1.122871135550852273e+00
1.520736603314859270e+00
3.255199382703573008e-01
2.256738364805760177e+00
1.785453624542963746e+00
5.133093093749858671e-01
2.196873099324235135e+00
3.733770301856520479e-01
7.604958878189860272e-01
1.901294857714469710e+00
2.217966140277648490e-01
9.168325423376311178e-02
-1.290278340441040283e+00
-1.455376437060345474e+00
-1.260913406764858191e+00
-1.444614407807615741e+00
3.685696758148457874e-01
2.967636819534741122e+00
1.595659978183022298e+00
5.358744318891065506e-01
1.027019502168468046e+00
1.567463551996096438e+00
2.320609844636526198e+00
1.208519391787050701e+00
1.915405435282793611e+00
2.631106018407824099e+00
8.445569997709023724e-01
-5.381243542371976218e-01
-1.026581255662672998e+00
7.577834824322613461e-01
-4.386533446693204885e-01
-7.124264174881262957e-01
1.465519145906875709e+00
9.237951360616623031e-01
1.067588096375481133e+00
2.338412629682991017e-01
1.554547561811826073e+00
1.981747416354525893e+00
9.490588632466520069e-01
5.319328990985815464e-01
5.266412609970522185e-01
1.555150365766536869e+00
1.609497729902884977e+00
1.478487362002487870e+00
1.121608320401706216e+00
1.375858452505540619e+00
2.366916777517473758e-01
4.956726402997799763e-01
7.661896808707580053e-02
7.551003302914227611e-01
2.855326219876182403e+00
1.506828971188971078e+00
-1.242175558483663567e+00
-1.724496921299077723e+00
-9.151835246466129004e-01
-1.440712740859512619e+00
-2.713564937565139390e-01
-1.921722753132073969e+00
-2.007400530593286714e+00
-9.983078767968633915e-01
-4.985265710368406156e-01
-1.407055324232339366e+00
-1.555769611219460336e+00
-1.682031635026928429e+00
-8.447674394952524590e-01
-1.148603075677241403e+00
-8.132521566738430963e-01
1.302653466688833195e+00
-2.253983646396291451e-01
6.417548940650461553e-01
-2.491237683169589268e-01
1.222368660200620738e+00
-6.851642328545358707e-01
-7.414104080899555083e-01
-1.814340230011026511e+00
-1.573563198533645124e-01
-2.529096595288014004e+00
-9.965270546430207155e-01
-7.266905908302612183e-01
-1.468378573008546129e+00
9.429712024088774402e-01
-1.345891894888104900e-01
2.125367713380623691e+00
9.302201997281545065e-01
1.437655655267696009e+00
6.676822060409648429e-01
3.401874266215743070e-02
-6.471139716861035174e-01
-1.178228883642999492e+00
-3.508411029563730521e-01
-1.512005219624292573e+00
-2.144548231761012502e+00
9.460283201623104210e-01
7.916132317035640131e-01
2.721168200098302847e-01
1.092190694160684261e+00
9.095668091989288495e-01
1.925476638967391185e+00
1.059569841110432842e+00
1.365390321350707037e+00
6.375853031617881861e-01
9.428215197386005109e-01
4.385418831567514664e-01
1.356996963875293449e+00
2.193924419478125998e-01
1.813404322203525876e+00
1.436817295817744533e+00
-7.201749996856626757e-01
5.614872675224436005e-01
-5.449349826518452566e-01
-2.412862043624763864e-01
-1.649336833375417921e+00
-7.176784301157344004e-01
-5.341200440637410285e-01
-2.780963102351579508e+00
-1.162673610306088179e+00
-1.295769919866429642e+00
-1.923095199285676404e+00
-5.534327976774382485e-01
-7.354704724047389508e-01
-7.095239263275481267e-01
-6.394459234847960083e-02
7.465176684163878917e-01
2.085520443401971846e+00
6.459493084081717740e-01
2.884710656848566757e+00
2.027497411649035186e+00
-1.449120596104077396e+00
-3.451945868558152775e-01
-5.808907251978808750e-01
-3.257465836342721133e-01
-1.329379226257453084e+00
-1.744980251898913703e+00
-1.585056250730047411e+00
-3.123158736083364584e-01
-1.686316169431254508e+00
-1.254692433775185911e+00
1.413731226759388226e+00
4.165689364684088680e-01
6.596888823317723638e-01
1.635123996772798627e+00
6.659617308692122872e-01
-1.693962245150900880e+00
-2.600399967752076158e-01
-1.545569012230909145e+00
-9.160233411173978046e-01
-2.266664330796537286e+00
-5.467207424086802936e-01
-9.803484254691465782e-01
-6.124590833539775847e-01
-2.230716591413465011e+00
-1.145970547839883613e+00
-7.552715353992244252e-01
-5.852546963750753228e-01
-2.149152536177220796e+00
-1.637664550188218104e+00
-8.347255271998654802e-01
-1.595684959057661834e+00
-5.218350681222754250e-01
-2.509241132325256807e+00
-8.642223483314945831e-01
-1.412338846764715772e+00
1.632757185415589785e-02
9.719231431984407532e-01
9.097547059733051000e-01
1.825028831050455436e+00
7.937261546453646677e-01
-3.532972818088104816e-01
2.315495923582720383e+00
2.047456117483585913e-01
1.949973498409455219e-01
7.254212358594759325e-01
1.943824377064818032e+00
3.325983997936687864e-02
6.212622540375219993e-01
1.845278258793711545e+00
1.804051807149144260e+00
6.921878774228387154e-01
-5.442027511531377648e-02
-2.129278150345932374e+00
-4.177139002261380796e-01
-6.588265717864962845e-01
1.013783189584120725e+00
1.858344770759093212e+00
9.996393244678215551e-01
9.198058242053455125e-01
6.051831618966219128e-01
2.157692029474310491e+00
1.825287832352700423e+00
8.545454502183074119e-01
3.075143276850579310e-01
4.430847333586785952e-01
-1.876402508397363000e+00
-1.525492562664214624e+00
-2.019391433834168303e+00
-8.436971808554514229e-01
-5.420654302984135864e-01
1.124676300220866620e+00
5.212944581088416740e-01
-1.093570453021142086e-02
1.113761509502499969e+00
1.669533115380331223e+00
-1.883873782572557110e+00
-1.871464892362507904e+00
-5.963335081709444374e-01
4.975642903038357545e-02
-8.334036197445666705e-01
-7.013457743610644890e-01
1.612256686574182751e-01
-2.080603872006057120e-01
1.174327882890784380e-01
-4.526939384586242676e-01
-8.749195574861058367e-01
-1.611692836351133362e+00
-1.246419542011365067e+00
-4.065123365077927264e-01
-8.073404421282519561e-01
1.199405370583979558e+00
8.580457636242999619e-01
8.481419845385202994e-01
1.090947716126048128e+00
1.444532781399312293e+00
5.960133631296837819e-01
6.726814546282638974e-01
1.083497489475381492e+00
9.720112204727437977e-01
1.613372597953013132e+00
7.344169491188884402e-01
5.085842635265240830e-01
1.479851141957707839e+00
1.379110755947225986e-01
7.175798715445449449e-01
3.113986498481935428e-01
-2.942451699555202804e+00
-1.158790677329774033e+00
-8.427563468153198567e-01
-9.374888942168180250e-02
7.823171677967399873e-01
8.024606915550791530e-01
-1.652003696944670530e-02
6.427725601415105183e-01
8.363940688291393588e-01
8.064909544579651479e-01
8.888213173379735377e-01
7.803701239900768805e-01
2.058992412682463247e+00
6.022871565026712837e-01
-2.558597450857504008e+00
-6.062091273296885685e-01
-8.711177833739109921e-01
-1.230945402774696884e+00
9.344714243058678260e-01
1.187895876841349008e+00
1.004838457552263753e+00
2.656203332612225410e+00
1.175131175166160169e+00
-1.112196903916555790e-01
4.419583353023739392e-01
7.309775737623058767e-01
-2.371005632243508021e-01
1.139242516073157407e+00
7.890607329665478842e-01
5.894080277471578366e-01
1.039107607705949121e-01
2.554194737831052553e-01
2.950454993874496168e-01
7.767290887062965332e-01
1.716775039539699232e+00
1.761902220382044915e+00
4.981708868195499074e-01
1.011439919168464652e+00
7.901944478791529392e-01
-1.928575078172808377e+00
-1.728092711036775420e+00
3.427279837369805460e-01
-5.747043432337010094e-01
-1.299451270045634654e+00
-1.417547728898013615e+00
-2.178912172115519574e+00
-1.121481315217610408e+00
-7.380076836678433061e-01
-9.783616569985883471e-01
-1.119874194661720779e+00
-1.169274561022786152e+00
-2.186350148950363170e+00
-1.731539682597058816e+00
-1.409779296590697673e+00
4.811412990630818953e-01
9.168910635526295039e-01
1.642818386954628007e+00
9.544974947245901120e-01
-1.346734697183797902e-01
-6.145079960574911793e-01
-1.002555927155893700e+00
-5.337900351382450781e-01
-1.417477276060947755e+00
1.713325137751011695e-01
-6.140045813177953393e-01
-1.304913856304219077e+00
-1.037819897250257251e+00
-5.996056759104534395e-01
-5.013684838038572344e-01
1.731747858300731524e+00
5.942013865181998700e-01
2.900398783931662505e-01
-4.411495887622112200e-01
2.923775053078335739e-01
-1.565753575224197558e+00
-1.471945515650069147e+00
-8.578554063291055076e-01
-1.567668261925091677e+00
-1.199950411917456439e+00
-7.363212786710526814e-01
-2.139066680500682160e+00
1.865112674268072368e-01
-9.903177832089888888e-01
-1.820332489046645907e+00
-1.293259087272384811e-01
-1.289111343176059243e+00
-1.381586931428145926e+00
-3.099599706529607701e-01
-1.548063178273882734e+00
-6.648645551599008385e-01
-1.127647554902057925e+00
-1.695434425250487376e+00
-3.687762802838343568e-01
-4.829625589585506695e-01
7.624263601165791604e-01
-9.339169783811023251e-01
1.577102539230790690e+00
1.581243893673915935e+00
1.191469997971779105e+00
6.747922472479181977e-01
1.386967909333874260e+00
7.166648410541952563e-01
3.607963048238530535e-01
1.811823985451931573e+00
-9.137683710933552916e-02
1.008080510365694460e+00
4.956247367036729079e-01
7.438658252960260731e-01
2.283175976878789593e-01
1.172595407188600003e+00
-1.389644882300430595e+00
-2.368804355599654521e+00
-8.246897301748921105e-01
-1.691231030364907628e+00
6.216696546052828953e-01
2.793464838147571072e+00
1.428325553725609875e+00
3.804579275800772376e-01
1.054270073119982554e+00
1.672566740215386538e-02
-2.807169778075080391e-01
1.450103655512529510e+00
1.378818822687287504e+00
1.762141382894417685e-01
-1.503707626246679752e+00
-1.018656871222584748e+00
-1.156653573005123503e+00
-1.560736386212653315e-01
-8.912873282706761380e-01
1.263870752870639436e+00
7.526684688182880834e-01
2.342958684480278109e+00
8.533479410579369873e-02
1.817970472860436892e+00
9.982180184602843509e-01
1.001963060124017257e+00
2.286757359530161793e+00
1.374378385536763725e+00
1.913768795025772462e+00
6.422735349959409756e-01
7.860800116278339189e-01
1.602186702925815442e+00
-6.187456688535384330e-01
1.440525333490338067e+00
1.345473117339550218e+00
1.801980507651555818e+00
1.452726819046483930e+00
6.567910338254845382e-01
1.429435429280617509e+00
1.013973967831317768e+00
-2.746975183764525319e+00
-1.174865260375028697e-01
-1.634670786571060797e-01
-1.050907754321215748e+00
-9.263716027681428988e-01
-4.650977185184566043e-01
-1.402106413342448565e+00
-7.910872952478065212e-01
5.012367591182691484e-01
-5.554683586818155439e-01
-9.151782749040561216e-01
-1.220825228898530623e+00
-1.568795953422498224e+00
-1.930023742098749384e+00
2.294709544488122699e-01
1.502899824809349028e+00
1.704532317145939224e+00
5.472106393795215240e-01
-3.372589255980562584e-01
-1.304540053762892615e+00
-5.104641966962853994e-01
-1.452222875205240848e+00
-2.165419298062123854e+00
3.954612486945336958e-01
-1.373604575328714050e+00
-1.707459078997254798e+00
2.827740891131611534e-01
4.164531601667957883e-01
-9.233788525239192690e-01
1.483802154535360796e+00
2.157603939580821084e+00
1.198363227401788578e+00
4.880103336753992549e-01
1.817697943459718690e+00
-2.609641960863022803e-01
-1.267921720276489195e-01
-2.189005676950760648e+00
5.203474418808253787e-01
-9.602708324131375983e-01
-7.676898288882940680e-01
-2.148698877063048407e+00
-1.420021949056560429e+00
-1.191237151001609540e-01
-3.956722547846243110e-01
-1.207245382146114210e+00
-1.540936608659682516e+00
-1.197211552268692358e+00
-1.310404275728243695e+00
-1.131601656239628273e+00
-2.267333867046128937e+00
4.896013006873767281e-02
-1.564230105258215708e+00
-1.669918990508994838e+00
-7.394419104214481342e-01
7.047105616237181458e-02
1.801843000276555085e-01
1.522484083990888415e+00
3.428124571973700796e+00
2.208122525402444580e+00
-6.051469031365803719e-01
2.162792164618442925e+00
1.031404909618973464e+00
1.699531529001150343e-01
1.267477277349768450e+00
2.503228483111956226e+00
1.709790773076591552e+00
3.519654777287152259e-01
1.613636976805958856e+00
8.136480090103762608e-01
-7.154831034497945996e-01
-6.418922119274901306e-01
-1.755772989922230742e-01
-1.307674043506643402e+00
-1.377708469404325342e+00
1.758732461181518714e+00
1.374088078597142548e+00
1.834145544467668199e+00
6.529855653624149214e-01
6.484550867711564859e-01
2.100426222177766977e+00
8.483511256448544868e-01
1.328859096243994564e+00
1.126911912968685758e+00
2.923136311744533256e+00
1.174959899710263933e-01
-9.503379036685636327e-01
-1.758785885320811815e+00
-1.374539240451924105e-01
-1.529858545233590439e+00
2.014818746694152729e+00
4.272927374711106285e-01
1.001094425853686909e+00
2.456108999325647968e+00
9.652473566849059106e-01
2.072309318273316769e+00
2.328988190288366900e-01
-2.326723845987150874e-01
1.274605403959714334e-01
1.487862421856059214e+00
6.222335085798904597e-01
1.476224141014233382e+00
1.516611507896988620e+00
7.442229380459712829e-01
1.027052707226592476e+00
8.582962749923008783e-01
1.461230331997021459e+00
1.308634561925912099e-01
1.122504874754621573e+00
3.423973097453469894e-01
8.606341827328090055e-02
7.246017802377977546e-01
-1.657996835177533157e+00
2.194331679456840156e-01
-8.123215975102227038e-01
-1.583215768445688898e+00
-2.032553153758918540e+00
-1.722132118982106608e+00
-1.073698245161150977e+00
-1.551332420263857870e-01
-8.825034655168708664e-01
-2.587262610386928063e+00
-1.865827481675640165e+00
-1.298497752378551473e+00
-9.167492312994535153e-01
1.746430586457945466e+00
-5.995594901835188395e-02
1.365212781702246136e+00
2.044522030929460499e+00
2.531951213312292559e+00
-2.965955276205172630e+00
-1.032669444029522099e+00
-4.948331937257213209e-01
-1.052336889228914441e+00
-1.585606391248064906e+00
-9.251080376870346456e-02
-1.769249264227099827e+00
-5.299016176507962417e-01
-6.778122246116136118e-01
7.030567610888405206e-02
1.724238683277969919e+00
1.409093761852998616e+00
-4.645725872306429860e-01
1.040479338175508639e+00
-7.994359671267137202e-02
-9.535743937857668051e-01
-8.072665969010928144e-02
-1.107507288407601376e+00
-1.368471775001089963e-01
-1.646410213564510006e+00
1.411902628036856289e+00
-1.729463894385960820e-01
2.367652220371405214e+00
-6.142238908378367945e-01
1.430536088801570127e+00
1.866252941259845866e+00
1.846957225661447488e+00
1.008518698853374973e+00
2.364829124204064215e+00
2.147396401531840748e+00
9.792048921487892521e-01
1.599887766100356323e+00
2.106233295655298043e+00
-4.285739080009485225e-01
1.032253413411972520e+00
-1.412891588881154181e+00
-3.700816328089889806e-01
-1.284529630461350269e+00
-4.581022151707975221e-01
3.660212943479623782e-02
-9.486982386434081871e-01
-6.767266794727522239e-01
-9.133289560696324916e-01
-8.774974801112906952e-01
-9.595246722565805575e-01
-5.101491072222089640e-01
-9.394479801796430385e-01
-1.128017469635787640e+00
-4.931195198721002315e-01
-8.724219364435155111e-01
6.770864177611539692e-01
1.808125152611260722e+00
1.011927046471216673e+00
2.613239919234140451e+00
1.313175472060454041e+00
-1.647308943242433932e+00
-8.651293396403592073e-01
-3.692077206433252989e-02
-1.893269299241339354e+00
3.884410556166297823e-01
-1.239845332315141269e+00
-1.789721021665563683e+00
-6.830710498389684915e-01
-1.148754971833513050e+00
-1.442389433090280226e+00
1.220948332272213221e+00
1.410477401947456855e+00
4.713997135472718369e-01
1.281909532173878707e+00
6.024028017972186122e-01
-2.438769154856557542e+00
-2.021480948645657527e+00
-1.553633166140251376e+00
-1.028452287124586695e+00
-4.624845224099107810e-01
8.426702047651802863e-01
1.753210068897490315e+00
-7.609802969167023257e-02
1.541077266516195809e+00
-2.253774457722510505e-01
5.009644750127933976e-01
1.258310002339584344e+00
1.386611428331572249e+00
2.718345301476654985e+00
1.927415510695319023e+00
3.444380790313026353e-01
6.376563146440638041e-01
5.140539010321194535e-01
6.053414778430992182e-01
3.384214567363175163e+00
-1.750755113355399128e+00
-1.845000927578870353e+00
6.839330446359213056e-01
-7.915194588090556094e-01
-9.946023624827388110e-01
-1.480870297169984084e+00
-1.097179814144706667e+00
-6.759918298627534128e-01
-1.465073184581637378e+00
4.583580914614082680e-02
4.006202736290243038e-01
-1.616130389932420197e+00
-1.064989671107921199e+00
-2.743435128925701072e+00
-2.317310331717792327e-01
1.452778465799309027e+00
1.559727899405167761e+00
-1.202696172768957794e-02
-1.879010821623250393e-02
6.490970987926465430e-01
-1.924025368878654163e+00
-9.610284656068945885e-02
-1.787258644148614906e+00
-1.881839226130272547e+00
-8.368198607441310610e-01
-4.547989212276568605e-01
-1.191688041810657905e+00
-5.688384603688528829e-01
-2.175119396152546791e+00
-1.332660538902715297e+00
4.113907198272356291e-01
1.114822273531588248e-01
3.542756852188178041e-01
6.645117982847268401e-01
9.845434962306016669e-01
-2.802901309401547802e+00
-2.441752265874971517e+00
-4.410260968753428878e-01
-7.543366380180743791e-01
-3.426749097766390584e-01
-1.519703402510139023e+00
7.648664073933404417e-01
-1.312509317642268192e+00
-1.258082698973216118e+00
-1.132679032925565821e+00
-5.342158313425676708e-01
2.283390351409675390e-03
-1.865244258365528651e+00
-4.313074102179970115e-01
-1.093242615441702759e+00
-6.471056669812826900e-01
-1.765452191435089357e+00
-5.075889392533425859e-01
-4.774821456546188836e-01
-1.859332859810405969e+00
-3.129536472621425869e-01
1.302450683973330303e+00
1.920537267497653300e+00
1.010137682742140885e+00
2.989015015403128750e+00
2.277040844199658576e+00
1.202835315425538898e+00
7.210447791914651461e-01
1.165268968557561235e+00
1.159933058671108519e+00
2.008609485658252591e+00
4.584366508743946689e-01
1.823477340203165209e+00
8.995909507950430317e-01
1.832047756154295826e-01
-5.043952856841092958e-01
-1.609202539025803347e+00
-2.881960808750644309e-01
-3.474821696039800401e-01
-5.678905795333006878e-01
-2.696086472557879254e-01
1.258703696711345410e+00
2.061881203041341593e+00
1.946302733747134139e+00
1.063328213439782122e+00
8.982138911371246870e-01
1.374457020690190490e+00
1.647725632198500101e-01
2.444097356348412298e+00
1.352732708962138819e-01
-2.796378575413074774e+00
-7.650922829393430602e-01
-2.775472663234594073e+00
-3.466176576740580551e-01
-1.466129524751111024e+00
1.301080495060322306e+00
2.184317923868372091e+00
9.162185055493196062e-01
1.896822912177007936e+00
9.514006178798035673e-01
7.634866973320129091e-01
1.589165925171666105e+00
1.602770730204457816e+00
1.134740944257631279e+00
-1.195869547834171875e-01
1.267652285679168100e+00
8.899061034276318782e-01
8.069280478182114802e-01
1.151217079790272990e+00
1.286151665712857550e+00
5.362384303553622278e-01
1.620371365270242059e+00
7.998544068850592659e-01
1.670752122625796199e+00
1.994560178439709563e+00
-4.917941498109752452e-01
-1.367357981137171219e+00
-1.885906203938486847e+00
-1.892573587785822520e+00
-1.301764930148268773e+00
-1.506829389187444468e+00
-1.289872062057650925e+00
-4.278248719453763282e-01
-3.526002363637219528e-01
-1.486565575012037899e+00
-1.954041006478944853e+00
-1.551071273463642486e+00
-4.597171251100911071e-01
-2.062799889063771541e+00
-6.935726175197769461e-01
9.866085949623429885e-01
8.004942458752953849e-01
1.440923710956055981e+00
3.656672907600396760e-01
8.188597799028234370e-01
6.423967642024130953e-03
-4.718609553474973906e-01
5.281564318000975256e-02
2.890367140169440852e-01
-1.282970092929497374e+00
-2.493993441438639103e+00
-5.987638150058581799e-01
-5.272900010436378793e-01
-2.583883392873291385e+00
-2.130641361379790766e+00
1.623100297587710239e+00
1.262486557342268112e+00
5.695900112435723361e-01
3.341524894985664629e-01
1.928065605640746139e+00
-5.959874226965407029e-01
-9.994188041422414903e-01
-1.733963519773919604e+00
-1.750372352151133626e+00
1.029469701387464298e-02
1.253303235811469074e+00
1.341337666308540344e+00
6.819349757741142160e-01
2.443840886940965795e+00
4.998184239216307834e-01
4.695185493159471646e-01
-1.274847952616489088e-01
2.132453906627452156e+00
3.103084420491984741e+00
1.462340037452293906e+00
1.649386595563386848e+00
3.556029476320706761e-01
1.236493550620371584e+00
4.833915184054979886e-01
2.556077969838680408e-01
-8.285666150896298099e-02
-2.137020920449029582e+00
-3.171369120753267934e-01
3.868314366752019229e-01
-1.597677278445910343e+00
-1.583503420859115440e+00
-8.971606025881013746e-01
-9.012494448253213220e-01
-1.032406386776196783e+00
-1.090536213074916772e+00
-1.254468672419365660e+00
6.728384071368558317e-01
-5.164350841037719242e-01
-1.390222984644069459e-01
-1.234243066219193663e+00
1.524485486268559731e+00
5.898752975087931949e-01
9.364556319603323242e-01
1.195235781273191300e+00
1.520018966341238897e+00
-1.115210494024040377e-01
-2.207631206623923426e+00
-1.633356784719263821e+00
-8.064181908257253006e-01
-1.764330168581091485e+00
-3.236669893194332737e-01
-8.571245863005806376e-01
-6.402263946995918609e-01
-8.081910339643189056e-01
-8.627464887062989973e-01
9.102216677473128348e-01
1.257740857579688676e+00
2.421558730503494239e+00
1.611757350586017878e+00
-1.627400576410187316e-01
-9.200169113110182595e-01
2.744503796245871818e-01
-1.834796554384307665e+00
-1.592393436060028478e+00
-1.137397808272505806e+00
-2.224399729588907082e+00
-5.321559579475635404e-01
-1.621816419890885985e+00
-8.847997497190022154e-01
-1.341239904677818506e+00
-1.421469239261155870e+00
-8.863239904061258612e-01
-1.006974680487440210e-01
-5.680001290186720286e-01
-2.827262683045470570e-01
8.655214593895887987e-02
-1.253838202974816962e+00
-4.018178450282194891e-01
-9.236287315506790385e-01
-7.724933103554977309e-01
1.937943007880680746e+00
1.811514637938921091e+00
3.004572445218455234e-01
1.269701064939218860e+00
-1.093459453839183304e+00
1.684635758712002218e+00
1.620892204393026725e+00
9.809441741890005950e-01
-4.914817456926634520e-01
1.590431270294756061e+00
4.904006705820505019e-01
7.204015606398882499e-01
1.268197385787998011e+00
8.452870433752682766e-01
2.259745510574062699e+00
5.073186732102055174e-01
-4.977893508559878555e-01
-4.372345200803597898e-01
-5.349472798733301282e-02
-7.684102864650675935e-01
8.392265599133882370e-01
1.122177487007964602e+00
5.378980048729677943e-01
2.678807918261907783e+00
-2.877067456200843587e-01
9.063446008079752980e-01
1.545354503492250453e+00
-2.479645215226693455e-01
9.146466691485951594e-01
3.337526068830394266e-01
-1.362686506434607647e+00
-4.297246403512315904e-01
-1.126895346522803765e-01
-9.031566766664901325e-01
-1.160571547462237119e+00
1.407904177468111584e+00
1.295909169720936394e+00
1.595943585006258658e+00
7.660336490088626160e-01
8.418736306357551546e-01
-7.878909146370551841e-01
-6.463875146747000144e-02
-1.458881365130856755e+00
-8.144521866723730685e-01
-3.238435672446254854e-01
-8.455768587782708234e-01
-2.330716489131362312e+00
-2.447385014119257463e+00
-1.240261841332235937e+00
-2.017374751253512066e+00
-5.531053732878488116e-01
9.925066750318403130e-01
-2.019612839884462385e+00
-5.923756508330345616e-01
-6.372822730225624621e-01
-3.164584357460418218e-01
1.258277958366970095e-01
8.802762975999478545e-01
1.719880769991292802e+00
3.910155911778445681e-01
2.174903340225829318e+00
2.244258045827573156e+00
1.343008179975750949e-01
9.680674707174964366e-01
9.708964716636826475e-01
1.688355193618273464e+00
4.115820534063223679e-01
-1.626625512144088681e-01
1.516741170796307880e+00
2.072032626395061694e+00
-2.101873882230380186e+00
-2.106173543693137695e+00
-1.411945243193929667e+00
-2.346230566079842372e+00
-2.945433281727769526e-01
1.080739432168491998e+00
3.272000235473340179e-01
-6.965681306437723208e-01
1.096955227282943479e+00
1.072709151858854293e+00
2.011599931334421498e+00
1.503173771252574564e+00
2.566856685235022750e-01
9.626268912167752489e-01
3.510425496108731114e-01
-1.721433071676282678e+00
-1.143110955311856358e+00
-6.642829323594237056e-01
-6.341901819976147880e-01
-3.235317825832320082e-01
8.486335593837052160e-01
1.115889875373355933e+00
1.492826075151613141e+00
2.762603679674017876e+00
7.892696156207965608e-01
-4.243006372717281760e-01
1.957026356316007742e+00
9.451390135207152765e-01
1.540949672138692161e+00
1.413946388734604431e+00
3.590248846422430251e-01
1.592427944965938647e+00
-4.165064749233948760e-01
2.422639317564986516e+00
1.416146910523465863e+00
1.322511160227893168e+00
2.307193014141716070e+00
1.220526627503119688e+00
2.373687660802752397e-01
-2.920937264650440568e-01
-1.289078520375821046e+00
-1.083759923440072992e+00
-7.882577069923573099e-01
-1.480421429203412131e+00
-1.686315954054181887e+00
-1.228640467996050756e+00
-1.793748916535852000e+00
-1.190352016875936947e+00
-5.610630038409023523e-01
8.244580059553556772e-01
-5.273473453027929247e-01
-3.606660044494899298e-01
-7.639600644476504110e-01
4.093902142840959435e-01
-2.621180646080313092e+00
1.530403536756548055e+00
1.643105041895390084e+00
1.131013428985922609e+00
1.989872519781008098e+00
1.928298284628773729e+00
-8.068428877247924014e-01
-1.182264534593169270e+00
-2.017150791293065737e+00
-1.571943214520189258e+00
-1.271790011182711844e+00
-5.058407585474576917e-01
-1.013339094671896756e+00
-2.488933770592260952e-01
-1.597063638912330052e+00
-1.563418230518352159e+00
2.300509650049272992e+00
2.106303372558913090e+00
2.027499449138614018e+00
1.199519484393798852e+00
1.890296149340396914e+00
-2.226577827880063865e+00
-1.457657610736301290e+00
-7.930462208154090975e-01
-2.072929133967659876e+00
-4.840949755147658795e-01
-9.674361756210766439e-01
-1.248269962534191313e+00
-1.315187424610804179e+00
-1.148680123234964157e+00
-2.064090406285986390e+00
-5.752171656304037040e-01
-5.023840627326092712e-01
1.956125810809346000e-01
-8.522283708593524354e-01
-1.916022134405423349e+00
-1.289931330753409267e+00
-7.959103786210843801e-01
-2.148416270420634877e+00
-1.265689962395622592e+00
-9.617675758132592234e-01
-1.300955970567287956e-01
2.278433989657683512e+00
1.151966341090503665e+00
1.405426817759887204e-01
7.240827740462629780e-01
8.725344850270345676e-01
8.653905085816386844e-01
-8.448002853814040591e-02
9.100851629464237202e-01
9.503540310147988723e-01
9.150447269604697897e-01
-2.541768589953363744e-02
-7.286392342388627874e-01
7.644869505893768791e-01
-1.967740477697654811e-02
-9.012162305306623544e-01
-2.486354365990323112e-01
-1.594106329378953246e+00
7.372580750086075163e-01
-1.774205493960605118e+00
1.785732048707111774e+00
1.449055626783772643e+00
1.260459410374829670e+00
1.107958715781440340e+00
-2.104660789703727275e-01
2.096277210509634781e+00
7.868086466899388842e-01
8.898359532171465913e-01
1.216620027119312164e+00
5.364917925526357934e-01
-1.702354484929778700e+00
-1.970779259763147495e+00
-1.310330476601074823e+00
-3.421839523530136873e-01
-2.207823074029573895e+00
2.234790631827032747e+00
5.921196725972472930e-01
1.562545789640015226e+00
1.740064900593778052e+00
8.738549035330451797e-01
-1.517660430326661425e+00
-9.786437514355031952e-01
-5.318311912165474276e-01
-1.968089620464030798e+00
-2.567043224375047394e-01
-3.987111162956852306e-01
-1.522135072857995208e+00
-5.854999088067125435e-02
-6.157976733627976706e-01
-1.734004897256356426e+00
-1.438155895556552988e+00
-1.459777568871688747e+00
-1.103827883943750310e+00
-1.373480272573851746e+00
-1.380255494921232007e+00
1.507828312713917818e+00
2.388427438606690600e+00
2.411445755694452409e-01
1.787452692538934240e+00
1.574839962632015311e+00
1.870408567799498378e+00
8.786134471048538952e-01
2.152619130554971782e+00
1.254198782031688220e+00
1.088258950368282019e+00
1.614241954164008508e+00
1.185024989908254334e+00
3.096250149966620846e+00
5.300430237264734945e-01
4.958144789127186813e-01
7.207037712807728980e-02
-1.958579280458276672e+00
-1.476750171121885113e+00
-1.265615181096436670e-01
-6.329817607198888751e-01
4.058406531731142408e-01
1.767388062965688400e+00
2.627377923721099240e-01
7.785938971129274799e-01
9.557188829092642113e-01
7.171052608170797038e-01
1.371777735946720700e+00
7.454021665104209049e-01
1.327443788772133537e+00
5.052192353549960213e-01
-1.596709215174488161e+00
-2.079487319882409313e-01
-2.514526829439962530e-01
-1.339880754653628436e+00
-1.527046260354268936e+00
1.656968722958585882e+00
1.336920825144174207e+00
1.157085075228509785e+00
6.140786484279616708e-01
1.481958750932354185e+00
2.520556830174927931e+00
6.315835392685640315e-01
7.699653650388216253e-02
8.327909929559620394e-01
3.709261101317056220e-01
2.056414334771127450e+00
1.871045512912204778e+00
2.639383571423621344e-01
9.627260607827770045e-02
-5.528344553689596985e-01
2.483847296076167499e+00
8.564836115533980276e-02
1.262812284216457304e+00
6.180471514668659516e-01
6.490264796640115019e-01
-1.234782237362519020e+00
-1.151083123467580682e+00
-1.511739728548069817e+00
-1.416227029939208126e+00
1.871975634344786865e-01
-1.559880924305515837e+00
-8.652551474467999881e-01
-2.220055232401598300e+00
-1.858433385421504047e-01
-2.365621428728044151e+00
-1.153678091580140119e+00
-1.205172043508919488e+00
-3.216731812114291822e-01
-1.293044148946306926e+00
-6.334961668706896587e-01
2.014429190890122179e+00
-4.568284679421994454e-01
6.514018686820842730e-01
1.522744422257551467e+00
1.721724129894776079e-01
-8.887971776187205686e-01
-1.558301847035352905e+00
-7.740536767328554113e-01
-2.293960197646597088e+00
-1.063194619963631071e+00
-1.331220647646609079e+00
-3.024879130620261591e-02
-9.714778221630648858e-01
-9.713826148233333235e-01
-1.258995188889156180e+00
6.675533792292511759e-01
1.613427117821689238e+00
2.170661246137400191e+00
1.770353663150721735e+00
1.357182771500033747e+00
-7.677829523961359204e-01
-8.562648102839280906e-01
-7.917093133694553808e-01
-2.425910101100643423e-01
-9.766929857272214077e-01
-1.323110857088516834e+00
-2.367654810197334037e+00
-6.444497361098616706e-01
-1.527236523947004265e-01
-1.658084189338601799e+00
-9.146909314675790714e-01
-1.189009785274891762e+00
-8.052929517937923443e-01
7.169907894608040788e-01
-1.263693981012470324e-01
3.084246124453864368e-01
-7.357397478026502791e-01
-1.789050600091196985e+00
-1.449392394117285043e+00
-1.125788021566200170e+00
6.827460733820287508e-01
9.360836124443355777e-01
5.398400842002387678e-01
1.577266976126638465e+00
1.194944026550158522e+00
5.381596740981338112e-01
2.654619366243536893e-01
3.734667347880062938e-01
2.396823645828121130e+00
2.268399760426368594e+00
9.501303954361125514e-01
1.325172158054677141e+00
8.713871493223452891e-01
8.680636252330247160e-01
1.523959572288748010e+00
-2.144726967983999089e+00
-7.156016660691234543e-01
3.767071719838988031e-01
-2.026710206328687924e+00
-1.104764928535389323e+00
7.965537016021628780e-01
1.356658562263548751e+00
5.570393625589609155e-01
3.010629104596127537e-01
6.919392738973888513e-01
1.449126005994989530e+00
-2.649095046152842858e-01
1.657289868232413088e+00
1.086997906830098115e+00
2.187850298168705798e+00
-1.423565470044936720e+00
-2.201167851494437944e+00
-4.193342563970086090e-01
-1.361436099099981645e+00
-2.052240306016674509e+00
7.953915793530283995e-01
1.508773233681846015e+00
2.978296541498717254e-01
9.418722112891222409e-01
1.171864103536756296e+00
2.044490373129170813e+00
9.631720007167150488e-01
5.191795195716291111e-01
-4.713076893274572576e-01
1.205824543955799300e+00
2.231124650512424701e+00
1.557662402026132487e+00
1.021272475651379574e+00
3.551658184604307156e-01
5.807511720705966773e-01
-1.816173608727438271e-01
1.171691837878132691e+00
1.631343785801155244e+00
1.050682751741976784e+00
1.706558097876304414e+00
-1.950959084862899928e+00
-1.635876781046017303e+00
-1.894963183403210127e+00
-6.226352819699986219e-01
-2.185702494361729809e-02
-2.261288957281364365e-01
-4.870027246945928256e-01
-1.790885975423942345e+00
-7.209623842931326410e-01
-1.966805090572718351e+00
2.855940091972946071e-01
-1.081811159737209316e+00
3.997086732911570017e-02
4.825486019773426172e-01
-7.491514827581987612e-01
1.208751985648998772e+00
1.669297724737381028e+00
1.177507121861416151e+00
2.006683650847739475e+00
1.884066015835122787e+00
1.783773553617034047e-01
-2.107423173230982272e-02
-5.135706596367842769e-01
-2.549726618425401936e-01
-1.078679515559262780e+00
-2.402988479722881543e+00
-8.152841186873088786e-01
-1.737959359879510002e+00
-9.790405247858197102e-01
-6.274881675164442063e-01
1.347781844352564651e+00
1.616694495839954282e-02
8.802022647328200389e-01
1.586167296206329125e+00
1.294695527138611579e+00
-2.977214984151895782e-01
-1.870332402217782741e+00
-8.848945238191794349e-01
-1.196348513226764831e-01
-5.150999957598048073e-01
1.714855768690534354e+00
4.085077575664265437e-01
1.556235012935609285e+00
-6.979862207402121044e-01
4.963104728793880094e-01
-5.134503783158104184e-01
1.625560735840148707e+00
2.395484890284174995e+00
1.515359879768500839e+00
1.064240006375830827e+00
1.177429842170153895e+00
7.037931949015696631e-02
8.466771160741579649e-01
1.837524766681908561e+00
4.358534521030671405e-01
-1.049679445567174518e+00
-2.271012209449240205e-01
-1.369968364759186263e+00
-7.695379775543214063e-01
-1.720455644540080709e+00
-3.847524415459122604e-01
-6.315464429152800596e-01
-3.946940607343452090e-01
-7.325205169256353566e-01
-1.942261061544855005e+00
-1.790810603169825654e+00
-3.124433375952460068e-01
-2.384732766067492182e-01
-6.622168678040216694e-01
-1.856867251011523390e+00
1.049475447111776649e+00
1.231048510145749120e+00
2.246283525771013423e+00
8.501917925954339816e-01
-3.550269118458038164e-01
-1.794963244579300898e+00
3.021153286482913813e-02
-8.790441985659748214e-01
-1.144290632129625784e+00
-1.931830537059160191e+00
-3.397712954174048061e-01
-5.531888118793395481e-01
-3.491776843272548225e-01
-1.194855524154119220e+00
-1.493433942363080025e+00
1.985486354305932011e+00
3.436522874542407013e-01
-4.152898151763479984e-01
7.027255131735745675e-01
1.942514219479709592e-01
-7.379404103531927994e-01
-1.495789403186073896e+00
-2.352628352024455083e+00
-2.578319994866163256e+00
-5.963399101259341251e-01
