1.930291853525907264e-01
-1.502838949318689998e-01
-1.190844365180940168e+00
-4.647025388545653612e-01
-1.035956871127897250e+00
-9.683921154352455041e-01
-2.134238661734042086e+00
-5.099361856179018826e-01
-1.201638061705795568e+00
-2.933275124010277235e-01
-2.159388261862442704e+00
-1.181883496259172661e+00
-3.971302860762015996e-01
-5.883021676601380978e-01
-4.801949691835881717e-01
2.478742610242462341e+00
1.246473133924423049e+00
9.090670403396809984e-01
1.231257221197216367e+00
1.196159329584820075e+00
1.317931646376657717e+00
1.850978280987878311e+00
1.799452969242933076e+00
7.046795127725455909e-01
9.279464082361067456e-01
5.872230852929106737e-01
5.435976292927293674e-01
1.167480559879952029e+00
7.932689094370414251e-01
8.666532239079329791e-01
-6.441065746805578751e-01
-2.055405108006950865e+00
-1.608881231236514608e+00
-1.205296452920960437e+00
-4.061048821444964707e-01
8.184558856347967648e-01
1.194045911045087838e+00
8.662273500131696391e-01
1.428883630673630334e+00
4.186202273264514329e-01
1.432419141863774836e+00
1.242296504446992245e+00
3.428749329234654919e-01
-3.521705706888877963e-01
5.149910023724879604e-01
-7.620509539354591855e-01
-1.226727947025855192e-01
-2.769526870343526070e-01
-6.426478500096592938e-01
-8.428007855565937678e-01
3.613078981070283469e-02
1.743278196007209679e+00
2.118682661111527032e+00
7.891211663577742952e-01
1.296855257782663529e+00
1.574688883858163857e+00
9.666087135715165646e-01
1.544012314375261097e+00
8.476194643016061736e-01
9.365819795346589371e-01
9.742781210046755902e-01
-1.435148984518503923e-01
2.265546588958108121e+00
1.595146460028925350e+00
1.806483089178001489e+00
2.186825605316847554e+00
1.305103473636351818e+00
1.026571223408989875e+00
4.170775049530985878e-01
7.113798150382542040e-01
-5.792037649789911757e-01
-1.215171870561102985e+00
-8.795577579876378005e-01
3.355901271419514664e-02
-1.590566369309951433e+00
-9.685733781557898103e-01
-1.551026912699245530e+00
-1.369296512866972293e+00
-2.576239549733477130e+00
5.181220298937951885e-01
-1.179280679784861841e+00
-8.413791703232897934e-01
-1.033881192442180907e+00
-1.756568447416273493e+00
-1.003029429565423403e+00
-5.960847034743137485e-01
1.819260157924927013e+00
1.946665101666927189e+00
1.322557861513721011e+00
1.615146183188911344e+00
-1.117197697111434129e+00
-1.296496682151571544e+00
-6.911310531117720313e-01
-7.885217354862119610e-01
-3.323795396826302317e-01
-3.142548963430950026e-01
-7.389143386973604510e-01
2.087177117854932540e-02
-7.013688623459417570e-01
-1.864124860866982925e+00
2.488436049648323767e-02
9.682666936290412751e-01
7.191537024608150031e-01
1.294177284704109088e+00
1.815714177212679470e-01
-2.644267709373915309e-01
-5.096519974064810388e-01
-1.278339836400677054e+00
-3.687795565284011090e-01
-1.655827253137396760e+00
-7.110649854077255583e-02
-1.326964757194194711e+00
-7.021945033332940289e-01
-1.212286200262454816e+00
-1.821082754542995952e+00
-1.234933821769772067e+00
-6.495290048806232619e-01
-1.895997455318996439e+00
-1.415596161570252143e+00
-1.234025535376640059e+00
-2.378444667883984120e+00
-1.494340950145728986e+00
3.087446964102176228e-01
-1.486367512970115712e+00
-3.421550629581167069e-01
1.307066290928304841e-01
9.574165421067490911e-01
2.720117098607325312e-01
1.378295832716411429e+00
1.190302151895775706e+00
3.159038284489561477e-01
1.107684730848296883e+00
8.712165781494086714e-01
1.549524188760815546e+00
8.143963613417692926e-01
4.523346265288631374e-01
-3.010759363354040818e-01
1.284557865182580194e+00
1.345522625360800806e+00
-4.265427320192860527e-01
-1.261535200216004737e+00
-8.030457009112231814e-01
-7.942807242283338454e-01
-2.297600986018196734e-01
-7.921829991915316782e-01
7.639432299408648319e-01
1.669887526842099845e+00
2.073971142181029403e+00
1.337934816000993621e+00
1.280091070735440706e+00
9.011716140158312349e-01
2.150394382741538379e+00
1.118036909030326154e+00
1.225086498129478452e+00
9.770478585032432717e-01
-1.078820125602190316e+00
-2.129236509363752194e+00
-1.256894465794670346e+00
-1.529252011216378548e+00
-1.861734658613741988e+00
1.554107076717677893e+00
7.580548901650200344e-01
8.293164001885289238e-01
1.511866892006250573e+00
1.195322741104989817e+00
-5.494828984808343142e-01
-4.523906342185695095e-01
-1.204586499354577178e+00
-1.295058749433095624e+00
-2.087842542910507859e+00
-2.076818862950846167e+00
-1.174355497296041273e+00
-2.447249475878209068e+00
-7.860998047855948245e-01
-8.488857860521514809e-01
-1.675094489352880078e+00
-3.461898437792441108e-01
-2.048316098280818398e+00
-1.071251231667271320e+00
-1.619148773960934484e-01
7.966855239708268144e-01
9.505550174288193155e-01
7.763448297445567636e-01
4.233069258110235822e-01
1.473438790998737202e+00
1.803278402172171280e+00
1.162953545847839054e-01
1.770325108980512319e+00
6.240421413146578500e-01
2.099708888500635418e+00
1.653970622961580705e+00
1.105708548693626225e+00
8.204164824786881471e-01
1.367541827235915441e+00
2.391404419949195947e+00
-2.827031937966309361e+00
-1.357739163768016288e+00
-1.864271812210924084e+00
-7.549741176440887269e-01
-6.122192257901462042e-01
1.231194779750409252e+00
9.776343418582985612e-01
3.389291107659196944e-01
1.680761080112641803e+00
-4.359109269672951648e-01
2.558783727877158576e+00
-9.143073791194833433e-03
1.889717054505253069e+00
2.709829768773198033e+00
2.044885553014322621e+00
-9.642801377619965031e-01
-7.208913995041844602e-01
-1.152231311817563331e+00
-2.333895282565154883e+00
-5.287519917462651931e-01
1.045158521379422556e+00
9.708782062262848456e-01
1.116624252450558963e+00
2.175890951802514905e+00
8.361176316155392030e-01
2.727891462119766963e-01
1.598528078075830194e+00
1.345893156174003291e+00
3.237468508335148432e-01
1.881175627169193065e+00
7.749027103525956139e-01
7.455624945070761234e-01
1.948757689284043693e+00
-1.006737245711861739e-01
1.368205479086786358e+00
2.188315997732756202e+00
7.865156107947471886e-01
4.402909265418257778e-01
1.969130983640267285e+00
2.151288749764161956e+00
-1.720762058025242069e+00
-2.322956109139037828e+00
-6.671869430048218419e-01
-1.437280402094902598e-01
-7.123236650824429361e-01
-1.747049230981238210e+00
-1.410083262110695568e+00
-1.079631762252505345e+00
2.885797790323652023e-02
4.899625038008226241e-01
-7.114215075253347287e-01
-2.049993609623479873e+00
-3.165479729738275294e-01
-7.183692705908826248e-01
-9.848712617840530426e-01
2.187829647529024868e-01
1.567315517051396156e+00
2.246757815042351503e+00
4.056607626193744487e-01
7.405111514521636185e-01
-1.034065725867832075e-01
-1.621020832881989726e+00
-2.271735101427858616e+00
-1.396057704176814962e+00
2.557690568018267108e-01
-9.379566990897300061e-01
-2.113736277082622905e-01
-9.742930731987472504e-01
-1.527502270811566643e+00
-8.420948551649851677e-01
8.072788466154393605e-01
1.407043882804606127e+00
1.778623665824697442e+00
9.076467510013430662e-01
1.153853863541772995e+00
7.298845735750791874e-03
-4.651000393489026496e-01
-1.006447563772191023e+00
-1.693490728897393716e+00
-1.677605795473709360e+00
-1.149973256228650875e+00
-4.108611142831545271e-01
-7.075636300011288737e-01
-2.362946161731069417e+00
-7.546737860366512507e-01
-4.743529465628517627e-01
4.700198603488479066e-01
-2.201972720010775264e-01
4.975942626356217868e-01
-1.065848401230951259e+00
4.031452184277475315e-01
1.375420573712904382e-01
-1.179731331583820708e+00
-8.357886728570007584e-02
-2.513871683324538919e-01
1.777472576421833761e+00
4.458402069572726667e-01
1.141760490467715661e+00
1.434086738628656210e+00
1.891455625159568221e+00
8.383969540897810990e-01
1.805015757260475251e-01
8.797653472989347412e-01
6.649472228698680709e-01
1.266231410628203990e+00
-1.639037931327780306e-02
8.507954315142792767e-01
1.064080360707246209e+00
-3.268871902628078807e-01
-9.975200798237371380e-02
-1.102915014098307278e+00
-8.048047377818291492e-01
-7.989041455398034897e-01
-1.262018152802008686e+00
-3.046833640815264310e+00
6.993883364164105165e-01
1.234683716339992188e+00
7.193108037133942867e-01
4.690149923652486841e-01
-4.979502531424822021e-01
8.189230468444803623e-01
1.683159874294954950e-01
-4.547155011604253616e-01
1.927746123372820808e+00
1.701353381437140655e+00
-1.104751917433586028e+00
-5.241128564795971556e-01
-1.492887022653452744e+00
-7.339804108855663145e-01
-8.877418971203900888e-01
1.621159661130961771e+00
3.496217604529370249e-01
-1.540519000584630316e-01
1.953408371640916075e+00
7.759076809818561404e-01
-1.276289776202669479e+00
6.618971158888452555e-01
6.050842747050864112e-01
2.110907143665798902e+00
2.199520021734576503e+00
9.613145339044739668e-01
2.749036959899185284e+00
1.544730928098466904e+00
7.447245950625920319e-01
1.042616533411064861e+00
1.163729690342840684e-01
5.422393956624000921e-01
6.692374687824267365e-01
2.689727557232708399e-01
1.896035358293754580e+00
-9.886088997191659899e-01
-2.957509651427391306e-01
-5.263312245328526373e-01
-2.034906650973222320e+00
-1.444066204551709420e+00
-2.272475930951081580e+00
-1.973698189449032414e+00
-2.157271785413170662e+00
-2.343684783974126162e+00
-3.813034049272652215e-01
-4.104622948931156978e-01
-8.948921115442508567e-01
7.374555253612102845e-02
-1.379253148578940102e+00
-7.517834968393884987e-01
1.469468000862655721e+00
2.326304857982091079e-01
2.778399182136729095e+00
5.162643439831657854e-01
4.866590000777849534e-01
-9.012192098049197631e-01
-1.548893322562977293e+00
-1.366671986781662351e+00
-8.079785097448448639e-01
-7.493238776582105132e-01
-2.180725991800114727e+00
-8.288832450285372744e-01
-4.455111771713496926e-01
5.173492273787716478e-02
5.430207353145040106e-01
1.440188298132633937e+00
1.256252809601607900e+00
2.311388485494717315e+00
6.686745861495188015e-01
1.903909862419466581e+00
2.569906826752066387e-01
-4.045136820274979339e-01
1.878207395677047309e-01
-1.258176301854323942e+00
-8.387960438574624256e-01
5.603203761426953644e-01
2.681444296177042386e-01
-3.163169377090728762e-01
4.755785375634089540e-01
1.840372263303595934e+00
-1.898708806170315011e-01
1.064460799399151503e+00
-4.876197508855779628e-01
2.871683840518172826e+00
8.373678307000265164e-01
2.412388684682019502e+00
1.900006579111097604e+00
-3.517658818367248585e-01
2.392546870294963712e-01
1.486865311155187497e+00
-1.235339565369679260e+00
5.178804459910626434e-01
-1.223661458335011831e+00
-9.306739562999084558e-01
-2.147241813528431464e+00
-5.734760150680064950e-01
-3.835762178384293231e-01
-7.884443822364830545e-01
-1.513643130490729405e+00
-1.042883721112884965e-01
-1.176890852019030653e+00
-1.382101253119575546e+00
-1.325305010436068853e+00
-3.666987478007535106e-01
-8.383149915238838901e-01
1.648155025302351806e+00
8.815488133220900080e-01
1.532939921961993912e+00
9.945000194174775654e-01
5.698164109415922995e-01
-5.427839475806068847e-01
-1.720283170935804851e+00
2.335680435112792441e-01
-7.276265710682765508e-01
-8.108262468261120404e-01
-1.632124312391111332e+00
-6.804154467338152656e-01
-1.182182507311773101e+00
-1.793796709893635155e+00
-9.099214704319590341e-01
1.365156495302045414e+00
1.173309928654934664e+00
9.453527130546321988e-01
-3.632184915494267585e-01
1.857518161968299664e+00
-1.597476664643880051e+00
-1.885767730172446921e+00
-1.726357007393876764e+00
-1.929257149799917137e+00
-2.027085041255356934e+00
-1.594217129870175942e+00
-2.172404329513804022e+00
-1.047957268505442796e+00
-1.398138043065831226e+00
-2.149490327594739014e+00
-9.504081183826839085e-01
-7.697596244885434036e-01
-2.395021133380452749e-01
-4.128711431079232774e-01
-1.959232507010902680e+00
-2.134906666113534968e+00
5.329419198216542863e-01
-3.959042000511330262e-01
-1.931943259559099957e+00
-1.626156411939023272e+00
1.986628149349142891e+00
1.066623065774366941e+00
8.276093880631057997e-01
1.230285193517125730e+00
6.900517171036834041e-01
6.798523221180807763e-01
2.028685222098485230e+00
1.045645039185590486e+00
-1.123304173273798057e-01
2.847678933327615347e+00
5.703317317852870660e-01
3.383945469509783699e-01
4.916018817819847175e-01
2.046684653407975674e+00
1.280573220570535575e-02
-1.789064827775357802e+00
-7.634449978717604557e-01
-1.530264064381410938e+00
-1.527980443925661902e+00
-1.372616559828486515e+00
5.383845017738659866e-01
-6.440904888012832785e-02
7.506397098535171342e-01
6.730016665904925421e-01
2.754775431164636856e+00
1.600137677821958260e+00
1.054315950540613889e+00
9.390536369286640594e-01
-1.988866117538101719e-02
1.879846184688096944e+00
-7.505055991369904422e-01
-1.201638483915870026e+00
-1.197722350389600621e+00
-1.124893946973953618e+00
-6.320175391459150749e-01
1.389566287269726086e+00
5.409830390099683584e-01
8.981845843726760092e-01
1.539322668869181232e+00
1.581495203262853089e+00
1.566497886434110587e+00
6.387988105368831437e-01
2.039128679671498467e+00
9.340265975597166204e-01
1.232858141568842658e+00
4.714190535645820246e-01
6.997168092565519970e-02
4.012687535362617908e-01
-4.626044609839636834e-01
1.208203061856507388e+00
1.473699726757583761e+00
1.177947044355068584e+00
8.638727421792533612e-01
9.038684370177415550e-01
4.557065934594338730e-01
-1.297719982065476563e+00
-1.736903451384985253e+00
-3.528534572560807492e-01
-3.944592135468520944e-01
-2.924076177345493743e-01
-2.284200424711853028e-01
-2.493095772088025353e+00
-1.293581328573656153e+00
-9.603305758445208618e-01
-1.784992192036829017e+00
-1.334736757953577824e+00
-1.528854077139526257e+00
-7.395172098289545248e-01
-3.329728017998238698e+00
-2.980990150167503572e+00
2.134680694893157593e+00
3.541684104140907952e+00
1.034009126186427929e+00
8.343099825970017314e-01
1.551374281816735756e+00
-1.682657088647995680e+00
-1.684754812677233815e-01
-3.828769119231222318e-01
6.699672678421420002e-03
-2.470071635974400159e-01
-2.637396698503711612e+00
-2.660014791981133886e+00
-1.463402604601427015e-02
-4.425210017025033027e-01
4.879690548094384184e-01
-3.394459155045408405e-01
-6.580942506691265237e-01
5.619108192444979277e-01
9.296781880697388978e-01
1.064574559977988555e+00
-1.262697377020196354e+00
6.140709727076085755e-01
-2.991996640759245762e-01
1.028430662915287286e-01
-2.126549818534598124e+00
1.381872729802503530e+00
1.113625490694045261e+00
1.291037210259807555e+00
1.480828698156772649e+00
9.101425478439586492e-01
1.444586073462690301e+00
-2.860175615475959443e-01
3.245097137029806511e-01
1.082348650617169117e+00
-1.573735876440456316e-01
-1.421995925395715510e+00
2.456669988324197362e+00
3.908914952164748158e-01
1.108328477246073751e+00
2.039661312478805222e+00
-4.454687756630610895e-01
-8.979997561522883309e-01
-6.795879784969844906e-01
-7.864890917147040472e-01
-1.288615929945461813e+00
-1.348033360977485273e-01
-2.489341640035965142e+00
-8.904314938043578209e-01
-2.576980606329101198e-01
-1.848510771715062839e+00
-1.569169490892236229e+00
1.668476040210247202e-01
-1.348879538658166011e+00
-2.677973338944061865e-02
-1.371021157505708077e+00
1.545700514522306612e+00
1.067900248728329338e+00
1.066674843304829867e+00
6.470712152599490397e-01
1.820217291234288437e+00
-2.108771890745204658e+00
-1.027616143717728248e+00
-2.769724752136959456e-01
-1.279204106587384260e+00
-1.123467788924627841e+00
-7.517575609267962422e-01
-5.188449467385192193e-01
-2.299026904891416478e+00
-7.509927249150538664e-01
-9.075630977257133081e-01
1.062719184562801455e+00
2.019254725874055634e+00
1.131489852947873631e+00
-1.024568341413667483e-02
-2.027093027265629566e-01
-1.069671099504746259e+00
-1.270952371842354323e+00
-1.719083554542331527e+00
-3.774523100078427396e-01
1.875327794596906017e-01
1.108569566582531252e-01
1.096482941073055883e+00
5.110777852479642114e-01
1.869705369837463049e+00
1.388179363232461494e+00
9.389744236651382803e-01
1.566602028025165572e+00
2.226569160724789498e+00
1.617718479390815700e+00
2.994803480904830728e-01
4.552785610227685353e-01
3.652746743460029144e-01
4.090313916219063817e-01
1.207367000423236858e+00
1.311137049037130575e+00
-7.708164260541493507e-01
-2.150575551791015227e-01
-1.101993486093066021e+00
3.675535447990048166e-01
-1.384436404327228143e+00
-1.401454320115216534e+00
-1.855492177513112573e+00
5.871554871198052528e-01
-9.276811390927641732e-01
-1.471274235306081479e+00
-4.122513960949120149e-01
-8.748961031720035031e-01
-1.408602498102645484e+00
8.471251960632741884e-02
-7.188715187101668569e-01
1.319106939154862435e+00
1.217738375837890130e+00
1.477556605588568717e+00
1.804022237037286036e+00
1.746519903912732818e+00
-7.678876114675085018e-01
-1.145032329169161978e+00
2.948660779092147077e-01
-9.685593619860976000e-01
-2.535899186165427643e+00
-9.098565178178963375e-02
-1.995455015944733734e+00
-1.010504426262277544e+00
3.920445108342551777e-01
-3.423949013336150538e-01
2.172802669138408582e+00
9.181504312279442637e-01
1.931518567536852915e+00
-1.484625247629485223e-01
2.553796417906598393e+00
-1.379916528445490842e+00
-1.243690275887837426e+00
-3.451603401175794561e-01
-6.063388826081628213e-01
-1.679411701849019778e+00
-8.537528166025312171e-01
-1.239266260055887692e+00
-1.494124926717651070e+00
-1.465861144853798814e+00
-1.198155551508916172e+00
-9.595442131113604001e-01
-1.534029608361006325e+00
-2.233396492252389898e+00
-1.901638092498277866e+00
-4.465709318108440629e-01
-9.642530117772307729e-01
-2.236973558840965381e+00
-4.985659407758505912e-01
-1.000533582387437948e+00
-1.105808526058124297e+00
8.263735171399099189e-01
-2.565559183327121850e-01
1.907126400477456851e+00
9.832089800525096734e-01
8.548301575190015988e-01
1.658369928077429112e+00
2.181374522695747054e+00
1.134638590938717551e+00
1.070689052208533276e-01
9.389953382494303780e-01
5.247425708816333412e-01
8.659027403455710203e-01
6.767923939672895184e-01
1.024040815761909640e+00
1.096136506128939425e+00
-1.171584540543445074e+00
-5.920011196365488892e-01
-1.632281093958271478e+00
-1.425355900255977248e+00
-2.285205056144492541e-01
-8.985315639347102312e-02
1.162328305478082635e+00
1.616580293079625363e+00
7.867386534692575317e-01
1.267515772474740565e+00
1.075410167308262332e+00
1.458126429737993668e+00
7.628011720609599866e-01
9.223599500247524619e-01
1.632106702765535600e-01
-1.573683864248752728e+00
-1.012086648758865559e+00
-2.384891876710067748e+00
-1.789936117234544266e+00
-1.402688672599771813e+00
2.278065645559010477e+00
3.908696414157590837e-01
4.005892578469623100e-01
1.242553893480693894e+00
9.243275753228874514e-02
-5.873115588716122382e-01
-5.900687581314518759e-01
-1.331286406299462488e+00
-1.119463138038441663e+00
-6.495483853387706841e-01
1.640212542475811830e-01
-5.619246189945874548e-01
-7.367375299139138356e-01
-1.029666978496830199e+00
-1.822222677209560437e+00
-1.462406492090485344e+00
-1.231491479699793778e+00
-6.931234717956269442e-02
-1.550419628619001511e+00
1.827254524426358273e-02
1.754946424656540049e+00
1.924089493945594365e-01
2.905141810934490643e+00
2.258793833049427047e+00
9.820009247734443614e-01
1.250107966932051173e+00
1.919877451826125014e+00
7.555369357980847855e-01
2.423942002719261968e+00
7.708305349887558666e-01
-4.414227170084861207e-02
-8.080834501093119293e-01
5.656696456971510578e-01
6.897366053615889836e-01
2.423576833973946520e+00
-1.125540967674195425e+00
-2.203306907968245021e+00
-7.584711995502902981e-01
-1.270579163481713847e+00
-6.200789285298445863e-01
8.115793394716206421e-01
7.392651771754321643e-01
1.684490597264629352e+00
6.099621438483584512e-01
1.262152009002316166e+00
2.491223326916763625e+00
2.255667866643550568e+00
1.130238964165269255e+00
2.917322773036195027e+00
1.193717148658341332e+00
-3.228755292826003931e+00
-2.175813583279185837e-01
-2.456381865029368949e-01
-4.104729742759387623e-01
-1.866571408956433586e+00
4.083738899888249563e-01
3.647967547413921707e-02
1.149074962588745752e+00
3.709068978698247809e-01
8.729818623954392898e-01
2.747306068474069107e-01
1.714331983600555276e+00
1.564546640846534498e+00
6.904366927407188381e-01
9.582201330388596672e-01
1.303025886132287425e-01
1.101295347158376403e+00
2.448345342058412477e+00
1.073400836475794540e+00
5.940212607118829924e-01
6.757991260904618880e-01
1.323255678927073520e+00
7.433776282070625463e-01
2.349075212559280423e+00
4.408706339814558728e-01
-1.312241570286764247e+00
-9.239141373396156931e-01
-4.147674642252726640e-01
-8.494913141465101347e-01
-1.372744106984691292e-02
-2.424078864478088846e+00
-1.698374215654553820e+00
-7.010402530495662976e-01
4.991988171789836226e-01
-1.302128724477949362e+00
-1.025336715252454400e+00
-2.442393283327575215e-01
-1.921653843782334281e+00
-7.239687906602467748e-01
-1.884134669479219371e-01
8.613448530381798696e-01
-2.101153967487601193e-02
1.155607369191472555e+00
3.991662371492298300e-01
6.425881855841792945e-01
-1.066806107584368224e+00
1.157873238027349316e-01
-2.995911399808574016e-01
-1.611368039685693976e+00
-1.241071250284773608e+00
-6.385753441738832858e-01
-6.350957176169058638e-01
-2.223244959687614708e-01
-1.166489906183308722e+00
-6.748189768882414397e-01
1.250570982345769133e+00
1.396279572594302465e+00
6.657384898432672227e-01
8.654670305193128410e-01
-1.185485797771901328e-01
-2.303223576380844850e+00
-6.420316089673074877e-01
-1.744378958875191454e+00
-7.790077749865856882e-01
-2.287211866281872563e+00
1.423650898642143448e+00
6.430854982422494759e-01
6.001874727299605361e-01
1.108357197960233576e-01
8.991110597401997806e-01
1.591674866382751130e+00
1.939328867140353907e+00
7.743195674984646448e-01
9.360117962526381952e-02
9.417374848634614271e-01
1.466339555584155852e+00
9.556183569722123128e-01
-1.137326131501792403e+00
1.250747517340370596e+00
1.259763325782783383e+00
-1.276180115437073326e+00
-8.783149861535008984e-01
-1.439552566175207993e+00
-2.410006137227014733e+00
-1.709470496255119487e+00
-1.732386708626498795e-02
-6.756231735542908012e-01
-1.575669011283945764e+00
-1.096442224910877838e+00
-2.400447202673478220e+00
-4.391400476073226145e-02
1.075706099559947670e-01
7.073987049588512654e-01
-1.967766925266912548e+00
-2.554827322344042528e+00
1.355723853403970391e+00
1.307698411496196034e+00
1.476842148701739577e+00
1.546337601705768616e+00
7.069088174890925114e-01
-2.613178458888646638e+00
-7.857744014069203420e-01
-7.883448563463870684e-01
2.096479753409257185e-01
-7.707142851678359108e-01
-5.062860347080153645e-01
-1.011997693118959374e+00
-6.128298339551754292e-01
-1.016073394553117071e+00
-5.840032768875494940e-01
2.289020538486858491e+00
5.156665561816838883e-01
5.443222656827135797e-01
1.172025101317402784e+00
5.383696875192798270e-01
-1.271082357578238842e+00
2.144029873748745096e-01
-2.843333229432774001e-01
-1.421332630759708060e+00
-7.683665796905081447e-01
-2.276538157896301762e+00
-6.330806853451287353e-01
-1.406298618279168799e+00
-2.379123609284418350e+00
-1.358631612249826315e+00
-5.928295560629016636e-01
-1.290552506892958640e+00
-9.206262220684110487e-01
-1.617699170665166442e+00
2.727384059078241663e-02
-1.097465236996387095e+00
-1.460627902486351104e+00
-1.043825692073770517e+00
-1.192016017055697041e-01
-1.033516494869744395e+00
1.271532154752739174e-01
1.213237576875520585e+00
9.229726191721834283e-01
1.622780908888897144e+00
2.175840319152310798e+00
-2.494031406230501346e-03
2.302640812471442366e+00
-3.740322605548729307e-02
-7.570816783933009830e-03
4.884470964170727347e-01
1.605500379123553367e+00
2.993210796180716393e-01
1.486974019748026787e+00
1.011477337097259399e+00
9.361231107449081712e-01
-1.245486127880086835e+00
-9.530769981362562371e-01
-1.254137344209638849e+00
-1.408985370048862595e+00
-1.174139530705006651e+00
2.573404903231535368e-02
7.497236880464972497e-01
1.263139271589016399e+00
2.016058714602113611e+00
1.319754956317148453e+00
2.221842241902455495e+00
9.315208072250793503e-01
1.520388239181680312e+00
1.267083951191790625e+00
5.329363292418660691e-01
-1.694163186325926551e+00
-7.064803861835575738e-01
-4.310605622885854693e-02
-8.855610611416969702e-01
-1.234821884068803666e+00
5.127803852464067891e-01
9.547106801138830479e-01
1.184392933854193419e+00
6.465769099699919531e-01
1.771543031003022017e+00
2.336325860375553898e+00
1.191204212540404539e+00
7.858532969024729642e-01
1.717425167008195475e+00
1.483245641434836726e+00
2.084966505497472866e+00
1.463503266771864819e+00
1.012252649592183085e+00
1.432936453973083779e-01
6.537793931396448377e-01
7.376257660385983073e-01
2.240753759790462762e+00
5.856994487544033845e-01
9.149080107481414315e-01
7.303470087773185071e-01
-1.402471689346643569e+00
-9.613585514140312593e-01
-7.674453595511452342e-01
-1.559429573460170637e+00
-1.482207709310674915e+00
-1.249967551613266892e+00
-9.387414545783780984e-01
-2.736061120043314254e+00
-2.160895003675873394e+00
-5.610631825048075783e-01
-3.826083269491575845e-02
-1.706055602488392831e+00
-2.544776627502745026e-01
-2.231492177695983514e+00
-1.819220791102764023e+00
2.132832117076581824e-01
1.563650770121776556e+00
2.559284221518359104e+00
5.225461321491320366e-01
1.252999859336230370e+00
-1.751162767347693716e+00
-1.026517499066915695e+00
-1.020350142270298743e+00
-1.536148105604719705e+00
-1.933630343004474561e+00
1.750781306838484763e-01
-1.756702452929079783e+00
-5.095429171152219272e-01
-3.265594219862000269e-01
-1.095063627412647511e+00
1.088519169767838246e+00
1.939712839078084894e-01
9.013668055671347767e-01
9.528508113173380645e-01
1.431994423868381050e+00
-1.939997130850016349e+00
-7.748134454557656925e-01
-1.732991333996663830e+00
-1.538410980914442838e+00
-5.214212267504139131e-01
1.687212035033291979e-01
1.230065283251704278e+00
3.054176322576095615e+00
2.563227916509308590e-01
1.912935152344530820e+00
1.224348808617132356e+00
2.397089220207156979e-01
-6.985642741663999900e-01
1.226829084302699435e+00
2.107664762653992163e+00
1.250242672614625850e+00
9.793200704149307434e-01
3.384745446671074465e+00
1.903686090760612348e+00
6.685881617732861715e-01
-2.531611267860827130e-01
4.853620662123980800e-01
2.732834753057313826e-01
-1.357712226107118392e+00
-9.395817090971324559e-01
8.217728501636267779e-03
-1.723102440022230564e+00
-1.391639344849395554e+00
-1.749409326528004627e+00
3.453448937767038540e-01
-1.865417899563953430e+00
3.506573988096575167e-01
-1.691934195601797697e+00
-1.826564349205074933e+00
-1.803750750528575253e+00
6.643004643703707135e-01
-4.378477909227851406e-01
1.050628923716869556e+00
1.532826037950063558e-02
4.852104056264088250e-01
-9.046019853804007083e-01
-1.086638404884499032e+00
-3.292576553778008286e-01
6.146830441142667745e-01
-1.196635571087006245e+00
-1.944884480584416764e-01
-4.745741740253366370e-01
-6.979977432855473118e-01
-9.013492692542364182e-01
-1.484851134568248021e+00
-4.061137613631942145e-01
5.789939262506130779e-01
3.404588818658421667e-01
1.430667827431027384e+00
5.727011752370296804e-01
-1.468631820346115058e+00
-6.445237549659527110e-01
-3.498191984399690035e-01
-9.810296659066446434e-01
-2.127629579653433911e+00
-1.482135727934260405e+00
-4.834741575936748470e-01
3.078525726383296579e-01
-1.997936128387353127e+00
-1.557435921354499264e+00
-1.285637278913973169e+00
-1.531674393869566941e+00
9.466056868377070721e-01
-1.709220065760813867e+00
-3.831803576461034755e-01
-1.753500816994398415e+00
-4.494726060719402838e-01
-1.428627400064888642e+00
-1.348532167659576730e+00
4.938279666675560176e-01
8.884741753594105340e-02
3.876053198114909337e-01
1.847737743599277449e+00
1.065523149814800563e+00
6.151061945590102775e-01
-9.922665241977113304e-02
7.917834921093958034e-02
1.762368847580098263e+00
1.208398158070898898e+00
5.442136729611278811e-01
4.047294147387384688e-01
3.479055146113636532e-01
-2.171815828954715144e-01
1.177855141177002407e+00
6.755037051988423968e-01
-2.041768527935590605e+00
-7.833047098146701526e-01
-1.894095072037132343e+00
-1.167150021539091753e+00
-6.630833731983289958e-01
5.933809305366148923e-01
1.696257767576189401e+00
1.892041427602838555e-01
8.339324226799899042e-01
1.472910989183019659e+00
1.469088220114926902e-01
-2.316364240899677629e-01
1.486817720998259595e+00
1.727031383879862769e+00
3.747642087795219901e-01
-1.511343619222541568e+00
-2.089091352793465362e+00
-4.970537139981511254e-01
2.462182880454162337e-01
-1.741417577135952355e+00
4.581772336750827845e-01
2.236303386756713252e+00
1.043770088172902177e+00
1.228715742343739814e+00
1.837235451010726051e+00
-1.834046637650018186e+00
-9.390569531865387010e-01
-1.554212887373973784e+00
-1.024390159752713636e+00
-2.043355090561063125e+00
-1.225693211075066236e+00
-7.568399221819022138e-01
-1.573134295371834801e+00
-1.122061843754601052e+00
-4.583349698625394097e-02
2.660325105257603795e-01
-9.553433576628925783e-01
-2.283044140907374953e+00
-8.871318428775296638e-01
-7.966916913006057976e-01
-4.101383366105602057e-01
4.503840391731709358e-01
1.603180634461267795e+00
8.695771787963506583e-01
1.501476035609154769e+00
9.300333328612294670e-01
1.528397354554579257e+00
8.044137132574090687e-01
7.147395296628472616e-01
-1.780186858913839210e-01
1.123032090940806027e+00
8.587477648431898203e-01
1.211545515647239002e+00
1.766798326579490208e+00
-5.311605723296208836e-02
2.467643760032478539e-01
-1.498715581694050503e+00
-1.556952222672160602e+00
-1.388054952737519665e-01
-8.224270146259764491e-01
1.446061017753345279e+00
5.140133797829992135e-01
6.468210166585010024e-01
1.127493938491569425e-01
1.037862288832536617e+00
1.820108982323615621e+00
4.462593058919417377e-01
-1.484415995659404963e-01
1.159496261031163877e+00
1.319004395091952109e+00
-7.260098321792891607e-01
-3.091985050070596319e+00
-2.584230866430103912e+00
4.605363982061994044e-02
-1.412307839139670396e-01
1.493143230737479232e+00
1.795112314635873840e+00
1.116071799126828079e+00
1.498210726812001958e+00
-5.507475572151880883e-01
1.588275295776280238e+00
1.041147417021213828e+00
1.661793862868167437e+00
5.998411490169834881e-01
4.068505311534367230e-01
2.962070727317599461e-01
2.089203411375657460e+00
6.080370004209337820e-01
2.203210237112444680e+00
2.124369563808692796e+00
-4.440670864032700837e-01
5.209697406386073482e-01
5.420114415778237715e-01
2.841356223797957270e-01
7.880315064080001264e-01
-4.864243846001958804e-01
-2.288202031564444461e+00
-8.149196428430678374e-01
-1.219864541145945003e+00
-1.495104486893987339e+00
-1.491932120263272266e+00
-3.400949433603225325e-01
-7.131875548383069807e-01
-1.821971036011443834e+00
-1.600976571286131689e+00
-1.135304453029940319e+00
-2.259141903034439514e-01
-1.230323842414460467e+00
-1.043442322737268890e+00
-2.109344393502168291e+00
8.988306119790786530e-01
-4.590826246808199507e-01
4.990665630524175889e-01
1.208974351522088986e+00
2.825002208230525946e-01
-8.449055911114884410e-01
-1.104931959137326114e+00
-8.579226726074478115e-01
-9.429965296612590198e-01
-8.972165914103465978e-01
-1.638150587565155636e+00
-6.765457591078631872e-01
-1.576833715335146380e+00
-1.819103085964094646e+00
-1.848012488126923092e+00
-2.692981432799022024e-01
6.272938607971054736e-01
7.612485249054953274e-01
5.575261605313288626e-01
1.217680885810776381e+00
-6.634437996082486189e-01
-1.623346329675122046e+00
-5.319183732521683972e-01
-1.057227216724177410e+00
-1.184950298518170797e+00
-1.666486281441865946e+00
-4.407815534626199350e-01
-4.857713574660962319e-01
-7.557521504407083146e-01
-1.413023707585800981e+00
-5.451325364470449575e-01
-7.293958517948391229e-01
-7.787851896124204920e-01
-5.843598007694947860e-01
-1.594264464908485168e+00
-4.702582330487490303e-01
-1.583426883958841014e+00
-5.414031338387619297e-01
-1.193974275706598531e-01
-4.566707334186738132e-01
1.939000724939968778e+00
5.932400015453690445e-01
-3.450890182409853679e-01
-3.588046569724689938e-02
-4.677515862328078811e-01
6.896781601543200413e-01
5.606432960983486202e-01
1.560197323866852948e+00
1.915674364991024614e+00
7.362273803008475559e-01
1.368055603887669669e+00
6.107130256896033949e-01
1.258533209168228861e+00
2.714061095963552717e+00
-3.046462966339171796e-01
4.948833422169998109e-01
-2.065729207781095589e+00
-7.749672282681957514e-01
-1.821749258446910602e+00
-7.210566993207612185e-02
1.139380688197120906e+00
1.234650716441034524e+00
8.318817995909454366e-01
1.275416444553255424e+00
-6.767481254210947483e-01
3.218545817828590838e-01
3.075905565120639062e-01
3.944765962446195040e-02
1.606045227149192733e+00
2.203577517158434418e+00
-5.009772275080160986e-01
-1.825923601139312069e-01
-1.434905077824892849e-01
-1.337813519514861271e+00
-1.345429762511202165e+00
1.092586894311840418e+00
5.608330674533570370e-01
7.656889407150760940e-01
9.481474924642496749e-01
1.240127514193686942e+00
1.615424612279762195e+00
1.181777100320013707e+00
8.968218019858101853e-01
1.964016579297399145e+00
2.692603118339433887e-01
-1.324644799527914252e-01
1.634142699499093743e+00
1.439192372571242107e+00
6.968762897765754527e-01
1.869647900454276090e+00
1.315137328739906852e+00
1.869843978182232913e-01
1.236180444002821011e+00
7.864469520138541725e-01
1.522061503746461764e+00
-2.920041358676447318e-01
-1.119225615245599936e+00
-1.707691782574844774e+00
-1.650620679862921047e+00
-1.119578500198280313e+00
-6.928462328164564088e-02
-1.283496992205664267e+00
-4.992889835093794471e-01
-1.379275106692626540e+00
-4.102610486470819051e-01
-1.810839049685740276e+00
-2.925030503454233433e-01
-1.375812680021028633e+00
-1.348760189914900653e+00
-1.891638965569747199e+00
-1.336270218334032478e-01
9.792206838878156905e-01
1.095330668271059738e+00
1.139732398924056200e+00
2.103754334121989089e+00
-9.374277454506424467e-01
-6.051295742012233747e-01
-1.674100075773018004e+00
-2.642802782345957446e+00
-2.346455740699019188e+00
-5.578251046159713455e-01
-1.797523863111329057e+00
-7.609650532038310100e-01
-1.360508736812716668e+00
-7.690843792212023189e-01
1.682612231780317824e+00
2.229565590900563166e+00
1.652538669504267421e+00
1.518646310855347625e+00
1.147376511579291769e+00
-1.102999536889739840e+00
-5.974201686537033984e-01
-6.961058489740283850e-01
-1.200053760277448589e-01
-8.196422711108356518e-01
9.572292794543324490e-02
-1.701639024863074834e+00
7.827957292054321670e-02
-6.209025120632364336e-01
-8.125739538915890403e-01
-1.449535867489445407e+00
-8.240824440429137532e-01
-1.003810768517588103e+00
-9.530117972269204207e-01
5.342746211253781574e-01
-3.774573861479182391e-01
-2.396923255404454167e+00
-1.861072149034737055e-02
-1.346232406484548338e+00
-8.276624027974455178e-01
2.984439821129988291e-01
4.677523223051849310e-01
5.426996680652922400e-01
1.855629210328449297e+00
1.753061380999841878e+00
1.389194209547539138e+00
1.056251271953784210e+00
1.507830278678636837e+00
1.511691453839081545e+00
9.293570618927118332e-01
2.108999500088981627e+00
-4.742518963632211815e-01
2.271090374644136878e-01
9.414935127460196673e-01
2.481497204995843919e-01
-2.001589327557400821e+00
-1.144331897051629632e+00
-2.097396613708352398e+00
-2.327551715221548800e+00
-2.604261746792992049e+00
-5.312396413025144426e-01
1.028333725907327301e+00
4.427549892618126703e-01
2.411748448531403355e-01
7.398422157090129847e-01
3.599468113482083842e-01
-2.950909889908235328e-01
1.522355140579836341e-01
3.573196357212365948e-01
8.883609098569571483e-01
7.882161606316833158e-01
-1.048669528214168034e+00
-5.111378909256751868e-01
-4.737496891751402650e-01
-7.251470835172586504e-01
5.796791418410257579e-01
1.178068455250945501e+00
2.230107930898682866e+00
1.901574614197075963e+00
1.397477243115630152e+00
1.235347863237890031e-02
1.370294575747930788e+00
9.852663903659477640e-01
1.061882743569723120e+00
-2.678007899649026413e-02
7.407799699351691469e-02
2.994070029919001286e+00
3.978060981129020179e-01
2.442713364637513429e+00
1.561440497094861879e+00
8.787897062626961464e-01
1.574834408297368427e+00
1.521841363268759961e+00
-5.294947262732963011e-01
1.482605359330265049e+00
2.434187186087601873e-01
-8.803082002589724953e-01
-1.785859898573091575e+00
-9.851273156132707154e-01
-1.244814455857192748e+00
-9.527490427795630712e-01
2.192590579727737854e-02
-5.418786228577755493e-01
-4.568028054319817066e-01
-2.882808111866830281e-01
-1.521390915920654230e+00
-9.711226963303851711e-01
-6.872082374742010114e-01
-9.857437688202063120e-01
-8.017673913576304212e-01
8.584309038651705137e-03
2.449255905158367774e+00
4.779985531250267039e-01
6.081623347772618926e-01
1.309447989496343112e+00
-1.598300653851390862e+00
-7.956828526404907675e-01
-1.784428597182192711e+00
-1.221812672413343792e+00
-1.265209141783159019e+00
-1.362843282426017488e+00
-1.955907948822773301e+00
-1.408853169982990927e+00
3.833729745413805290e-02
-7.306952214334059281e-01
1.291743296498021554e+00
1.017646291105951173e+00
1.312587904609920253e+00
1.355923136237621396e+00
1.141273454623470407e+00
-1.616807599063427858e+00
-8.826992795640837830e-01
-1.007420039926064881e+00
-1.129087132146338046e+00
-1.102641527297599344e+00
1.365819724725477302e+00
9.782996250165143515e-01
-8.154582343642302611e-02
1.415914434074785344e+00
1.188808986746011431e+00
-1.776954891116648838e-01
-3.043161724732290629e-01
2.314071749830302505e+00
1.302475184514818585e+00
2.043697590052525825e+00
1.712554158851571362e+00
1.089701987669238425e+00
8.905002565413770999e-01
6.451553315470417438e-01
-7.690210115719837702e-01
-1.599996558680877978e+00
-9.302644987483759120e-01
-5.528887833193287804e-01
-1.696391962163571909e+00
-2.214622972218940333e+00
-2.013545750121213285e+00
-6.086353210175190487e-01
-5.023856920630710432e-01
-4.487633042794340055e-01
-1.250253546754869882e+00
-1.438445021930371492e+00
-1.055311071827434999e+00
-1.594283841794604806e-01
-4.419089529632663771e-01
-7.300663504396642800e-02
1.347638729068066477e+00
1.414753418784455263e+00
-9.980813423949741470e-02
1.432311308815096051e+00
6.847545937158011631e-01
-5.898800229269111073e-01
-1.017583709888099319e+00
3.873259039364136402e-01
5.679527631838854340e-02
-3.479134128254434799e+00
-2.421138723659201464e+00
-4.993542588977009089e-01
-2.382522496687179636e+00
-7.342551285359708579e-01
-5.210447287727338894e-01
2.342868980960105763e+00
9.482426396623978571e-01
9.333642180906717156e-01
1.333106893380936020e+00
7.647653608238240697e-01
-1.518731368354210742e+00
-1.634040081405491618e+00
3.853437253326328360e-01
-1.058487708179276288e+00
-4.279409640804464621e-01
5.650932612103332087e-01
3.372226045319772769e-01
1.309267774862871159e+00
1.621693548432090459e+00
3.445983671752224087e-01
-3.889267659621693518e-01
1.593549640377479149e+00
1.671817819086074852e+00
-2.436820130206287516e-01
1.646814785149242732e+00
-9.154585766857374907e-01
2.222279954774223576e+00
1.335748502596665777e+00
5.906567609893285109e-01
3.198793811193945125e-01
-1.761658360564328785e+00
-2.409910369652554785e-01
-5.218411437755078319e-01
-7.562895647316308922e-01
-1.266780035763417356e+00
-2.048013166173381805e+00
8.326961108451813587e-02
-2.062490030557219356e+00
-1.058423409706663376e+00
-1.495486321292454068e+00
-1.930792655337931540e+00
-8.864860551526632104e-01
-1.652740085651338564e+00
-1.493126304413309180e+00
-3.795201827174776721e-01
2.421554643945219354e+00
2.152448177028587484e+00
1.640648842433559462e+00
8.514428333238941438e-01
1.044208264296975663e+00
-1.416311858798728673e+00
-3.156565181152868327e-01
-1.525089909407883360e+00
1.835174919050488462e-01
-5.177263199687778261e-01
-1.538776214475251258e+00
-1.406255899315651092e+00
-5.387148827086187808e-01
-1.548283637212759967e+00
-1.544473694109911310e+00
1.020312284235922018e+00
1.552148376936736129e+00
1.572568209530812666e+00
1.101876577504235399e+00
8.054850964212431075e-01
-6.292061069999854706e-01
-1.094066097000358173e+00
-1.199637468625893266e+00
-6.827522017476823635e-01
-1.237529624594066346e+00
6.941140017933873363e-01
-2.306575999230262575e+00
-9.389938460753735061e-01
-1.244587416640156263e+00
-1.725517220525623951e+00
-1.406974669431484415e+00
-3.278218394313792139e-01
-9.224784562924581710e-01
-1.742546111688413557e+00
-1.469591140432024989e-01
-6.765824862674176821e-01
-1.402964361594768228e+00
-1.072783120865511197e+00
-4.744815356123167627e-01
5.269543799341844803e-01
1.465025240377922922e+00
-1.393954650623381308e-01
8.727937180835917408e-01
3.397810098370330767e-01
8.309302101090977333e-01
7.195330613629062899e-01
1.710372662305578162e+00
2.248080836936327653e+00
2.005320735329497062e+00
1.508601077933810597e+00
2.159851901391803608e+00
4.011062962793481290e-01
2.139300618210225657e+00
1.037635517394513318e+00
8.016156123812864243e-01
-2.963913721297646742e+00
-1.235270758099596522e+00
-1.873047655259121314e-01
-7.493594107759879996e-01
-7.195812926382254560e-01
2.769880931277266534e-01
4.525779349803903395e-01
3.381904439358993653e-01
1.192535932857942127e+00
1.476577228729197167e+00
-6.030243219048807557e-01
5.399112334859182960e-01
1.659857910445788454e+00
1.050032241900912711e+00
1.019350351229687757e+00
-3.849768182731366117e+00
-5.534186532224396604e-01
-1.434972464582833229e+00
-1.134142199463418432e+00
4.402590324954336332e-02
1.245367337499648341e+00
9.253386213434553476e-01
5.423931028476962624e-01
2.257375462661923571e+00
4.237468205450569680e-01
1.230642300038396586e+00
-5.335200915173821112e-01
1.371565878051927978e+00
1.703146349774974144e+00
1.296190513938626721e+00
1.573548311197902505e+00
-9.066483715980400149e-03
6.085669442896395331e-01
1.485476809674036947e+00
1.475865741950038057e+00
1.840950558270969095e+00
1.113345556364996769e+00
7.597886171111830622e-01
1.339363720726727269e+00
9.066935620737182067e-01
-7.063813715795563830e-02
-1.432372968170951832e+00
-2.267805970348709010e+00
-1.151432670755669241e+00
-1.133123021636709193e+00
-1.280339646029129863e+00
1.559195549846759121e-01
-1.515893355075659699e+00
-1.687508734026053059e-01
-1.863172313321894258e+00
-1.381703296052348318e+00
-1.303781738207420382e+00
-7.105306714419090675e-01
-6.125645822345221481e-01
-6.507655168760970721e-01
-7.456421976713909494e-01
-6.156574223204711593e-01
1.829228422599752379e+00
8.963743293615840102e-01
7.877917804724999806e-01
-1.300510121340134884e+00
-1.912750486172858366e+00
-9.859094052634371774e-01
2.388856959917498024e-01
1.015365793228055757e-01
-1.395014242659601278e+00
2.369813027895133484e-01
-1.289601240978848207e+00
-4.873847484635632776e-01
-4.040097821881714069e-01
1.106208795311594217e+00
-3.513623191507297960e-01
1.058478266223191522e+00
6.037237520377554123e-01
7.168677986153273451e-01
-2.405747666406824248e+00
-5.318589166490383935e-02
-1.451242592856824665e+00
-7.450993050351417679e-01
6.226505565063460423e-01
2.389988210830430226e+00
1.406095904524698348e+00
1.373849497344263870e+00
1.703961682376516684e+00
1.398512675517443959e+00
1.193560331481072545e+00
6.838974188249193897e-01
8.830112799327111128e-01
1.148848340109006161e+00
1.206781867892040339e+00
1.050956934450795410e+00
1.096168875006984678e+00
1.573788119377904415e+00
1.162093584901713328e+00
1.428848587159065708e+00
-1.757617731311925002e+00
-1.680174644078760382e+00
-2.060014404776503660e+00
-3.531502126154894006e-01
-1.151835275157378158e+00
-1.171791478359900385e-01
-1.049972720807953008e+00
-2.338099477373929425e-01
-1.696851146345425887e+00
-1.371488068117955983e+00
-1.092371758628706058e+00
-1.121265506500642273e+00
-1.003981548197451223e+00
-7.717542693693825173e-01
-8.410610007367047558e-01
1.602161292081911048e+00
7.520651734713286185e-01
3.271529549330747244e-01
-5.495197407101048981e-02
1.479568728146201773e+00
-8.092898046105991838e-01
-4.173045884705026687e-01
-7.073057670316463819e-01
-1.475947172005059871e+00
-1.978208570217294238e+00
-5.712610303067185979e-01
-1.695146336496385242e+00
-6.194500349519634907e-01
-5.774933827239029371e-01
-4.259296968288766028e-01
1.207279838750814571e+00
2.354243591486082643e-02
1.009349256491394176e+00
1.634359305803199547e+00
1.250908522981710735e+00
3.731008950351213382e-01
-1.900156347110975030e+00
-1.343847752934310691e+00
-2.030031781048832862e+00
-8.147694372070178881e-01
-1.870535441911892249e+00
-1.995116291155666355e+00
-1.698460318792294865e+00
-2.822787349732656104e-01
1.241960712370704378e-02
-9.362286864455157120e-01
-3.818305282366309950e-01
-2.527694497951835650e-01
-1.713320184807102686e+00
-2.538522106813469126e+00
-9.233037720517431879e-01
-7.907941927569139828e-01
-1.004321036733359485e+00
-9.860789700371126454e-01
-1.113598488036723122e+00
1.141686864316506345e+00
1.175183729506249275e+00
3.141782826019319241e-01
1.593236443638866406e+00
4.845803421972625369e-01
1.287034148442876003e+00
8.588635324897214707e-01
2.694072148619179430e+00
1.652606679527568234e+00
3.424315834076011589e-01
1.954490610366318881e+00
2.531714012374702172e+00
1.426934477516743405e+00
1.058374818152242325e+00
3.900095539621447616e-01
-1.203130377656193906e+00
-1.795747803083056704e+00
-1.116239061720950554e+00
-1.698227290905268694e-01
1.830387256883758695e-01
-3.617766185567559134e-01
9.781138336644135123e-02
1.159190770843328000e+00
1.433657502481465063e+00
1.110756992703299861e+00
1.393335407719186847e+00
9.727855438050083681e-01
9.384805456450496797e-01
1.603614531401487797e+00
3.519964011393481584e-01
4.761004691771160147e-01
-8.790987625229133018e-01
-2.709959944206605797e-01
-1.752154508912749709e+00
-2.774948754803592266e-01
4.560008309263947623e-01
2.953687245650482573e-01
3.147387416107680913e-01
1.170020535686289609e+00
1.546604907382941096e+00
-1.253452107516193292e+00
-1.338857246905530651e+00
-5.253357494358047441e-01
-9.285461584233595245e-01
-1.254004998362958201e+00
-1.137744713059655188e+00
-9.531742699544909492e-02
-1.597453918106318094e+00
-1.461832773515499895e+00
-5.579840462859355643e-01
-8.341416535510493002e-01
-2.280833645922364372e+00
-6.379695711852583218e-01
-2.374414561853041672e+00
-2.780479032181641941e+00
8.866808149034555164e-01
1.752430255021975247e+00
6.600441673328798498e-01
-3.218042539412451220e-01
5.265533589597986008e-01
1.138978663665558777e+00
2.631818143411451816e-01
9.650548917497985268e-01
2.193148917533265241e-01
-5.738577679190677294e-01
2.837718906103094074e+00
1.657638640485198156e+00
1.312606118483613304e+00
-6.328722685835614925e-01
2.231280520119658384e-01
-1.942123554491101523e+00
-1.441632883597542936e+00
-1.502383305980179218e+00
-2.447366133677689959e+00
-6.201880236885044528e-01
-7.631851301892074169e-01
1.580980301030495028e+00
-1.352556043450019452e-01
-6.488273469445307029e-01
-2.301942769879377071e-01
1.241804247191400146e+00
8.827615292593423701e-01
6.735940893154126474e-01
1.163105074366680203e+00
6.598515689322583810e-01
-1.138131045964810184e+00
-7.294799735480781422e-01
-8.648915671935168969e-01
-1.325377810552250235e+00
-1.815171380355444120e+00
5.144021495859035786e-01
1.451532165669007890e+00
1.045911561008984636e+00
1.401209080533644347e+00
1.439769921288206467e+00
2.086033719566150246e+00
1.454462347653180387e-01
9.734742191397580680e-01
1.351783956577312207e+00
1.272021881604652682e+00
5.072015013078431389e-01
7.323053088668989297e-01
2.135723604026349420e-01
3.492354698599350327e-01
2.360385788170926702e-01
1.382266220939911694e-01
1.685670979273321546e-01
3.696648831625743981e-01
1.456565760414948674e+00
1.352663395138217206e+00
-2.045949693711735407e+00
-1.839214346136162970e+00
-5.284813400805246086e-01
-2.081705638708752915e-02
-1.611452636079848677e+00
-5.523672865874023064e-01
-3.929177686047496953e-01
-2.599035408136992631e-01
-1.767928368579827048e+00
-1.359867058896017111e-01
-1.022641710455653996e+00
-6.365302203528773184e-01
-3.808663120436114324e-01
-5.769623246501731639e-01
-6.797459070875520037e-01
1.604627016521540384e-01
7.047037072820879766e-01
1.090170515892876724e+00
1.366073045246216200e+00
1.559050687082688569e+00
-1.220284546607960596e+00
-9.495979331857513639e-01
-9.728975695300867699e-01
-1.386161824404712473e+00
-1.598972539772210100e+00
-2.306384333594309943e+00
-1.576941155511677239e+00
-7.116106689444534616e-02
-1.435843617630252256e+00
-1.893587614733423186e+00
-6.734175799098107706e-01
9.347441781798913052e-01
1.548284376848122923e+00
2.007867033833606651e+00
4.494505272556847952e-02
-1.889722284090056492e+00
-1.689782055747643952e+00
3.221941869090811927e-01
2.108003831639337911e-02
-1.197882912968384339e-01
2.074274101404549597e+00
7.870379347961180549e-01
9.341761319500407890e-01
3.702767491681846490e-01
6.304922218491280095e-01
5.383292559919631293e-01
-5.726158272277293015e-02
1.954383151793006146e+00
8.106380187301449602e-01
4.692480107141878687e-01
6.052557695189992870e-01
9.553703284659166295e-01
1.157733671611075987e+00
2.599970572257247703e+00
4.644310910674807058e-01
-1.337812663867417706e+00
-9.720315798851447697e-01
-2.552033073590712853e+00
-1.231369763443978194e+00
-1.571785603467900527e+00
-1.386834862609978014e+00
-1.775141773631214281e+00
-8.108755881072073901e-01
-1.050260980793073617e+00
-1.060449823361384603e-01
-2.858720085042845138e-01
-7.843298922584457378e-01
-4.366419577525606499e-01
-2.075126801869948689e-01
-1.670087709842582369e+00
1.390620490378919438e+00
-4.403653093975172794e-01
1.161314904663723890e+00
3.967726266197835194e-01
7.098507221860828054e-02
-6.995810857750965894e-01
-8.896128765805347838e-01
-2.276932147367942250e+00
-5.601170647840767458e-01
-1.258005974675306948e+00
-1.612178715062195122e+00
-9.430622886968966778e-01
-1.747101966179655852e+00
-1.513419912541621448e+00
-1.168383360953331618e+00
1.213196524001635801e+00
-4.077138488980973641e-01
8.143058171264112577e-01
8.400227356830967107e-01
6.646566136903679922e-01
-1.083424177760011320e+00
-1.780455236385245943e+00
-1.095270148106537667e+00
-3.307569790124809117e-01
-2.211218105775919263e+00
-7.982886840371745674e-01
-1.019834887848645399e+00
-8.860988640669463789e-01
-8.867941751353600743e-01
-1.247923271602867201e+00
-1.940939430876431837e+00
1.090320901957619881e-01
-7.435261950531089070e-01
-1.273921379667007248e+00
-6.675789786181496321e-01
-1.421834514235550406e-01
-2.195126479307699885e+00
3.348189940650092566e-02
-1.229716921583196898e+00
-5.921253658744911608e-01
1.484487555464113262e+00
4.002393306322847844e-01
-4.566439645092623678e-02
2.528446802347831257e-01
5.494117563773271984e-01
1.041652054661614812e+00
3.386990048555131860e-01
1.535924144531449542e+00
1.057222705030879117e+00
9.652303815863004788e-01
6.324742907762241906e-01
2.003829675729676296e+00
1.188730908342688242e+00
1.301867925115709479e+00
4.088810476945066164e-01
-2.259685369653816611e-01
-2.202529473106356050e+00
6.659220028232448740e-02
-1.914169186529151023e+00
-8.138260320090288102e-01
-1.755768138483375207e+00
1.224344213364485956e+00
9.670587826665776321e-01
1.363144110541934184e+00
1.247920807418392952e+00
9.403466867648190286e-01
1.657290956036887586e+00
-1.216134056484461379e-01
2.827198795348315308e+00
9.120178079137144511e-01
4.210367185358276920e-02
-1.778132880844632391e+00
-1.343970093244968522e+00
-1.661257423485672291e+00
-1.639042061621337698e+00
8.314621719382763176e-01
1.401488385856049623e+00
1.392702707830612674e+00
1.248591392038131520e+00
1.457620258915763634e+00
7.847754082620085336e-01
1.518834244531419575e-01
2.083954598291777316e-01
1.173243704489898454e+00
8.535087663820559722e-01
1.834858735187339551e+00
-5.803571297140206475e-01
1.660848122262380322e+00
1.486404907087849558e+00
-4.176962616003043749e-01
1.474759874835490203e+00
3.292608936358244476e-01
-5.980923454873638967e-01
1.477213522615683505e+00
1.116451699674772868e+00
4.351185030062212356e-01
-6.467216141240585969e-01
-1.592444884903815305e+00
-6.977314650371022609e-01
9.030335452580939837e-02
-1.881186067966283293e+00
-2.251044615704858032e-01
5.892634536229959252e-01
-1.137144358402115696e+00
-6.284832402360287507e-01
1.852398336176594995e-01
-1.615797985318484509e-01
-1.022017029565036816e+00
-2.106084116557755959e-01
-1.906736402685537568e+00
1.502507881383417843e+00
3.082058409740859872e-01
2.549554980592426690e-01
1.358646914411366424e+00
1.184005198349460164e+00
-1.381836065560627880e+00
-2.881153250246660580e+00
-1.826643714304573507e+00
-1.492093276985219985e+00
-2.150219785000984096e+00
-2.019849677991122139e+00
-8.815152469463281015e-01
-9.586159255629426168e-01
-3.110062474996366788e-01
-1.312036512952690970e+00
1.599145845482523143e+00
1.558535302167103120e+00
8.265597021757686846e-02
1.676130763597481810e+00
8.811318264438510184e-01
-1.146691951060585302e+00
-9.474163091032339334e-01
-1.072364716518126038e-01
-1.294355726959923070e+00
-1.308226125613993318e+00
1.190177135882746651e+00
8.203039425369094140e-01
8.405554263681811467e-01
1.097207540290130012e+00
1.767253533492458395e+00
1.708181910831004124e+00
1.350909364385462830e+00
9.195827969544507763e-01
9.913576268915971212e-01
1.465470470559306904e+00
1.909927066493005476e+00
7.390397661866305867e-01
8.230434471640397653e-01
1.013185161788917821e+00
8.298861618588231348e-01
-2.799720669825733754e+00
-6.585722544453416205e-01
-6.080081982384545336e-01
-1.892715701079567880e+00
-1.122488372026762216e+00
-1.153839463727001524e+00
-4.354457834707756714e-01
-9.536334618267178209e-01
-1.773682708133123009e-01
-3.385968170239601616e-01
-7.190832369713406891e-02
-1.907003699098524852e+00
-1.248065513087613931e+00
-1.495046884392948083e+00
-1.145533958374298500e-01
3.751871221288050062e-01
1.120304260925352180e+00
1.518423653721456823e+00
1.421577929320641198e+00
7.029486335477026504e-01
-2.829191796098102785e-01
-5.716340672932362921e-03
-1.972013399795576216e+00
-4.461745285271336847e-01
-1.191870554927111137e+00
-9.390196489645817879e-01
-3.836426856899464166e-01
-6.759097325521498112e-01
6.590084550401242858e-02
-1.588647889514575695e+00
-2.737480157131466640e-02
1.258739253423325710e+00
1.396212007327602311e+00
2.014619100606939384e+00
6.228999771870147306e-02
-9.461938382450312268e-01
2.377941355485861941e-01
-1.398773466921728659e+00
-1.440036765349310688e+00
-3.890947152990065216e-02
2.118953340675688857e-02
1.466109046669081817e-01
1.209325702439404182e+00
1.085119955803888647e+00
7.089115100433447392e-01
2.757152168638612899e+00
1.610263983474732985e+00
3.471359919061193233e-01
1.456916661239767707e+00
1.775457091332717452e+00
5.657090200465872964e-01
1.956004187025127683e+00
1.407860572943639754e+00
1.827707200715615876e-01
8.093164242140452602e-01
-2.133724788748559309e+00
-7.246101074884511162e-01
-1.698138943565800973e+00
-3.852476709236714036e-01
4.703364934841034461e-01
-9.870460849514692825e-01
-5.628039744763981833e-01
-5.793616599886721730e-01
-1.129915510962929304e+00
-1.199690983857674365e+00
-1.659874548777782621e+00
-9.437223117213546786e-01
-2.107925607371091914e+00
-1.206551683868018587e+00
-1.821938284284663201e-01
1.177877796280891065e+00
1.224129306368751058e+00
-1.200251766658682051e-01
1.252219227161632809e+00
1.716357782594860160e+00
-1.430344067683624321e+00
-1.667325086832309733e-01
4.595674155654401183e-01
4.979308590818873892e-01
-3.314483050919404539e-01
-2.680542628909883263e+00
-1.162608928188174851e+00
6.045904998792210883e-01
-1.314427501001679488e+00
-1.157212290058058812e+00
1.015052318276355336e+00
1.079316604904031696e+00
6.077471119666248978e-01
4.537046121931076481e-02
1.490265397930322422e+00
-1.858470709663316400e+00
-5.341784316593195525e-01
-1.441793998463877680e+00
-1.282477925845169509e+00
-5.005180603550618557e-01
1.259817127195641095e+00
1.298221815890703290e+00
-6.176065218880240071e-01
1.547036944687381066e+00
1.085384487123568942e+00
6.521218672984202547e-01
9.785989960266158194e-01
1.919432187800383938e+00
8.616077276560840659e-02
1.620231517288400980e+00
1.638299813773342661e+00
7.769726912262646668e-01
4.685198345104657491e-01
2.078994296462155056e+00
1.608685678236554617e+00
-7.173548107933003237e-02
-1.276145978787950996e+00
-2.643020298311829386e+00
-9.664628643118592377e-01
-1.349356520493279810e+00
2.254766877363081345e-01
-1.032103224407235009e+00
-1.339731071743010871e+00
-1.572793040338877013e+00
-1.223697169724799361e+00
-1.157932980588948668e+00
-1.510994925243174691e+00
-6.039663343308770971e-01
2.611175182935303596e-01
-6.845095355972764528e-01
1.711659991012569382e+00
1.181611784219412487e+00
-2.783317293859912667e-01
4.431675671010321116e-01
1.605875358871270420e-01
-2.595426366379938177e-01
-1.622201796094459247e+00
-1.073371221717279056e+00
-1.379695910596461683e+00
1.023360048000523825e+00
8.749888037321671419e-01
-1.207374222136451403e+00
-8.155557618657709451e-01
-8.522876662921820001e-01
-9.625172827843812007e-01
1.238750517055586808e-01
-1.078970321966021828e-04
1.098177855844718387e+00
-8.289534017137079047e-02
1.439534583855008432e+00
-7.884329661292251989e-01
-1.125741091609062439e+00
-1.676636182431928912e+00
-6.698985132899680783e-01
-8.395488032807053580e-01
-1.667701402358330087e+00
-1.297891989108246102e+00
-1.738887916859204408e+00
-6.502827257862122678e-01
-9.268717059350923826e-01
-1.488577653187482142e+00
-5.260189265220848176e-01
-1.922406550713902096e+00
-1.157508604477088587e+00
8.856179771439076642e-01
-5.098934053326753535e-01
3.618150996467717206e-02
-1.835749701638375919e+00
-1.842681296042375960e+00
-1.444468617650841225e+00
6.717872194207623604e-01
1.147050843214417304e+00
1.146948876037840126e+00
9.222780460713707607e-01
1.979355392373005174e+00
1.133604175964677552e+00
1.323104812399800156e-01
6.304145751218263038e-01
-4.370171612650430859e-02
-7.472892056535962446e-01
6.247748739062900514e-01
1.411650000911603531e+00
-1.672930570612802814e-01
4.855273571459697290e-01
8.135804374841894004e-01
-6.461593066521718054e-01
-8.033501765982886678e-01
-2.215749401578964495e+00
-8.205988838296209842e-01
-1.279818208533736845e+00
3.901458817015047709e-01
1.204887410527224922e+00
1.115308474547504147e+00
1.686647088380131887e+00
6.492957492377744444e-01
6.031814814195496366e-01
1.099396777684196413e+00
1.166204768949989257e+00
1.834818743566498656e+00
2.143417781187018090e-01
-1.689874390281681293e+00
-2.123696987079327858e+00
-6.295563276868920699e-01
-4.834725369966303976e-01
-7.225783362039934765e-01
2.093848714137712896e+00
1.271517796331901540e+00
-1.969892202759151445e-01
1.639611134557960037e+00
9.537656609938433006e-01
1.619297910267133656e+00
9.159571104075469039e-01
4.805278564375897732e-01
5.516317056728590185e-01
1.830666366433093328e+00
8.932212753316421949e-01
1.673290925943951901e+00
3.344108762484315767e-01
1.463384764057443554e+00
1.400155632814736206e+00
5.312375802505400202e-01
2.050627724935178975e-01
-6.731215814847861800e-01
-8.147244778984652491e-01
2.313485626917656468e+00
-1.659353603525573595e+00
-1.291230094250600313e+00
-1.742341089908487017e+00
5.724879435698304597e-01
-1.281654291500593734e+00
-1.723536759743033109e+00
-1.855569737427218868e+00
-2.182315627201155017e+00
-1.070235290254082372e+00
8.398215416839436287e-01
-8.133971373224837542e-01
-2.516835685332561301e-01
-1.308795598622515266e+00
-1.583018134551533063e+00
-8.585844736030729951e-01
-7.524657131855898573e-01
5.918712079876058407e-01
1.803383200679284259e+00
1.230751562295781865e+00
5.008238081862951274e-01
-1.722060915118121205e+00
-1.427877304064213426e+00
-2.134382066862982708e+00
1.769352366479410854e-01
-2.262748783777124739e+00
-1.994945049818636518e+00
-1.088757880611840756e+00
-1.532748330272294845e+00
-6.546758251649931193e-01
-1.130050891760467247e+00
-4.202845663531067366e-01
2.817651781580529313e+00
1.206317147669923706e+00
9.488515565149282516e-01
1.623474740964782503e+00
-1.532793818234282845e+00
-1.677856000334081221e+00
-1.241160831809643650e+00
-1.617276261654740033e+00
-1.818855123633403181e+00
2.235344981849363588e+00
7.945293120337997284e-01
1.966274995814845772e+00
1.536576056092525899e+00
1.225307721755213741e+00
1.487208077872685053e+00
1.681286521535495959e+00
-3.667817465326059789e-01
1.334703228915118611e+00
2.586450064836407492e-01
7.161336482140896464e-01
9.690463855104910484e-01
3.138595576150599031e-01
1.297544652453977765e+00
1.271970735301360955e+00
-1.771336475632473206e+00
-1.372691985926028480e+00
-8.799848501982681093e-01
6.018088679638617933e-01
-8.641301108177434909e-02
-5.565630518504958157e-01
-7.359075645355572792e-01
-8.047273186571002324e-01
-1.636012769260224875e+00
-5.350452678180287469e-01
-9.834287521745819216e-01
-1.068792675661834446e+00
-6.440826665951278063e-01
-2.356968398592167446e-01
-1.889245615623908803e+00
2.499779069074791416e+00
2.612657228834954104e+00
1.178532409439605466e-01
2.429037708329589984e-01
6.905873711568892848e-01
-1.486756996683141541e+00
-1.042762358064220685e+00
-6.259926981161281212e-01
-1.478294567391693182e+00
-1.010162361509274520e+00
-1.337282015023156356e+00
-1.453497997043764700e+00
-1.262140864184990940e+00
-1.332583702929418523e+00
1.229098497720265470e+00
6.225611007330078550e-01
1.487179547970391535e+00
9.942987360302560917e-01
1.250259594087118842e+00
1.456306204195147780e+00
-8.125769898385879486e-01
-1.400154304642201142e+00
-1.433060277738326560e+00
-6.286527943427524523e-01
-1.777544966048554054e+00
1.191084140195425523e+00
-2.667711585654506390e-01
9.602369606882356079e-01
1.719011412187095189e+00
1.283417347121898588e+00
8.323419261272418934e-01
1.513831363618469483e+00
6.817150291271549811e-01
1.533852599105137049e+00
1.233792952210788663e+00
2.356222078815551235e+00
1.698356838990697781e+00
1.179069064962598112e+00
1.952274887037408480e-01
-9.810578212520899566e-01
-3.489239523219833661e-01
-4.681397747626152572e-01
-1.525316661460221823e+00
-5.807116501222027161e-01
1.011266580715404206e-01
-1.517454276869836249e-01
-2.169279597167752094e+00
-7.903420897144677326e-01
-1.028048476486439711e+00
-1.774867565196060815e+00
4.825241411652485546e-01
8.678866804068956498e-01
-7.399853526260650183e-01
-1.160709246556279828e+00
-1.977821966929896202e+00
-4.379029040880721979e-01
2.031678800577785271e-02
8.583131974490426641e-01
1.672974600015567415e+00
1.397158590992911398e+00
-1.114537827104119749e+00
-1.768805072147827895e+00
-5.657321377603468093e-01
-1.399647444493542725e+00
-8.568976268590808854e-01
-1.170692177068997974e+00
-2.295711003447536980e-01
-1.903843056236904863e+00
-4.700662810935114511e-01
-1.499447970801965901e+00
8.736543608358791069e-01
1.485514889993968080e+00
5.726430178583157282e-01
-1.921521855754857455e-01
1.031346084577144939e+00
-5.888277820928085049e-01
-1.382289365704157724e+00
-8.577321077998829590e-01
-1.033878969278150484e+00
-1.322116757232840056e+00
-1.016848892766434087e+00
8.320394688501586700e-01
1.421936080705930028e-01
-2.991351278925562962e+00
-8.683972739563199372e-01
-3.004334538602808635e-01
-1.373739999436802028e+00
-1.079681766521585651e+00
-5.880825378219802779e-01
-9.057320380551662220e-01
-1.949797044067149043e+00
-2.365787706551143010e+00
-8.598847176761075239e-01
-1.244822675105853982e+00
-1.251354850132553320e+00
1.580230900361807800e+00
-1.842984515725798467e-01
1.808545718487748921e+00
7.544190023145588286e-01
2.033432799864466567e+00
6.706565002136621878e-02
1.937723375319023944e+00
1.863203679182958705e+00
1.603631417269927528e+00
1.045939829440020841e+00
1.302992964287072786e+00
1.292085367891076197e+00
3.181451895698781396e-01
9.848315691819546913e-01
7.900448626131536534e-01
-8.038997362102440203e-01
-1.107037683722993826e+00
1.886551992940781464e-01
-2.280133491480409447e+00
2.596483973172514226e-02
3.470944952217325241e-01
-1.734225547213354979e-01
1.062996557121938634e+00
-3.918948882294861491e-01
2.530142104778765333e-01
8.822082611385754225e-01
5.592452573706865326e-01
7.643219386103772273e-01
5.443571487258467290e-01
3.096794829293620932e-01
2.234825003376790242e-01
-1.504782105904211020e+00
-5.516092524945541697e-01
-1.284949802302295385e-01
-1.373299361124114659e+00
8.813035982160399850e-01
8.625761345534234126e-01
1.748057984635821516e+00
2.134850365287181972e+00
1.317228598023805652e+00
-1.667150251947019823e+00
-5.774361649508953365e-01
-1.195335228291826590e+00
-6.194931898233191347e-01
-1.331767269178427249e+00
-1.977578676108998401e+00
-1.488537898643599089e+00
-1.805587798411721234e+00
-1.815222782157701831e+00
-2.337009728668349329e+00
-1.039287062210358492e+00
-1.979985387213349490e+00
-6.199716508627728384e-02
-1.619863194423471153e+00
-6.920095517403666019e-01
5.702097221766720958e-01
9.099268299125089499e-01
-1.338127296695055257e-01
3.976614565785802080e-01
6.883635487658683605e-01
3.332432218070491281e-01
1.168242042093105448e+00
1.488831262652589471e+00
1.146143175791572766e+00
1.400672465556070501e+00
3.072896736775836413e-01
1.756370638660314842e+00
2.075098429254216725e+00
7.631773875870259127e-01
1.166600674553380346e+00
-1.530259328501169191e+00
-2.093653260377337233e+00
-1.929927147180099389e-01
-1.015321220984839234e+00
-1.100487979290964757e+00
1.732234580625687137e+00
1.209045255714851885e+00
2.382819342632613413e+00
1.958801820933174120e+00
1.269324807052680137e+00
1.002348940527391097e+00
4.456545080799056979e-01
6.170186145856242366e-01
1.063863457023974668e-01
2.249684927573136761e+00
-3.673616664139023325e-02
-2.540237545134572894e+00
-1.530755257724216278e+00
1.009986645591916421e+00
-5.971663196514593874e-01
6.619543024861040958e-01
5.077057465267755809e-01
1.017214742227963820e+00
8.297377592678778502e-02
1.169169682637356544e+00
2.389144233643889059e+00
1.902089733614034328e+00
-3.533671771088233715e-01
-3.259704386376895968e-01
2.521868483305123032e-01
6.068550395818687049e-01
2.045186472216501627e+00
1.520333688149332563e+00
1.463158553285667018e+00
2.131967097838554537e+00
6.581219858931206534e-01
1.107715539644038349e+00
-7.180083961233574286e-02
5.061363898459815269e-01
9.632395920881728912e-01
-1.157762935792858272e+00
-1.091110580595735513e-01
-1.038878165070771242e+00
-1.525062422400559559e+00
-1.009527409613381277e+00
-1.237137966073532658e+00
-1.932815167375824039e+00
-1.316685983326686848e+00
-9.633815730626357210e-01
-1.168181435342382501e+00
-1.836774770504042698e-01
-1.118560877495451411e-01
-8.277323970820165133e-01
-2.060141233441136421e+00
-8.427053613573520785e-01
1.317241964636731044e+00
1.632842262922658216e+00
-4.089372434359730413e-01
8.722861231327411202e-01
1.428771338426937376e+00
-1.607492290212543029e+00
-2.527623927404613280e+00
-9.978173803470983261e-01
-2.790233232302490318e-01
-1.690284625140985764e+00
-1.818464328354356230e+00
-7.600121650484787938e-01
-7.633040043085153048e-01
-1.818941441747017995e+00
-1.003110117739581808e+00
3.452056396107099356e-01
9.106456187631327692e-01
1.880220700394725775e+00
7.444841791937395481e-01
-1.483774567979678771e-02
-1.391218385233695676e-01
-1.158505463340084418e+00
-1.006107571525932665e+00
-6.283720134240342592e-01
2.851492781442519497e-01
-1.711974966643423191e+00
-3.334115084627191639e-01
-6.793873153801109899e-01
-9.186211597751045010e-01
-1.388228763219356399e+00
-2.844352201756841669e+00
-1.141645564185176598e+00
-1.179450041520696324e+00
-1.090222198582654123e+00
4.672707418627708442e-01
-1.446770761843112929e+00
-2.456172794555492089e+00
-1.972878639368218501e-01
-1.483705810082624810e+00
-5.726255180271949685e-01
1.317786280502095231e+00
7.221384281019085360e-01
1.554468698288421713e+00
7.316990094497094477e-01
2.420377614636816777e+00
6.369668088587325805e-01
1.037901886202073243e+00
1.631225959334101638e-01
7.273313837222605827e-01
1.688072672512557215e-01
2.057855696863313266e+00
3.563417803323660760e-01
1.948123154777619881e+00
1.973885496143698237e+00
1.054457069298261551e+00
-6.551168757161219824e-01
2.679318394720029417e-01
-1.354029057845708595e+00
-2.107240622964952070e-01
3.282339389678721187e-01
7.952056093556052474e-01
1.854305224743760361e+00
1.853679628040813432e+00
7.291700999767747327e-01
1.434112815585352863e+00
1.394881639657510775e+00
1.599665080610362500e+00
1.326967834270491586e+00
1.046985184617221121e+00
-1.615242851709599581e-01
5.570803606700458488e-02
-1.351516776540217624e+00
-1.015265701180744218e+00
-1.362721815798165093e+00
-7.788507621481390863e-01
-2.906983088606764909e-01
1.381515270090402092e-01
1.591774611491174385e+00
1.079197787482328863e+00
4.798664053081637126e-01
-1.852200788602098136e+00
-1.827879605509276084e+00
-4.596107038362644559e-01
-1.174184145631733678e+00
-1.959796406151476100e-01
-1.773421587910761099e+00
-2.536067050445685478e+00
-1.358821263071665619e+00
-3.524970234228226307e-01
-7.799490939338475926e-01
-2.030526068536281370e-01
-1.372884642830253688e+00
-2.237427800871644834e+00
-2.286433701401606733e+00
-6.021898707781181415e-01
2.157512470902342994e+00
9.067855929176275032e-01
1.452016448732001752e+00
1.120120174443244299e-01
1.546051558408123583e+00
2.076894057462879140e+00
-6.556471624297151024e-01
6.264309611007619072e-01
2.408391429700933450e-01
1.596620122467998559e+00
1.783465724234072569e+00
7.062029059795762453e-01
1.651217742568249935e+00
3.826721528842580433e-01
1.221993750303496107e+00
-1.785378654114202490e+00
-1.577571974445621805e+00
-1.600634093855329620e+00
-2.214287259730371549e+00
1.349159771877310732e-01
1.154896461634751459e+00
5.084018932634707388e-01
1.679086553616737199e+00
-1.566290711310358574e-01
9.359869954542291426e-01
1.163770897750932010e+00
1.000406478529850762e+00
1.042767347454932825e+00
2.913332324959783115e-01
1.464695404007589019e+00
-3.660838526009888572e-01
-1.795058649322331723e+00
-2.034915248349066452e+00
-6.368220857962945125e-01
-1.967164665325311423e+00
8.971378270161813884e-01
1.394663933502741759e+00
1.161175611801471774e+00
1.242285916092770393e+00
1.375251380201159446e+00
9.354269325357830178e-01
6.056866069894150106e-01
3.727395343241878267e-01
1.251744213584956800e+00
7.315069854665173787e-01
8.241001537988391634e-01
3.821553417935944497e-01
1.230807531844536173e+00
6.364145155770468687e-01
1.307840657860558586e+00
6.817864302521484676e-01
5.805001859070599846e-01
1.275239772318984777e+00
9.535904973050725042e-01
8.337652246487895491e-01
7.458528191551039299e-01
-5.180674000913665367e-01
-9.717756586279986397e-01
-1.654226230536764763e+00
-2.264554758195375328e+00
9.399090287593958593e-02
-2.015318285032039469e+00
8.848596634384464643e-02
-1.436680296234937648e+00
-1.188890161696541936e-01
-2.358225931298030709e+00
-1.522782913485256628e-01
-4.998954543862348388e-01
-1.235507201408656330e+00
-1.046026510919387364e+00
-1.895237753947798254e-02
5.490466711424816237e-01
9.614745596343927669e-01
3.355056819208247276e+00
2.036831976590986137e+00
-1.145034685843600908e+00
-9.683762767486919776e-01
-1.170992400064020611e+00
-2.107219441784520697e+00
-1.701653789908634362e+00
-1.652557504651117171e+00
2.662124200858844159e-01
-5.226217463773054073e-01
2.140262325754682671e-01
-2.590929612057891740e-01
1.456029176165640093e+00
5.166987812985326389e-01
1.178529699155514754e+00
7.031646046720410048e-01
1.230232083747083038e+00
-8.674783259125102841e-01
-1.571318195751094215e+00
1.119857848388861044e-01
-1.060112863022334651e+00
-6.592747403827531327e-01
6.368781210620682032e-01
-2.701771378216311081e-01
1.298665056735046397e+00
2.108611302477848781e+00
1.592375830309429308e-01
9.989380574680375435e-01
1.339014086955648608e+00
6.578976911633407365e-01
7.638985548909950074e-01
9.008321735284312570e-01
3.367146269508924927e-01
1.410059298779390291e+00
3.568998154312150728e-01
1.553279086446601287e+00
1.838113227932476113e+00
-2.383979060519909154e+00
2.679577792797140923e-01
-2.181259050761633844e+00
-3.466452899796258258e+00
-1.398352195545644605e+00
4.382438711662890451e-01
-1.002813955617494424e+00
-2.115216156404949643e+00
-1.274966053902172547e+00
-6.984872033425484350e-01
-1.634927086324141410e+00
8.793218734244618862e-01
-1.111644324225648628e+00
-1.409823433624739941e+00
1.796541472361095071e-01
1.725293039189945921e+00
-1.446047224318292024e-03
1.764319836465233493e+00
1.820454538671924638e+00
9.281876088667221358e-01
-1.323768851614059106e+00
-2.306542058658456185e-02
-5.774910458018934767e-01
-6.229123604316111340e-02
1.675320222974079343e-01
3.478234777447566373e-01
-8.846763381004185689e-01
5.049811630876122059e-01
1.183418724318434645e-01
-1.787739429683896653e-01
1.030466294628435975e+00
7.730267532253398688e-01
1.069282578313909937e+00
1.059617028338202260e+00
1.360523027153797582e+00
6.069378198440689154e-02
2.385050879123391532e-01
5.673406203487525445e-01
-1.531485359017036529e+00
-4.056846009202845771e-01
1.449683115156976898e+00
1.906782079236876370e+00
1.949007011125087452e+00
5.834626267423163037e-01
8.695132769684200680e-01
1.442859573362532899e+00
3.409183546767748929e-01
8.645802631103676195e-01
1.232824371629273941e+00
2.351448908702845841e+00
1.805393845237127426e+00
6.851764032848725039e-01
1.739839962512658378e+00
3.128139509305327692e-02
2.420619042537827337e+00
-7.831512702546594706e-01
-1.808896405195684176e+00
-1.432410382945649818e+00
-1.347728726662269727e+00
-2.061910068916838590e+00
-9.154387226200355610e-01
-1.060201758781868175e+00
-2.944502886921887885e+00
-6.111004618708293368e-01
-1.052898497991597182e+00
-9.474619382718504346e-01
-7.387655087529727549e-01
-1.455109792203303165e+00
-1.073674340329608734e+00
-7.842305748673655819e-01
2.722191036806860254e-01
-2.117784576637751215e-01
2.140298612637075326e+00
1.214501332876817052e+00
-7.047936177633307153e-02
-2.381384911152251149e-01
-1.594912910408794016e+00
-1.481271903997738004e+00
-5.138067730112092502e-01
-8.544651218318468633e-01
1.665152423425586559e-01
4.004503435732449379e-01
-9.166183356561719009e-02
-1.225390554069090809e+00
-7.583666029520887975e-01
-1.568491694569771333e-01
1.913415563404504915e+00
1.055636134240458324e+00
2.011316055674441827e+00
4.539403701257680446e-01
-2.149040861076092490e-01
-5.870974475032439965e-01
-8.432839217143274224e-01
-4.839446636277540126e-01
-8.838674953295855286e-01
-4.663617806266733279e-01
1.006522710033713519e+00
1.371765137323015749e+00
1.125424557734041375e+00
6.202475349886676925e-01
5.444029755608055243e-01
1.540973721503826610e-01
1.638051907575437394e+00
2.869773830723280073e-01
6.907902776952479229e-02
1.797805312621008067e+00
1.376619702900809816e+00
1.282299398452313666e+00
8.766133505499373868e-03
2.185237746597842978e+00
-7.290422511651512005e-01
-1.261838058294864062e+00
-1.624159514264541748e+00
-1.858813003723183366e+00
-1.622817706162829055e+00
-1.179867233100047930e+00
-8.883498899152697525e-01
-1.337204298208878539e+00
-1.464530888617282312e+00
-1.690775950705008857e+00
-1.176235799435955576e+00
-2.651185159231308042e+00
-4.153195119676660330e-01
-3.337430806618422174e-01
-3.875945242289112747e-01
-8.385033969688020505e-01
1.611925624223796039e+00
-3.190054571278995166e-01
4.404346050516657618e-01
1.672840075479228084e+00
-1.475197593388561934e-01
-3.890634033485482757e-01
-2.353543131490873019e+00
-5.006946925349341493e-01
1.184443666607806200e+00
-1.949618675167589243e+00
-1.878892526994531353e+00
-8.477122474465189628e-01
-1.218046898738709638e+00
-7.782787070996521894e-01
2.133766440709762957e+00
9.965717691608563245e-01
-8.861487689374336618e-02
7.904029121772802036e-01
1.048062874075428752e+00
-1.306854134801136436e+00
4.985442981154220021e-03
-1.213723360996437517e+00
-2.143936590292676136e+00
-5.591551891074624248e-01
-1.018499764424241283e+00
-1.894213885252979290e+00
-2.729005519213090203e+00
-1.755122429147981222e+00
-1.187757802835089915e+00
-2.131541574318148946e+00
-1.212897918760280636e+00
-2.481420080893254720e+00
-3.443548979743749072e-02
-1.042861849813909725e+00
-1.282601006759310769e-01
-2.793372719111475444e-01
-5.043787864610377314e-01
-2.624401970202719925e-01
2.119756119714106823e-01
1.335430146280692565e+00
2.447163398148237690e-01
1.375427420047300897e+00
3.016862527902989255e-01
8.280587476006016079e-01
1.470911143508013552e+00
4.743476343227971403e-01
5.203933768760359291e-01
1.522726358251242473e+00
1.861372446834243632e+00
9.127142323309563876e-01
8.736909443998785996e-01
1.682236678198991253e+00
1.154970409138587950e+00
1.537097506471172270e+00
-1.922548909745614987e+00
-1.797391216538828385e-01
5.339512435516846622e-02
-1.086937130672748442e+00
-1.790480235225838435e+00
6.982969633526827646e-01
-2.177734002230413690e-01
-4.351072939098270531e-01
1.275456429098382083e+00
2.123465521155680769e+00
1.250207372536948025e+00
1.270904451613501074e+00
1.446919419990793099e+00
9.854417612095731638e-01
1.437911488937422044e+00
-8.462348207714676107e-01
-1.332246813371152250e+00
2.319597315683370464e-01
-1.527242989970478471e+00
-1.620151640553805894e+00
-7.489619432858212189e-01
-5.728956098966375698e-02
1.411867553679006182e+00
5.386179337358475427e-01
1.115191629230990911e+00
-1.927544022570734983e+00
-1.895979217957656449e+00
-1.647918903029355953e+00
-4.463858885011851019e-01
-1.891479282556802977e+00
-1.579282386295298490e+00
-1.405041273066974350e+00
-9.288571058082295551e-01
-3.393667931586241693e-01
-2.161501051492769054e+00
-1.086816545504495357e+00
-1.512852960347629061e+00
-7.324913297330393203e-01
-1.372884993318731262e+00
-1.915940192428760680e+00
1.664983405379947046e+00
3.575906368050627560e-01
1.497536397111592477e+00
-3.998114990355006171e-02
1.594370828311915123e-01
1.427465485603782280e+00
4.885370800404673641e-01
1.663170643601623810e+00
7.179882528013633580e-01
2.935293867778336008e+00
1.146498479689830097e+00
5.824976052758331635e-01
1.818219504293759003e+00
7.424719398959305217e-01
1.574946683271471359e+00
-5.866471235311847554e-01
-9.148651865079554524e-01
-1.195934433736634439e+00
-1.089905216284563494e+00
-1.385753379084631920e+00
1.370702707894158934e+00
6.586477514757140828e-01
-5.841060654989684853e-01
5.311636595138216066e-01
8.757362696270637459e-01
2.148481714371446749e+00
2.777363382446519147e+00
2.647467758373846625e+00
8.040799692312960989e-01
-3.183042153972843735e-01
-1.496939074114342905e+00
-5.516859414759895941e-01
-9.081627338080433542e-01
-1.393328035252216601e+00
-2.595256469493988583e+00
1.197820916263744317e+00
1.733188699689474088e-01
1.376259614364349737e+00
1.639051600157870547e+00
1.304156000276309513e+00
1.620549324973700411e+00
1.397147768938287182e+00
5.384659684773505095e-01
9.896079115548646055e-01
6.296646835681800614e-01
6.177569016671720092e-01
1.073292565581977165e+00
8.581136032814348225e-01
1.426631344205212537e+00
-5.676408914487935942e-01
5.631561123097881261e-01
2.272212993085886978e+00
7.229608399071296709e-02
5.990738573954821344e-01
-8.255107152047735930e-01
-1.172512581055710879e+00
-1.942780273987734230e+00
-2.245088875550033336e+00
-1.866209678954088957e+00
-1.252588203366196584e+00
-1.132620132574351013e+00
-1.500320261129027166e+00
-1.975241512763046270e+00
9.119757172579046056e-02
-2.372946343896892074e+00
-5.630622673192475780e-01
-1.568935233880009106e+00
-5.298430478163107527e-01
-1.553678456819650444e+00
-3.638295940712494847e-01
1.806988917339394041e+00
1.286154213485359410e+00
2.849974964204669003e-01
1.842769796659229353e-01
4.882480325543536726e-01
-1.266377886762233951e+00
-2.015719362325711028e+00
-1.302272992156590314e+00
-4.497358566174849415e-01
-1.183769436144622489e+00
-1.430816890859773149e+00
4.906904293265315076e-01
-2.908429328405568448e+00
-2.715367269086327084e+00
-1.612054311870846801e+00
9.255117876952962952e-01
1.071015562292231937e+00
8.762915706362079948e-01
1.037495794228329382e+00
9.083855954520688725e-01
-8.889044051330188267e-01
-1.690779792532800307e+00
2.382779469939824146e-01
-6.638996546406400467e-01
-1.431183223933638837e+00
