2.772806997792733874e-01
-2.439153965749851771e-01
-1.304411507745517840e+00
-1.194995049207369986e+00
-9.460585389233575615e-01
-5.908943150697060220e-01
-1.944838305433720382e+00
-7.435489766086156305e-01
-2.155336704850573160e+00
-5.238480879272725543e-01
-1.038954093345625385e+00
-1.046767537441113172e+00
-2.247976494795542735e+00
-1.698221187210108285e+00
-1.503061049842739472e+00
-2.488444571774159897e-01
-5.769346669425234886e-02
1.774721017044416982e+00
6.574813900836657954e-01
1.575961403536989325e+00
1.561193748947853122e+00
1.988642828951855401e+00
8.635305469181654425e-01
1.319055137686796275e+00
1.533458052068458422e+00
2.300735062777004014e-01
6.338166931225754919e-01
9.418174713030258438e-01
2.120110525739375529e+00
1.190644902307743669e+00
-1.496846738808261357e+00
-1.620564691179511740e+00
8.542092160676251211e-03
2.491127807265474114e-01
-1.821753569529807049e+00
3.596236710753739629e-01
3.868852590723942386e-01
1.729456639775551530e+00
1.149192228850994368e+00
2.662508310646680698e-01
1.089415429724913453e+00
6.743746714467662162e-01
2.252738017350471633e+00
1.314325905270479877e+00
6.610197216690016919e-01
-2.693268562829471247e+00
-8.610575906815328695e-01
-1.708209219780072230e+00
-1.230261328911046448e+00
-1.085324181959187007e+00
1.348872275190780234e+00
7.954104219464201986e-01
1.522731731155845925e+00
3.820360189476087465e-01
1.806742322642632015e+00
9.109217656917196759e-01
4.514255349844270571e-01
4.471814226935739711e-01
2.740969191315409503e+00
9.571042162405419829e-01
7.895161933374250651e-01
6.401365434047230352e-01
7.306072827772207567e-01
-1.191241077705618157e-01
2.074844472212540758e+00
6.904462176162078357e-01
8.255865478952466585e-01
2.462158714339206078e+00
-4.187007717760236059e-01
1.310139335859806131e+00
4.376300784400877220e-02
-1.474045889740818183e+00
-1.949802050080791993e+00
-7.036916499766268096e-01
5.831688238589771700e-02
3.334694926214099020e-01
-1.239843016654276209e-01
-3.485200376731362182e-01
-1.538519828205498818e+00
-1.557040115033403449e+00
5.845820221820026141e-01
1.064408798132641110e-01
-2.617920115444539952e+00
-6.052339298863335104e-01
-1.547945464558026840e+00
-9.884426103017354137e-01
1.281294794809167970e+00
1.243461433686840367e+00
2.652615692242574763e-01
-3.267792430886566901e-01
-1.194762009291707061e+00
-2.303685459160762505e-01
-7.842210775791440547e-01
-1.104878640490107866e-01
-1.575520492387532334e+00
-3.436421528625307475e-01
-2.354469170618918028e+00
6.333286644400693000e-01
-2.046153938062209576e+00
-6.835151676337343218e-01
1.000002675877442293e+00
-3.938983252758061493e-01
2.034295409161235746e+00
5.181024828821145789e-01
1.024744343266232649e+00
-1.580973545715119499e+00
-6.268681885976138402e-01
-1.512842077080389425e+00
-8.064846663946672045e-01
-5.119746226160459823e-01
1.080299454696777461e+00
1.185372426709540683e+00
1.511878195539654302e+00
1.060847156356093945e+00
6.188658700959323022e-01
1.561503006253477821e+00
8.904153147123821110e-01
2.724899987510287502e-01
6.837250465944930689e-01
8.135099827749403545e-02
1.358806822016908500e+00
2.020169812206877857e+00
9.859718723441458499e-01
1.429349298804271085e+00
2.483973203923650619e-01
-3.670939016485735840e-01
-5.134789422109828916e-01
-1.393476786681939972e+00
2.693979856548984753e-01
-1.132637553686781873e+00
-9.890177139361979730e-01
-5.269341996974932218e-01
-1.335226510819209178e+00
-1.641540112198336843e+00
-9.054704394312506066e-01
-5.667879711441414781e-01
-2.174744051461368066e+00
-5.179293029643471380e-01
-6.090152154425853004e-01
-4.180753796390512811e-01
1.207270790495534651e+00
5.295142565995285544e-01
1.118517308747855710e+00
9.646348996230430517e-01
1.462270282283522072e+00
-2.153253722505789280e+00
-3.950643660901096421e-01
-1.026162873075298299e+00
-5.962863881023463541e-01
-8.458548391097442387e-02
-1.829460590147087951e+00
-7.035618364894182797e-01
1.574825965658458671e+00
-1.551172024669569272e+00
-1.159316584372970693e+00
5.130500083312869997e-01
4.336351600455479183e-01
2.528727247308459880e-05
1.404552294462631856e+00
4.008850785732893662e-01
-5.094256850470444409e-01
-1.870952735454242122e-01
-1.664706470846636366e+00
-1.972999070821568779e+00
-2.100002156547141396e+00
-2.277637426253305009e-01
9.871855397135091970e-01
1.685984656408418214e+00
1.314409573266569486e-01
1.338276103934935568e+00
1.777115933164714168e+00
1.369811034806301508e+00
1.670767955946936834e-01
5.583666644328137973e-01
2.218270074480845455e+00
1.709566070042345842e+00
7.689491922958093806e-01
1.217851816952830513e+00
2.051112387231487588e+00
-6.742066078844544119e-01
-1.823974161959038387e+00
-5.357045844937595724e-01
4.926832887116747717e-01
-1.555292526192088465e+00
-2.848064235855525261e-01
-9.233780098647169643e-01
-9.256550894286281750e-01
-7.571120854708770498e-01
-1.253016139423249298e+00
2.127068638389029154e-02
-2.317382424734522051e-01
-1.592302013195358246e+00
6.117028178421013429e-02
-1.339252466435249422e+00
-8.608507057005825303e-01
1.226461708279297014e+00
2.146581453853903643e+00
5.102461798200530474e-02
7.122593053408737829e-01
1.010442738044710298e+00
-1.040665911895378271e+00
-5.089859367384438338e-01
-5.707273280454205899e-01
-1.345684872318268166e+00
-8.868285548976634347e-01
-7.322488179116821705e-01
-7.135677442823098460e-01
-2.434004427675982907e+00
-1.604506398617059126e+00
-6.947183585859553201e-01
1.220132843884995211e+00
7.532330552138305491e-01
8.912576540721390828e-01
1.122172305389592895e+00
1.224797091037205243e+00
-7.863990795367195030e-01
-1.539241545379061993e+00
-3.925988309359107475e-02
-1.380857830348407145e+00
-1.460886500629730023e+00
-6.337340324165854355e-01
-1.212050073184046450e+00
-9.404386418029482275e-01
-1.228282241793167362e+00
-1.908502091031052617e+00
-1.882429094570685191e+00
2.499660557954812568e-01
-7.053439473329037313e-01
-5.487887780307714181e-01
-1.622260415350966767e+00
-2.440256857200608920e-01
-1.097022526388548469e+00
-5.661511426421688142e-01
-6.575389759732681583e-01
-1.031031379337498555e+00
1.320148495372875486e+00
8.136198265399330332e-01
-5.189119160999107194e-01
3.543304071333953642e-01
1.624002110928253195e+00
2.883953625803213905e-01
2.366069963039593382e+00
7.717713395130225695e-01
1.639353113883116997e+00
9.489066306946440932e-01
1.654554295311517986e+00
8.578696621583959958e-01
1.119109206348731567e+00
1.908757553082174319e+00
1.216770836021030311e+00
5.846618657746271985e-02
-1.358792679426949590e+00
-2.247541164633054311e+00
-1.034815910363556357e+00
-6.312623447831555712e-01
1.153022075998825002e+00
2.191728682464496369e+00
8.562542395437641174e-01
3.206673927374688038e-01
1.734254862996167379e-01
1.052262077150730057e+00
6.422596362050738694e-01
1.682309451500677344e+00
1.583026798627094944e+00
5.333547056105989448e-01
-8.520127991387914657e-01
-1.506882347345114948e+00
-9.989416256352114942e-01
-8.082717831247162588e-01
6.626160636114863944e-01
3.244375910199313040e-01
-5.273978658609161929e-01
-1.615434577632277602e-01
1.405507460531861597e+00
1.307181505384035436e+00
-1.362568861123443664e+00
-1.319017100113984320e+00
-5.464801933446116200e-01
-2.270752574173604543e-01
-1.449282506898450285e+00
-5.395195244461183925e-01
-1.247031624844848974e+00
-2.211965964617765845e-01
-1.729915910930951206e+00
-2.745622249523801406e-01
-5.157503525743031281e-01
-1.730263177364678384e+00
-6.618971800725548249e-02
-1.317843095817255783e+00
-5.952913028899960990e-01
1.393459859523342947e+00
1.652840462946735034e+00
1.294373733771509105e+00
7.044976965326161800e-01
9.096087095609702855e-01
1.058580393989228208e+00
4.655847295012502940e-01
3.499178465653431935e-01
2.073410597601506478e+00
1.626304343822041254e+00
1.246405089860646465e+00
1.424598122768738317e+00
3.859972966640117242e-01
8.331451997188507042e-01
-1.458044958512463296e-01
-3.380876589781884878e-01
-4.830998471138658878e-03
-1.203143049489825867e+00
4.573513435215901257e-01
-9.497969539872453959e-01
-1.564305693983341072e-01
9.188186529877001574e-01
6.058411613977732202e-01
2.968370834438200045e+00
1.982739837483835643e-01
9.879675661787087337e-01
5.850593770087423318e-01
6.618925280527310218e-01
-7.079591015158914757e-02
6.140949110608999728e-01
-2.335511682082527685e+00
-1.343977423438585728e+00
-1.791833150732043967e+00
-1.035123931330795832e+00
-7.228664714275602199e-01
1.882089753069265292e+00
1.109890546626223218e+00
7.032429244056618289e-01
7.277806890408691221e-01
-1.102312146689030659e-01
7.041879540330099330e-01
3.224807886044042116e-01
1.015220799904493099e+00
1.182927926744849589e+00
7.773294459183224259e-01
1.223998932860996813e+00
2.222296101291374448e+00
1.030850642455296784e+00
1.466222663955558447e+00
1.239874073254871867e+00
1.078473479431508064e+00
1.449885223399910661e+00
7.509143649035887602e-02
1.872359749643551119e+00
9.289402907821605604e-01
-1.168000752238333773e+00
-1.215494333939921789e+00
-1.101672521028732588e+00
-4.550018067529287835e-01
-3.443267455575024227e-01
-2.983630129057845970e-01
-6.007326993798782766e-01
-1.614178943337114314e+00
2.519355738172555093e-01
-1.416524521401678838e+00
-1.108211584443400177e+00
-1.159551850016357522e+00
-2.863591919922277018e+00
-5.708285829895318741e-01
-9.766331422771803439e-01
8.147263050244631932e-01
1.470605573248334963e+00
1.432863769545390742e+00
5.291749067670965534e-01
1.042950004161854460e+00
-1.319205911009113663e-01
-1.782830758563290541e+00
-1.391659760805722179e+00
7.097754597777696794e-01
-5.843765151316981932e-01
-2.033409871940772273e-02
-1.205833023055273623e+00
1.517319595080530714e-01
-1.633633219886317267e+00
-8.018641326144443360e-01
-4.088864156426308405e-02
1.151224942120967931e+00
4.367075992667148743e-01
9.807753930437966838e-01
2.030990866284836383e+00
-9.891740005558287141e-01
-1.198589060753104230e+00
3.277804017944663251e-02
-9.623535494427482018e-01
-2.431383641469884616e+00
-1.389970292553228903e+00
-1.721602733960446940e+00
-2.833398667777106139e-01
-2.227938852881567122e+00
-1.283062108865561157e+00
-1.140502192173229679e+00
-4.341085571867457915e-01
-1.158284527909465567e+00
-9.840039603309559402e-01
-1.058190854848265250e+00
-6.577745111201070971e-01
-4.821637378139743690e-01
-4.728163048220009879e-01
-8.292364722629841367e-02
-2.294275228141094303e+00
1.474721917949965766e+00
7.491193229832289191e-01
5.109409488461704729e-01
1.230659472305502877e+00
4.972342426534159809e-01
1.948094886442504059e-01
1.086042958934364755e+00
1.482001707828941361e+00
9.493007487508406950e-01
1.635239699817228054e+00
1.176354819256443474e+00
1.314402180490069405e+00
1.549659908386066931e+00
8.735030716444089904e-01
1.495175141160992816e+00
-1.958207647102988780e+00
-1.849758809204685273e+00
-4.092759579280494942e-01
-8.018697630995611503e-01
-1.578936598132015590e+00
2.104135184535962377e-01
2.452372780988166134e+00
7.450421339790329611e-01
1.023184789353416280e+00
3.980458111837972268e-01
3.893941423390965273e-01
1.215934566827368002e+00
6.074901354963271327e-01
8.545408924877833101e-01
1.645905613852960192e+00
-3.387139562911175572e-01
9.546649974465881705e-01
-1.497235895938231920e+00
-4.821673382553240961e-01
-1.028927280248059573e+00
1.531161595641052919e+00
2.190349019969183519e+00
1.755154976065414596e+00
3.430375136061497576e-01
4.826912640446000546e-01
-1.323709672084571576e+00
-2.275477926204942047e+00
-1.448904498546100816e-01
-1.931370856991519780e+00
-7.981804994681594989e-01
9.280911566616971697e-01
-1.192406641272338863e+00
-4.097911325893284218e-01
-1.507006651759045468e+00
-1.039772182789263200e+00
-3.827309911365103234e-01
-1.794683763596590209e+00
-1.666704530135190598e+00
-1.105003188252531299e+00
-1.267976283648394098e+00
-5.836796065934057864e-02
2.148844310208670283e+00
1.953658267826425154e+00
1.117228262344333478e+00
2.990279518585206020e-01
-1.031115154235759945e-01
3.472102734132967994e-01
1.259457546630262215e+00
7.853413584008018811e-01
1.017027528886623733e+00
9.233776614110777992e-02
1.178709718383594396e+00
1.558723112329349014e+00
1.021909587615377424e+00
7.362247570050896028e-01
1.061606727543003004e-01
-2.423505265419565902e+00
-7.762984374895307571e-01
-6.791812721238099648e-01
-1.492018879725260927e+00
8.557609754309276617e-01
-5.033819124161376113e-01
3.877374556103913017e-01
2.456335980947041087e+00
1.004179678610189308e+00
6.802872625878894075e-01
7.629285958867728645e-01
1.435862244092168005e+00
8.326950390202717545e-01
2.470322921867479371e-01
-2.320079839460764237e+00
-4.760235967109027744e-01
4.930269031993717022e-02
-6.192793693949645295e-01
-8.705049711150947278e-01
1.227116560756051911e+00
2.585461443639807122e+00
1.964473126334984610e+00
2.048050753200760354e+00
7.946681534428013949e-01
1.241411333579095277e+00
1.530368594020144801e+00
1.479910258374900867e+00
1.575244675742192069e+00
1.159753334287640936e-01
1.123221010897730299e-01
6.414775208038279164e-01
1.623390780088198149e+00
2.193569142981708353e+00
2.288449882415353187e-01
-4.395318234585379180e-01
1.942336358093236015e+00
7.420212165510076119e-02
1.729405074194803715e+00
2.441645824671612175e+00
-8.118892556047221376e-01
-1.340478957721763287e+00
-1.188475501200357165e+00
-1.352771292440331674e+00
-1.537876128320393221e+00
-1.992937394577277033e+00
2.508421502039337447e-02
-3.390093239525200364e-01
-9.247853432468013946e-01
-1.311708464839504984e+00
-4.843174929580028598e-01
-1.055807633608414786e+00
-1.496039101005053773e+00
-2.281832519419464411e+00
-1.641520078207594491e+00
-7.653705801184740309e-02
1.141775366984612017e+00
1.846800710464784778e+00
-5.806590422012520847e-01
2.023404680365864294e+00
-1.506885565819127137e-03
-1.028759858011654593e+00
-3.045076092296018722e+00
-1.398096404972732465e+00
-5.325403656202074565e-01
-1.918874347239796441e+00
-1.510525356546192022e+00
-1.152255031889962922e+00
-7.129725574254308640e-01
-1.721581161548032979e+00
1.875136929992472723e+00
1.744084995222583867e+00
8.622516511768892888e-01
7.477829767529117211e-01
6.114593465934361483e-01
-3.221578014854786787e-02
-1.599238220282644951e+00
-7.060539051955363465e-01
3.099487437120342914e-01
-8.685478918495095346e-01
-1.189313268216420694e+00
-1.558887384243601293e+00
-6.340444913930634030e-01
1.196787644811712070e-01
-1.041215857260460176e+00
-7.777779104758859585e-01
-1.261677412601537762e+00
-6.402539528027226812e-01
-1.552049512169500822e+00
-1.064468740387948031e+00
-1.218378277591558589e-01
-6.833362417504926789e-01
-6.327242583429359968e-02
-1.386841679802689908e+00
-8.757721919450818238e-01
1.435065172874392836e+00
5.213382500762129279e-01
5.965400692125654158e-01
1.519492324753293211e+00
6.752315489630223988e-01
2.135802184217214350e+00
7.341975596684267025e-01
1.083854902847170010e+00
1.408063817179358912e+00
-4.939081988721703009e-01
7.744529583205783663e-02
2.127708464792671617e+00
1.618054296501960865e+00
1.075164979009583632e+00
2.960442586184105496e-01
-1.558306585017462220e+00
1.246761341287410119e-01
-1.298233691066361661e+00
-1.885372155229090296e-01
-5.634926715884440718e-01
1.471301418721824295e+00
2.010223478048314139e-01
1.374049018786644094e+00
5.671489689390378786e-01
1.159268022730532532e+00
7.517435342491933792e-01
-1.063563004244563182e-01
1.406686802600380926e+00
6.652181155665433110e-01
2.806965610220208074e+00
-1.216558775722543118e+00
-1.769362540583689469e+00
-1.381938218635416771e+00
-1.205597229341131005e+00
1.913850229621458787e-01
2.103658044570853924e+00
-1.128117724721162674e-01
1.904806347507672415e+00
1.736809382630970511e+00
3.829516860838156900e-01
3.213794638723372898e-01
-1.455037933661725846e+00
-5.500225248413694867e-01
-1.533926713648913864e+00
-9.197051102763449393e-01
-1.933062577049878383e+00
-2.671432248750677640e+00
-1.116122192822095460e+00
-1.769848223822831912e+00
-1.759963749800317778e+00
-2.016943132136114869e+00
-3.504110009848614427e-01
-1.140016952532328931e+00
-8.197568964789947454e-02
-1.814496317091134348e+00
1.864275625439454576e+00
3.046321259323860886e-01
1.015575441755473207e+00
5.738600971065093148e-01
1.422907274927189825e+00
9.733262831403750592e-01
2.246212369932702568e+00
7.726679880932579847e-01
9.172595623800766651e-01
1.307671927681576030e+00
1.043820345016570839e+00
4.354044349830764604e-01
1.342295342585554607e+00
8.989762813032218247e-01
3.281094592376601060e-01
-1.440427851641023160e+00
-6.205300593426626987e-01
-6.165825738426307101e-01
-1.890922507232444039e+00
-8.243768733939373927e-01
2.039089969224647803e+00
1.202877192077092205e+00
3.039442901491646865e-01
-2.940345478678429991e-01
-5.489429527900819838e-01
-3.580874864656642398e-01
1.407498993173158963e+00
2.489831510393256675e+00
-3.127674037279024599e-01
9.282921647807461651e-01
-9.803512900929864937e-01
-8.906081692337834976e-01
-8.064801343055940652e-01
-1.155265071911797614e+00
-1.232606093809702985e+00
2.401005791537017320e+00
3.738108859222173397e-01
7.567171907900603900e-01
1.953378755748227391e+00
-3.137732905903685143e-01
-1.068258742981276210e-01
1.828515101956760258e+00
1.470476030530583955e+00
1.167063657497059204e+00
1.375285448108922060e+00
4.950200217438389672e-01
1.338482006010710101e+00
1.215941217769415772e+00
5.626850986137110766e-01
1.031325674915916757e+00
1.314252310087848041e+00
7.632834874721390328e-01
-2.792187360048639100e-01
-1.784549024328057065e-01
3.348267032862867199e-01
-1.135074584771854189e+00
-1.753113214622270544e+00
-1.067354598772544350e+00
-6.491439599830883811e-01
-1.789413993216448784e+00
-1.327040699762889187e+00
-1.059761399216525124e+00
-1.452103176928380979e+00
-1.400597269200824391e+00
-1.641432793040318083e+00
-1.031923311887024797e+00
-2.936576136958035654e-02
-4.780277894002780137e-01
-1.701327375184322754e-01
-1.859434276777000905e+00
2.245602203125663943e-01
1.184230759875855243e+00
2.160399568859108665e+00
1.379593613433885757e+00
1.066739640631014563e+00
-6.499997791079170639e-01
-7.713767943326759191e-01
-6.771335546268991701e-01
-2.192444647682096903e+00
-1.185461482304264624e+00
-9.204870985517963344e-01
1.341855597008986933e+00
-2.388466243795338784e+00
-1.062024416403677174e+00
-2.242096798819543935e+00
5.361848507099815642e-01
4.682516648705765672e-01
1.979301850969172438e+00
2.033979901145967162e+00
1.172406741186618584e+00
1.041214049447752199e+00
-1.143650534916259565e+00
-1.665395225204598706e+00
-6.515112987071061124e-01
-1.342656577994896461e+00
-2.179688518121940088e+00
-1.000620181781511464e+00
1.980002625141707995e-02
-9.886977597756532177e-01
-3.939566624161617847e-01
-1.163969854327042919e+00
-1.316813809119396161e+00
-2.588539590536040880e+00
-7.915092954346016896e-01
-8.098510105001097692e-01
-2.009088973826177238e+00
-1.961473690636894807e+00
-1.185752538371140696e+00
-1.286143412625523119e+00
-1.718079622476473167e+00
8.790793135293671900e-01
-5.701024221438513173e-01
1.107810963330717380e+00
2.306530637659108152e+00
2.013846906465916131e+00
6.653404318366977765e-01
1.453273228273683770e-01
5.980501861838656286e-01
-2.663188895751364971e-01
6.737624439005429622e-02
1.504442974507163910e+00
8.272735014879909476e-01
3.830734253336089967e-01
1.667862336243667087e+00
4.115960190219170034e-01
-1.552936945539229896e+00
-2.009471872964883055e+00
-1.225681448442609511e+00
6.641993416700917585e-01
9.633159396940471630e-02
4.205974638428600088e-02
-1.060702211426374220e-01
-8.739104482162529663e-03
1.543818426207559824e+00
5.232176973588672508e-01
3.055408200655412854e-01
1.782469496500148631e+00
3.805194235817475068e-01
-6.564234621000397674e-01
1.265480831232287606e+00
-2.185852112156378535e+00
-1.154053295470693907e-01
1.859928292163561814e-01
-1.679264986218593103e+00
-2.617651725638115767e+00
7.059929214202204095e-01
1.041204055547494178e+00
1.221752127787662845e+00
3.125186862758020379e-01
1.222227650879141869e-01
1.999576208839187741e-01
1.172800308271637171e+00
1.036363202641896297e+00
1.031915782080372601e+00
1.721164479988805063e+00
2.147655999080545497e-01
1.180238824985035739e+00
8.310366528619501647e-01
1.106789735993314761e+00
9.446886066821152950e-01
7.126192310408503428e-01
1.491577070255253545e+00
1.244310075270850247e+00
1.315748991612612162e+00
9.481135966492226785e-01
-2.262175924130795934e-01
-1.586696966643345252e+00
-1.644415672091040559e+00
-2.252705500647573800e+00
-1.042588304706143498e+00
-1.717125789551741777e+00
-1.239468571079626491e+00
-1.628664944395647352e+00
-1.578857272631661424e+00
3.264323379250839707e-01
-1.688073497952351953e+00
-2.190454769313832095e+00
-9.275545503597668606e-01
-7.933105265940290085e-01
-1.085889445177656620e+00
3.279341847425284229e+00
3.692418115391423727e-01
2.395559242101965580e-01
1.946163520167532468e+00
1.824211860603150770e+00
-1.520366813141822648e+00
3.297117809037395375e-01
-1.689391795222115356e+00
-5.429913200270350959e-01
-8.956330972832914350e-01
-4.552820222225317792e-02
-2.075287053880484400e+00
-4.977059121294535871e-03
5.682082213231964829e-05
-1.353750599576315272e+00
1.451586269878286428e+00
6.595312810652025348e-01
1.595993977176374923e+00
2.496861404606450119e+00
1.268294820098625486e+00
-3.429251610506516279e-01
-1.613082862807881268e+00
-1.476030283770988216e-01
-1.183363574750409430e+00
-2.531680292770470686e-01
1.043786252766773615e+00
-9.716637467981392717e-02
1.522482415399231126e+00
1.278503778463007112e-01
8.784127987571155316e-02
1.175988354490885790e+00
5.337999366020180769e-01
1.065128032957358695e+00
1.381411392042208641e+00
1.319977573782068703e+00
1.106760245369315054e+00
-9.664062550889918057e-03
1.089781371142001021e+00
1.546418749099371270e+00
-4.512324749716218886e-01
-1.304947642739508584e+00
-9.540239373954528812e-02
-1.154596745625188881e+00
-1.289933295851796391e+00
-4.661448806386477850e-01
-1.228103133795213076e-01
-4.523648566821936168e-01
-1.321536806393894814e+00
-3.289796654353649430e-01
-7.196907638856597789e-01
-1.001475867706506095e+00
-4.713095962458384580e-01
-4.524769111197236571e-01
-1.337865881074380425e+00
-8.055378838684211784e-01
1.213311203050226883e+00
1.295782233273536477e+00
1.193502021599867291e+00
8.118394410379667914e-01
1.000261217453780827e+00
-1.757241078205216800e+00
-5.082155359503013337e-01
-1.502283365180385299e+00
-3.095567723928051018e-01
-7.958851512225386671e-01
-2.383283681857218284e+00
-2.967234486128533799e-01
-1.843403777223084905e-01
-5.138577306749814166e-02
-6.972019850043476019e-01
4.323002410700327314e-01
1.684253785782416024e+00
5.529588358724399910e-01
4.989858205514114964e-01
3.038116652673573670e-01
-3.610288191868632257e+00
5.904933889684671477e-01
4.294749145728506967e-01
-1.441303169108815840e+00
1.239893921681662903e-01
-1.556049507419155153e+00
6.788178037149112942e-01
-1.681241417843719610e+00
-2.225326451115209103e+00
-7.318516682203113355e-02
-8.528066643975509287e-01
-1.636201044390059423e+00
-6.594228332960250238e-01
-1.347007843252554515e-01
2.938372366847323836e-01
-1.427654186271438919e+00
-1.453129734462641931e+00
-1.261296860576791357e+00
7.999611772584578340e-01
-8.180197480026518697e-01
8.766197079977228190e-01
1.306420254831660577e+00
6.806089310402486658e-01
1.724821813009750571e+00
1.022111117554800774e+00
9.351540158675899495e-01
2.372625705791623352e-01
1.362335095185006395e+00
1.226250255664342870e+00
7.784049964309536218e-01
1.186782235651147266e+00
4.664286509568008610e-01
7.589321722551827243e-01
4.185152087822834321e-01
5.175400369354227204e-01
-1.996645975223956038e+00
-1.715670805827066214e+00
-1.189812893525456827e+00
-5.022407442979914816e-01
-1.625859482604633310e+00
1.667716631045170317e+00
6.415088128767805209e-01
1.789312312106221992e+00
3.543989758111951716e-01
5.644006778532311142e-01
1.932557433736103780e+00
1.354965393470660251e+00
3.801811668553118917e-01
1.043741025491096597e+00
1.936710608985654503e+00
-1.249988077895795247e+00
-2.028339307307312822e+00
-1.155330551446500653e+00
-9.212268717997508238e-01
-2.249339987474951119e+00
1.297784389837948416e+00
1.833278740396217632e+00
4.466952124095249221e-01
1.926059145038848008e+00
8.004084955379224819e-01
1.365945683105956876e+00
2.279685976874017861e+00
9.675451308390465854e-01
2.966757903700514287e-01
1.611807259668109227e+00
6.989331674342644796e-01
3.347335526140267081e-01
1.981914537603960191e+00
-5.799304209033753210e-01
1.430350894717257404e+00
3.165938727779666895e+00
1.766763414760966100e+00
1.367906337058929500e+00
1.227093617513596246e+00
1.245114081197256528e+00
-1.241272560553593918e+00
-2.401216642955104064e-01
-2.734341859792100315e+00
-5.686437064034083333e-01
-7.109392751454315373e-01
-1.934346988096683262e+00
-7.810169587486347487e-01
-1.166719164733032388e+00
-1.273298508708144539e+00
-7.384326882056816421e-01
-1.130352816512906644e+00
-9.790090968413999173e-01
-3.102081389694479885e-01
1.076011713943307857e+00
-6.759779350320975766e-01
1.839317889302577891e+00
4.624960695249169529e-01
9.265473445174891021e-01
5.545589591079979064e-01
1.324156058503522360e+00
-1.359464157150156227e+00
-1.989157980981918206e+00
-1.378817460307888876e+00
-9.057225206235045567e-01
-5.787014851859113573e-01
-1.684606252931030390e+00
-6.594423223867699191e-01
-8.576021671246889522e-01
-5.756322810065598317e-01
3.226917444030774629e-01
6.044318816924574289e-01
9.606373763677947819e-01
1.480191629814572973e+00
2.439498874243492210e+00
7.994271370206806893e-01
3.285576354910952901e-01
-2.233118757552032818e-01
-3.473961403320069419e-01
-2.038651470311823033e+00
-6.840046944280426811e-01
1.595819320333895064e+00
1.187362098290413170e-01
1.435243580160366017e+00
-2.076517897954892611e-01
1.480024220941774660e-01
6.875244822202961625e-01
3.775776417173416499e-01
1.168459491886843837e+00
1.400670574034558413e+00
4.869780273135757565e-01
-1.599010653824821659e-01
5.025779230685690768e-01
6.188961934430343703e-01
5.350729611541044095e-01
-7.454198934196720749e-02
-5.280635068907887364e-01
-1.843221542375739874e+00
-2.179001318576400115e-01
-1.043946669507069158e+00
-2.028211641128147225e+00
-5.504355254700908917e-01
-1.607592268639486344e+00
-3.226837111350739917e-01
-1.817782963383042016e+00
1.323187345122631697e+00
-5.017192824160923159e-01
-7.626910803983634191e-01
-2.337261489409492743e+00
-5.493533022473895411e-01
-3.106085537216461967e-01
-1.726195166425958938e-01
1.310614846928767285e+00
2.565441061552915514e-01
3.993367597184502849e-01
2.447125779900369835e+00
-2.536510162685234437e+00
9.978401302409967144e-02
2.347730931950022804e-01
-2.783789619892007572e-01
-9.392611487360424949e-01
-2.423325289203138055e+00
-7.667734249382069933e-01
-2.595423452177723522e+00
5.644879923697527779e-01
-1.563481520985233297e+00
3.718071696709024376e-01
9.383957383120861140e-01
1.165206198687428918e+00
9.635334971691418282e-01
1.817396744567082223e+00
-6.907647673671761801e-01
-2.151531573254802376e-01
-1.286034174642763483e+00
-6.362793793631382755e-01
-5.315868059428859871e-01
-5.234109287589383541e-02
1.332318809487590183e+00
8.258824563568597510e-01
-6.475618848765685165e-02
9.598761852396564542e-01
2.473127444951114029e+00
2.022123248024669806e+00
1.755591738842181115e+00
2.152067835680683494e+00
2.284760138948002783e+00
1.770758670109612964e+00
1.241390694414601148e+00
2.204044907638829098e+00
2.447835812086610829e+00
5.402558245988008379e-01
-3.535204861764170703e-01
-2.980483985868067620e-01
-4.004258722726665720e-01
-8.340676673042889400e-01
-2.448362391893064594e+00
-1.981774151817410123e+00
-2.512290050070991931e+00
-6.425435731888300417e-01
-5.386483242274746619e-01
-7.537189870409093384e-01
-1.152361891771461755e+00
-2.910659211319961415e-01
-1.741086337364943670e+00
-1.163257623212589964e+00
2.802500393789246758e-01
-1.559445355638271469e-01
1.648080912603062664e+00
6.193588262650950860e-01
-4.006416155239582721e-01
2.726981446569612944e-01
-1.201668224334401014e+00
-1.187960871867304480e+00
-1.139088744134506559e-01
-6.455586300265788724e-01
-3.835274820155455400e-01
-7.124650297099266449e-02
-1.187118656778818337e+00
-1.960419454867715405e+00
-8.690377255595369554e-01
-1.778185900942982789e+00
3.295654824933087479e-01
1.781103880449682819e+00
1.658527867320422233e+00
9.449999752490738647e-01
2.116938670972892123e-01
-1.105855221299420377e+00
-1.175407496557905329e+00
-6.525000473469791951e-01
-1.876589138555124991e+00
-4.406376070756523600e-01
-1.102833901028844599e+00
-2.956997490449064792e-01
-4.595151336495046923e-01
-1.039606481545405803e+00
-1.103384359071806653e+00
-2.572965759631502536e+00
-1.567415210624103050e+00
-1.091633437132416340e+00
-5.289741198145316847e-01
-2.378096918502328627e+00
-1.040193572138301104e+00
-1.232840045030556109e+00
-3.841810844265203251e-01
-3.093791766854092629e+00
3.846708632845752263e-02
1.664865706936206946e+00
1.518102285957936948e+00
7.512777672731327794e-01
-2.708962116514406215e-01
1.553209986250043251e+00
1.645689042729774343e-01
3.730677653189273801e-02
1.781362018325433061e+00
1.101562027296076440e+00
4.836862528456061794e-01
1.947100689067794432e-01
2.328479270708091242e+00
3.334921296039650151e-02
5.676461055882873197e-01
7.610601271034789228e-01
-1.441170431994804879e+00
-1.209575575438784467e+00
-1.550464167733959897e+00
-2.352300375599886362e+00
-9.391156668126764417e-01
1.551447447237073174e+00
6.153407558995122040e-01
1.822346412854162434e+00
5.665062274328139802e-01
-2.762773521795942600e-01
1.873788328957845639e+00
3.894034475999632594e-01
9.503953783776342146e-01
8.915424102586976263e-01
1.223071352304395010e+00
-6.269353635869301389e-01
-7.410497864036538207e-01
-5.013939063541326124e-01
-1.947453315080169833e-01
-8.727450028610218569e-01
1.854402084703552944e+00
2.677113401621189492e+00
3.453877106768277194e-02
2.052644671626553396e+00
3.658836348074060441e-01
3.167452215486632472e-01
-2.994569178775980944e-01
1.927741499583192963e+00
-1.580319334107982421e-01
9.992075786789840208e-01
1.011492055401172152e+00
7.571683738266832275e-01
1.231244947212382979e+00
1.864323436857275418e+00
-4.944945351737133343e-01
1.090913536530631056e+00
1.489963525996758076e+00
9.826742964042577411e-01
1.119436268858396533e+00
1.032758314216084550e+00
-1.099009189224752436e+00
-1.058095413906008364e-01
-1.444440539554844305e+00
-1.823500755885141267e+00
-1.990661488064231044e+00
-1.498277031013778959e+00
-1.820925321705374911e+00
-9.357042306249565566e-01
-2.732895866280790731e+00
-2.033201069065813549e+00
5.933017123224280098e-01
-1.385375013542585521e+00
-1.447036248885509968e+00
-1.846828248210413914e+00
-1.197405597511489894e+00
2.572162648544802810e+00
1.111684812317602855e+00
2.384547677846753366e-01
-6.629105308246341366e-01
8.569667839507304485e-01
-1.000171147634312918e+00
-7.350897643645121216e-01
6.149144984238907874e-01
-1.308165364067833902e+00
-2.396463417279111940e+00
-2.743580524153841349e-01
-8.764348756888804548e-01
-5.397842766234557388e-01
3.417227024980098449e-01
-1.636726944107004256e+00
6.542817986369600103e-01
1.426260487180240677e+00
1.032881997106495531e+00
1.908556835110429617e+00
-7.561741250759823618e-01
-7.216575400225693215e-01
-7.762032914297321007e-01
-1.118358183954684781e+00
-9.109174950229734780e-01
-8.879790150642363766e-01
-1.732373464297456866e+00
-3.326937481827773047e-01
-6.498550460508547566e-01
-6.213943920600463189e-01
-1.449768884214549303e+00
-8.130677634235465856e-01
-8.798415202511477018e-01
-9.416994581944094778e-01
-1.715223880508618404e+00
-4.408529756795550592e-01
-1.050107251696802413e+00
-1.176386403457941210e+00
-1.886725412323401407e+00
-4.398346019562094922e-01
-1.587570043406995479e+00
2.802316808525505909e+00
-2.357346442236873951e-01
2.204931044291788211e+00
2.475476224255885427e+00
1.191496950692365164e+00
1.645491420853665510e+00
1.515600389072033316e+00
1.979450065709614570e+00
1.657559586971281584e+00
1.192610751211718556e+00
-1.062372414444232582e-01
-5.348636308135468198e-01
1.620627749822207697e+00
1.533267522789380166e+00
1.265576042755817143e+00
-7.938510275187529164e-01
-5.870429942622256148e-01
-2.212747678212550806e+00
-1.208068154860791887e+00
-1.089833819855929642e+00
8.054747633745790170e-01
1.395807239232390362e+00
-1.003368220008808986e-01
1.214745607692741647e+00
1.220772037564006984e+00
6.482649383260516984e-01
1.957765580611121603e+00
6.131384689547708655e-01
-5.887530886090908133e-01
1.198287668174343956e+00
-8.193291826864883554e-01
-1.150848467405214404e+00
-4.839061052502959814e-01
-1.155846891604578985e+00
-2.787681369406945775e-01
7.376955868341930067e-01
1.026804741553567268e+00
1.357438227938202679e+00
-3.372979495728141153e-01
1.342387037275835970e+00
-1.315338285329929580e+00
-7.179066683157221407e-01
-1.154722762405884229e+00
-1.092197496735446416e+00
-1.156801982659918515e+00
-1.616286286212114121e+00
-1.848083627549084618e+00
-2.062196834425622516e+00
-1.213270900800250685e+00
-5.934674333738100271e-01
5.395739621965915944e-01
-7.390226571028547520e-01
3.467512855592058685e-01
-6.515935685865132942e-01
-2.126252439010201556e+00
1.134838743202185363e+00
-9.746411076226002557e-02
1.616829903287093639e+00
2.845079203264637258e+00
2.598337488308792853e-01
1.428204400165937082e+00
1.891217444534597503e+00
1.990421836329386629e+00
4.179330749152142532e-01
5.912334816181690211e-01
2.216766223743621422e-01
1.544247155056949206e+00
1.570969165504304765e+00
2.201117066374342457e+00
1.867843948998534120e+00
-1.375824430775312912e+00
-2.496392734489830456e+00
-1.594231801890088063e+00
-1.808115059767590793e+00
-2.035434215074420905e-01
8.476212700106777742e-01
1.214106169571350202e+00
5.040178527354114424e-01
8.634525769219268954e-01
-2.281869231264250786e-01
1.038358452875159488e+00
2.258333100230565993e+00
8.865158998282437475e-01
1.728671812637235128e+00
6.889242741495533728e-01
-1.245673713848256092e+00
-3.168317692825329601e+00
-8.334518409682587503e-01
-1.438965391942175209e+00
-7.753324019813934154e-02
3.904059351829836100e-01
3.071625043933594590e-01
-1.082155750198956490e-01
2.663334890576619429e+00
9.041746292957962838e-01
-7.875169669387700466e-01
-1.396500597740188976e+00
-1.372732346461265962e+00
-1.174504695900048024e+00
-6.528441044181314545e-01
-3.534296967011851809e-01
-1.310954250220447648e+00
-4.793146540662043265e-01
-1.661484200025505675e+00
-9.225310799433585895e-01
-6.797596672664151241e-01
-1.783818042947238558e+00
-2.022822773800355023e+00
-1.269494240073546720e+00
3.690481251493342718e-01
1.251955384270149851e+00
8.127493326207295699e-01
1.141154072563735911e+00
8.461870871280379180e-01
4.528321758144250309e-01
2.327130263557177781e+00
8.051363508901006050e-01
7.513212938214268721e-01
2.479588914266330768e+00
7.582926826256503050e-01
8.921931617267874204e-01
1.624617310684187022e+00
9.815182135748181658e-01
-1.358645170602557073e-01
3.659908125526398770e-01
-4.559678579578337887e-01
-9.894522366478424313e-01
-8.649399409679573436e-01
-1.879579331453425040e+00
-4.234320505179133276e-01
3.017811839811940011e+00
9.081600373601732556e-01
2.339892630731447376e+00
1.371982579516808576e+00
2.273174745697533972e+00
8.075530118598055473e-01
7.714002122977234865e-01
1.313324045552427100e+00
-2.223848002971346993e-01
1.143771529196038639e+00
-1.711217424343802529e+00
-4.452230963923530460e+00
6.243501272468510166e-01
-9.837291290306210412e-01
-1.853045159759349580e+00
6.145394456660880911e-01
2.591218849719973072e+00
-3.437272190283087170e-01
7.386401925930490275e-01
7.297093081340922938e-01
1.420556608675559218e+00
1.390950722038502896e+00
9.506718016097450707e-01
7.362591219979681689e-01
1.663697482063435373e+00
1.632384353317742898e+00
9.061651869059648146e-01
1.528243507986729810e+00
1.579265672972802292e+00
4.878434894115539766e-01
2.860091558602235740e-01
5.777229680701090331e-01
4.158319824491606420e-01
1.026199588920330585e+00
4.077969695743176581e-01
-1.827334153747872669e-01
-6.274941527024113785e-01
-7.615060908744084589e-01
-1.361584219642588689e+00
-1.663629173875729172e+00
-1.078010567593694180e+00
4.885292643884207031e-01
-4.228666117173759398e-01
-6.452491192756699689e-01
-8.474611174287691728e-01
-6.276650623259290018e-01
-2.974557217785070984e-01
-1.940276007698089611e+00
-6.131043678334929803e-01
-1.214695452458028013e+00
1.259870599404346869e+00
1.231998368570859093e+00
2.391199376096555973e+00
1.399652227595079346e+00
-5.226804270310392297e-02
-1.353862443568618623e+00
-1.839143686104017794e-01
-6.844690691164829754e-01
-1.570909631215314572e+00
-1.724823327742502244e+00
-1.412959824154187416e-01
-5.411372099943345670e-01
-1.839843640781808842e+00
-1.641385982501232466e+00
-6.266749655724686008e-01
1.170000657704086455e+00
2.314693094464624901e-01
2.905973857166604946e-01
1.511899615371253613e+00
1.730196703437544281e+00
7.104806407840769111e-02
-1.718471299451719947e+00
-2.133558408342318025e+00
-1.272838830925212328e+00
-8.122871954804328221e-01
1.007784824036892068e+00
2.774671643188217907e-01
1.792922556482191565e+00
1.352870000778215953e+00
-8.709498472071497410e-02
1.427164036440490058e+00
-3.920925225996223507e-01
2.213711899438596475e+00
1.602203785287185767e+00
1.043134788734109808e+00
8.274766832994546739e-01
1.714040186858727832e+00
7.757259861545755530e-01
4.634565869536677596e-02
1.477682586154168254e+00
-3.978541450661543522e-01
-1.193112661812303354e+00
-1.967865299684869118e+00
-6.921445140723424538e-01
-5.035490201689178935e-01
-2.453000489911752791e+00
-3.456493453619452483e-01
-7.352710046837663826e-01
-1.043150857990412739e+00
-1.014942273516088234e+00
-1.566162354303592963e+00
-6.186719417747839067e-01
-1.298795340286350575e+00
3.281776683122075156e-01
-1.599204470733116334e+00
5.760148897410261037e-01
1.234898848359241352e+00
2.167718900227427525e+00
2.211755226499158677e+00
1.034273927120423764e+00
-1.700489653103794740e+00
-3.359280594741329562e-01
1.637440362254416470e-02
1.664918576650342708e-01
-3.152152095115839936e-01
-5.472530057469592313e-01
-9.678277520012839030e-01
-7.656552190680591119e-01
-8.450640595179971237e-01
-2.336452976530315695e+00
2.596821953614253387e-01
-1.143629362928506588e-01
7.117831806272085782e-01
1.678964210388244060e+00
2.123096758827313746e+00
-1.508764770594838600e+00
-1.505728129742072152e+00
2.666213687486251871e-02
-2.122550064338077913e+00
-1.215461013303253957e-01
-9.040276678075320760e-02
-5.212275719670411700e-01
-1.418076926586782083e+00
-5.041982418245194442e-02
-9.695747787155690744e-01
-1.574027011839270518e+00
-1.426141233694873778e+00
-2.762553286263214503e+00
-3.177607879544930292e-01
-1.479709803909457611e+00
-8.344168291593321296e-01
-3.046609473376668209e+00
-3.569496034699151110e-01
-1.076182639093525850e+00
-1.662781612510076723e+00
1.361797505333600666e+00
1.949108929822355840e+00
1.264200248865451570e+00
3.886028631357201224e-01
1.010722486092475947e+00
2.178475306804936729e+00
1.429097459657959535e+00
2.377098258651989759e+00
1.465839258785231802e+00
9.226081140231189304e-01
1.854961908316951957e+00
5.748374441277722680e-01
-6.739570720672771742e-02
1.891161934527959332e+00
1.417610157390750469e+00
-1.098440935210660330e+00
-1.715802926278420237e-02
-7.924235923010305438e-01
-1.823233037321202676e+00
4.363221172882019161e-01
3.517800522842302602e-01
1.395024640661714166e+00
4.198445905774308429e-01
3.432701315799850939e-01
-2.350819370367429606e-02
2.150750068924888403e+00
1.725225170491502258e-01
1.467754899607900843e+00
7.587631857346448516e-01
6.049127236618158099e-01
-1.773032737050703078e+00
-6.277056381268285579e-01
-2.370545031124026814e+00
-1.336986410081092203e+00
7.167665050982208186e-04
1.304751295908283648e+00
5.771033035746901962e-01
1.607988473587070199e+00
3.653707016972637112e-01
1.051423312777013397e+00
-4.286201679261938402e-01
6.539220065553370542e-01
1.166352204536823978e+00
1.893699035728425795e+00
7.434279982461947656e-01
-1.748733491577070254e-02
1.820436988751955365e+00
1.823754389584564928e+00
2.761276667441283639e-01
8.602198240556697684e-01
7.214059712114583300e-01
1.179404098294574377e+00
2.484145135998696574e+00
6.974297315378141793e-01
1.532475622396245463e+00
-2.043876359368900442e+00
-1.270660384116927277e+00
-1.888078765924205982e+00
-1.632987416843759032e+00
-7.565435127347759359e-01
-2.451559450991172007e-01
-1.059848922903146917e+00
-1.680247241690552729e+00
-1.358690119118878492e+00
-1.621498874909457211e-01
-7.536952566194357050e-01
-1.496592197613617392e+00
-2.692799697544866255e+00
-1.839961677401681150e+00
-1.979738953374962529e+00
9.085220917959426767e-01
9.368508844836110905e-01
2.375650894277898661e-01
1.840010785141202643e+00
3.119444466310470343e-01
-5.905980533950594413e-02
1.478264460008398284e-01
-1.653966975475250401e+00
-1.538588674855797311e+00
4.061872213146775490e-01
-1.112810739703435914e+00
-1.468183305371177916e+00
-1.138476733624338433e+00
-1.315108866305547908e+00
-2.148495352111267742e+00
5.673053252697282112e-01
1.209159671024971017e+00
9.976658590308163932e-01
9.561211122662760520e-02
9.077130148840818480e-01
-4.083615763649772745e-01
-7.154637448608927031e-01
-8.379427726464385717e-01
-1.772752584294323697e-03
4.689437493823676029e-01
1.745123917421869120e+00
-1.220049840357251281e-01
-4.946306127495336824e-02
6.288950814743043960e-01
1.669601315934591934e+00
1.731668033175418397e+00
-1.813506423115851529e-01
8.423083691881019242e-01
7.018138900371289068e-01
-5.064375345071137069e-02
-3.111636595554134743e-01
8.285630079272705562e-01
1.448825026691497486e+00
1.680710042217863354e+00
4.580111216778570693e-02
-8.377370340047851638e-01
-9.391264977800928282e-01
-2.425362899054401389e+00
-7.148797576983820790e-01
-1.257298227261344881e+00
-7.294277643215690832e-01
-1.125286701625610952e+00
-1.584420656228169744e+00
-2.496693426119531267e+00
-6.421511161789750233e-01
-1.479189290141188717e+00
-1.452361553530722382e+00
-1.323784971089715601e+00
-4.840968086379652258e-01
-1.987351742175016422e-01
2.254339816977922073e+00
1.182684819834150192e+00
1.388009767619066137e+00
1.325249175121625544e+00
1.840732797056003900e+00
-1.580755050419972996e+00
-1.157452228753324208e+00
-2.412206099154868610e+00
-1.085300233235310552e+00
-2.224540024210670541e+00
-2.390694889621173935e+00
-1.559285641215203189e+00
-1.010010169695528592e+00
-2.615710543394703436e+00
-2.232291212205180564e+00
1.226857543365444281e+00
1.475854951489292688e+00
7.887743220412135603e-01
1.572755657420815689e+00
1.812305423398848703e+00
-1.069941120547201585e+00
-1.248329295119153359e+00
-3.948043820301245788e-01
-7.210234957556869162e-01
-1.117530963487863849e+00
1.961112414886174715e+00
7.980778179777787695e-01
1.695868287435928989e+00
1.017576268885810764e+00
2.584785904012465441e+00
1.596230573555775578e+00
1.665472510347704382e+00
1.118433870101160688e+00
1.068078859662487945e+00
1.395835024696432836e+00
1.876792612062239352e+00
1.463889494724415208e+00
1.533838497571467174e+00
8.960868653572882092e-01
-2.566065577939931064e-01
-9.739402763308319111e-01
-1.079587073799423980e+00
-2.301106172579106435e+00
-7.004357035146802080e-01
-1.370859319251018338e+00
-1.762038586223839243e+00
-3.048995933328069174e-01
-1.053664938332046441e+00
7.074462260216902720e-01
-4.227728909458530193e-01
-5.603781841339696701e-01
-8.959256212070232372e-02
-5.982398914196951356e-02
-5.966338979598854175e-01
-8.719855584258344727e-01
7.915726095261443884e-01
1.390448696868251899e+00
1.729756299781905815e+00
2.335701291262221702e+00
8.800230457045382648e-01
-1.562742298634603788e+00
-9.643453714616481154e-01
-5.158385708027362071e-01
-1.067627887533193487e+00
-5.890228261589137704e-01
-1.132428536590187385e+00
3.074478297653309156e-01
-8.692424270175275192e-01
-1.568427425862274127e+00
-8.854550307552232491e-01
3.066720681755787936e-01
1.144401531498808744e+00
3.527374205402107332e-01
1.106697705358616890e+00
9.851827022199094452e-01
-6.958117260535728876e-01
-1.253069378573289150e+00
-7.141318401684526584e-02
-1.723367942078346315e+00
-2.987622525474842305e-02
2.235482301807327765e-01
1.995572062732404506e+00
2.315507683088591229e-02
4.262367404075848576e-01
2.845508521012043435e-01
8.758436564381648637e-01
9.023242109382816345e-01
1.052316787773520446e+00
1.325519576250192344e+00
1.478618827529241786e+00
2.745957271332517546e-01
1.052493537997279516e+00
1.303946140373767326e+00
3.304760565637582248e-01
1.730369039397252617e+00
-3.336567945238966271e-02
-1.220262632004906811e+00
-1.185918009618377900e+00
-1.142475430422468685e+00
-8.748062350191330161e-01
-9.689442484726964455e-01
-2.768463042692176579e+00
-4.567430723275338611e-01
-1.293309143147696849e+00
-6.099177101156429970e-01
-1.819359944052605815e+00
-7.417341501449807861e-01
-1.680001084508011555e+00
-3.499239512323224499e-01
-1.765161905754562000e+00
-1.273736575791083681e+00
7.461818091087402127e-01
1.668310110631475940e+00
6.492118639461017526e-01
7.238070607582205440e-01
-1.146006096839169874e+00
-2.014159916709901132e-02
-1.657481401293825263e+00
-2.017179702183798273e+00
5.518861542844495371e-01
-4.414347508543681187e-01
-6.454987248417289880e-01
-2.236868596455168667e+00
-1.319618016992744058e+00
-6.525587915019191998e-01
1.184794274474470832e+00
4.761978443552550289e-01
2.184174426262373014e-01
1.344143920113579416e+00
9.668370216294047692e-01
-1.201676260379948680e+00
7.302953367117832606e-01
-1.033114778344606188e+00
4.907161271138216208e-02
-4.624095848251235097e-01
-6.278482392356070640e-01
-1.886451902853679918e+00
-1.395493274119044003e+00
-5.046019133633339315e-02
-8.740673759094851336e-01
-2.048633916473009187e+00
-3.950158440799245163e-02
-1.960658733614944582e+00
1.387815373111747075e-01
-6.978014684230373632e-01
-1.339111094952611714e+00
-2.452563499263893387e-01
-5.604765274799525798e-01
-2.223844875989619219e+00
-6.607874883058447724e-01
1.655679928060125983e+00
9.612444000191022742e-01
4.749460947396143551e-01
3.890545952813360131e-01
4.848015089907891095e-01
1.344099556662485817e+00
1.215865256715045417e+00
2.639647140706910200e+00
6.851125188750275541e-01
4.783800281934831311e-01
2.252297464792755832e+00
2.171280480471410979e+00
6.996536205604151348e-01
1.164805039752206284e+00
1.178149432914856742e-01
-4.540141489846678535e-01
-1.597527690897464936e+00
-3.002916461926556924e-01
-1.896214924572680705e+00
-1.546941114208623791e+00
1.116284259131799850e+00
9.538416673296629122e-01
9.012684301234716866e-01
9.156838782579372893e-01
4.739123638197039190e-01
1.032875657088763610e+00
-2.804380713424636795e-02
6.466760660393521265e-01
1.967197669461981935e+00
8.389831704638917032e-02
-1.854502492067925168e+00
-1.194222551507272856e+00
-1.085230816592208436e+00
-2.503132386865993819e-01
-1.369137404361007393e+00
1.907592992648164287e+00
1.021307838320716588e+00
6.399816883748888907e-01
1.691753326950479419e+00
6.390361297477171743e-01
-1.963524741960191999e-01
1.062768146875995079e+00
8.491260321044451498e-01
8.259480879738675396e-01
8.343466769326376431e-01
4.886591810394990132e-01
9.256559236881185537e-01
6.946362867171955724e-01
1.242963809181810042e+00
1.721406223841488892e+00
1.237152876544547198e-01
1.761214594024295366e+00
6.564970934041086670e-01
1.916580911731243786e+00
1.453374636311703938e+00
-4.715228210975717094e-01
-1.757690885748859788e+00
-9.107184504309497886e-01
-8.637253983664803236e-01
-8.142647629020239863e-01
-1.539282595346757265e+00
-7.639723527535728920e-01
2.297718178152829971e-01
-9.263463216488154739e-01
-2.318449088929035451e-01
-1.157950491031364493e+00
-2.222572743594344313e+00
-1.126011363999345427e+00
-4.103700217154888641e-01
7.608508121961055082e-02
1.165133258669028393e+00
1.609654283650511220e+00
3.253929906509455128e-01
9.106585426806818040e-01
1.291174091180414152e+00
-7.607349980913058474e-01
-2.333056291264883342e+00
-1.938502155205015232e+00
-1.064865571645008613e+00
-2.486653816937824946e-01
-1.080650336736543426e+00
-1.927800787067497135e+00
-1.216375370559532154e+00
-2.015399570899688353e+00
-8.384684267075197539e-01
2.773328489758627224e+00
1.122315502195996295e+00
1.220503099960455806e+00
1.227135917831258194e+00
1.077618834589761709e+00
-1.340366555190199760e+00
-1.842039250273558970e+00
-2.567473547624283814e-01
-1.050085006336073601e+00
-1.284448741328682919e+00
1.248522016572775284e+00
9.276097159950875692e-01
2.025448145638981678e+00
-5.616407048354004061e-01
6.121475425497751033e-01
8.063465212525076087e-01
4.442542933041938591e-01
3.555634227938497816e-02
8.499284847569845702e-01
3.879540902031899385e-01
1.161426214799627932e+00
9.492297545863741526e-01
6.349552367353906712e-01
1.784263122325031592e+00
1.018574845679151020e+00
-9.046572313079944694e-01
-9.532978945840185903e-01
-2.449774984916810894e+00
-7.494787534770385173e-01
-7.267850402028535051e-01
-7.764885758930848425e-01
-1.120936047315576056e+00
-2.191178710873438185e+00
-2.889463834381188700e+00
-5.617625020959354787e-01
-9.166193348877037517e-01
-5.402656592871594166e-01
-2.307348506925359644e+00
1.283323471922537262e-01
-5.921793353957420791e-01
2.070559072292810221e+00
2.129505824420007354e+00
5.885314785139893479e-01
2.841530185102025818e-02
2.188367435785145254e+00
-1.276117557711197614e+00
-1.938044165089846116e+00
-1.882758922713625660e+00
-4.028162875431949841e-01
-1.568108248906505020e+00
-1.608120090131022195e+00
-2.203211686033207606e+00
-2.485824921459434567e+00
6.444214084885420135e-01
-1.538898018623550135e+00
1.241284018015389012e+00
7.243392238783297188e-02
8.282773557220572958e-01
5.356895173414248923e-01
1.745261734249616836e+00
-1.147702978518962080e+00
1.477422521863425153e-02
-1.326881277821755578e+00
-9.168960014584082163e-01
-1.946739513796680754e+00
1.833807800552875511e+00
1.283776944027149813e+00
7.524493757283808870e-01
1.331205598637852816e+00
1.496844342883467238e+00
1.117616933174051752e+00
1.112627989495240222e+00
2.210981595752754103e+00
1.232567488140472678e+00
8.990075045815739685e-01
1.057456301287127642e+00
1.653048877635726388e+00
1.210196009931181926e+00
2.025642783375087852e+00
3.384720953738606930e-02
-8.503594262570000062e-01
-1.137515914848935328e+00
3.440386517507545427e-01
-1.399764429161757029e+00
-3.001568139602237562e-01
-1.337668554881223493e+00
-2.103521456142767310e+00
5.455225703196870946e-01
-1.463591958366636581e+00
-7.194805989185137918e-01
-7.464413398265823396e-02
-1.147142224481281003e+00
-9.699370712141034412e-01
-3.634777656738510387e-01
-1.117502152998492981e-01
5.119237609828435343e-01
7.413628866431434261e-01
4.811798435909802052e-01
3.635045962884093651e-01
1.709348928567711035e-02
-1.588358486919219548e+00
-2.075966734790234636e+00
4.952506637604336959e-02
-1.420338906959602854e+00
6.995362487488594461e-01
-8.941641279916086038e-01
2.422557041925132992e-01
-1.341506125697471408e-01
-2.196438984635752156e+00
-1.641581062459659845e+00
3.261395722086704030e-01
-1.257856347413530695e+00
2.192521355401141125e+00
5.707627246318396352e-01
1.498134644839343554e+00
-2.095699912377055441e+00
-1.267165598962185724e+00
-1.323080202601512489e+00
-1.449563713292840950e+00
-1.714057126238814011e+00
-1.498674626686734346e+00
-4.801879667331947488e-01
-1.081875223308935707e+00
-9.551750237342110372e-01
-7.880865972463217961e-01
-1.482313368897762107e+00
-1.517754285544453907e+00
-1.290273251290554590e+00
-1.905271408752938544e+00
-8.377161565471683558e-01
-1.990973286845565626e+00
-6.220939908862492818e-01
-2.214973536858260594e+00
-1.467647511836483343e+00
-1.372291324567450843e+00
5.655623764097897910e-01
6.693613226008376937e-01
-3.045405912681258265e-01
6.147835618429718929e-01
1.964543363289503519e+00
1.828310397160564538e+00
-1.101862522134924305e-01
1.901111296887734170e-01
2.730550339311418995e+00
1.556001723057557573e+00
1.449651245160595625e+00
1.476118228884468309e+00
1.226982631242098609e+00
-3.981656084414819663e-01
2.970092055273799714e-01
3.288395822882250741e-02
-2.210923444578043018e+00
-1.253859905072973957e+00
-1.168395011060037625e+00
-2.441653993277050461e+00
2.089147964996809659e+00
6.593184693013971476e-01
1.798058155413459147e+00
9.969607543959138063e-01
1.648115069425740709e+00
1.262428350900620666e+00
1.916462940278903515e+00
1.417285007046200196e+00
2.273309057241192921e-01
2.876300541649353448e+00
-6.975277869547056309e-01
-1.463560520144259414e+00
-1.506685761541836754e+00
-1.214390205779603660e+00
-1.562612710172628816e+00
1.933594767649976731e+00
1.666212661262274741e+00
5.476131355501561160e-01
1.134888957433028756e+00
1.285231037181167046e+00
1.377713084118848741e+00
1.988033291081260368e+00
8.487359445986093487e-01
1.047586528901097269e+00
1.194298089000854990e+00
1.873071137080718929e+00
9.159598631292711346e-01
3.239031808549944991e+00
7.037289547922065402e-02
1.571422253360256871e+00
1.193679129498974145e+00
1.602066260880499859e+00
1.839496851814357736e+00
4.094127262621460872e-01
8.795160028054583856e-01
-1.220487578002754203e+00
-1.610413023732037985e-01
-4.880287946264428856e-01
-3.336460792542642606e-01
-1.123938065542183562e+00
-2.234634144542990697e+00
-3.356168171261424416e-01
-1.133102396068340623e+00
-1.239704557616498004e+00
-1.585094946291120355e+00
1.347007273792981685e-01
-1.017404343055758886e+00
-2.098526905488513616e-01
-6.872270081960401011e-01
-1.114970933084946658e+00
1.773905884229163732e+00
1.135610507376103584e+00
2.485134186062139428e+00
2.191865276942771334e+00
1.472288209331034992e+00
-1.169697257322808159e-01
-7.710603030025355853e-01
-6.562675487873756985e-01
-3.001349511188840857e+00
-1.648706322553552983e+00
-1.810630680128550551e+00
-8.432364908438655382e-01
-3.585488123740252497e-01
1.712766055010210842e-01
-2.474199159482959320e+00
1.740935042966992086e+00
9.278668874461852845e-01
1.247253093755130937e+00
2.048458563610557892e-01
2.069736963483781444e+00
-1.859198946616439141e+00
-9.830807323005359422e-01
-7.966424873360340442e-01
-1.092440241518864985e+00
-1.446834740154006038e+00
3.075690934752409733e-01
1.563199215489520011e+00
2.326484541271176543e-01
1.650482992880885069e+00
1.170819625528293884e+00
2.051722187497139860e+00
4.297946091525228773e-01
1.351744239330186392e+00
-4.269869651657556275e-01
-8.780008919045223514e-02
3.897668895747669060e-01
2.245950328951647368e+00
1.432856306524634693e+00
1.685562592370718038e+00
2.425444426743746718e+00
-1.030165975140196588e+00
-9.933405852441327122e-01
-1.554393100569246844e+00
-6.989532062203507312e-01
-2.437818089379236053e+00
-6.252700134860172954e-01
-5.578810877102107213e-01
-1.768608046751897200e+00
-8.623532460790914733e-01
-1.424346999010312587e+00
-3.836763561822981172e-01
-1.769547699720011913e+00
-2.024987952389571966e+00
-1.635389205409716329e-01
-1.201781167206271039e+00
1.341245348424989992e+00
1.151954203343968919e+00
9.003787131525483600e-01
5.730870842126429832e-01
3.645435857056256168e-02
-1.158211823314084121e+00
-6.376123399064351771e-01
-2.032986389033878627e+00
-8.115882921138037887e-01
-1.728464769069891771e+00
-1.740544556482131799e+00
3.089626645326810639e-01
-5.719653043462703534e-01
-2.096534985959308539e+00
-2.739121526330823286e-02
9.334454997908354645e-01
7.602306657721373817e-01
2.119104866467969916e+00
1.686368062257167288e+00
1.267955003457626351e+00
6.256040349476288398e-01
-1.394688985889825483e+00
-4.586804042809626836e-01
-1.309988436801434952e+00
-2.577822229681482114e+00
-9.249855048211987896e-01
-1.630426485155755945e+00
-1.053326094721724226e+00
-1.459743985285581580e+00
-1.479351993790982034e+00
-2.623097974065957683e+00
-1.707174611779634699e+00
3.088475664325192049e-01
2.151063168956428573e-01
-7.933574144355021174e-01
-6.410825888854547738e-01
-9.824717957753834607e-01
-8.461410969403795335e-01
-1.536942487541381075e+00
-6.875640958854126739e-01
9.907333933250617175e-01
7.898385326695505082e-01
2.377850937706742496e-01
6.126133563182798447e-01
8.889512284554460519e-01
2.755045631036278753e+00
1.508174426647452826e+00
8.988671894895757797e-01
1.547964150955868146e+00
9.928895672307110898e-01
-4.170632508583826947e-02
1.180187354401753819e+00
1.538741274561766126e+00
9.806047296853928064e-01
1.334708926152357700e+00
-1.983015433661765137e+00
-1.529877178200087950e+00
-9.120804188473695673e-01
-8.123773439702830501e-03
-4.308026145368833992e-01
-2.914454775154957655e-01
4.522703133795932251e-01
5.698963005446928687e-01
1.386904691031817682e+00
-2.602105857884009499e-01
2.681701212391340849e-01
2.813954501419178467e+00
3.483302977268913914e-01
2.114651453448459506e+00
1.353900724066659622e+00
7.998575364971038937e-01
-9.996313670879731772e-01
-2.153448539453975741e+00
-1.267552231928833706e+00
-1.249161322367118077e+00
3.097885010938932204e-01
4.840403643153804447e-01
5.814614894332117423e-01
1.172748146442605499e+00
6.800733222294947922e-01
5.485091257359187011e-02
-1.755207333982884421e-01
7.575558995859328348e-01
-4.845519196993327560e-01
-6.421045047167273090e-02
-2.102314424999842224e+00
-1.081918339810544971e+00
-9.491596470895328208e-01
-1.219186857026110182e+00
-5.700030167132417169e-01
-1.943456182886760697e+00
-5.140515922242561153e-01
-1.203927734521863524e+00
-1.413817472287379307e+00
-2.499536584726302912e-02
6.217570710796084255e-01
4.121980594287373290e-01
-6.435282065741327884e-01
7.502545759172285500e-01
1.046657949727699988e+00
1.173819125138337860e-01
2.246484480733451861e+00
9.806704084505989405e-01
6.037229241052461948e-01
1.204133084142835486e+00
1.402821571634864206e+00
1.534916551844708543e+00
1.523347248309694368e+00
2.477767643440045298e-01
3.113840429914621621e-01
-1.975660013536706394e+00
-1.028605367075066335e+00
-1.440884425260569479e+00
-5.160063384374488082e-01
-1.364940356136625343e+00
6.677531352671468579e-01
1.949357939585629973e+00
1.707741666159515503e+00
9.010130755958563054e-01
6.738822540808633299e-01
2.253807449107990024e+00
3.069363498983215255e-01
1.354932618071377659e+00
8.883598848328444486e-01
1.472127613866748064e+00
-1.508269567903350206e+00
-1.217909389733101033e+00
-2.091169119175637192e+00
-1.286494938626119078e+00
-1.537152144014826138e-01
7.377727288741681155e-01
2.511598601156417310e+00
5.379118113623102548e-01
1.760852194267403359e+00
6.537462771297305464e-01
7.979346732446735979e-01
1.389774704896868052e+00
2.215482245338615375e+00
-1.217205828638578957e-01
5.226197625614640296e-01
-4.619077818549608416e-01
1.216782162824763702e+00
8.534232089105019403e-01
9.015089599124719300e-01
8.788470159293622075e-01
-1.658931334826170279e-01
5.221461756265026732e-01
1.956883967506668487e+00
3.087891489951705148e-01
1.175484052806628599e+00
-6.475879338789377604e-01
-8.473970079042538739e-01
-7.170298037285933734e-01
-9.156479582755684410e-01
-1.675575952777260458e+00
-1.559118816853221290e+00
-1.254995508615299293e+00
-8.148841253235705739e-01
-2.176347339426545791e+00
-1.885949923242919102e+00
-9.067007464273398876e-01
4.111556205187754109e-01
-1.499543530335030628e+00
-1.288125841545292749e+00
-8.391942029753781673e-01
1.303743777310399476e+00
6.124985259964979001e-01
2.166958594717138809e+00
3.121948157463775297e-01
9.582518575751357570e-01
-4.242217986266607621e-01
-1.950833150504929225e-01
-1.897489739474327308e+00
-6.797646185691359477e-01
-8.783177503965027277e-01
-2.071046662343723366e+00
-1.149408049849303559e+00
-1.190340785355465947e-01
-1.435265152375515774e+00
-6.641658027110997065e-02
1.076850128174574150e+00
1.477205915507532996e+00
2.578972978307918495e-01
1.328534835079689724e+00
2.373899347090492551e+00
-1.234203824320350140e-01
3.455022878555298327e-01
-1.950139476837687180e+00
-1.291627003920803762e+00
-1.167139304038059544e+00
1.586635148603572132e+00
2.992735647118490716e-01
1.533905997550110145e+00
1.573782902673182438e+00
1.157169291211751494e+00
1.363936073320278553e+00
1.116219322405311187e+00
1.258057806821528457e+00
7.967618373641615070e-01
5.877710420953905501e-01
2.370241983261758278e+00
1.187086170982861733e+00
-7.283650537447674544e-01
-5.424370999691019435e-02
2.031615473610137723e-01
-1.507758533088118469e+00
-6.383693416610327631e-01
1.802724050553470292e-01
-5.586981058356995655e-01
1.611194409354461676e-01
-1.133513384889286879e+00
-1.262244615904403400e+00
-1.650633710789369601e+00
1.175943514547137081e+00
-9.262702231417696552e-01
-9.601627933638123835e-02
-1.239507521277529722e+00
-1.541408606416248217e+00
-1.576744643451369665e+00
-1.510053340480747242e+00
1.076506959742597802e+00
-2.650298454882022980e-01
-3.461726577041297492e-01
3.241443585505814351e-01
4.221956089109749621e-01
-7.616011484235691853e-01
1.762480426684074342e-01
4.854304416576313841e-01
4.228253112236401989e-03
-2.113381505142218231e+00
-2.259801590852836384e+00
-7.543418172674509758e-01
-1.041759022873929741e+00
-1.368834524644890527e+00
-3.397854221047350798e+00
-1.261831469316779586e+00
1.051390113927784142e+00
1.227558024087192390e+00
1.159161685752800430e+00
2.066020518815282259e+00
-1.429105741056270196e+00
-1.326553896295854518e-01
3.778788691465280181e-01
-1.546408039115337862e+00
-2.028396846547130039e+00
-1.340022022477743269e+00
-3.915168498895948979e-01
-1.672130603975900520e+00
-2.481365645649860063e-01
-1.671704852861627177e+00
-1.188748522829506271e+00
-2.118218766058322711e+00
-4.152767240181400865e-01
-1.564754275238401826e+00
-1.078995424793823155e+00
6.432907487078596276e-01
-9.731540595179160036e-01
-1.678626940559078129e+00
6.493930413892092801e-01
-1.925424843965051203e-01
2.142034779934057109e+00
1.371622833738995739e+00
7.441473650789219851e-01
8.754378066314180140e-01
2.188719607365532394e+00
2.085773766055940115e+00
1.343575836920894329e+00
1.830834592041477915e+00
8.491635152737910808e-01
2.778517007754409462e+00
1.861763436416951967e+00
7.973528022046330044e-01
2.276877005419552624e+00
4.009280255717114771e-01
2.974011939806822102e-01
-1.291874774723021702e+00
-8.324307649034601297e-02
-1.830668321477586291e+00
5.070722042902646720e-01
-1.259296318666811798e+00
1.455795744171463291e+00
2.910813156841252081e-01
9.771599701944497784e-01
3.608687133547896497e-01
1.107746701832168279e+00
1.780337330689690578e+00
1.160528095266684989e+00
1.537789259213233395e+00
1.238469946747241979e+00
1.130004314745431504e+00
-6.094153501516367255e-01
1.276053801590628645e-01
-4.721830477425408290e-01
-6.621876285104821847e-02
-5.153638481869726728e-01
1.165465174335873488e-01
1.339077613393865995e+00
3.217109513785125774e-01
2.859907231028953056e-01
3.820525842042681308e-01
-8.248503865847456318e-01
-5.807560863215892599e-01
-1.388268876480360570e+00
-1.457961937511909500e+00
-1.262681206437771264e-01
-1.683285872979427999e+00
-1.235397509013422823e+00
-1.156402946373012997e-01
-7.342088464897811306e-01
-4.120542060415829377e-01
-8.621213936301086456e-02
-1.856929645188773126e+00
-6.965182384198242982e-01
-9.013769647406414398e-01
-9.844028851694432980e-01
1.320155916628144688e+00
1.254579555516590617e+00
1.736830705992692403e+00
4.786340305251266525e-01
3.675657119671604800e-01
1.305765884991985537e+00
1.259003453985448884e+00
1.868722422245813641e+00
-5.323288907426038108e-02
1.064777260275147297e+00
1.712533692389187845e+00
-3.389974721703832294e-01
7.448078376362721187e-02
2.035225429743073855e-01
9.436673454453246013e-01
-7.037340623492284175e-01
-1.387167900581671720e+00
-1.457636559103985929e+00
1.715355045611524076e-01
-7.431443983670242837e-01
2.500480873102266521e-01
1.036983056830232064e+00
1.753888737499851080e+00
4.816935910454538394e-01
1.707883753927334602e+00
2.318792727268227161e+00
1.370851830989679554e+00
2.159716201672215785e+00
1.135307311457267376e+00
1.618486748100776973e+00
-1.374650201446149911e+00
1.920301484611597331e-02
-9.536921011536020343e-01
-1.461183327805336329e+00
-1.526615343408481262e+00
8.775843093149008345e-01
6.527000746205455783e-01
1.525977349739901179e+00
6.938082506007312578e-01
3.693685297828550596e-01
-1.081412522713134816e+00
-2.171109781288130147e+00
-2.189560704366409816e+00
-1.118067521177559698e+00
-1.486670427502128522e+00
-1.385233182584674871e+00
1.201507911162569719e+00
-1.428672838699778680e+00
-2.022458281960083593e+00
-8.020619836391733593e-01
-7.514238534863149077e-01
-1.366756060128804906e+00
-1.897168231093326884e-01
-5.294433346513567340e-01
-1.390442868959428813e+00
2.550134896185500821e-01
-1.294536871806919009e+00
3.462941229779585850e-01
1.633842707500484215e+00
9.350474288821903901e-01
1.905357181108914943e+00
1.106738736032079284e+00
-1.946438219413004767e-01
1.892318865725627353e+00
2.026817222644290872e+00
1.552242653285349494e+00
1.780024370745500129e+00
5.419309208634818242e-01
2.302044099697692081e-01
9.374801003178834247e-01
-1.052807868911599387e+00
-1.354232180794959106e+00
-9.664438107844186554e-01
-1.039479159007452580e-01
-1.450174618601295151e+00
-2.379702898456237392e-04
1.042545423871197086e+00
1.210037831535834663e+00
5.436870449229987967e-01
8.836711592566687257e-01
1.289588059662570618e+00
4.161969636409966755e-01
1.178149118119388161e+00
1.071299767989860596e+00
5.258171599430535581e-01
6.032968345612679251e-01
-1.318414859872873546e+00
-1.810361764412861341e+00
-1.917931540026627246e+00
-2.596401476743736003e-01
1.466189586380148402e+00
2.044438066261646370e+00
8.209628731368879828e-01
1.943185449971309708e-01
2.061370593354565628e+00
-1.485883495703361756e-01
-2.904336499188318044e-01
-7.992348708182732686e-01
-2.234269869986264201e+00
-2.290836356329344348e+00
-1.823384917716883935e+00
6.029056886906125623e-01
1.852256822657099011e-01
-3.248335876893146956e-01
-1.607014311157962227e+00
-9.239348917028276098e-01
-7.256871077156753502e-01
-1.571222078605680306e+00
2.525755185468472330e-01
-9.381430785757723934e-01
-1.783424139218019455e-01
1.473768511992241015e+00
-2.713288580856920706e-01
2.443651150176923359e+00
2.186526382684461645e-02
5.527179585074094570e-01
1.792946844022978770e+00
1.561378134535013951e+00
2.194813489617329694e+00
5.835777928636636247e-01
2.818396720396909583e-01
1.450118244080355057e+00
3.755592203018074393e-01
8.264900860200212751e-01
1.019703656671888892e+00
-1.401615279445342477e+00
-2.010307806713276690e+00
-4.606659917960518325e-01
-8.690942619605260822e-01
-6.760861056211356912e-01
1.538711744192200470e+00
2.055236301427439294e+00
1.541953547527773694e+00
8.072444264209490683e-01
1.732412732846441372e+00
8.327728610363762662e-01
1.206774825174405041e+00
1.002413616333455604e+00
4.055252347785415212e-01
1.261820777104132096e+00
-9.681069168210221232e-01
-9.291036088485833400e-01
-1.447023328943717768e+00
-2.613048243185036590e+00
3.654617057499700561e-01
9.842637851890406742e-01
1.303263043882306738e+00
1.107990185492440771e+00
5.552681759041767640e-01
-5.243849064200347687e-01
8.367082528514511175e-01
1.467368271186325845e+00
1.364395878976011112e+00
1.050467086581328591e+00
4.831295174854395302e-01
8.347845913432875298e-01
-5.709210855157169640e-01
1.716927835845083905e+00
7.890504969359422027e-01
1.522288858042732951e+00
5.836131484427536931e-01
1.145729332645247345e+00
2.204872091460996941e+00
-1.002735014583722162e-02
9.318352927620175974e-01
-1.849462008943758562e+00
-1.079743763640795384e+00
-1.612056410325414024e+00
-8.426604829783393980e-01
-8.040712635967096622e-01
-9.762093527825744799e-01
-5.289736086440703922e-01
-1.321179203588074280e-01
-1.517572422458652426e+00
-1.883355315839492228e-01
-1.120355924493526167e+00
-2.047761091866575622e+00
-1.599200170451153369e+00
-2.592618898914876624e+00
-6.204799362289074027e-01
1.668744693072161445e+00
1.206060550064216308e+00
1.360603047757780182e+00
9.758619895834506064e-01
2.109153186212312736e+00
-7.906288690159596344e-01
-5.919519379557675043e-01
-9.552639850781702302e-01
-1.111055761398035413e-01
-1.493125841520842378e+00
-2.478939528245150292e+00
-4.497337489817543332e-01
-2.126637302946343233e+00
-1.884467772736338365e+00
-1.782379026215035189e+00
6.538000454911887527e-01
2.297933281493322433e+00
1.138684881695372519e+00
1.486000377868901268e+00
1.376858324301811765e+00
-2.853903967723822044e-01
-1.613963435592753681e+00
-2.696011616526262422e+00
-6.348206458081349091e-01
-2.078126243132843998e-01
-8.883634843899645972e-03
-1.296670698861649651e+00
-1.008466430478094145e+00
2.474377731287558113e-01
-2.324760737792733067e+00
-3.756234902298748457e-01
-1.276867916360488131e+00
-2.471595427752406593e-01
-2.481565441485839019e-01
-3.905387803699422733e-03
-7.770138438361209321e-01
-1.105070399602609887e+00
-1.864397418427350184e+00
-1.349868691588717695e+00
-1.324085395535572696e+00
2.294033872372466254e-01
6.363972792145111690e-01
1.847761145706506847e+00
8.083336005579643269e-01
1.360580551846717778e+00
2.596497388543550056e+00
8.474327186979676574e-01
8.246291939541084970e-01
7.883084738662947677e-01
1.752740117129147013e+00
8.671233237294526663e-01
1.074446674565443294e+00
-5.594980264202997766e-02
2.813567287356857349e-01
-4.996177316144057023e-01
-8.915657012104090118e-01
-1.812326193932654483e+00
-1.112912045859386412e+00
-5.327055437272159022e-01
-7.353289831917100283e-01
1.666713206248075174e+00
7.126379755471446975e-01
-6.302449516210648639e-01
1.422459183736223931e+00
2.012045271950494207e+00
4.239909200648426246e-01
1.329077692175564929e+00
1.239321354891652627e-01
-1.697507148115648956e-01
7.671988035184051924e-02
-6.502809135377238814e-01
-1.280189160304416429e+00
-2.608395368953818405e+00
-1.676380254108808865e+00
-1.222108531662202235e+00
1.383674702258892886e+00
3.527277324276087977e-01
1.099778156161627773e+00
1.957840866428309567e+00
1.018398866689991689e+00
2.924429315801052587e-01
2.479974045352219214e+00
1.758617604915392985e+00
1.831996311616563400e+00
3.287226330974133415e-01
1.543699876439705632e+00
9.628896305293995761e-01
6.428178421909203077e-01
1.031251308649355547e+00
4.583168373390351658e-01
6.302291154617211122e-01
1.372171490959983142e+00
2.009914084590683769e-01
5.189616239549291743e-01
1.741176030015052945e+00
-2.909470180969035980e-01
-6.335329481250324690e-01
-9.183912393679453112e-01
-1.770682599683802039e+00
6.091574888084427819e-02
-1.665903192589151427e+00
-1.354394033841948009e+00
-1.995903799223278208e+00
-1.165694590678463705e+00
-2.674534441589049294e-03
-1.159409194530897969e+00
-6.335856653027855945e-01
-1.699642609383210434e+00
-1.992633746292237218e-01
-2.457553040924865151e+00
1.283649148407253193e+00
1.227413764226824355e+00
1.200423225483997491e-01
1.337413358709456102e+00
8.285160808281670786e-01
-5.026870858675369647e-01
-3.903938478290254199e-01
-1.844835339303730004e+00
-1.233178941884913060e+00
-9.416755753012296948e-01
-2.349416060837659082e-01
-1.333789552654493615e+00
-9.571119822574667424e-01
-6.027699443450887928e-01
-1.350481967277005424e+00
1.416479437227296412e+00
8.316922352490435655e-01
1.083115171718125769e+00
2.859714211212580626e-01
2.006636900372425369e+00
-5.849874905411763804e-01
-1.135373989202208334e+00
-2.378668544425308617e+00
-1.611826547543635524e+00
-6.776127047192126440e-01
1.334407002558577027e+00
1.834201264448806601e+00
1.746624020520668452e-01
1.904800128092352107e+00
1.149185508237748010e+00
6.798925426781056158e-01
4.926004194300249717e-01
2.705763759964287640e+00
1.530166101289112790e+00
1.422137549221961450e+00
1.145980852819481477e+00
1.977314072736846784e+00
2.385361386992697064e+00
1.771137828038861883e+00
1.112832707107244357e+00
-2.682071111917416761e-01
-1.221624328815437144e-01
-1.346203423800813370e+00
-1.734733236754838481e+00
-8.069620078872872249e-01
-6.198545853496195690e-02
8.971105316243956906e-01
-8.907611228818896887e-01
-1.352228651453568631e+00
-5.833192023600421994e-01
-1.695632309106170688e+00
3.760950810024206170e-01
-1.303719490846010132e+00
-1.253387110803413584e+00
-1.518186872286524380e+00
1.946043103935248819e-01
1.637489981945951856e+00
1.035937146900308026e+00
-1.620247379495476370e-01
1.762315884561712398e+00
-1.475055538231659469e+00
-1.358700249082711142e+00
-6.266043720294340869e-01
-6.360208768054796957e-01
-1.106888953622994665e+00
-7.595160070759453541e-01
-8.785953191685090813e-01
-2.353250716278487253e+00
-1.118113548864684947e+00
-4.468499247606924074e-01
1.515351584151204190e+00
1.538352003177499316e+00
1.806015675924141695e+00
1.106825561815120595e+00
-2.845512283493141226e-01
-6.014473826817732238e-01
-2.484610805434066538e-01
-1.697280404940879395e+00
-1.018441506740432434e+00
-2.319875327726267145e+00
1.106707797672632276e+00
1.606572385905490785e+00
-7.225627949426494112e-02
1.209415825059400929e+00
6.911935202681442902e-01
9.912278453049783167e-02
1.229466548081639132e+00
1.174769688827838277e+00
-1.777281231369334247e-01
1.822823728426184564e+00
1.574757674498947768e+00
1.704202147283327529e+00
8.888835639077993234e-01
1.451295564017613504e+00
6.400811278697403628e-01
-1.744268861096276879e+00
-6.588083484534030809e-01
4.513062698567842368e-01
-4.590317298701200865e-01
-2.850656697578247023e+00
-6.394072201008498268e-01
-1.303027830305625523e+00
-3.133066746582175988e-01
-1.189863512083133124e+00
-2.624708981737534863e+00
-1.825595644902888282e+00
-1.415234140846985511e+00
-1.233338860652713587e+00
-2.510793072755984845e+00
-7.686870284763878125e-01
1.087988484277235379e+00
1.191488273904048878e+00
1.147077747309060092e+00
5.771381588514543637e-01
1.095882018433476324e+00
-1.294255687008702083e+00
9.291553794196216742e-02
-9.061688713354246749e-01
9.481430800974610662e-01
-2.420992752373196666e-01
-1.482836784631931248e-01
1.917844812115576669e-01
8.841096206013632219e-02
-1.477240152802010265e+00
3.458451443545111914e-01
1.275699542449454160e+00
1.425379435399552364e+00
1.215541822529751403e+00
1.277418437611104185e+00
1.278873675468177762e+00
-6.732051169533698198e-01
-9.680117863621324759e-01
-1.078327083651785534e+00
4.284218366496435060e-01
-2.100195656351958817e+00
-1.278759877536026046e+00
-7.219196924912985036e-01
5.487662413209193346e-01
-6.765027671384264973e-01
-1.680073826687742411e+00
-5.670113260593210303e-01
2.339163949583376034e-01
-1.661027841350931844e+00
1.785318270597273660e-01
-5.757284378775422429e-01
-1.031125226826530517e+00
-1.387664886953375198e+00
-1.244346104397889397e+00
-7.921053064544328892e-01
-2.281965970322720416e+00
4.132738229754148174e-01
5.048173050194827427e-01
4.491717847347114212e-01
7.894644188626336323e-01
1.220186222358921269e+00
1.248228986474939406e+00
2.134713206145582909e+00
1.578504818826039546e+00
1.600562477429426700e+00
2.443475193388167988e+00
1.335432791904262118e+00
2.120077258772293138e+00
2.514917767234779999e-01
8.209599558089841764e-01
1.027508243550496969e+00
-7.912711650010573194e-01
-9.775759533639230003e-01
-1.447919386425253974e+00
-1.452597851021312003e+00
-1.520620535607633661e+00
5.961643198756523265e-01
1.146218357750945049e+00
-2.944102055463426737e-02
1.959191299523606933e+00
-1.492413486953281243e-02
5.828804472985776863e-01
7.225775779801423271e-01
6.743151431285668851e-01
1.053883970356521926e+00
1.026101467599155770e+00
-1.992598942185263899e+00
-3.360117077962181398e-01
-2.494040571234974468e+00
-6.220370488703833578e-01
-8.050654396515297684e-01
1.359264149119478571e+00
-1.393978290518869123e-01
1.040519451192334355e-01
1.491829869681039922e+00
2.226904221472671974e-01
-1.059301829012508911e-01
1.447723175187578537e-01
2.258274215153353026e+00
1.539084120348261919e-01
3.954063671681863346e-01
2.191148056024950996e+00
-1.305867317823250495e-01
-1.182440886225708976e+00
9.372922853285533540e-01
9.507643498201586718e-01
8.506066950753554678e-01
6.185003893534032349e-01
1.393620188366194057e+00
3.735038569398456687e-01
1.866368150071999965e+00
-4.573956832797634320e-01
-1.581413880668510519e+00
-1.748465693677642818e+00
1.389428920933228895e-01
-1.046393473089075155e+00
-1.963955482680629139e+00
-1.093375636015829988e+00
-2.891156499603308561e+00
-2.378933132867295797e-01
-1.919375006700913433e+00
-1.884390324432359876e+00
-6.899118744031768058e-01
-6.096366424450130328e-01
-1.036502220448482170e+00
-1.271069490765015075e+00
2.506074578616380721e-01
5.489434237532744287e-01
-2.926436581982949647e-02
1.559878436400265578e+00
1.882721978827844200e+00
-1.572333235438565957e+00
-2.958451375024844232e+00
-9.485119364132033049e-01
1.048813898451896875e-01
-1.896754002949782247e+00
-4.019166057626886168e-01
-1.073096155179551037e+00
-1.743482065486929411e+00
3.053599213406812396e-01
-7.058420095334967392e-01
4.790756009487252554e-01
1.308474230585542575e+00
1.058306516112169859e+00
8.929478163645123701e-01
1.318558566678726507e+00
-1.658299079192411929e+00
-9.474691298763565639e-01
-1.298411188523691084e+00
-8.519259944437764798e-01
-1.531726651662727479e+00
1.435944155456033711e+00
5.715361017284251721e-01
1.276434708392884643e+00
-2.004225699001560557e-01
9.146727627042898767e-01
4.332527193384844155e-01
-7.057515679002945852e-02
6.094326689423588128e-01
1.662388841978345022e-01
1.258667599679913707e+00
1.214470430674954526e+00
4.058074590301542495e-01
8.763020822392795228e-01
1.477423087171556126e+00
2.092139102254652272e+00
-1.844788527221023600e+00
-6.770272980029889975e-02
-1.889550800338716030e+00
-1.866970652113655094e+00
-7.211536227401713628e-01
-1.151848981371027314e+00
-3.067926634128588681e+00
-6.426611669460493559e-01
-2.243153186577950375e+00
-1.933178204222571139e+00
2.640077493532029251e-01
7.522050880011876828e-02
-7.744183422976935738e-01
-1.845080230143240296e+00
-1.168079065626199231e+00
1.224065541716898631e+00
2.485972788430949265e+00
1.565897551068577753e+00
1.482173772594816974e+00
1.516406591649797964e+00
-4.863472423023533775e-01
-6.792111045924257295e-01
-2.150286225405255713e+00
-9.625822788130496965e-01
-2.596573294427072742e+00
-2.137455148253398995e+00
-4.935134628471946616e-01
-4.347790250093603870e-01
-3.021832103662852598e-01
-7.754541015213081145e-01
7.503493077081146989e-02
7.609282759949074215e-01
-3.018120520391316397e-01
1.148348728579471123e+00
1.326880190777588675e+00
-2.001484554894570778e+00
-1.929654798071785526e+00
-2.182383670069278025e+00
-1.667947163185547810e+00
-5.714661764941761923e-01
-1.040682908843681975e-02
-9.771235524159480601e-01
-5.605107000458613431e-01
-2.171798503930748137e+00
-1.285649931565540527e+00
-3.522884320324076723e-01
-3.523574603483841106e-01
-6.254640577264806156e-01
-2.509467667602366392e-01
-2.189089520729862404e+00
-3.179957664601221978e+00
-6.971438237383836833e-01
-1.390634560033231493e+00
-5.966489488240300787e-03
-1.615619827681938014e+00
8.247260518452018685e-01
1.576512191318387046e+00
1.033267804740926943e+00
1.340336138736733185e+00
4.923199300933733813e-01
6.432745850248733355e-01
1.436705600179679188e+00
1.420950692477256361e+00
1.547673125250740078e+00
6.336449874768801394e-02
1.702671613431306463e+00
6.584538704307817403e-01
6.760076495323105172e-01
2.312486271722655751e+00
1.105561549064935090e-01
-1.987286908439154010e+00
-3.618681461937923727e-01
-1.383334863307210227e+00
9.263850476889641250e-01
-2.113706940471102858e-01
-1.141930303259788726e+00
9.619671242316920612e-01
1.526194108902998003e+00
1.339553979153470742e+00
7.323251175205833796e-01
1.218779851373381629e+00
9.245394021096127180e-01
1.952492678771154067e+00
1.410942480690904333e-01
-4.502733526765023697e-02
-1.038098901268212693e+00
-1.269287680249982841e+00
-1.541384569724479459e+00
-3.896054011175222875e-01
-4.091965881200475552e-01
6.009664910362872980e-01
8.699359742362866577e-02
1.509186365137237029e+00
-3.688759767623952524e-01
8.491423602442589313e-01
-3.067359762085605457e+00
-1.297132783394514099e+00
-5.571093292986861734e-01
-1.465173451032069751e+00
-1.157707033567534571e+00
-9.431609362426647269e-01
-5.915775563650631508e-01
-1.850084143814942905e-01
-1.613549606915692713e+00
-1.128953713505874701e+00
-7.769821344332281665e-01
-2.383182774690482564e+00
-1.697855195030383069e+00
-6.810827646291414128e-01
-1.472491026895747179e+00
1.732664776426899866e-01
8.069948719241468726e-01
1.291123791616536565e+00
-1.788015335352737267e-01
1.397930019841484572e+00
3.166770931724796068e-01
1.088499634655470505e+00
-1.118738819571183374e-01
3.239853235869019077e-01
1.223004134376783458e+00
1.841800943549130487e+00
1.156791886907560851e+00
1.231632443499644403e+00
2.955942302637513119e-01
-1.945999533925131253e-01
-1.994799931354467315e+00
-1.506335206887570166e+00
-1.318956862712581390e+00
-1.014943771736137812e+00
-5.804504111340786920e-01
6.893828516769884285e-01
2.047619952842938851e+00
3.658716878177161735e-01
2.125591038927961307e+00
1.531639311893321809e+00
1.664827413950331625e+00
5.599628783312062819e-01
1.773581859086371892e+00
6.625964066024111476e-01
6.398375016176887087e-01
-2.963448047082156034e+00
1.890149351210790307e-02
-1.967346000213118451e+00
-8.091860161216528624e-01
-9.445869436201489444e-01
2.267593658618297425e+00
1.045194585664271258e+00
6.471840751269891667e-01
4.247967541354067400e-01
9.847223907691637912e-02
-4.550150674653459237e-01
5.327549241285434167e-01
1.966623667418884391e+00
2.125115129612057174e+00
8.788428011752277280e-01
1.121811412341925829e+00
2.311263915369975441e-01
-1.168296161751037232e+00
1.541045452608068800e+00
4.877897787301421761e-01
6.837064372908397969e-01
2.702199724297809080e-01
1.316266329478350539e+00
1.705786755468453819e+00
4.725548038344505875e-01
-1.757564264304672275e+00
-9.127264200818445694e-01
-1.798078399716299680e+00
-1.047057879228293187e+00
2.935801561104085522e-01
1.390254626484792588e-01
-9.961607113016361925e-01
-2.415528163043333398e-01
1.840499006626261647e-01
-1.541845071476806606e+00
-1.264408769780060560e+00
-7.766793403966282261e-01
-7.610224272976499060e-01
-3.132140256559827751e-01
-1.429740038022285331e+00
4.633357363572589982e-01
1.114068757062590898e+00
4.100233580616725604e-01
1.530706491990184048e+00
1.016075853677635532e+00
-6.518676501055988837e-01
-2.365485047943677532e+00
-2.763820460354476927e-01
1.063805591618042445e+00
-1.668487649202189838e+00
1.768845287975722158e-01
-1.612897169165245614e+00
-7.817119954668934056e-01
7.894588910384414682e-02
-4.440344477697801828e-01
1.159830727846207887e+00
1.248024392626848167e+00
5.568795622698641257e-01
1.606060430331030187e+00
8.434353780115795285e-01
-2.004491044760641216e+00
-2.227559191888515588e+00
-6.638230449849866766e-01
-3.670218296891925025e-01
-1.785387861845269653e+00
1.433509563326951897e+00
1.946786644628943463e+00
1.434407679504533517e+00
1.525975139144368775e+00
1.278443701959552481e+00
2.466916458917165045e+00
1.102384255618282571e+00
-6.161504688838426169e-01
1.778838178560937955e+00
3.351354789674485524e-01
2.152139344363435569e+00
1.151873645843723315e+00
1.902226012611267780e-01
8.570058786118917027e-02
3.235775872311972279e-01
-3.939802521812257874e-01
-1.345848226603018283e+00
-7.855820919101826894e-01
-5.120180276386305795e-01
-6.519420569345074634e-01
-5.344541623425049792e-01
-1.161448769265760017e+00
-3.037451789385028356e-01
-9.095691478678376019e-01
-1.857580555333451233e+00
-1.802156661416650651e+00
-2.202047072506867487e+00
-5.851989456992321426e-01
-1.429711468311926081e-01
-1.669131710226017029e+00
1.338952827360879727e+00
1.020722521183684561e+00
7.158362049738382638e-01
1.379062608156453873e-01
3.377983413347622754e-01
-3.906560476024139028e-01
-1.941009056182839698e+00
-1.208836897553901224e+00
-1.875118521135491267e+00
-2.815495232952524240e+00
-1.410730036769809015e+00
-1.777181981846014391e+00
-1.383747124158860586e+00
1.319380025192926631e-01
-1.491044620768215534e+00
1.677695621964617745e-01
6.606229755006108872e-01
3.728827361742369506e-01
2.816875277963768465e-01
-4.757889172925255927e-02
-1.032617911708823000e+00
-2.831110104134538119e+00
-1.795134778697401234e+00
-3.043108086153333280e-01
-2.372165031354976250e+00
1.717186562910053560e-01
1.169516964504599077e+00
6.025399672817777219e-01
5.149223095997309541e-01
9.963217046751521311e-01
5.794615680788579581e-01
8.402858830432340387e-01
1.721055363597430166e+00
5.058053878149735283e-01
1.683088439425085125e+00
1.005008727274536495e+00
1.749914554141594802e+00
4.930112007740948821e-01
1.372915692337858484e+00
1.895499032611147605e+00
-1.350298712264612622e+00
-6.068303133772331437e-01
-3.335029780313494285e-01
-1.025966917647750609e+00
-2.105071207957838197e+00
-1.210182360086540454e+00
-1.837236458186912058e+00
-1.908893040794724216e+00
-5.422296194635027877e-01
-4.336891710968765468e-01
-1.992110235055087220e+00
-1.312165918584726088e+00
-4.994702974785697469e-01
-6.597539031313717217e-01
-2.233848035438225743e+00
4.022023271050946258e-01
1.963637551309132201e+00
8.371224059839024179e-01
1.744642586601548695e+00
-3.494175711213218793e-01
-1.984874420243896598e+00
-8.178131383030844415e-01
-2.404817421115705400e+00
-6.727237037435795930e-01
-1.099943671402732193e+00
-1.654332907938292241e+00
-1.458944209147254423e+00
-6.678106760232231931e-01
-8.668149684455187520e-01
-1.570440541774686505e+00
1.081165131193373208e+00
1.593933292865733709e+00
5.876521540424706203e-01
-4.622042801798378342e-01
2.693700621678635221e-01
-1.461332757230529023e+00
-1.285295403560193339e+00
-6.772351666337487197e-01
-1.531300804834270446e+00
-1.513662900124546962e+00
-5.055702627182603326e-01
-1.423902200487731307e+00
-4.299740695911429267e-01
-4.777512799270213772e-01
-5.100383060343471886e-02
-1.072349935978029078e+00
-1.505545384573841794e+00
-1.102773870986263782e+00
-1.912933624784971753e+00
-1.946221353658132980e+00
-1.762602601248831835e+00
-1.806772131303598261e+00
-1.405409071269575705e+00
-2.346494543597908322e+00
-9.539702379709477098e-01
1.137979958974479455e+00
3.774974262142488657e-01
8.229798701086521451e-01
7.375338353855147577e-01
2.463891009601396842e+00
6.479755725725557802e-01
-1.301303079054276779e-01
1.530533353748165792e+00
4.404327777906507091e-01
1.186713756622558957e+00
1.009581637962628120e+00
1.242734974512410551e+00
5.961556204833186046e-01
4.044018728378651062e-02
1.213078981306682458e+00
-1.721319610609318929e+00
-7.176101584521297205e-01
-4.285178424994223745e-01
-2.290364224182495079e-01
-1.908764385631809724e+00
-5.900491386843096375e-01
2.237170135172561913e+00
1.638250128590370558e+00
1.122334597869488970e+00
9.777005958212423575e-01
2.018856373821916073e+00
1.094970311757824666e+00
6.963969486434031797e-01
1.077261599372024037e+00
2.247782189502735672e+00
-4.162413919692831143e-02
-9.177263521423689729e-01
-2.307703383887947268e+00
-7.568246889678931222e-01
-1.458363305029057200e+00
1.055190982989006487e+00
-6.180024686434570924e-02
3.557975259222331266e-01
1.449585244625373193e+00
-1.634971635519024691e-01
-1.538076722670132845e+00
-1.547883278892630665e+00
3.548560728963723321e-01
-2.317576342261068678e+00
-8.909650544273538531e-01
3.495401955864951837e-02
-5.433769696192043419e-01
-1.118885139740931622e+00
-3.805055770718279717e-02
-7.380891323479534805e-01
-4.611362707772398428e-01
-1.753560402845077082e+00
-1.962922177692039361e+00
-2.559068816008949199e-01
1.572546363502824729e-01
2.816901063195069721e-01
8.359429570356662342e-01
1.042914955373107855e+00
5.166817398680110252e-01
5.403542657681157380e-01
1.829915810631098871e+00
1.378117751129900759e+00
1.381293247112063138e+00
5.149758644356844384e-01
1.761746447452110953e+00
8.126325693715392706e-01
3.782637567757898278e-01
1.186242625139092288e+00
2.038089965294946460e+00
1.016898240952238242e+00
2.053261462432607320e-01
-2.105980482745978932e+00
-3.994884071683986182e-01
-6.592954785753850633e-01
-2.463395389008117053e+00
1.324043077145173886e+00
-3.240763511949695808e-01
6.264328707512414329e-01
6.401073630734639419e-01
2.696402023092486111e+00
5.839267322104801927e-02
6.344558741456416406e-01
1.779992382401311968e+00
3.338775255595582969e-01
8.364946451035309982e-01
-1.837357686854678152e-01
-2.379667140805599601e+00
-8.105690664348590424e-01
-1.072280303762465525e+00
-9.028146925975849557e-01
9.937133302937333212e-01
8.443514219334700144e-01
2.471540514455869975e-01
8.094496832233506467e-01
1.567782299316483829e+00
1.642775870193793342e+00
2.353220142116385638e+00
5.871276649570510431e-01
8.436218309719030195e-01
2.272178997775982978e+00
8.564492462050157240e-01
8.646896146217645240e-01
-5.439865135754331504e-01
1.262194100138308794e+00
2.029010599116880975e+00
6.101693129367140589e-01
1.770482763562433171e+00
7.806153996400462258e-01
1.326078154272329224e+00
1.049409276931419610e+00
-1.339964577851311400e+00
-1.043969934700989421e+00
-1.070940634390904256e+00
-9.921653249076606285e-01
-1.100493794734984876e+00
-5.921026860132359015e-01
-5.940571994105902087e-01
-1.325479666331736972e+00
-1.892360702673122841e+00
-2.291171167531042219e+00
5.900665158655815645e-02
3.005935532254833120e-01
-1.252376020734256690e+00
-2.653060735471457487e-01
-1.264376204379272117e+00
9.916305274621820542e-01
9.437827108596670289e-01
8.885521288270141760e-01
-3.710119222911978376e-02
5.990518997556268932e-01
-4.685197545549428799e-01
-1.427868728145597288e+00
-7.436495103131014472e-01
-7.119774151916098415e-01
-1.109353632797937639e+00
-4.895819278980516609e-01
-7.686598926212920846e-01
-1.413583624734879862e+00
-1.062130676005138108e+00
-8.589196720032905574e-01
2.150500151467727772e+00
1.522244958865593301e+00
1.892602265824443020e+00
1.461420150750877944e+00
9.746124163120092332e-01
-7.657480424702047817e-01
-1.553456862347288414e+00
-1.257430694453154363e+00
-1.113207992950255854e+00
-7.983209934744598391e-01
1.537811289681997318e+00
7.130673083481309238e-01
7.835430867436274927e-01
-5.839117186058588871e-01
8.105560239218676521e-01
-2.231582576407542540e-02
5.432075830358100710e-01
6.524340792004059697e-01
2.144232044932708359e+00
7.970883497172918108e-01
1.139076864085542873e+00
3.484221307394465006e-01
1.486256742765066807e+00
1.580264419861268088e+00
9.278987871264251508e-01
-9.249267223472079635e-02
-6.020608795878000796e-01
-2.592252586965559935e-01
-8.819354567692370139e-01
-1.638596500235591780e+00
-1.061512890180793089e+00
-1.071310334687044508e+00
-1.423128858897977800e+00
-4.534534881217656688e-01
-1.470238686911450987e+00
-2.405969360970761528e+00
-4.886571121548919372e-01
-1.105722633038225267e-01
2.090110610503073119e-01
-1.814848974548548322e+00
1.143347021635231719e+00
1.502055035754560564e+00
1.576458075076648147e+00
1.910088019980482610e-02
1.745062567494788386e+00
-9.700001510719835629e-02
-1.632349078702783451e+00
-1.579141365304577382e+00
-1.997014414400237303e+00
-1.531268705470939295e+00
-1.250529835435654213e+00
-1.478553497091932956e+00
-2.385418690070732595e+00
-1.663761727873782625e+00
-1.461671947657294801e+00
1.501711250002295994e+00
1.045974509915582829e+00
3.907525818964652231e-02
5.826563780624424149e-01
-1.194030238401886379e+00
-8.234967544398272832e-01
-5.406629845154570235e-01
4.595616609717190215e-02
-2.132304664058175092e+00
-6.578543419354887511e-02
