-7.047624738618409879e-01
-2.650051048202677784e+00
-7.391343630407176679e-01
-9.361645417299400140e-01
-9.972300507521179025e-01
4.386631683442163698e-01
1.179185819231864940e-01
-1.895624126979643664e+00
-6.340806699524877965e-01
-3.745852809234047065e-01
-1.303973985987982198e+00
5.017691206918821756e-01
-1.846241993846629015e-01
-4.413478481764143702e-01
-1.387017430922842243e+00
1.781775863178615804e+00
7.249440294719328159e-01
9.801878203158528313e-01
3.331701718466434370e-01
3.860891299571973523e-01
7.993670080479992057e-01
6.720145529415205710e-01
1.243027491528287065e+00
1.335464366453411378e+00
7.475560371715104235e-01
2.024754384578637989e+00
1.886359757914815916e+00
5.546528346024141021e-01
1.046574447687226295e+00
3.776965001070781147e-01
-1.555563513003870746e+00
-3.987768504033164518e-01
-8.925652729899897775e-01
-7.050414363740125090e-01
-2.265321147296143867e+00
1.138372713700006811e+00
1.433872848508507047e+00
1.601370610632178559e+00
1.378659408805506414e+00
1.625150424090248347e+00
2.798676996254857663e+00
1.715812037845572124e-01
7.004995872359951470e-01
4.577746767441306375e-01
1.281122690869039626e+00
-7.056483165817694081e-01
1.090006472988576114e-01
-1.043983401320424331e+00
4.116537855661448475e-01
-5.532296283166391326e-01
1.409914807616037713e+00
-4.151122429251672408e-01
-1.790029469470202361e-01
1.061968243598229611e+00
-7.461850228987769729e-01
1.125375959313020591e+00
9.717058665109672422e-01
9.456098138317541313e-01
1.044443967161057252e+00
1.940212416780096039e+00
1.667382241836442347e+00
1.014160040618383052e+00
8.331729445876161488e-01
3.576278415483291617e-01
5.415720265399930344e-01
1.039372468495150192e+00
-5.831151633406950197e-02
1.297669367052397993e+00
1.170400481906083145e+00
1.190127791596092166e+00
-5.635760438895854874e-01
-5.504742890099351138e-01
-9.985784949845711855e-01
-7.796266988148353727e-01
-1.066654778578418172e+00
-1.578010585588458525e-01
-6.246515856495217234e-01
-1.670398054267389298e+00
3.029807761760152651e-01
-1.562381641932252707e+00
-1.476758636764111898e+00
5.215120961309356318e-01
-1.485562433075213740e+00
-7.152469216203141134e-01
-1.135964090441680341e+00
2.592362072129642536e-01
1.156173431826902354e+00
1.095280473695668499e+00
6.124262344622003473e-01
8.227101938209099297e-01
-4.501797311375403954e-01
-4.019154378174626396e-01
-1.565258035423176208e+00
-2.673527568356715012e-02
-1.496370760024707369e+00
-2.273779556236010357e+00
4.030469389400812563e-01
-1.238391087164144144e+00
-2.455408260385155916e+00
-2.637746972041198568e+00
1.321264120627861915e+00
1.082519617903073161e+00
-1.566517100926834161e-02
2.303447392428164875e+00
-3.378323575181343408e-01
-1.495657426163594206e+00
-1.077691193452393614e+00
-2.016011236702106579e+00
1.010994525559916646e+00
-3.489373840139328165e-01
-1.290697093693556674e+00
-2.434182697083941971e-01
-9.914313456973201655e-01
-1.173440296696126151e+00
-3.334776831792749530e-01
-7.913658559783590674e-01
-2.873011695537521781e-01
-1.496654912990955211e+00
-9.599492943927924182e-01
-1.575758562115177508e+00
4.337389727615037494e-02
-3.719520821227293439e-01
-2.137524209625771832e-01
-1.197933443299128209e+00
-1.065346553318764489e+00
1.603346888680289073e+00
1.270155014236832747e+00
1.937480267524370081e+00
1.087769455013564368e+00
1.631638224105146362e+00
4.891320677004218354e-02
8.934191428735958063e-01
-3.546469250941095552e-01
5.503497041163660786e-01
4.588877707249293669e-01
2.998252945677366554e-01
4.422860356500255552e-01
3.637002563366851238e-01
4.431590436854593307e-02
1.495987545871958924e+00
-2.196711059644926411e+00
-1.200259712421203773e+00
-4.177097090942288871e-01
-8.344218259436745333e-01
-1.888383682057704238e+00
1.658012424047069056e+00
2.278527362761135766e+00
1.315103626165925466e+00
-2.185857301669942299e-01
4.057352100343205592e-01
8.507336406498340331e-01
1.636126897073614472e+00
1.271723978211369399e+00
2.313449022226249596e+00
1.006342105218453575e+00
-1.655361516307083836e+00
-2.042673798612259617e+00
-7.640160529805786194e-01
-9.903458818997789015e-01
-1.695355011176413296e+00
1.015581795754332939e+00
6.602714394709854329e-01
1.330714571239401955e-01
2.122861779996434439e-01
1.375933154035391404e+00
-1.688556445271575779e+00
-8.148842322492548806e-01
-9.691644285756539912e-01
-1.216856260824075386e+00
-1.517795110534267966e-01
-1.271206836153461861e+00
-1.545597088143859654e-01
-1.025381295606641485e+00
-1.558957498386660312e+00
-1.344839849668193477e+00
-6.470178124924652607e-02
-2.168819572146527097e+00
-1.386383692225340303e+00
-1.012097815204390239e-01
-2.622863624239432090e-01
1.582286187246471076e+00
9.838040400664332941e-01
1.198381737435582295e+00
1.347582891229287538e-01
7.529313125447285593e-01
-4.081025906646609247e-01
1.484650022059176511e+00
6.050638361481458505e-01
8.019928822478439301e-01
3.429163729612532130e-01
1.427740710094709264e+00
1.833140566595109711e+00
9.779919091580080437e-02
5.722370944732441123e-01
2.069260038302780380e+00
-3.026199661998567603e-01
-3.671823437265955281e-01
-7.628667848228695147e-01
-1.356140734377295320e+00
-1.676503516672092520e+00
1.191170471004512121e+00
1.854033869852678595e+00
7.747295023690344840e-01
1.011243394339680579e+00
7.869515903447574789e-01
1.187417473318048922e+00
5.444093725887266810e-02
3.795524688151159509e-01
1.869397235024365500e+00
8.711614078769631675e-01
-1.063052582204740304e+00
-1.235592829940433734e+00
-1.101345954639307845e+00
-1.636619868112634713e+00
-6.763844096981317389e-01
3.268659031849445729e-01
1.512210334401274281e+00
8.063551500150707430e-01
1.712091543101367463e+00
4.185212168212533168e-01
1.051141204781548710e+00
1.720097832268050242e+00
8.076177086586298071e-01
7.305398746193628723e-01
2.264956302352572060e-03
1.223242498236118747e+00
-1.856366684081396379e-01
7.755328867437547569e-01
1.730551857497312662e+00
2.588421192219144906e+00
1.432842605045157924e+00
1.212331123917904652e-01
8.548005964659455280e-01
2.834003233793103149e-01
1.792821544361561825e+00
1.954318155441738813e-01
-9.892051536850121618e-01
-1.659202775925826767e+00
-6.551423885477261067e-01
-1.244407532023581231e+00
-6.435804500428962127e-01
-1.334256524091389728e+00
-6.551143834858328407e-01
-1.464367178576112538e+00
-1.478055175980873770e+00
-2.082617668471464345e+00
-1.490505355623170214e+00
-2.179031086960697694e-01
-2.401115510150511057e-01
-9.413014484024169182e-01
3.167737754049406718e-01
3.989678032568828581e-01
9.932309368879234102e-01
4.180632060589217769e-01
2.461751723219505195e-01
7.970928213208137159e-01
-5.554795506292897755e-04
-8.061608886502931171e-01
-2.157791831391426385e+00
-9.900651035184119264e-01
-3.896128166819214922e-01
-4.556746459936058535e-01
-7.927732825463777999e-01
-1.285719051783527966e+00
-1.378320271973316080e+00
8.846000647525086302e-01
7.422914455489324492e-01
1.912362082054119394e+00
7.469288390818027423e-01
4.705306913512785627e-01
-1.730863671220223887e+00
-1.383341872544877837e+00
-1.796531150859987935e-01
-6.050662912151111295e-01
-1.396345475910272249e+00
-7.040835049301371606e-01
-1.498542359638070476e+00
-1.680849646210699877e+00
-8.752392237828789945e-01
4.416336015142130478e-02
-1.885680512396703090e+00
-3.239609209613505403e-01
-6.813663027403521477e-01
-4.231532844442489338e-01
-1.783278691967079332e+00
-9.067720581061933238e-02
-4.370279816569966336e-01
-9.973779254999690647e-01
4.302474323170788484e-01
-1.335140526937633965e+00
1.255481647107611565e+00
7.498689741104352935e-01
3.269314203815179898e+00
5.986793298840674682e-01
5.798173595925040225e-01
1.531722689844889906e+00
9.235540443453478243e-01
-6.902525818641969124e-02
1.414596287571086020e+00
3.030031108172257515e-01
1.497638164812957751e+00
9.049136890733998628e-01
1.379193173657967453e+00
3.213598077814916465e-01
1.267491514753804838e+00
-1.540786672145908476e+00
-6.221122374983334424e-01
-7.171937703523963981e-01
-1.088929426851079851e+00
-5.306826642395308102e-01
5.328735582931487524e-01
3.047175177250740497e+00
8.834814233703091046e-01
1.605918596396802123e+00
1.705020223884900155e+00
1.627126704515123867e+00
8.927501378773036178e-01
8.342330958228423299e-01
8.622458628805925729e-01
2.474611618664300572e+00
-8.973710278374935623e-01
-1.033276369822275331e+00
1.765151024990654349e-01
-1.595394514053899870e+00
-1.222828572053914709e+00
8.822137053240081128e-01
7.369891618846973191e-01
2.198236957238417943e+00
6.829013268532806435e-01
8.545377457062824922e-01
1.271911523462081473e-01
1.372536758687181724e+00
1.991906832420262674e-01
6.155289780371410169e-01
1.576007118950850661e-01
1.058479514763116303e+00
1.201519060505460645e+00
2.117096360566535385e+00
6.759783717130730674e-01
1.383602486507414575e+00
-3.029473139698581896e-01
1.259624302816441332e+00
4.557038714300083448e-01
2.164026956671494695e+00
7.883803140291731903e-01
6.956978991748385965e-02
-2.057269521074789331e+00
-1.163561760732446437e+00
-1.067142801004239638e+00
-2.199939832453745581e-02
-1.428025677300870822e+00
-7.063161367468877572e-01
-1.436615035818394448e+00
-8.840420336016302505e-01
-1.355717144273925090e+00
-7.742665984352319342e-01
2.937414690911013260e-01
-1.084874449313493638e+00
2.154842196226924855e-01
-5.506415983003742909e-01
2.082709868574034395e+00
6.525298065623544863e-01
7.460056107472126108e-01
1.013677280022891924e+00
1.205978265305675645e+00
-1.882076032869270943e+00
-2.674645593950820022e+00
-1.740106030445000007e+00
-4.476150363722771752e-01
-6.307965259356267396e-01
-1.326481985228433746e+00
-1.045908983055691577e+00
-8.452920986673880810e-01
-1.720871098407466437e+00
7.584312040333867078e-01
1.470750853102448463e+00
3.138221716589457699e-01
7.641838792074188147e-01
1.565777801198812380e+00
-5.238153120727357948e-01
-1.990366445983602572e+00
-1.666791690837689632e+00
-1.225651081215213045e+00
-1.678683378059597775e-02
-2.049512572088129758e+00
1.004739248397045870e+00
2.010850170142339799e-01
7.248756149455177766e-01
5.531210263040825525e-01
1.818738151358570754e+00
6.862523693009077164e-01
1.872634050214805335e+00
9.275827868875048399e-01
-4.660344734066170780e-01
-1.421640657909208905e-01
6.968760773350490823e-02
1.296489966072260414e+00
5.530609940315698303e-01
8.895657455161483096e-01
1.233961864117658180e+00
-9.796950583921471001e-01
-1.601032573482168431e+00
-2.386213808908841383e-01
-2.029296377812809027e+00
-5.251725232094492934e-01
-1.514166411069552076e+00
-1.908227801677036650e+00
-1.796128755334519544e+00
-6.474834514908308636e-01
-2.303056663045379260e+00
-1.602628370012488368e+00
-1.562745885666190659e+00
-1.345754970207357459e+00
-1.186336414887070090e+00
-4.123383106553026867e-01
1.932594821658976336e+00
1.092467079654659834e+00
1.822602587404533070e+00
9.552716651824519900e-01
4.036348409651457914e-02
-8.099055842798569271e-01
-1.697696737925249888e+00
-1.675746416652271087e+00
-9.375057863298076333e-01
-3.928108770593540244e-01
-1.004927038260465144e+00
-1.630076721426193975e+00
-9.384836684295017051e-01
-3.726457170378938422e-01
-1.611591552892897683e+00
1.154680819023123695e+00
2.075770638504527366e+00
5.613437566478738372e-01
7.897992331561098922e-02
7.913937036789072677e-01
-4.466084789932893706e-01
-8.484833105421079047e-01
-1.731846230513847340e+00
-1.184651691548631591e+00
-1.036327861398263828e+00
-1.035321427905704361e+00
-1.522202495522677834e+00
-1.338456962316785015e+00
-3.374826880606944801e-01
-1.902342323739993679e+00
-3.851479225683293039e-01
-6.681651834738824292e-01
-1.662391069985784675e+00
-1.228002598101133547e+00
-1.454625545085971083e+00
-2.832491361472662117e-01
-3.022298403942689227e+00
-1.374998859659143147e+00
-8.236621580262298847e-01
-2.657247231379296082e-01
5.655357843848188848e-01
1.636130028018909499e+00
5.934377397848735747e-01
-2.084932456294275038e-01
2.063822940898407676e-02
5.799342762711969801e-01
1.313898825676198534e+00
8.352930287093739414e-01
1.257459066710135742e+00
1.391088074644322825e+00
-1.255673865764412866e-01
1.899087350592109980e+00
1.624784675459290506e+00
4.124790057738552118e-01
9.795588325504501759e-01
-1.395118512657306020e+00
-6.727428178028169725e-01
-1.202808858115820723e+00
-1.204170243175696875e+00
-4.216801094457198751e-01
1.402179717402182391e+00
1.119155907444420173e-01
6.216783042667246573e-01
3.319241901858612787e-01
6.619540695185596180e-01
1.295594076493347568e+00
8.597016450701033818e-01
1.196816441751773485e+00
1.011780017174652047e+00
-2.748711374067318580e-01
-2.222901675298254887e+00
-2.399770289965970971e+00
4.594495888100069703e-01
-4.977730186688442693e-01
-2.084817178725906661e+00
1.063181223878223003e+00
1.910296327164189734e+00
5.356025675557796184e-01
1.596928478869480639e+00
1.592561495118032688e+00
1.232396753421192148e+00
5.797943006647653386e-01
-8.431186164646113923e-01
5.697055087903772908e-01
1.634185899293765010e+00
1.457910328542113110e+00
1.063290389459040863e+00
6.173635629708040806e-01
8.536975051730724129e-01
1.189846779838814594e+00
2.289523449191877447e+00
2.135119077311117941e+00
1.176097716739936461e+00
4.734223083201992699e-01
5.123332255564191362e-01
-9.031375078844211535e-01
-7.001402824394902247e-01
1.127547095900556240e+00
-9.186289453236412550e-01
-1.123951133140895786e+00
-2.532236261139146016e+00
-1.120674987321296445e+00
2.307082001838378638e-01
-1.249287566206128464e+00
-3.241332671307588509e-01
1.481501119284840406e-01
-1.476262878025507153e+00
-1.230479550019635049e+00
-1.733743981406951296e+00
-3.010825237945884858e+00
8.206040014018711748e-01
2.483887030492864412e+00
1.717858619819727206e+00
1.309904323940196846e+00
9.175250719576011349e-01
-1.387062659173175394e+00
-2.177853288026108558e+00
-1.229887144864885595e+00
-2.502364026031580035e+00
-7.837989312255092544e-01
-1.048926945920830800e+00
-1.227327493347997844e+00
-4.277024987435096293e-03
2.409482420488306964e-02
3.348560394588115940e-01
8.172546442694739177e-02
1.163111603972510011e+00
8.026809939392374194e-01
1.269368705254207530e+00
1.014658269742831243e+00
-2.104127851771028901e+00
-8.311487608295848872e-01
-5.044411618890979332e-01
-3.417561440033323183e-01
-1.265553469518467367e+00
8.155562986231736922e-01
1.954267912262754647e+00
1.579474192122388043e+00
8.903916305379624418e-01
1.330283212164423023e+00
1.829430307407964307e+00
2.537515588899196928e+00
-4.645773687789369610e-01
2.135367106743467414e+00
1.383544181460639289e+00
4.450176255717723794e-01
-2.786811151169752421e-01
6.968986502922883686e-01
2.179462597665505541e+00
9.336294411535903670e-01
-9.010479856819242350e-01
4.781957573159039132e-01
-1.392638880275422375e+00
1.541905644533987374e-01
-9.851993580132516470e-01
-1.223527053097857031e+00
-1.980851754725976077e+00
-2.253291263995105709e+00
-1.367771874438199919e+00
-1.238274843422609850e+00
-1.276555904923200480e+00
-1.761209331224079744e+00
-1.617642000914750078e+00
-1.492663051585408240e+00
-1.992047551501193281e+00
2.251673946821747485e+00
1.215917562175175659e+00
-8.291713097208219807e-02
6.634336524488457787e-01
8.173230147992669448e-01
-8.213725982536939085e-01
-1.386117798796662193e+00
-1.545624886640623696e+00
-1.452930502118918943e+00
-6.754507894163714887e-01
3.376492505548587264e-01
-1.853392431245000971e+00
-1.257402953769767517e+00
-1.079406342455772716e+00
4.766337972273904100e-01
1.771224583821245924e+00
1.924781290030766367e+00
2.571505774410962619e-01
6.615881357341856228e-01
1.942958945841907648e+00
-1.259262877635185074e+00
-1.572398483172992023e+00
-8.281414323476355976e-01
-1.046947595844236023e+00
-9.060537740959078157e-01
-3.354065422842085198e-01
1.378547451435844451e+00
-1.231058414043087357e+00
-1.677298018513033728e+00
-1.776688957346455044e+00
-2.987378888308477531e+00
-1.385407080335014918e-01
-8.595677844378617483e-01
-1.128289975104257437e+00
-1.759833525626388839e+00
-5.968679990050912432e-01
-1.139428306855196249e+00
-1.313895025318061016e+00
-3.068404967611745304e-01
-1.873444261926593857e+00
1.485159415419495144e+00
1.841627247617537932e+00
4.287335935049196856e-01
8.812994172788770619e-01
8.838066267821932387e-01
1.123567235894178840e+00
8.007684177175643514e-01
2.263288280191977364e-01
1.122011035636271803e+00
1.259756682260491090e+00
-9.246534051092725193e-02
2.796016592370567100e+00
1.545601179357375843e+00
1.393138025150001624e+00
7.742086244604057255e-01
-2.653249613001904539e-01
-1.465494113870378090e+00
-5.089321474720134297e-01
-2.274770191949156750e+00
-1.184857857661400615e+00
1.474668519197319227e+00
1.251710872495376714e+00
9.804116963839120125e-01
1.319643935871386287e+00
8.578908395543970444e-01
-4.089427199311490568e-03
-4.343652045439239107e-01
7.771261081747817823e-01
1.526833094760063458e+00
6.622021399983455403e-01
1.839728156192816932e-01
-1.397465182534709083e+00
-1.224282758151363781e-01
-2.083252789848316855e+00
-1.438681608679070134e+00
1.078798816804108274e+00
1.207672089662613857e+00
2.388391406170170761e+00
-1.787390463938720586e-02
2.529889916742861899e+00
-5.935737626865028593e-01
-1.294831993723566388e+00
-2.789887070734501595e+00
-1.604164161598892857e+00
-1.025240420787389528e+00
-2.373830618807958537e+00
-3.836706008322695594e-01
-3.709082313147582077e+00
-1.126211887311836524e+00
-1.598367607540104096e+00
-1.514680780628281376e+00
-4.863542542348143760e-01
-1.197084913928638805e+00
8.471191748834854263e-01
-2.190702731107826651e+00
6.232385231563479788e-01
1.046613829416565000e+00
7.003921665601028357e-01
6.429982951473520725e-01
1.170358165613976542e+00
1.328002391215907352e+00
3.644613526905189360e-01
1.812486762054163147e+00
2.129210794612939495e+00
1.183014949017801687e+00
9.936337152381788940e-01
2.180060757915353697e+00
2.602327657582561571e+00
1.263066046792593822e+00
7.694062141528223986e-01
-1.082386730232015815e+00
-5.460444648948761248e-01
-1.436634682281864750e+00
-1.332931419793879524e+00
-4.183764402506938707e-01
5.331970230652823828e-01
1.090531250408228514e+00
9.748967785535055386e-01
9.184170486618856710e-01
3.559381582238253516e-01
1.630139636671823489e+00
8.170209500544116654e-01
1.302557715943399419e+00
1.594909755848405775e+00
8.638844860005524540e-01
-3.082768720280530950e+00
-4.233451937295455991e-01
-5.736939732777359691e-01
-2.299934531042964636e+00
-1.010866542599314855e+00
6.235579090917875433e-01
8.084805654914303252e-01
8.523303897098923887e-01
5.975232227853315425e-01
8.911665422339047904e-01
-4.623837302638383884e-01
-3.615672285526696506e-01
-5.902207631323429515e-01
-9.169370177251267018e-01
-7.098381946058118785e-01
-1.518638587099460091e+00
-1.735573179863606486e-01
-1.642211122145738056e+00
-2.485871920462718876e+00
7.139466629294677347e-02
-2.448581106837679933e+00
-1.251332277981411778e+00
-2.039286210730782756e+00
-2.443573896724446914e-01
2.499576068657813899e-01
2.205446784253053405e-01
1.444105156223195019e+00
1.276556591519115491e+00
9.536273413586580094e-01
7.282592721632741295e-02
1.812750079741366704e+00
7.672272438528319194e-01
3.673523860068372837e-01
1.050698743173178906e+00
1.447451058071538288e+00
1.925080519157717163e+00
-1.971707911039417560e-01
6.155442534449027114e-01
4.073805059304305143e-01
2.065302640212706820e+00
-8.666436373358854528e-02
-1.198498025252831889e+00
-4.796203729716159714e-01
-1.116724875696028185e+00
-7.802604084367384951e-01
1.492456584747404502e+00
1.323184577557698027e+00
5.396164675596339944e-01
1.275391907894651844e+00
1.607814786079488023e+00
1.066588548700660333e+00
3.911333304385126164e-01
1.212191737394227475e+00
8.210019692712501316e-01
1.270097659009577828e+00
-3.379978576383440014e-01
-1.933996186075248591e+00
5.573611888506468937e-02
-1.419663758602507153e+00
-6.966295506723159114e-01
1.056943136512879855e+00
3.536922686717789421e-01
2.828968426837810579e+00
2.209568888267185560e+00
-4.535557566437962151e-01
1.009954291783739411e+00
3.328733237228539421e-01
3.288293962720826302e-01
5.465963049967229592e-01
9.893697247674730910e-01
7.656184417925238073e-01
1.761521311023289460e+00
3.372817532971346122e-01
3.558860672079566800e-01
8.928402409502004256e-01
-4.844513671896639728e-01
9.929952567626876281e-01
1.332969622014691602e+00
1.329303196759834105e+00
3.295207256693347686e-01
-3.669183986824983146e-01
-1.067571704991026049e-01
-9.602907666323677871e-01
-1.399871183579348033e+00
-3.178621216572796726e-02
7.133015985458333041e-01
-1.432212885363169264e+00
-2.051514129557485688e-01
-8.820076439568366178e-01
-6.592368704315580974e-01
-1.876161973276529116e+00
3.431054166270364192e-02
-1.114253509680216858e+00
-3.908225634222850520e-01
-1.347740860403083829e+00
2.386964947403182880e-01
-8.130096763709397933e-01
2.705269578319231982e+00
1.487995500143805216e+00
3.079352056204955446e+00
-1.798704659508555181e+00
-1.783083829454949809e+00
-8.365373539397323865e-01
-9.586642687621997894e-01
-1.703923356249117838e+00
-1.911167373179512463e+00
-2.640367222969758565e+00
-9.111925484067930903e-01
-9.408635866400828496e-01
-2.729495210883920997e-01
1.391222400431278317e+00
2.456042297903182181e+00
1.937749417888255721e+00
8.066065365775196838e-01
9.828928844607730531e-01
-2.115939777603782268e+00
2.404126138848530214e-01
-5.156326113619096319e-01
-7.068558083228255740e-01
-1.149192613144705000e-01
9.403624142112303463e-01
1.472901624874932924e+00
-4.616405726311105795e-01
-5.785495579894033291e-01
6.675937970579833847e-01
1.441660048335773325e+00
6.806517851717238665e-01
4.130378955659947948e-01
1.154036281298795430e+00
2.255928710643518853e-01
2.411236814210594437e-01
1.132173777200187637e+00
6.338754950511812369e-01
8.673053008695141841e-01
5.737070963851533811e-01
-8.419033887728599730e-02
-8.422856617333214224e-01
-8.570134285646977546e-01
-1.660359296655448347e+00
-1.960733814063766012e+00
-1.222001946948362283e+00
-4.216553678861050258e-01
-1.629107515451025279e+00
-6.028667512338893308e-01
-4.143866254923311843e-01
-1.291022605266501255e+00
-2.400868734377143987e+00
-2.053069047594576979e+00
-2.432747912472592589e+00
-1.134531150639994657e-02
-1.185193320863507704e+00
1.265854519353070362e+00
8.683697191162460527e-01
1.127411402179848698e+00
1.938128123754476517e+00
-7.634398689679813277e-01
-9.740432925402965347e-01
-8.754862411581750825e-01
-8.952177329392042582e-01
-1.509008207834473758e+00
-2.190739610556692973e+00
-8.349975960171949207e-01
-1.463866938307583299e+00
-1.299288396516177002e+00
-1.432694989844674804e+00
-4.303392182961518486e-01
5.287972617239218298e-01
7.283679333979742321e-02
1.111608270560616507e+00
-8.620123201719800399e-01
-5.006904271991865496e-01
-2.831978649254502933e+00
-1.710640919405171712e+00
-2.056721137317925052e+00
-1.040305489103694248e+00
4.087841889090659819e-01
-1.491970955025416545e+00
3.865428761682097036e-01
-8.369473761171872805e-01
-2.748864823404170377e+00
-5.712847425772085153e-01
-1.328326622101331012e+00
-3.460048118221386027e-01
-1.565660818518587627e+00
-1.852395994823158087e+00
-1.548321377162546586e+00
-1.487591852389426483e+00
-1.311307661186109197e+00
-3.697630803691068779e-01
-1.549655692109981331e+00
1.024685400664097079e-01
1.532730035362652288e+00
5.993547143360576923e-01
6.826393546240450139e-01
1.081350913703172933e+00
1.570319867361935628e+00
1.001759121051347012e+00
1.773666245422516052e+00
1.820515926700983389e+00
1.784989541258551915e+00
1.386262832754457719e+00
4.306095815598329768e-01
9.395512343660209487e-01
1.810426838332196864e+00
4.859837492340194354e-01
-1.827471960505487880e-01
-1.734934466243448048e+00
-2.382506498200851475e-01
-4.986897583393216093e-01
-1.279961788621121643e+00
1.370836889645353107e+00
1.055447475920723077e+00
2.368150063706822461e+00
5.656002276689546804e-01
1.933251366442780839e+00
2.074380621128558921e+00
8.165774784659840524e-01
-1.529864759073018554e-02
1.917575099497570434e-01
1.059541948334949968e+00
-1.541963810303559335e-02
-6.964541219111912707e-01
-8.212102990213769882e-01
-2.408455617022289275e-01
-5.998102957782295297e-01
1.937953955132273309e+00
1.825217834918887005e+00
6.372075552970490886e-01
2.325476485138686211e+00
1.943771782889731847e+00
9.221536946995881889e-01
4.305435884740003161e-01
1.582776603780863489e+00
9.942955096986688668e-01
5.895996959835678730e-01
1.235662342340025699e+00
1.709961486828131427e+00
-2.382016398471258345e-01
1.291903045182360321e+00
6.395704957554262382e-01
2.539807791616390809e-01
2.303498513696874195e+00
1.280347573174183129e+00
1.573415868096386117e-01
1.958344066275258033e+00
-1.591739425517931350e+00
-2.240984118340593856e+00
-7.946125949426983137e-01
-1.834632009625569049e+00
-3.010352457250284886e-01
7.960209339165524867e-03
-9.590170750832764934e-01
-1.504886690391518789e+00
3.510878259347638419e-01
-1.068531262150683947e+00
2.302501871889011120e-01
6.538323830926204838e-01
-1.541056586994560273e+00
-9.829110604952099317e-01
1.068387048901022762e-01
5.184008591605969718e-01
4.835950863637975550e-01
1.485498476698351666e+00
2.243418816313851760e+00
9.106395883963367410e-01
-6.909930832383450738e-01
2.290662646510908118e-01
-1.990885549086838235e+00
-1.803990078824635468e-01
4.556745885023620879e-01
-1.092654139937597080e+00
-1.476113654522159369e+00
-1.834106597921026705e+00
-2.817009305693706001e+00
-1.338799422732570576e+00
5.133801866610928633e-01
1.710292038734455566e-01
1.396116947312548762e+00
2.273449379990704955e+00
6.310909489438615294e-01
-8.111476446983821864e-01
-1.332269408974445124e+00
-1.072064132890929056e+00
-3.189683902498514634e-01
-1.395712505927837022e+00
1.760190081189793254e+00
1.358064571344310689e+00
1.420010411275702822e-01
5.435398419140837767e-01
1.050634797820659605e+00
5.305980054483676600e-01
7.235568700381911356e-02
1.145277645719449566e+00
8.440888783469269185e-03
1.423763293396846485e+00
7.167094491100705067e-01
5.311686836052740279e-01
1.467091852825427534e+00
1.064384929576490224e+00
-3.103799575388650478e-01
-1.869892571354462518e+00
-7.501518631519710212e-02
-1.973462562135513076e+00
-2.109834551305043160e+00
-2.655015429738545318e-01
-1.038347583686777931e+00
-1.423634190340657080e+00
-7.088452426939493289e-01
-5.973594616347369657e-01
-6.826256506155811143e-01
-7.706499777921643757e-01
-1.833517134211236410e+00
-4.805036692810105148e-01
-1.918781419871600225e+00
-8.279088970427348482e-01
6.660287037213061812e-01
-1.250890632618939513e-02
1.439226079122240431e+00
4.941707991023807089e-01
7.565189681221584639e-01
-1.142796802016442959e+00
-1.271639017648264147e+00
-8.173454383548970359e-01
-6.127847819543179586e-01
-9.354231077652434001e-01
-2.095770512774753236e+00
-6.953449809934707515e-01
-2.670258403086056553e-02
2.734752839809160285e-01
-1.318867780845127902e+00
1.295531923511546113e+00
8.596984726748690964e-01
4.297785626749638377e-01
1.548768847636040613e+00
8.000294591952197276e-01
-1.861688118778459078e+00
-1.309116523873290472e-01
-1.937942204868683405e-01
-1.754761619471889356e+00
-1.727169386482653390e+00
2.536635750781283782e+00
1.725573965174669544e+00
9.992038184166807113e-02
1.297644242465035180e+00
5.465142081777450977e-01
7.064683066660000232e-01
1.665492599004564589e+00
4.935783454678573934e-01
1.345042214445729245e+00
4.094988693569171501e-01
1.088555575199469772e+00
1.231179009780602795e+00
1.081351829692755784e+00
1.805114196406929050e+00
1.725874574513961202e+00
-1.434364583757125500e+00
-1.517138021457527630e+00
-6.382394491307687989e-01
-1.724262858037913793e+00
-1.483846391492456895e+00
-2.401722533706855955e+00
-2.094660345368400733e+00
-1.457083425354635864e+00
-1.729184682743671875e-01
-5.151713983900443328e-01
-1.146846608291620440e+00
-2.349779203752078161e+00
-1.705965756798517585e-01
-1.201138569348597862e+00
-8.813487071322503308e-01
4.290081054557023377e-01
3.129303633736758572e-01
8.874762897809094220e-01
1.025388998386036699e+00
9.957522529365880892e-01
-8.294430947377027241e-01
-2.548007887737749222e+00
-3.544602061611361599e-01
-1.647955121263705358e+00
-2.237139224745577692e+00
-1.540289869481000107e+00
-5.909109874938742735e-01
-8.072514408665368846e-01
-1.005189971984961961e+00
-3.531143449562915704e-01
2.113110746444657018e+00
1.595717030067753450e+00
6.049775739489320348e-01
1.398042477807136086e+00
9.527552155464038552e-01
-7.681348024881273773e-02
-1.007272245512231823e+00
-8.789029760878852571e-01
-1.138452536167573470e-01
-1.388856292612942189e-01
-1.667198651440537471e+00
-8.826923678870097767e-01
-4.874847095803506170e-01
-1.552687949949710600e+00
-1.778915279063465693e+00
-6.139922114960028043e-01
-1.235959947131457515e-01
2.962630478979833004e-01
-1.134561884918050767e+00
-1.667048208262848163e+00
-7.072716820113154057e-01
-1.086120804888099034e+00
-1.364692877213511624e+00
-9.158122054657871214e-01
-5.112569441484218213e-01
1.536347730648591536e+00
1.400533303824137210e+00
1.875263927946817955e+00
2.291276870367541463e+00
2.295260830009771436e+00
1.550115891166306659e+00
9.247694876159402444e-01
2.896758816870842468e-01
4.300940200852957362e-01
6.927608364426074417e-03
1.972555185565507685e-01
1.006664683695837281e+00
1.690435916194620525e+00
7.846848394923886527e-01
1.542702713695194738e+00
-3.091230805414932892e-01
-1.569577270408970548e-01
-6.977394508519374483e-01
-1.413094050603541429e+00
-5.724222735408464047e-01
1.524238006267091716e+00
1.267581347265593905e+00
1.499608780912403017e+00
5.996093572726644005e-01
7.080894627038756273e-01
9.871172193059546407e-01
-2.181705189206373241e-02
1.250208656735125157e+00
2.270039263453794476e+00
4.742379459077217252e-01
-7.469342254637689749e-01
-2.343659674636400236e-02
-1.254573780047755216e-01
-1.498940219285937792e+00
2.047704658809492706e-01
7.245608439867797790e-01
4.502570052538579226e-02
1.250828310420715184e-02
1.099457468244704916e+00
3.868278454996350035e-01
6.966337851283735949e-01
1.248252772185206361e+00
8.678265344742037701e-01
2.294750980143642760e-01
9.994023605016786327e-01
1.593481332238828374e+00
8.858987103675541874e-01
1.744563017670508920e+00
1.368878268516437791e+00
1.731417276836570540e+00
1.886018188332362122e+00
4.528108470730944912e-01
1.713064328364832800e-01
1.279417800417651518e+00
1.576087498010844357e+00
-6.348545677759340755e-01
-1.661122752644807576e+00
-2.324311285253690684e+00
-2.121651286021248861e-01
-4.112461403163382156e-01
-7.442677239304942294e-01
-1.240903234238840858e+00
-1.436007097585162207e+00
-5.967639822255972337e-01
-6.082937327962287810e-01
-1.508481991736121186e+00
6.373552174391938774e-01
2.774488630369256192e-01
-1.794065756405946344e+00
-5.389822677623943292e-01
7.513352023412203096e-01
8.745459576312037964e-01
-2.595966982219806152e-01
2.602350183097605907e-01
9.647823385010783070e-01
-1.143043471770524011e-01
-1.730904062434494239e+00
-5.884797751652987019e-01
-2.456528744556215837e+00
-1.895631546726360916e+00
-6.769230744662160237e-01
-1.410037630152409349e+00
-4.683722134585732721e-01
-2.119096310898100910e+00
-4.266388718155290638e-01
1.036789192641986990e+00
2.192190786464056629e+00
3.402175818741942637e-01
4.086157535665069229e-01
2.425532299139062431e+00
-7.018570389410317967e-01
-2.576528691914258928e+00
-5.181812507745473528e-01
-1.439664576955493880e-01
-9.355597008165709161e-01
-2.322663398581768845e+00
-8.190009568731337897e-01
2.424122019634764591e-01
-6.857368291754515344e-01
-1.099701585187840003e+00
-9.931622264877750794e-01
8.062209323638338532e-01
-5.434349273702610006e-01
-1.765170208527585105e+00
-1.276443083619166030e+00
-1.049895915064707586e+00
-8.857604090524918705e-01
-8.316187998563997485e-01
-7.957629693083336786e-01
-1.709196122094360337e+00
1.909990950111462693e+00
1.157156416455155989e+00
1.724551711496530082e+00
1.833026430847379595e+00
7.273883463047561282e-01
1.391909439273387505e+00
2.163638725168889110e+00
9.700129569555138165e-02
1.031305069035712396e+00
2.091061706117474550e+00
2.275266411984084858e-01
8.529638513869930438e-01
1.052350755668082449e+00
5.984954062425015264e-01
8.910514609828813493e-01
-8.683946144782760390e-01
-1.452023876837127414e-01
-2.640391758533056077e-01
-1.938673769064318098e+00
-1.187061370094535606e+00
7.348623742927860025e-01
8.886916189195439575e-01
1.334202963036056788e+00
4.355774225024524604e-01
1.416984406208157354e+00
4.720904577657809575e-01
9.257045973956884444e-01
-4.000246389221291388e-01
6.979932480973297659e-01
4.927524794443948197e-01
-1.994666214233422830e+00
-6.468914681273236766e-01
-7.498427544420580571e-01
-1.173748287687295999e+00
-1.029313482633017696e+00
8.044986938714071556e-01
7.094895572091640679e-01
1.356541885012496618e+00
2.538492422900890944e-01
3.618372550855576408e-01
9.342854818361684410e-01
4.039097108002412950e-01
1.369080120450071103e+00
1.308293915745809555e+00
1.002004142501072170e+00
5.019016929949374761e-01
3.011264761141403401e-01
1.552158047771462490e+00
4.824171663729726056e-01
1.610835052521335520e+00
1.227798669917704366e+00
9.041652235315885688e-01
1.554985086791238036e+00
1.342664251048648616e-01
-8.028841577703236254e-01
-2.132148487104319479e+00
-2.457962459787992326e+00
-7.393050150382618479e-01
-1.625055837329747011e+00
-8.763585853391981928e-01
-1.105508530688204649e+00
-1.645350790786769712e+00
-8.536625474251389178e-01
-7.917304741383113242e-01
-7.626126074652821440e-01
-1.521414160004554539e+00
-9.735235468896764610e-01
-1.525015481738977607e+00
-2.671108051844028886e-02
-1.521642181971829988e+00
8.423031029762169108e-01
1.384503136835587345e+00
-6.127263245462160057e-01
1.255088053897355005e+00
1.554885899161292162e+00
-1.494387208602182771e+00
-3.625548624975479806e-01
-1.236926746756439766e+00
-1.378787708245960086e+00
-1.340646582206614701e+00
6.698630391245208315e-01
-1.224336997261200821e+00
-3.324322143597936430e-01
-1.537686072823271299e+00
-1.397348761290945429e+00
-1.905023438787923240e+00
4.195025814569586231e-01
2.231465298079012838e-01
1.332596849033396147e-01
1.312197396043122133e+00
-1.286133625937019076e+00
-1.413059960310365737e+00
-6.097762772475036064e-01
3.107226543990402323e-01
-1.545989963245427479e+00
-1.644550093461887741e+00
-4.876891685640027951e-01
3.456014531148057234e-01
-9.120157931817721719e-01
-1.078613678588844493e+00
-8.556121377497951652e-01
-6.492765903104645853e-01
-7.351421550027406049e-01
-2.787714775144886081e-01
-7.432283634554731622e-01
-9.239564791519335740e-01
-8.246433709072606977e-01
1.968087514536265292e-01
-1.982422792466718819e+00
-1.311530545813015536e+00
1.335541345088467224e+00
1.499295023923324699e+00
1.171432718767070114e+00
1.337099857910747147e+00
1.483597488117082808e+00
-8.922466535974482582e-02
1.963427491156690463e+00
1.884422740022378751e+00
9.780002922220248918e-01
1.631137673954059952e+00
1.267018915611416885e+00
4.993128272783408095e-01
3.329288622132977604e-01
1.274151348192089417e+00
2.469132694859689447e+00
3.948281420273622722e-01
-4.081514616948517249e-01
-1.092918935235878353e+00
-1.122022503665871529e+00
-2.417564506244984646e-02
2.098830053951341590e+00
-6.039801533307409542e-03
1.304873647515333746e+00
2.075877488657508874e+00
6.103062032118663494e-01
1.488596974446434018e+00
1.358660585593246761e+00
1.573394728435704826e+00
-2.513930432592257347e-01
1.020883694973842015e+00
-1.506602094221579424e+00
-1.146738686836593413e+00
-1.323943090625998797e+00
-1.557817660968565887e+00
-1.345216411987194327e+00
1.030620751631178944e+00
1.744313644227646343e-01
7.859201213433235633e-01
-3.837566468719622037e-02
1.518446254621089730e+00
1.244188660140303826e+00
-6.198444955016588764e-01
1.468825455692979620e+00
1.449496865830817827e+00
1.622782923967049040e+00
4.030664931558625153e-01
5.002833243477400327e-02
-1.638282139012460892e+00
1.318111479758957039e+00
3.045862492866046045e-01
3.513810512132563568e-01
1.217726011679062914e+00
1.565817186714054010e+00
1.530270728567914018e-01
4.723328945466940265e-01
-1.017048689048370980e+00
-1.615407745515253790e+00
-1.108564486628015322e+00
-3.299974486408150831e+00
4.087455065743896832e-01
-1.043176202048225809e+00
-2.036989090506540201e+00
-2.425757754137515487e+00
-1.719368378200725855e+00
-1.684938914209408889e+00
-7.788729423284073139e-01
-1.108494529430836595e+00
-2.530833431624328611e+00
-7.907347963459614437e-01
-4.981198621512483715e-02
4.656923122146759964e-01
1.653598405471565780e+00
1.310093219797873187e+00
1.101113204486611874e+00
1.278153934165000338e+00
-6.870675397930883221e-01
-7.924812166783936629e-01
-1.557861455728362099e-01
-8.210752625623516376e-01
-1.130913361088194513e+00
-1.521306443430667343e+00
-1.347496677570490409e+00
-2.557451042577297828e-01
-1.232127676374594971e+00
-1.154638781278542137e+00
1.275699853615682944e+00
6.925743893708062870e-01
1.520278779827956894e+00
2.039008018440485515e+00
-1.275595280533861064e-01
-1.976971696629119535e-01
-1.252148636350292499e+00
-8.110059081077420906e-01
-2.012400260074885150e+00
-2.698695134378643168e+00
2.186035193690532452e+00
1.154954654819180915e+00
1.123356043340806298e+00
1.715450589851851282e+00
4.688002246537168460e-01
1.837333542889103111e+00
-2.606345243043715065e-01
3.042245713898310555e-01
2.586892799948883770e+00
2.475146147419131193e+00
5.381968506482686099e-01
1.591202654490197599e+00
9.326097358784004587e-01
1.662531149430618971e+00
1.971704713254581076e+00
-2.839120166872947104e-01
-9.586030070109889945e-01
-1.953114243728527821e+00
-1.545471952585108610e+00
-5.499790515935685242e-01
-4.939847931892380473e-01
-8.735099328422739617e-01
-5.634139346645369306e-01
1.055130811071744112e+00
8.281681882007703166e-01
-2.068523498785507453e+00
-3.819672964533600279e-01
-4.817517598248409749e-01
-9.836028245263885861e-01
2.599434035641232654e-01
2.086769299987889514e-01
1.414425017438626142e+00
8.334674223196554266e-01
9.483809947537391594e-01
1.414455419648910084e+00
-9.704687151826363323e-01
-1.414291083485561984e+00
-1.327948404228850965e+00
-4.961275962074318535e-01
-1.432102705994017677e+00
-1.110741148123594479e+00
-2.920963436512217237e-01
-5.650901541644746118e-01
-8.361932519908987782e-01
-1.550956163882019290e+00
6.215857702239964144e-01
1.245912472400254600e+00
9.852770644841558623e-01
1.453363821993670646e+00
2.878451526820696937e+00
-1.407751645154078801e+00
-2.438663893348040013e+00
-6.200328200496192377e-01
-2.397647703512428397e+00
-9.248131631518935469e-01
-1.796233194147238699e-01
-8.781855076665359139e-01
-1.609829144653804889e+00
4.380888217344924840e-02
-1.068218085636093218e+00
-1.223800779253862991e+00
-1.107766455350709389e+00
-9.661769506699970922e-01
-1.375207788975948864e+00
-7.952579345946630962e-01
4.887742117743569814e-01
2.062742116188172048e-01
-2.546181109364299644e+00
-1.665867816609019503e+00
-1.556089313729972501e-01
-5.678630918121343463e-01
3.192447177262048852e-01
2.193736969590299068e+00
1.153122980522607532e+00
-1.326810491207450760e-01
1.409605571095243537e+00
1.936089030342325490e+00
1.077757229904529934e+00
1.186093191338364550e+00
3.040015320647857067e+00
1.276343283730839051e+00
8.667029228130396223e-01
1.010443219974932472e+00
1.787552584528198096e+00
7.737638649623561626e-01
-1.781876248149467656e+00
7.923110286626489085e-02
-8.367797703953020472e-01
-7.973787720167919701e-01
-5.172856094259512538e-01
-1.660815238814539185e-02
1.252432460757319621e+00
6.480675928463655033e-01
1.882664422766563650e+00
1.893910886272833549e+00
4.809675343460948493e-01
-7.925784088550285045e-01
1.397994136899968431e+00
-6.511584821667502077e-01
6.924226676941211966e-01
-1.533189127143533170e+00
-1.575937219405085798e+00
-1.395784771374130706e+00
-1.412867556157082927e+00
-2.023079349239522706e+00
1.840398076215018941e+00
1.250357738727466250e+00
8.509250283621869748e-01
1.079343136354491417e+00
7.141849391227244048e-01
1.945594459568114054e-01
6.827521285269646523e-01
1.234440668028719656e+00
8.771911244088650417e-01
2.201816968284118659e+00
8.535562833181993270e-01
1.236649411918814945e+00
1.600354197153785130e+00
4.105342200504892292e-01
2.541667051301126357e-01
1.276377358766878523e+00
4.278270069383702801e-01
9.413029205451216574e-01
1.144784607796786258e+00
5.989417382929316247e-01
-1.349330959844319278e+00
-3.088361240407477837e-01
-1.588758168008111538e+00
-1.982880461980956133e+00
-1.833023579820892701e+00
-1.755352396259408865e+00
-7.727825202934310855e-01
-2.234879244482388394e+00
-3.899687195794810934e-01
-7.709789519324070639e-01
-8.484924939995402982e-01
-6.840221868445088838e-01
-1.051333596114954583e+00
-1.325861271965445898e+00
-4.210160149519382999e-01
1.647195128025612521e+00
1.056863925082618616e+00
4.485210550027408649e-01
6.138817618720742164e-01
1.547369248902294547e+00
-2.117933433840744062e+00
-1.945850873126392599e+00
-1.040034713996757620e+00
-2.308487821874735779e+00
-2.442212617071971570e-01
-7.007482568004175238e-01
-5.212700029228301002e-01
-1.240188131971818652e+00
-1.201421433857205345e+00
-2.375104639738577550e+00
6.861317338858341497e-01
1.450848631674881872e+00
6.019002197241638541e-01
-8.977662939931452257e-02
1.371981511665703035e+00
-9.564467617539512689e-01
-2.152473391217009091e+00
-1.882811555233609546e+00
-1.247984470650584266e+00
2.881183566148564079e-01
-9.397414911135736348e-01
-5.448861412315814112e-01
-1.063169162296127457e+00
-9.171612057110543059e-01
-1.271902524348651919e+00
-1.833135364791955713e+00
-7.828598085058615652e-01
-1.952674378203104189e-01
-1.090412460298090691e+00
-1.039687691974824801e+00
-1.334293231301220573e+00
-9.557874150959717596e-01
-1.795838075304707626e+00
-1.202131869532117481e+00
-2.806893217387207873e+00
5.554141613767711316e-01
7.008370032671839001e-01
3.368169217108335500e-01
1.003929560602657256e+00
1.032203952166515615e+00
3.182134584954054990e-01
1.231568634798052786e+00
1.317843091752272988e+00
1.774175862311976992e+00
1.382349221081767610e+00
1.751043989786798871e+00
1.912646215999268318e+00
4.721486948782336324e-01
4.230701971209124279e-01
8.048851654516606668e-01
-1.104113216922233187e+00
-1.956526517045420466e-01
-1.163531560414981403e+00
-9.211676205897860736e-01
-8.011301923508360456e-01
6.602792955530411012e-01
7.145640996879749629e-01
3.184349230055907309e-01
2.348624116883302193e+00
8.630869421610039005e-01
1.580482442041958979e+00
-5.377000464156189707e-01
1.117341464231121906e+00
1.745403036003657427e+00
1.077173016924600102e+00
-7.882311588623925891e-01
5.349383681072088503e-01
-1.460889045539223385e+00
1.749334171014356176e-01
-1.243463402000219542e+00
7.699310034638271460e-01
2.698591362272271699e+00
1.382875671283286589e+00
1.927247716225548579e+00
1.017203863708375344e+00
-2.190774937264581279e+00
-8.631406934942279507e-01
2.256521891832292681e-01
-2.068747435137201940e+00
-2.069014626270893498e+00
-3.894607917327609359e-01
-2.207574288387937234e+00
-5.794812817871248800e-01
-7.642296851313417072e-01
-2.551732838091575584e+00
-1.256525474103649342e+00
-1.817362097673761667e+00
-5.320708565375459331e-01
-4.418726645543324949e-02
-1.376454764182369228e+00
6.003178477804830271e-01
1.786239602677198945e+00
-9.154643188236111229e-02
2.209007029098907449e+00
2.023007451055025996e+00
9.503089598759149048e-01
9.829499196435753650e-01
1.191939715836932923e+00
-2.377034639397670457e-01
1.719727831360249981e+00
2.326343999038410493e-01
1.683959959708581700e+00
1.587459159972750777e+00
4.992942041194643465e-01
7.845917841214729016e-01
-1.139415482971316562e+00
-4.806512796279833744e-01
-4.518808834668170960e-01
-5.219849626221566563e-01
-1.197640650240463289e+00
1.701361514221044091e+00
1.274030658732167698e+00
7.462448081250173670e-01
6.096275023749770927e-01
2.227146561960249294e+00
-5.709924047695373872e-01
1.228568028527698974e-01
4.183209859230656580e-01
9.653466509061601197e-01
1.482425778988624598e+00
-4.597115085979490701e-01
5.386001807015474707e-01
-1.830118904731939278e+00
-1.426058858017901887e+00
-1.799462118269572475e+00
9.115641998262078438e-01
-1.657343560964830154e-02
8.153756142691258590e-01
-4.431145593698120333e-01
5.558875054108317615e-01
-1.637741503632466955e+00
-1.875624974061949723e+00
-8.139629750956220988e-01
-1.119236477183672029e+00
-1.578878405682694996e+00
1.697406729408525994e-01
-1.941285725660214956e+00
-1.133359735748765473e+00
-1.373136691195602221e+00
-8.236434058724804164e-01
-1.161752450592266728e+00
-5.398309785657099402e-01
-6.460274984175562452e-01
-1.186929458106474877e-01
4.065708897590794013e-01
2.341293238516019670e+00
4.871379994152255088e-01
5.170771993780535203e-01
1.147637739435947601e+00
1.008407592623358440e+00
8.878244229108083196e-01
1.141859957574744788e+00
1.165765387649785989e+00
1.143689642231152659e+00
1.423773467392027481e+00
2.020171699380565400e+00
3.541281877768879260e-01
-2.124550253148904666e-01
3.365919668800034792e-01
1.375503230287015377e+00
-1.391179889608386011e+00
5.453456262822071743e-01
-1.754993353485464480e+00
-1.511134322197774438e+00
-1.464582187124574775e+00
4.729520245171560111e-01
2.049564966224668439e+00
9.161170194043789516e-01
-3.599731856604750924e-01
2.319240241343305975e+00
1.657928738687246994e+00
2.438974612548614918e+00
1.342404995290746861e+00
1.820930719690678767e-01
8.463237326535244520e-02
-1.836199215872120094e+00
-1.015961367472134169e+00
-3.539315712106557710e-01
-6.871521001482138180e-01
-1.475319361841162413e+00
1.640055388127200420e+00
1.945149040243953298e+00
1.657115120836201161e-01
-1.321715215005323962e+00
1.169289683960529125e+00
-2.222283910610227231e+00
-1.054021970735619540e+00
-1.028366772695076481e+00
-1.494333879518146446e+00
-7.969125901362272835e-02
-5.876169272160481905e-01
7.255510283896136059e-01
-9.715728637784035726e-01
-1.037002987137480403e+00
-8.720588236510876667e-01
-3.598068808138010777e-01
-1.636091390437875548e+00
-3.191508408748886527e-01
-2.144317487964572777e+00
-1.536520446088042835e+00
1.957146752698192937e+00
6.053251636182355178e-01
1.644704958121093075e+00
9.231988964930840647e-01
1.420332885871982587e+00
7.189148146533077544e-01
-2.151251507730409518e-01
1.233932307679326934e+00
1.297417793328814462e-01
5.198333465478839344e-01
6.329173373825562887e-01
1.246735462243614645e+00
9.738881894919942939e-01
1.697568756004784962e+00
1.525776828684386466e-01
-3.566435351904073681e-01
-1.467846425204072380e+00
-2.495714894618092039e+00
-1.256751167396418012e+00
-1.106863533013829448e+00
1.351817720612709550e+00
4.936943057714975325e-01
-3.511645217033971811e-01
-1.183659357022359693e-02
1.698830975991478365e+00
1.421899241233655076e+00
1.261424931565326535e+00
1.181869384879784768e+00
1.327274253410105631e+00
1.383076560391400811e+00
-1.299434536243223803e+00
-1.669748687902108175e+00
-1.242865041117141134e+00
-2.486191618889197930e+00
-4.737129715015202525e-01
3.536228160529916176e-01
8.832724397390399051e-01
1.144468510943688955e+00
-4.775809198300895453e-02
6.607156411699650622e-01
3.391400014917638206e-01
1.129717685270635208e+00
9.587861119841192270e-01
1.660124116108292025e+00
8.842739772117163000e-01
1.670112823018963244e+00
5.215712064952776617e-01
1.209220895004023966e+00
1.038189297527732702e+00
4.785506945625075392e-01
5.133906633171823053e-01
1.837790820550158521e+00
2.303831739694877090e-01
-5.163550062370556581e-01
7.775802685665738068e-01
-3.156465071946034096e-01
-1.603106619829200774e+00
-6.343299752705300332e-01
6.042024450022553950e-02
-2.128882521171600928e+00
-2.383951137581928226e+00
-1.910200564287382496e+00
-9.523755901414737712e-01
-8.463515275564661433e-01
-6.072971918263464497e-01
-8.621307819134611528e-01
3.214338466062485189e-01
-2.571211483711404178e-01
-1.471854710523215370e+00
-9.879006454688765704e-01
1.324071807156878666e+00
1.919389571271645556e+00
5.858914248737799868e-01
3.610877025548075991e-01
1.020714776559825454e+00
-3.165735298939575948e-02
-9.548927219325042959e-01
-8.064661742660899080e-01
-7.447600040823780798e-01
-1.808175361577864848e+00
8.025309491165031339e-01
-3.933210247813383464e-01
-1.041510828901438090e+00
-9.701743518767090846e-01
-2.250103014005424562e+00
1.586728718162613516e+00
9.739162418646502006e-01
9.451076539153246969e-02
1.065448685609126089e+00
6.744979987407124788e-01
-5.357285775617141033e-01
-9.094972712279498772e-01
-3.155518586761868471e-01
-1.433836205554903431e+00
-1.676196966321061188e+00
9.951146252537516057e-01
5.598874430095359678e-01
9.363652912212482304e-01
1.611923506992926081e+00
1.833649784948282679e+00
7.968654445071436943e-01
1.738105389437667014e+00
1.961906876932663080e+00
1.746510522973250712e+00
1.262388371788527586e+00
-1.963588082118521871e+00
7.847387395352289907e-01
8.664874073573998192e-01
3.383586881672906443e-01
1.055265167486922007e+00
-3.106000094445384718e-01
-7.223088388158516171e-01
-1.559284220215583439e+00
-1.507185505424826211e+00
-1.137221981832778450e+00
-7.989511352477806083e-01
-2.202913291862031997e+00
-3.203594893774197594e-03
-1.256144355836411153e+00
-1.954611055748024517e-01
-1.163605216031500023e+00
-2.633939716238031803e+00
-1.074488742874098346e+00
-6.450717023857306387e-01
2.211871272454946080e-02
6.766707695170794956e-01
8.361710383038405414e-01
1.432477157316931038e+00
3.586564508371250515e-01
1.612924827509849779e+00
-8.230780457611787115e-01
-1.348032616471478207e+00
-3.023824332917239843e+00
-1.347657223100687141e+00
-9.230029970336819378e-01
-1.212682550643970014e+00
-1.341594741425196080e+00
-1.130288149016058785e-01
-2.215111331239296710e-01
-2.662934196521810071e-01
1.762123756296914978e+00
8.743753995202100393e-01
1.142689699154156191e+00
2.762188186171700366e+00
3.568922372558724909e-02
-9.994432646518001118e-01
-6.534216881364647289e-01
-1.195507259508202580e+00
-7.415873379590229852e-01
-7.313700378804099955e-02
1.389348619249995087e+00
1.186546912514833796e+00
2.363728094674242719e+00
6.067044167751365347e-01
1.236855598934173628e+00
8.608173269999654931e-01
1.234886345664274243e+00
6.913752328105171596e-01
2.736201056421840416e+00
1.292738456292915838e+00
1.236863705532862845e+00
-8.186422636106165385e-01
1.276103489256270151e+00
1.412210338630531137e+00
5.750866703618693343e-01
-1.927707926156371654e+00
-1.212434077998234327e+00
-4.184464791602275913e-01
4.621906409778300251e-01
3.259805064728897861e-01
-1.562079761183092774e+00
-1.193712557549690967e+00
-4.646175216791407214e-01
2.105865394049049044e-01
5.508066184620874495e-01
-6.735178714727053650e-01
-1.129764458596879129e-01
-7.116650366404881911e-01
-1.010264091101453543e+00
5.364476223563352519e-02
2.413126215575575717e+00
2.156199156824440077e+00
2.338711019673703539e+00
-8.020227249935505398e-01
4.577178568188177143e-01
-1.501630280537241902e+00
-1.846898808096343991e+00
-1.874540625571403663e-01
-1.496650326199929992e+00
-2.246942606673148823e+00
-2.046880978894745517e+00
-9.361210806175758181e-01
-1.601805046026540724e+00
-2.171470537512055543e+00
-1.289281221302955860e-01
1.063550955512049256e-02
1.540898109938426686e+00
1.695546326538005744e+00
1.743263612767186999e+00
1.215634378477894684e+00
-1.734786141756341715e+00
-1.070086924487996249e+00
-1.837904898128372100e+00
-1.002331509583966662e+00
-1.626049158351403401e+00
-1.725963887300030475e+00
-3.580838214786088436e-01
-9.604649817706322201e-01
-1.051086572887648174e+00
-1.464850000970255639e+00
-1.280332747324044451e+00
1.574544923356657744e-01
-1.868512320353632683e+00
-7.841215730823989372e-01
-1.334186129051077252e+00
-1.557522661892723148e+00
-1.001620819264778195e+00
-8.950570707489523548e-01
-4.665631386506070566e-01
-4.257486734897111269e-01
1.159410953136660094e+00
-2.026905970795755962e-02
1.075423056125193844e+00
8.579906289145827758e-01
2.030034162233530504e-01
1.225651672703857775e+00
1.526401412845002969e+00
5.133582180877684920e-01
-1.094482319159992834e-01
1.844532312074958158e+00
7.186462965249875712e-01
8.948880981818317926e-01
1.570070364512087480e+00
2.064009250705373777e+00
-4.314059917236217068e-01
-1.734382327714110161e-01
-2.337876371766086869e+00
-7.398144979006655575e-01
-1.661999882162800146e+00
-2.174548813480619014e+00
-4.734633671206545102e-02
1.553942699729472299e+00
2.201514334014644803e+00
2.954548701032319036e-01
4.388286398245689890e-01
9.720092518222378519e-01
8.395845243246822243e-01
1.780776045199705671e-01
1.800069586077168493e+00
1.383571420102381211e+00
-1.767547451226191058e+00
-1.394382952483644189e+00
-1.439169151493561838e+00
-5.618772311585347179e-01
-1.432652720344128827e+00
1.505302682841775042e+00
1.193860833947061106e+00
1.039793183568930468e+00
4.714650526721424484e-01
2.044476494644657194e+00
-1.970466954725378361e-01
-2.163135091307760938e+00
-1.371051315673121884e+00
-7.823771265954253540e-01
-1.353305647979777815e+00
-8.269822971445210946e-01
1.073071023035054861e+00
-1.635308062976494892e+00
2.968406270181778162e-02
1.441134025972661270e-01
-1.423116855291761906e+00
4.591244613180751610e-01
-9.015979506240520136e-01
-6.844081864766449197e-01
-5.342647073029026528e-01
3.860487246323563992e-01
7.637914041760048844e-01
9.935528263023529760e-01
9.350563494454540159e-01
-3.442296688346977440e-01
7.447406211460139147e-01
9.258692945102764416e-01
1.412834772003883632e-01
-6.996571322774554069e-01
6.624534481918671336e-01
3.751037892514765826e-01
-4.007755537300143889e-01
1.596376529550032952e+00
5.467173630065923495e-01
-1.675627044226546403e-01
-1.354907885485370667e+00
-6.967684348710736497e-01
-9.065647669389981234e-01
-2.393397775107813708e+00
-1.530456944162859045e+00
1.235414422964564052e+00
1.387747876531002511e+00
2.329534522812084507e-01
1.444468692151657185e+00
1.753410856545013718e+00
1.189056300552532974e+00
1.295621908404304135e+00
2.691471488184846272e+00
1.023209378016055826e+00
1.628385351662354319e+00
-1.249142263457417190e+00
-5.112073192547264000e-01
-5.871537932370611834e-01
-1.395930285074169053e+00
-9.835834869337358732e-01
1.102629230667736548e+00
6.717066842313308417e-01
6.650762492944745086e-01
5.140395487985586209e-01
1.255700706717079118e+00
7.952825313192115608e-01
6.967200029434843511e-01
1.007483182899424623e-01
7.839080308632314642e-01
3.389019816604351698e-01
1.995253725774842835e+00
1.063135484577971690e-01
1.120800591811701663e+00
8.192709185070086164e-01
1.986377660754882202e-01
1.114113809774399000e+00
8.279394271988554932e-01
1.050566814327582810e+00
1.300684451775117045e+00
5.353916984588988903e-01
-3.420505218647175161e-01
-4.543076936012102607e-02
-6.069354541045179907e-01
-6.236159127165804561e-01
-6.162400491551730530e-01
-5.024772305755368373e-01
-1.245197138158128158e+00
-3.640381209644703020e-01
8.595145216210364758e-01
-1.995646695515651547e-01
-1.301823570844031996e+00
-1.168755678327626946e+00
-1.512410206683724834e+00
3.001198198769337022e-01
-1.124841630044668417e+00
1.905816783937478887e+00
4.416437701118151038e-01
1.023748883906652418e+00
6.829845500777562695e-01
1.314901937984961577e+00
-4.623454517336598180e-01
-1.034997060013199910e+00
-1.479992117154434794e+00
-6.553651811383711667e-01
-2.024374219342337522e+00
-7.271598824318891152e-01
-1.625697007533609018e+00
9.467653890227967217e-02
-1.961519387845441775e+00
-1.577766459883695127e+00
2.681454910984709672e-01
7.475063018000615012e-01
7.237231232264473846e-01
1.173084568347666501e+00
9.471346719845183948e-01
-2.392474708503755654e-01
-2.465209266174170022e+00
-9.535815540365266685e-02
-2.462223191119832677e+00
-1.107279102837480877e+00
4.974188820803800981e-01
1.216290958203675165e+00
2.498661577812113066e+00
1.165637443910734206e+00
7.279100308341936998e-01
2.136592044447811922e+00
7.413993275105468239e-01
1.214077294905731685e+00
7.416240355221127567e-01
1.497667786212527830e+00
1.437206921754883515e+00
1.790329725175846320e+00
1.442003533478176891e+00
2.022715788396855174e+00
1.247861958591493847e+00
-7.445201890364965269e-01
-8.669417849431380052e-01
-1.318647190890273269e+00
-1.111423630269738005e+00
-5.278563558350524154e-01
-2.204126065998647910e+00
-1.345391653091001949e+00
-6.905510731459526541e-01
-4.950216213440130630e-01
-7.572109025860177534e-01
6.796376235258263510e-01
-1.328357693534636397e-01
-8.921876986417666133e-01
-1.143436948397981157e+00
-1.223668961602683014e+00
1.507264564592031064e+00
-1.278781231425922815e-01
-8.194281613273890486e-02
1.676231833279780981e-01
8.322748960980972388e-01
-2.691417474506771157e+00
-2.114950965526982252e+00
-3.850067913719533719e-01
-1.556504233536821324e+00
-1.177984839652629123e+00
-1.437435960472474461e+00
-2.476822280981282987e+00
-8.944409062432028268e-01
-1.171225731710684004e+00
-1.077741064854858877e+00
1.367254313558777135e+00
-4.500570169850495184e-01
-8.618370474763743516e-01
6.512815995704296368e-01
5.841758570580769527e-01
-1.811829480580874785e+00
1.577467902043525605e-01
-2.087047635776395627e-01
-6.725619031896071798e-01
-1.524353976059518390e+00
