-1.695875602402852511e+00
-1.823091518415120849e-01
-1.515117355955390988e-01
1.161421318511157708e-01
-2.645927808214221688e+00
-1.530114582484942698e+00
-1.444487047369836130e+00
-1.458141481047013244e+00
-5.784655129875464485e-01
-9.422187918488150737e-01
-2.315272324401920656e+00
-7.588273809857244423e-01
-1.014964977228330900e+00
-1.640768827819882425e+00
-1.466895033899075829e+00
1.074725647783714821e+00
2.191821256426889075e+00
2.741362517393386433e-01
2.320253569451514508e+00
1.372282795325401761e+00
2.067810457588044493e+00
1.828410551856468835e+00
2.289770441879120710e+00
1.576557915136075350e+00
1.683044041181911865e+00
1.260609399479837744e+00
1.017877059848162347e+00
1.657457341097288372e+00
1.212195917768679410e+00
5.544415835741637322e-01
-2.410724080575994410e-01
-1.502411718365980198e-01
-2.150273794930871674e+00
-1.536618465186440519e+00
3.418611452234354697e-01
-2.859321885749446235e-01
7.900867247025267215e-01
1.438298922374179334e+00
5.914597882884227165e-01
5.715995623295453409e-01
7.182545818451094854e-01
-4.972361548878811988e-02
4.579732634912196954e-01
7.009074161160334659e-01
5.165239382674604585e-01
-4.191912555118881833e-01
-6.491125832178494814e-01
-2.461923084364685543e+00
-1.390049338184308425e+00
-1.286914905848991264e+00
1.362786895801990639e+00
2.296978012872995745e+00
1.958230775782064947e+00
1.170980081302694709e+00
1.311486910984063892e+00
1.645573605599371714e+00
2.477628986436173353e-01
1.049452258324496956e+00
2.399849833957758527e+00
2.087720204120592893e+00
2.040682590631896609e+00
8.598238428515823095e-01
1.231904172297448863e+00
5.515655891199084948e-01
5.307841925852563314e-01
8.519577015490926719e-01
1.391338495591551982e-01
1.065482723326701242e+00
2.468414077517411265e-03
1.898838478047518707e+00
-8.484761871968515834e-02
5.313093311202576885e-01
-1.182725037250438316e+00
-1.803206036860533601e+00
-1.830871386900626785e+00
-1.764780404575383432e+00
-1.109547055350732281e+00
-2.362366978414946139e+00
-1.583701740387868817e+00
1.882148484213896911e-01
-7.144483200789210064e-01
-1.327399011741744239e+00
-1.126870724768407994e+00
-1.789928378537879228e+00
1.213060788199629147e-01
9.186613916713193273e-01
1.582327981952978080e+00
1.975469480672643829e+00
2.531816045265689041e-01
1.345339904259316821e+00
-6.675223407842225676e-01
-1.106866496652846310e+00
-5.761633326804713739e-01
-1.000205026857524437e+00
3.159210661926623587e-01
-8.070701392042662903e-01
-8.656405750688012102e-01
-8.131867915665704771e-01
-1.049546685714676464e+00
-1.488893278709964463e+00
7.250806802394924588e-01
7.045198455503094426e-01
1.472397111699075056e+00
9.317683081519541055e-01
1.249240269105130974e+00
-1.165830584785471080e+00
-1.073128172197995722e+00
-1.006697888971673338e+00
-9.422937746029267370e-01
-6.596900557041855961e-01
9.424752876161721638e-01
1.029906018817359215e-01
7.676373642659356511e-01
2.059345763545701757e+00
1.920476822925163862e+00
1.486476038390892596e+00
9.358771993444160442e-01
1.653715820441061801e-01
1.601942590842179825e+00
9.267992174141567174e-01
1.570897953911683187e+00
1.710785097764728757e+00
-1.323142968878876502e+00
1.152411520044310134e+00
1.122686840130977748e+00
-7.649821320430942873e-01
-2.503722213491917925e-01
-2.395043758633085051e+00
-2.692278639760366410e+00
-3.197614454349898550e-01
-9.191216902213125151e-01
-1.229516087900099919e+00
4.918485111278259048e-02
-6.147024316174845016e-01
-7.016078967451180315e-01
-1.308367606194580590e+00
-1.692918298273671240e+00
-3.040056695135199938e+00
-1.137556027535272962e+00
3.535238619338065824e-02
1.409232343283597810e+00
-6.107213486215874454e-01
1.502390909742367553e+00
2.002992838112485519e+00
1.101905209836562927e+00
-7.078481017271924802e-01
-1.160292331587549741e+00
-1.048792058401432081e+00
-1.333252992918086077e+00
-2.182346362177682852e+00
-8.725524015155783353e-01
-1.670032911934521636e+00
-1.155925676857414652e+00
-8.373577833243902591e-01
-1.195750197998641795e-01
6.499768449001884774e-01
1.322335104590593780e+00
7.364860876328678252e-01
7.153400964359559744e-01
1.191688876879068104e+00
1.783017291288669703e+00
-1.866961479715904204e+00
-2.869791698011727732e-01
-9.833117820580203894e-01
-1.992061432614093963e+00
-1.502204854018555746e+00
-3.820051088721796440e-01
-1.562528603854451248e+00
-2.387672916598100326e-01
-1.163925659837115933e+00
-2.283315556675322711e+00
-1.594560538209073730e+00
-6.531733677769351321e-01
-1.688316310304164514e+00
2.650511217038524769e-01
3.261512593997477616e-01
-1.640636640921642186e+00
-2.070289538043117883e+00
-2.218247408077575145e+00
-1.189948543441521789e+00
6.777315903201727165e-01
-6.439546447156541120e-02
4.378554905082040483e-01
1.383196357949140642e+00
1.455974240984183155e+00
1.572549273129126846e+00
1.718192113050411196e+00
1.791185553153795684e-01
1.654120795872494831e+00
1.516606439608306323e+00
1.547480663920556276e+00
9.779772159891555461e-01
7.164228060585131619e-01
1.147217390686620320e+00
1.252606456615713126e+00
3.298359140829048020e-01
-5.563046044882614671e-01
-5.248298398057662517e-01
3.494185808603040844e-01
3.287204361940867514e-01
4.468521425592713037e-01
8.271533837260337529e-01
-6.059618545786649157e-02
7.244374923933314392e-01
8.362620908599371905e-01
1.430670355446649555e+00
3.509050870461396521e-01
4.937449801986111275e-01
9.262317400961513902e-01
6.380827899305175910e-01
-9.006635957526043512e-02
-1.198000783386411250e+00
-2.854881950526465761e+00
-5.249535479614524380e-01
4.363030001882197695e-01
7.108397575066253138e-01
2.329293171576563015e-01
-2.681403251438299051e-01
-1.173663741210395628e-01
8.533264193813159260e-01
1.059404955972621076e+00
1.742599942282106573e+00
8.599012039534451590e-01
1.495026153314384709e+00
1.002570745434724131e+00
-7.924898271830205232e-02
4.928001318965478106e-01
-2.915096558508523117e-01
8.821522631252253221e-01
1.066458008886653763e+00
1.945086155863691602e+00
1.261061781191556541e+00
2.810906835893389744e+00
1.501478991942782670e+00
9.058393619343505510e-01
-1.650638122838950839e+00
-8.803019396994061774e-01
-9.520109072203557510e-01
-1.257658929924712732e+00
-9.806556466256177718e-01
-8.016896460012497005e-01
-2.110580704071757463e+00
-1.142633794892925714e+00
-8.578520944980818630e-01
1.686524296507216913e-01
-1.082938697897074976e+00
-1.456934515113001094e+00
-1.441848365311530600e+00
-5.140326415200888732e-01
-6.252605374005830718e-01
1.639390560912766137e+00
1.507947948945875138e+00
5.432060913510927680e-01
2.282038483578332055e+00
8.383017620744438458e-01
-1.696035658222880826e+00
-2.667415275717572420e+00
-9.010475120480458955e-01
-8.036546911193455101e-01
-5.654561599826732898e-01
-3.038254429226568298e+00
-3.227501614840092570e-01
-1.824800672846601746e+00
-2.831976559056208487e+00
-1.188642288632987265e-01
4.844166884875366064e-01
1.423714222191609036e+00
2.233742103015300184e+00
1.230361519544322713e+00
-2.038371641881087104e-01
-2.603644237903469438e+00
-1.241982599703649992e+00
-5.449560510756026321e-01
-2.085437836016145852e+00
-1.789056998484392480e+00
2.106651599233684280e-01
1.547193636234411418e+00
1.214068812268451314e+00
3.401265441406677859e-01
2.428382093599645408e+00
4.248425316853141620e-01
1.451830652821058720e+00
1.109460708165981524e+00
-3.722435502075649438e-01
1.323098161214258939e+00
1.183879806004332957e+00
4.381675250512664377e-01
6.544281279716046562e-02
2.436363318134182609e-01
1.137257291921714986e+00
5.550852849317227111e-01
4.907740287596011886e-01
-5.954270302482006505e-01
-8.572403513453931145e-01
-1.791062970032787804e+00
-6.956372602952000106e-01
-1.592430942136894512e+00
9.925305020778596443e-03
-3.042554794572988719e+00
-1.697164677696102242e+00
-2.250661961571343905e+00
-7.949339190159463442e-01
-2.672289564957628372e+00
-4.820002674027126233e-01
5.065685278448195383e-02
6.477139204621564783e-01
5.729210241125581859e-02
1.527864598338745106e+00
2.769148554169516885e+00
1.487282395470766794e+00
-2.502147730195373398e+00
-1.110205251719156072e+00
-3.519991680862191163e-01
-1.799834089317797536e+00
-8.787861857604279958e-01
-2.507129460474432303e+00
-1.875321334725001954e-01
-1.193242448206499828e+00
-1.696245384234248199e+00
-5.777611576033911955e-01
2.492195441934612621e+00
1.739060003898075246e+00
1.673291996682889637e+00
1.092719995182088066e+00
1.403768626556073595e+00
-1.128275067318384783e+00
-1.392840693559836307e+00
-7.637250589555444336e-01
-7.851648913954103470e-01
-2.052957033811911636e+00
1.678961001483412652e+00
1.058899339204431689e+00
8.394398903405511092e-01
1.597293564250175102e+00
3.886620348871371311e-01
-4.656082538125703163e-01
-2.553248845538202971e-01
-5.081182777483861379e-01
4.513880695116030406e-01
1.374255724010278179e-01
6.940177390126107682e-01
-3.007390458229810548e-01
1.327376975207151588e+00
8.639082286733138494e-01
-1.270114230171157654e-01
-7.051110293775375570e-01
-7.150859212815587895e-01
-1.416869881831703593e+00
-1.307093200202949168e+00
-2.240210873177059359e+00
-1.838092247456032613e+00
-1.451094239226257798e+00
-2.434373912437246545e-01
-2.836530243251222938e-02
-1.550835887645627853e+00
-1.260906567198558204e+00
-6.622025610971438159e-01
-5.096673820356949491e-01
-1.321657164776783411e+00
-2.936032854731582820e+00
-3.112566414921018598e-01
1.808212327036243128e+00
-3.294756710980735193e-01
3.671248860745198739e-01
2.042529745201458802e+00
-1.828117297933966601e+00
-6.867100328711205348e-01
-6.521427329717573995e-01
-5.892055050955095075e-01
-5.932075436027479665e-01
-6.842913495041946792e-01
-1.319128339203051503e+00
-1.519027563954512772e+00
-6.816374225976957746e-01
-2.993976243101855728e-01
6.627200774551853524e-01
1.979038340445000266e+00
1.310205801258281122e+00
1.570648663304992088e-01
4.557293759403073796e-01
2.296999526395551161e-01
-2.057644619362288818e-01
-1.587201016058981562e+00
-1.258433887605792778e+00
-1.940086638639967109e+00
-1.571829298178173406e-01
1.062854208335991979e+00
2.571880175312317274e+00
3.238348093089291613e-01
1.290111845782865085e+00
3.696352020384654491e-01
2.861371428885124413e-01
8.680805706674978861e-01
1.397099362862657568e+00
8.121785570617461314e-01
6.660171061314725804e-01
2.052357114767818125e+00
1.329779955250675272e+00
8.587325236127300032e-01
8.972521082522186830e-01
7.147810113419930111e-01
1.065658050102711307e-01
-1.653967153341192375e+00
-1.517712636906384249e+00
-9.046518800207378197e-01
-1.569066470031357019e+00
-5.983696537036565788e-01
-1.759590439810630347e+00
-2.377898987339996939e-01
-1.450960209472136775e+00
-1.089774273880620870e+00
-1.273951653756370872e+00
-2.932039153784549157e-01
-1.451159810441340792e+00
-1.860583603815535447e+00
8.731117020887475544e-01
4.580987641232913132e-01
1.064990139871558439e+00
-2.872837842379907247e-01
1.214258399681428457e+00
-9.059634435468547631e-01
-2.381942025887107572e+00
-7.514761965791887377e-01
-7.531738884023003733e-01
-2.671938189574580846e-01
-1.786384927802190825e+00
-4.750720211900312240e-01
-1.106219503794360071e+00
-1.587713041370301337e+00
-3.148068837699185885e+00
1.382599052441055409e+00
6.850917156503077976e-02
-1.519089893647522782e-01
-4.046565532979906621e-02
2.480535844143359370e+00
-9.222383371389919482e-01
-4.363387029442191700e-01
-1.388940572065982870e+00
-1.498796963270048188e+00
-1.345377600221619119e+00
-1.993675464275362907e+00
6.499350919030755236e-02
-1.396078071052287761e+00
-1.570924379010765204e+00
-3.190472968778710339e-01
-1.186970240509525709e+00
-1.274041543088030526e+00
-4.051346241899451694e-01
-1.317934084574480469e+00
-1.512731765196747125e+00
-1.608552186246995142e+00
-9.532959979931274752e-01
-1.028692005024242517e+00
-1.519546661578822011e+00
-3.458581142398797770e-01
1.758623781784934614e+00
1.210485084670840372e+00
4.962793862981109694e-01
1.851419448795815548e+00
6.260338541572443294e-01
1.736514989762215855e+00
1.092025534097869954e+00
8.196358293416208252e-01
1.304434650821436170e+00
1.524876270163721736e+00
2.053392789350622305e+00
1.793578290445319912e+00
2.420463602609492781e+00
1.642907128738807288e+00
7.852885832706335556e-02
-9.334002192102848205e-01
-7.842767740714267077e-01
-1.675091764273322958e+00
-2.232478416950739231e+00
-5.811845602306829894e-01
1.708776700881538435e+00
1.313500874426836829e+00
1.093813054775986338e+00
9.647861339872966235e-01
1.459323986017866392e+00
1.055076954160578007e+00
7.884062169156235145e-01
9.739969648836325211e-01
8.436533124129346195e-01
1.429918780467515749e+00
-6.487480652393089464e-01
-4.581691936741977278e-01
-8.480730925655552976e-01
-9.486075067456998244e-01
-8.746999816662421878e-01
9.769473220062132590e-01
1.399354808384673854e+00
5.529760013123842244e-01
8.297936039036315492e-01
7.506048999711716352e-01
1.397382157702881322e+00
4.864425537457541804e-01
1.444176193713432532e+00
4.763876691753453629e-01
1.087607574816003231e+00
-2.098118100624670745e-01
1.149352020259418738e+00
5.965209584128474685e-01
6.846478948361909289e-01
1.742413142828496131e+00
3.060360900206550161e-01
-8.366241281225383908e-01
2.061306810476364326e+00
-6.148880648830936657e-01
5.644720801534024446e-01
-1.588150548641794391e+00
-1.318113258869461291e+00
-1.341374729421710432e-01
-2.227472131870493754e+00
-1.256627181318478836e+00
-1.704978128061635623e+00
-3.909153499076092331e-01
2.734469613244681074e-01
-1.668413674860566687e+00
-1.138103031008809829e+00
-8.110167804139948311e-01
-1.315035817431618792e+00
-8.827198956109855166e-01
-1.013776838642532319e+00
-1.756392520010326974e-01
6.909647447666859010e-01
2.586867567003867663e-01
1.737307787015058391e+00
2.417292113945119780e-01
2.095872673941934217e-02
-1.645846165428056285e+00
-4.353981425176330911e-01
-2.206504899159399180e+00
-2.692827791315638430e-01
-1.492616093440666258e+00
-9.966328310197127838e-01
4.503608700581511748e-01
-2.070900881591590359e+00
-1.699995674839727355e+00
-1.171449853965809140e-01
1.431421552878031633e+00
1.202214705781257997e+00
5.571087289655889396e-01
2.354356608190962152e+00
1.320907066657957429e+00
-1.831519985302032527e-01
-6.552576962609133471e-01
-1.555772686278233952e+00
-1.994921147006971207e+00
-2.617628021254883919e+00
1.130712507111418352e+00
1.653323059036728715e+00
1.315816811881827864e+00
9.646928240477847805e-02
1.273784967923186295e+00
1.211865552216025321e+00
1.969427591495641838e+00
5.695590670875575467e-01
1.313393505306281739e+00
5.326191645085179838e-01
-2.123333914438054748e-01
1.997201468597912699e+00
2.091792374319312309e+00
1.302916117792806139e+00
1.138041343799082838e+00
-1.863067109930301557e+00
-2.175905782610412231e+00
-9.310179615486746663e-01
-1.061828713255432488e+00
-1.256503253117747354e+00
-5.368890233555838609e-01
-1.679638379139130056e+00
-2.906796895024547078e-01
-3.821048179846983084e-01
-1.369972926011246983e-01
-1.250860174435764804e+00
-1.687291607004043126e+00
-2.226731850188065742e+00
-1.369125359189443669e+00
-1.559637146125889107e+00
4.613477185873124942e-01
2.480243726560159567e-01
1.768045394827215011e+00
4.682801117074926189e-01
2.428302240501043485e-01
-1.565049846601163974e+00
-2.032011589533253115e+00
-6.218208160434047782e-01
-9.704091257569162909e-01
-8.478793465510006122e-01
-9.236881168188870728e-01
-1.109508490648998702e+00
-2.383761313878769883e+00
-1.410559900656845222e+00
-9.673153212978714555e-01
9.445326135194500594e-01
1.252425244006418303e+00
1.079982481737800315e+00
7.869317454261972600e-01
7.051482972947933359e-01
-6.827986682407847230e-01
-5.061274243994219324e-01
5.953234043814343845e-01
-2.481081311335232797e+00
-7.131945619513297974e-01
-8.828371176723509572e-01
-5.483860677644331050e-01
-1.161344196761259662e+00
-1.880662791323283622e+00
-1.076913150749866377e+00
-1.185661958489522050e+00
-1.428046146811294603e+00
-1.369077296025560164e+00
-1.344658334964352386e+00
-1.021331766775869454e+00
-8.539713151985635076e-01
-7.655481657903957515e-01
-1.258162560361441251e+00
-1.008766339180675597e-01
-8.617828110246525952e-01
5.945272454276308016e-01
7.167542544715125308e-01
1.082797939903559881e+00
7.319962742697068148e-01
1.130142403454207134e+00
1.482912666117532030e+00
1.947408510682292260e+00
1.783445007329547582e+00
1.625774774597951389e+00
1.457788744343644805e+00
1.130969761695964415e+00
1.188460489613174520e+00
1.834202467480355425e+00
5.300541766409467836e-01
2.056072595131482661e+00
-2.333288767346706649e+00
-7.166336135710658084e-01
-1.672005779481765986e+00
-1.444612565561466555e+00
-1.288521845405429023e+00
2.592089752622555920e+00
2.576136381345155435e-01
1.054712180134898203e+00
7.352342895147190305e-02
1.559364115283682128e+00
6.156473076091175667e-01
3.049448075073495357e-01
8.788712304558953248e-01
7.875565619797477712e-01
1.440370158586179450e-01
-9.133033822316857231e-01
-3.796539975404793488e-01
-8.917374673165767707e-01
-8.802091250835735181e-01
-2.857040680724561854e-01
1.120110349346653766e+00
1.515111386487673073e+00
6.063424577423675021e-01
1.067214966449296920e-01
7.930765057555140274e-01
-1.299046394454355768e+00
-4.104141965774731338e-01
-5.334652725222233105e-02
-4.044702312935639643e-01
-9.204953414443172166e-01
-1.562877532816841164e+00
-8.418345508518365605e-01
-2.875215737878684674e-01
-1.331843179524429432e+00
1.987717873733405582e-01
3.285011620073636784e-01
-3.534493646585769033e-01
-1.746706013475188612e+00
-1.780004767940912558e+00
-7.774822707996116300e-01
1.713598418241280008e+00
1.485828466670236381e+00
1.619695197102777762e+00
2.511555183702250282e+00
1.964327177554548776e+00
2.378559245602161365e+00
6.297003689164846207e-01
7.293211601674787214e-01
3.419943292093359233e-01
4.031072960836624697e-01
4.530071836340223701e-01
1.911122598614284795e+00
6.590537802879965490e-01
5.995063009429421053e-01
4.626959686998513011e-01
-1.432890320285008290e+00
-1.202725771627222384e+00
-1.104871801627153705e+00
-1.499705560722575104e+00
-1.554157674389438970e+00
7.699207147605315882e-01
8.270049052563221981e-01
4.842129440439035815e-01
1.677891601292641477e+00
1.430887249363035796e+00
4.703647727532201950e-01
2.048529508957227740e+00
1.180983504586523569e+00
2.111392009253303836e+00
2.048185847802377335e+00
-1.391330672262292012e-01
-1.412686621644543949e+00
1.131890848029102781e+00
-4.092756241781471127e-01
-9.185579107236776508e-01
3.515497071773552307e-01
8.226477171275935474e-01
1.576224751762456577e+00
7.240753405908595397e-01
2.137035852125555913e+00
-1.023049551308910843e+00
-1.105007857451855147e+00
-5.064131952103987366e-01
-8.885879675780568032e-01
-9.581213473054922547e-01
1.426138412752671059e-01
-4.347493905527048952e-01
-1.829468487738063143e+00
-1.810568065485262723e+00
-7.051639652348657972e-01
-6.952591037945246022e-01
-7.411501108191702603e-01
-2.502227329815498003e+00
-1.866992453856288758e+00
-3.670483754427151801e-01
9.450456177305649463e-01
1.645696470978610604e+00
-7.679100879443367944e-02
1.775686663072355564e-01
7.931342160167735855e-01
7.087724596199862503e-02
1.234887399795530305e+00
1.107513565171640346e+00
8.660603281054726210e-01
1.149536109909109260e+00
-2.990005941349713758e-01
7.689856464131489266e-01
-4.349986336962021749e-01
-3.831052676582649141e-01
-1.929546588796124951e-01
-1.330647063400392183e+00
-2.282082723286591452e+00
-8.428615432780510730e-01
-1.063569464358809613e+00
-1.562824640990375435e+00
1.525547875210424120e+00
1.337927436802644809e+00
1.533040414314043698e+00
1.215699015671909633e+00
8.575920266214975829e-01
1.499123078849922575e+00
1.322508828733184316e-01
9.265961101514272880e-01
6.912228025409015153e-01
1.345572951515825455e+00
-1.469601201542616975e+00
-7.497345894247864351e-01
-3.858293622567088299e-01
-1.973170912803029253e+00
-2.423181992454742417e+00
1.051101998835188622e+00
1.580905969276369616e+00
2.273856326680208095e-01
5.449039412672223026e-01
2.497658965501505790e-01
-8.081681482325027144e-01
-2.069098669010757341e+00
-7.604514863727082075e-01
-1.940550854964143257e+00
3.044413222746467085e-02
-8.924390934850155999e-01
-8.904358384306052532e-01
-1.137303370663111490e+00
-7.945916462399118529e-01
-1.762040174137622373e+00
1.257539439830008821e-01
-9.030619718605722435e-01
-2.919017046097245327e-01
-5.305027807911434357e-01
-2.083594067049489240e+00
4.193686789487628408e-01
2.626635980086510225e-01
-5.688533750890960583e-01
1.097269860433989219e+00
1.541055435286335262e+00
1.922280207140254493e+00
-6.878749427010499851e-01
8.800400328274102790e-01
4.225816023824136014e-02
1.026949885114136762e+00
2.819169370390772755e-01
2.419970658256076490e+00
1.873807763103958468e-01
1.889329386355647955e+00
3.397917288966922911e-02
-5.018653836023512227e-02
-1.287156176509179684e+00
-1.153981503670154396e+00
-4.204037280412049604e-01
-8.253387492154071747e-01
6.659250621570840245e-01
4.937238759767514917e-01
-6.581776774482306358e-01
6.405229425559872958e-01
3.794555657032530060e-01
3.093355228978034166e-02
1.477241848382080835e+00
-2.346951804441688161e-02
1.179661730177570700e+00
7.709429764802256946e-01
-1.332829709434886212e+00
-2.235583591268230919e+00
-9.452509367157264641e-01
-2.525212192935119226e+00
-1.143289779568267273e-01
5.732404152541077380e-01
6.688740246698207104e-01
6.157783295080921926e-01
2.063549565948694653e+00
2.354406101233522453e+00
8.805414885687170568e-01
1.878550510828414843e+00
1.528662857732019376e+00
8.752072245846862497e-01
5.115094016594106119e-01
-1.061224268565028606e-01
1.827988573192287802e+00
1.228620021386309213e+00
1.195888709899298075e+00
1.587514623995758711e+00
1.183855797565718238e+00
1.545374891267230488e+00
6.964806077653062921e-01
9.719489590615468799e-01
1.569455659443314444e+00
-4.741964821632547178e-01
-7.706133749358896612e-01
-7.043978160804238442e-01
-2.268421878277839809e+00
-4.535086263560574871e-01
-1.926858830886930329e+00
-1.054383503403753641e+00
-1.571779575608614810e+00
-2.638699724247063116e+00
-2.928818581370931096e-01
-1.037210635341972331e+00
-3.676199623457676591e-01
-8.742319249852267271e-01
-1.130748122312797088e+00
-1.287231494470384874e+00
7.929727705617465316e-01
2.461852784587904353e+00
1.254485351392585768e+00
1.656592768163213103e+00
1.234331187220695458e+00
-2.234213809879774804e+00
-1.582254406452512363e+00
-2.541619271510699996e+00
-1.683562321816874707e+00
-6.136206986220346105e-01
-6.711031426711319137e-01
-1.116581903750846205e+00
-3.245903123148639047e-01
-3.277822504419436456e-01
-1.045230187765166852e+00
-1.192472111597440154e-01
6.425089182763323858e-01
1.711015501075809020e+00
1.907655936875997549e+00
-4.935788285757931604e-01
-1.260132433138289043e-01
-2.452917549218855076e+00
-1.431648579459282811e+00
-1.682563872233376445e+00
-7.575865109995892910e-01
-6.429081959502187527e-01
-1.896711182474882351e+00
-1.570510216823126859e+00
-1.609440518882176541e+00
-1.473057249670089996e+00
4.319063160098002285e-02
-3.525547026290598573e-03
-1.124430806760906565e+00
-8.685179039519848043e-01
-1.440450669873812428e+00
-8.611271190583562607e-01
-1.376646946599291876e+00
-1.240957343503848120e+00
-1.685011912099763087e+00
-1.227595789504487556e+00
9.934374792805156229e-01
5.933984063307000678e-01
2.345483739148839231e-01
3.507058622488169464e-01
1.395032324924075251e+00
1.031375245319248624e+00
1.381556419251065204e+00
1.504914086846414145e+00
2.623388716867736115e+00
1.016099130716801691e+00
2.252439288292332975e+00
5.958359278086367006e-02
3.718037823245534668e-02
7.038434874422315746e-01
3.609835749603317323e-01
-5.304825758021546322e-01
-8.445397752810658298e-01
-2.324021792699726419e-02
1.687249604972134165e-01
1.972444536600250764e-01
1.175280966364084856e+00
-3.515731392611776140e-01
2.442949330222428106e-01
7.307629091289875589e-01
1.409381019390845147e-01
1.139823806324705036e+00
1.513195698753794671e+00
2.155761150432243589e+00
5.113127673528465866e-01
2.148945851811072671e-01
-1.910132378950319954e-01
-9.017885034400241473e-02
1.958628489755898094e-01
-3.921308831223608848e-01
1.031605764264252656e+00
-1.216351450033799075e-01
1.358873114019698569e-01
1.650260338800476623e+00
9.577054146204946328e-01
4.031703142810120211e-01
1.249228488676283888e+00
1.194830769986587882e-01
2.197007488705398082e+00
1.477736227281637449e+00
1.868835614180447635e+00
1.918577784659967866e+00
1.014648132900296096e+00
1.245914890907113382e+00
1.355983955201951474e-01
8.712760297237018836e-01
9.466217711040696425e-01
1.682319456608367236e+00
1.739188319304308505e+00
7.886581884479301197e-01
5.937237329816076326e-01
-1.739426785372643280e+00
4.256894920120799508e-01
-5.371059273736531470e-01
-1.541067801045370889e+00
-1.055180808431776862e+00
-1.510542285778491589e+00
-3.553807061622454855e-01
-1.892415639204594546e+00
-8.711999991503647234e-01
-2.101309605084910048e-01
-1.848065069624867718e+00
-7.630723574320257274e-01
-8.403499010089048316e-01
-6.885440689980510953e-01
-3.806943894043296472e-01
1.203112515946699101e+00
9.540635130064636371e-01
1.286542132688748952e+00
8.609961872913163283e-01
9.257542089980311806e-01
-1.613834103075953319e+00
-1.127196650419547419e+00
-6.642306211374826574e-01
-1.207495952420714058e-01
-8.031659103782300413e-01
-9.527534567399679188e-01
-1.276318451995313463e+00
-1.456394372654301606e+00
2.917137769516264800e-01
-1.590937031430697424e+00
1.180050757037663267e+00
-2.046604611663307427e-01
-2.836306371062100595e-01
1.054700496685620825e+00
2.334117994019617726e+00
-7.413460524880073343e-01
-4.835499429322011045e-01
-1.936896924624913474e+00
-6.587788803213244782e-01
-1.864176014862124031e+00
1.735351707617710959e+00
1.697447800993071576e-01
2.083449419784380030e+00
8.822830456189008075e-01
5.497444450463633281e-01
7.593334951612715766e-01
1.168704033267948805e+00
4.213967998977348195e-01
1.023475162644334135e+00
1.247680130448057589e+00
1.990985325616924317e+00
2.199859102943672262e+00
1.707983558070427677e+00
2.755487963764451820e+00
5.027320012858024212e-01
-2.005747876901700533e+00
-2.232634757751483789e-01
-1.507984413159736192e+00
-1.893312530554731365e+00
-4.354488284267719056e-01
-1.515576072588138201e+00
-1.897652855460885801e+00
-2.253624150665001658e+00
-8.395472109475311528e-01
-2.995999571390814964e+00
-1.552966092154199895e+00
-7.019769684764777251e-01
-1.167517089591288526e+00
-2.751628961701320097e+00
-8.064927045738250477e-01
5.071403773951144167e-02
2.308928169761740090e+00
6.291954992627062371e-01
2.441585003584704427e+00
1.363593541854175140e+00
-2.001293973361105483e+00
-1.065493125602352542e+00
-5.663487260374708843e-01
-2.001062291858378472e+00
-7.481108438714718645e-01
-1.254359960914746441e+00
-8.482220572485892340e-01
6.803445189551404759e-02
-4.668931500724128325e-01
-1.253421554584600583e+00
1.523470406577634551e+00
8.376987146993553068e-02
7.864293867986997810e-01
3.255292326923251434e-01
1.204717801416572254e+00
-2.630714864050166746e+00
-2.582701262722246760e-01
-1.405923177655435286e+00
-2.005171020100785739e+00
-1.354007469961923782e+00
-1.504089011899041317e+00
-1.433796242526895082e+00
-2.307235298425981629e+00
-1.122063140307969498e+00
-3.363159966201365592e-01
-1.142720195713588405e+00
-5.316671733226940866e-02
-1.944304044942274379e-01
-1.163787578004225498e+00
-7.095362294486402543e-01
5.741074457097803396e-01
-1.368019885491512877e+00
-7.908474721551881359e-01
-2.628557326126799154e-01
-1.239210536367244764e+00
9.991530715436206522e-01
4.999147885926683577e-01
1.138878640298610634e-01
5.317187316382976370e-01
1.876733675547994862e+00
1.032602325266399390e+00
1.002712941955188120e+00
3.992549659040792731e-01
3.283233083955470200e-01
1.043557421316613665e+00
5.447580268494864875e-01
1.504716610060282012e+00
1.028250512112725001e+00
2.055956513802940755e+00
1.330883350563304202e+00
7.425215745439004422e-01
7.171366875851363787e-01
-9.563659325478306439e-01
-2.146112756377950959e+00
-1.626701321391236910e+00
3.625007862770112110e-01
1.157488310471401993e+00
1.110644056587660522e+00
1.494470757031507668e+00
2.334661552148631358e-02
3.886233163357091236e-01
5.601045391429154696e-01
2.075425615451546690e+00
9.833448228894340337e-01
1.202065941393553938e+00
-2.499988299598398189e+00
-2.632729974534961936e-01
-1.335250100274242957e+00
-1.253739140221178383e+00
-3.172982728660344032e-01
1.091573556842060810e+00
2.514615167145761720e+00
1.046842268727982361e+00
1.885028008763842244e+00
2.344351073945555086e+00
-1.518792749463586000e+00
-9.329323403717888485e-01
4.765990736564793551e-01
-8.987708462036803070e-02
-6.649850920059069415e-01
-6.864821386112818224e-02
-2.936390879247621211e-01
-1.279592175382870956e+00
2.451538078717054869e-01
-1.084709022203090178e+00
-1.630019099305793251e+00
-7.731214470018095142e-01
-3.870516258293381640e-01
-8.750411806204299037e-01
-1.746978150293408749e+00
5.078413086951958366e-01
2.180909465643707357e+00
9.008549531183988046e-01
4.623432860557841195e-02
5.088709442117222981e-01
2.100290303151712834e+00
4.892300837278399372e-01
-5.366390182745199855e-01
5.616043409218101079e-01
4.370131627670058583e-01
9.773151559517213594e-01
4.231300875440843212e-01
-4.672851989341684220e-01
6.363172636245640890e-01
1.977377519406383843e+00
-1.904986882546757077e+00
-7.068811645145082201e-01
-1.428518517333549287e+00
-1.833541470971365106e+00
-1.770860929649663351e+00
2.186230624158060909e+00
6.088282020033067843e-01
9.226707871308678088e-01
7.955513027717781016e-01
2.868473351284841488e-01
6.911503392739215546e-01
1.965895817433127135e+00
1.316831974726434762e+00
4.182285226317237203e-01
-9.478383208562046747e-02
-7.561228137961766294e-01
-1.834565189690872344e+00
-1.238371602264917160e+00
-9.599342893828064494e-01
-7.101290508391320255e-01
1.098200049049575355e+00
4.950826621195977273e-01
5.980984489628881073e-01
2.391024544667463392e+00
4.054182118705985660e-01
-4.194962874163720157e-01
-1.987844319412673588e+00
-1.319465189373836722e+00
-8.076193794435750917e-01
-9.292782839867346212e-01
-2.336989635634511675e+00
-1.117210826136962876e-01
-1.328858735891946807e+00
9.475912638814509847e-02
-2.207884692031482077e-01
-1.674645443204434203e+00
-1.653927251259040165e+00
-4.115467125246249358e-01
-9.231794398490948961e-01
-1.559059529364760888e+00
1.571010376188519020e+00
1.100925444494353478e+00
3.599097855411368396e-01
2.161120754190537951e+00
8.476725558028490592e-01
1.646969425909739160e+00
1.545752338935550529e+00
1.421437291658882218e+00
1.104536029898278482e+00
1.003599190048699130e+00
-5.456283881767385324e-01
-4.038455516389798383e-01
2.253955081360306423e+00
1.653871678984722315e+00
1.069187888814776777e+00
2.177381160845608399e-01
-9.956479446922804621e-01
-1.271375878262266390e+00
1.803272905765958001e-01
-1.718320715683294919e+00
1.651379873645050012e+00
1.839741775538046298e-01
-1.768173228583784784e-01
1.111367298825005845e+00
1.567126500408168033e+00
1.773175359504572945e+00
6.930480414434270209e-01
9.126923869176378767e-01
6.810533682046305826e-01
2.312547854798487457e+00
-1.040775727477548651e+00
-9.769407399907692469e-01
-1.501257515354331495e+00
-1.716870545208534216e+00
-4.532366489932483367e-01
-5.970729999724344594e-01
1.557825144046387500e-02
1.179126007225558048e+00
1.770087062301888281e-01
-1.424493420354333573e-02
8.728583405180678767e-02
-1.198700731945920639e+00
-2.523617908915217534e+00
7.808851300771060266e-01
-1.297072649443410830e+00
-1.189072628098633899e+00
-6.443981366893203333e-01
-4.452125185359367965e-01
-5.548801368725986283e-01
-1.996218708823024768e+00
-1.498195050708024390e+00
-1.438112524354018706e+00
-2.140974119015894850e-01
1.057986269033939219e-01
-8.182384060271812309e-01
3.283582263081400443e-01
-9.489689409419730382e-01
1.566589572689377263e+00
-9.081994178828001196e-02
2.294633053387013177e+00
1.583538099966466106e-01
1.222554528627568304e+00
9.358822050461840236e-01
1.702695769860180341e+00
1.633720588421182951e+00
1.717305174584214278e+00
2.946143165884236303e-01
5.433528679909449544e-01
1.194796367680698079e+00
1.200055716843920095e+00
-9.878002786514007427e-01
-4.260471789550187571e-01
-1.985156674387727804e+00
-2.561185801456913325e-01
-1.182499718229036212e+00
1.841399225421068930e+00
1.301386731515781214e-01
7.366069027952238946e-01
1.529517657245631490e+00
1.815506647427284070e-01
5.360053222732393818e-01
9.918923156683104869e-01
8.321759056030116897e-01
3.443084586367556321e-01
2.835960910270553637e+00
-2.907653096671657389e-01
-1.101539739330560819e+00
-9.295164209443081971e-01
-1.183955067617236123e+00
-5.318725661161113338e-01
6.449048831804019555e-01
1.456989459116428076e+00
7.719121595980661388e-01
-6.755499853625910323e-01
1.111093181543868269e+00
6.331590450964873495e-01
1.412269880695492974e+00
9.901415697380647751e-01
1.974039294766670283e+00
8.313516100490495608e-01
1.816700870583997984e+00
1.543060233940059867e+00
2.839620843456472921e-01
2.360831118440263054e+00
1.244675089822052438e+00
-4.846114651600066381e-01
5.969116063838469932e-01
1.274718762644713399e+00
1.393018580176855981e+00
9.633145258554546286e-01
-1.326993145411429875e+00
-1.328284979795809839e+00
-9.305032988830869156e-01
-1.577506087983818972e+00
-1.072774178025489800e+00
-3.226228083373616773e-01
-3.396162513077172207e-03
-1.920338297524953886e+00
-1.408323373779059473e+00
-4.187669092294277196e-02
-5.164458074578206492e-01
-1.059186604821676925e+00
-5.313949787264726776e-02
7.068777304236526504e-01
-4.745662228880089817e-01
1.871041220226891344e+00
2.842137844582702133e+00
5.039174835852571199e-01
8.298509959987937501e-01
-7.460295534272454177e-02
-1.987074369906001170e+00
-1.448432101936544258e-01
1.184939695135809323e-01
-1.054251746122213174e+00
-1.721724733156619891e+00
1.624843546455645438e-01
-1.008901172610889407e+00
-2.510746840685103898e+00
-1.568932573759610705e+00
1.540877059241352320e-02
1.238115372082457810e+00
-5.770809568030843550e-02
2.335099561091338316e+00
1.377584413104625760e+00
1.559989437997971518e+00
-1.280821132935273221e+00
-1.605552364389640996e+00
-1.925676364173968480e+00
-1.117158821892829668e+00
5.897823288525971819e-02
-1.655790374238418794e+00
1.207454976644980249e+00
-1.842312705515128268e+00
2.404717900776305317e-01
-1.475653101033927328e+00
-9.098009066170548165e-01
-3.253237540343431045e-01
-1.773830536812723624e+00
-1.118076587743245032e+00
-1.497753715003391495e+00
-1.781594116933436833e+00
-3.017539523407979374e-01
-1.913476234900520101e+00
-1.320059055204832799e+00
-2.704158223914124859e-01
9.187710188264435196e-01
1.442868026080344812e+00
4.077939321826099528e-01
7.735765821368767448e-01
3.409847782405198702e-01
1.589570694566371012e+00
-5.929293306679417341e-02
2.304637550965334736e+00
1.085350470683503543e+00
1.232874119583993178e-02
8.230731047858541594e-01
1.640250619115373176e+00
1.082634899908904824e+00
5.198393015992837096e-01
1.752858541982318830e+00
-2.508014136064625532e+00
-6.085269533228712113e-01
-6.044704874438343589e-01
2.843070265666991503e-03
-2.579717951857582570e+00
5.604301863984861853e-03
1.268064596309690373e+00
6.187478559187287175e-01
1.792889515139001189e+00
1.440537585202434911e-01
1.893870853861462367e+00
1.266163649401484070e+00
7.640125151465841924e-01
3.853646233874651328e-01
1.268094999607860984e+00
-6.842442023863706257e-01
-1.632974452848527713e+00
-5.145249339015161016e-01
-1.701274021420224436e+00
-1.261828340384846925e+00
4.723678036206345743e-01
-2.742553081516199143e-01
6.084197981066474803e-01
2.318788969679594913e-01
1.775173588761412624e+00
3.148047483945713987e-01
2.093978713181550599e+00
1.711498507760065069e+00
2.379220159155718939e+00
5.534275817894362959e-02
1.685663050689910403e+00
2.464227959567136805e-01
3.566357637482309162e-01
4.594168955662165654e-01
1.870000743170394664e-01
-5.803441600081291618e-01
9.780233903110772120e-01
1.584309413184711524e+00
2.073861019255991422e-01
5.959449887543417645e-01
-1.369517981899128101e+00
-2.471469376347349423e-01
-6.312215383189737627e-01
-1.644220912040003535e+00
-6.749507137686540093e-01
-1.610315153525114340e+00
-1.917760935431197078e+00
-1.864927877491169284e+00
-2.846502598935616302e-01
-2.130462555744821351e+00
-9.406494703998554696e-01
-2.225932198398046680e+00
-1.137130971872807095e+00
-8.573496400479346802e-01
-1.340566919064203777e+00
1.038048207406724099e+00
2.291736765868010117e+00
7.083714180658049475e-01
5.198463381683384732e-01
1.321509635057421805e+00
-8.345379412961129173e-01
-6.495778804255938343e-01
-8.099813827806389144e-01
-1.082154574712155704e+00
-1.412943792357167716e+00
-7.924183170823002609e-01
-1.546210171384776455e+00
-1.288157561587214950e+00
-2.260454609776645807e+00
1.003452460485330100e-01
2.050713009199636616e+00
8.946413529927058628e-01
1.574845467816847755e+00
4.372603210540608742e-01
-8.885240270100707161e-01
-1.546470939914721843e+00
-1.664655366622193933e+00
-7.501933554977876506e-01
-2.598403948012307119e+00
-5.654921820663696419e-01
9.273558466368386766e-01
-2.118120934833322977e-02
1.479847780026254167e+00
6.893738361308672236e-01
5.322884282528113076e-01
2.057820738725906651e+00
3.483320410477374063e-01
1.552303860559010040e+00
3.199516520161804767e-02
7.742006373710000888e-01
8.916521302954072414e-01
1.235161608618209783e+00
2.139241433359734490e+00
1.346586972480788180e+00
1.232432857558173112e+00
-7.813179361671528378e-01
-5.596698869552256816e-01
-5.017463071261509810e-01
-3.305150378900714170e-01
-1.070382544396679680e+00
-1.001851120938964446e+00
-2.030631488960577435e+00
-5.455634124291259823e-01
-1.363647581761057825e+00
2.342316283014866940e-01
-1.087905158145448414e+00
-9.838685550489834064e-02
-1.058484492314267111e+00
-1.188048642917329811e+00
-1.797295216152832165e+00
1.945519784726048584e-01
1.258907430718311904e+00
8.001674621780685559e-01
1.531055740251999975e+00
1.546194839793745723e+00
-6.313982905728049433e-01
-1.951112710096475356e+00
1.275161721203734722e-01
-1.640985965504518918e-01
-1.162653023795146012e-04
-7.040958893117379436e-01
3.067619426607208766e-01
-2.743889364876974657e-01
-3.764212977132679327e-01
3.825312757552852272e-01
1.601470344795540068e+00
7.926882820451401912e-01
6.603590783286867882e-01
1.038177863856011074e+00
1.384932056380695276e+00
-6.756292553148937063e-01
-5.937082173621097692e-01
-1.181664365244908144e+00
-9.380927151829320243e-01
-8.723123483531591837e-01
1.056674641120935121e+00
1.807793478444722046e+00
2.320369631466998150e+00
4.453316196955983131e-01
-6.000701740664382555e-01
-1.525651417049000536e+00
6.243329160931744282e-01
-1.363283199624567565e-01
2.544839819490590571e+00
4.046440898469066960e-01
1.178667507776788748e+00
1.714863822621005340e+00
1.168041590915306793e+00
1.043105634966677187e+00
1.770565265492663132e+00
-4.967754303773632696e-01
-9.032744181866020350e-01
2.094184573660600179e-01
-1.587642995931510592e+00
-1.314135657936114754e+00
-4.633326388906023885e-01
-2.193207930534090799e+00
-4.950497884804703208e-01
-1.454909034852107208e+00
-7.881116724209644708e-01
-8.525597395763984121e-01
-1.306580905139579807e+00
-2.898386522885413541e+00
-1.321113347446903896e+00
-1.481008216945397082e+00
1.519778635182004400e+00
2.089892530007630977e+00
1.564623459780217551e+00
1.476206484903542115e+00
4.083498220365970877e-01
1.926704887803674104e-01
-1.966641991728400152e+00
-1.071241247799733509e+00
-1.359595746492862300e+00
-9.780335974898336504e-01
-1.467666121592302808e+00
-6.447831173831544138e-01
-1.785416273846897495e+00
-1.254279065692109008e+00
-7.334386481561130378e-01
1.942629438777454531e+00
1.913311487100172181e+00
1.096151226332037876e+00
7.489356778666620418e-01
-3.250547241243819663e-01
-4.092013280525939045e-01
-1.407197521051501088e+00
-5.762074913011492328e-01
1.296290190301538914e-01
-6.366671102214374045e-01
-1.776473082838112338e+00
-1.089465864749350255e+00
-7.037378022720137682e-01
7.499130577978927459e-01
-1.052383638955121103e-01
-2.140641004682245274e+00
1.022182262562219002e-01
-7.715787816146363332e-01
-2.050480263284827132e+00
-1.326326989451750649e+00
-2.792323955745068531e+00
8.545334386136409499e-01
-6.419263117133536811e-01
-4.551237730994284192e-02
4.962663594024061542e-01
1.801312056562910380e-01
1.552782468174022990e+00
4.605185519746510803e-01
1.038225520792204204e+00
1.113307619875099297e+00
1.943376978583700732e-01
2.104604180631739485e-01
1.672269170443490882e+00
3.120763152276881947e-01
6.218445024134522381e-01
1.639121811581796706e+00
4.401795753029319469e-01
2.767954783410664366e-01
1.941900452457842263e+00
1.383008115717604403e-01
-4.698039574403359842e-01
3.853244003307561005e-01
-1.863034213311453913e+00
-1.171865821807057895e+00
-2.752717753624772001e+00
1.109138063875593216e+00
1.248880924992165742e+00
6.712676159060351200e-01
1.014323995774718989e+00
-1.306496804549295732e+00
1.323429125057733691e+00
9.190568297541177323e-01
1.060338529789232709e+00
7.972890701759012266e-01
1.044260729316702552e+00
-1.478481933684330230e+00
3.142384991976672204e-01
-7.239189365167850720e-01
-1.068066728734791804e+00
-8.071844174093787405e-01
1.431925926387068504e+00
-3.506038944357199316e-01
1.356780131666426747e+00
9.943837554321004468e-01
9.784030055010820570e-01
-1.457935901139219004e+00
-5.246282545686475896e-01
-4.481794966952594717e-01
-1.489862294065406489e+00
-7.424292893080697286e-01
-1.721113343216641223e+00
-1.645322271361254085e+00
-6.658034686525555745e-01
-1.504559057335725925e-01
-4.766920000954510961e-01
-1.087409750462426050e+00
-1.727711209395024650e+00
-1.595661981970568188e+00
-9.077214113541746121e-01
-2.066228616429243825e+00
1.187252621888397197e+00
3.044902150785698813e-01
1.049214186795520476e+00
1.361467172416790605e+00
2.563943593942736854e+00
5.091274166831738501e-02
4.530596122697273520e-01
1.037955247196960196e+00
-1.798305635554346971e-01
7.873840126960567343e-01
1.034946826454773650e+00
1.240664514014560682e+00
1.700157171015190372e+00
-1.545007584015674063e-01
6.874104350075845860e-01
-2.932632750607633731e+00
-5.421062326771026729e-01
-3.802621327645645533e-01
-1.659201187179682346e+00
-1.715344833906821798e+00
1.587838913377158212e+00
1.257215269568494609e+00
5.621198308799146837e-02
1.073972897018004691e+00
2.129188188653735381e+00
6.971753815737490312e-01
6.536089962741716830e-01
1.014307362771688092e+00
1.280504608166481706e+00
1.560614866333084105e+00
-5.801303602990049990e-01
1.662801601864032364e-01
-2.514272282832069605e-01
-9.073539631567970609e-01
-3.376971897118030697e-01
1.440019870871665830e+00
1.725909538078142180e+00
7.795160599580666094e-01
1.404530455783829179e+00
2.018418022274335311e-01
-7.684908783307016211e-01
-3.293489847765288525e-01
-9.557282603838430646e-01
-8.151104953302962253e-01
-2.074841222342395319e+00
-1.346419656510913665e+00
-1.299199043939403886e+00
1.202590436711710176e-01
-6.630182751286153309e-01
4.058723327151418925e-01
-7.451510861230488114e-01
-1.540348847251189479e+00
-9.240675811949566887e-01
-2.054248383946895906e+00
-1.828134886069812115e+00
2.163775403494370142e-01
7.504405574558278280e-01
-3.385063075659471288e-01
1.910329822628962226e-01
2.427220565823497989e-01
1.412869357757707611e+00
1.080774776999527065e+00
7.094447160334822478e-01
-2.702987098789848552e-01
-5.948852115101517235e-01
9.373058368055042777e-01
8.225809188583383946e-01
1.573113379238135767e+00
7.110684253927888054e-01
1.355590094795385170e+00
-1.165756731662745072e+00
5.233561527753693987e-01
-1.532486496513698393e+00
-2.698578020444061920e+00
-7.863081248073476859e-01
1.178042439034397759e+00
1.278767746271478822e+00
1.187064224179308791e+00
9.618325108953802438e-01
7.995949226099352547e-01
6.469387415879165326e-01
1.255946709725197064e+00
1.252510947078613768e+00
1.379898908388197398e+00
1.679956791078756950e+00
-1.233894326398458086e+00
-9.127529367374479508e-01
-9.589804261963306153e-01
-1.490322684668571984e+00
-4.809936335527873474e-01
-3.601682839858129093e-01
1.167528153541810498e+00
-1.664757495714587865e+00
6.568305990740542777e-01
1.217305923500802134e+00
-1.246547590393115135e+00
-1.586323570751796419e-01
9.873930221105546856e-01
-1.697373980212333322e+00
-8.763366780146770729e-01
-1.027771336465235663e+00
-9.336681166652249786e-01
-1.328794185940139538e+00
-2.049266892596251388e+00
-2.319292539694384203e-01
-7.239643302918011836e-01
-1.646781934002842895e+00
-1.729268378591274580e+00
-2.205093416770742554e-01
-1.029708112519985841e+00
7.183159780757695234e-01
5.108691758041741249e-01
6.436925752865855221e-01
1.615112261157828133e+00
2.810659329403148998e-01
8.328274610272483613e-01
6.103502621039380571e-01
1.844760267949862254e+00
4.859582203114949372e-01
3.009050298557526260e-01
-9.717240362452983504e-02
3.743679973963240926e-01
1.050110633641849534e+00
-1.494008999453986242e-01
1.248995603482233818e+00
-1.230297807110581454e+00
-2.755286493495712197e-01
-1.282252254412712400e+00
-1.631251921451956743e+00
-2.833899022708190607e+00
1.773738116462026282e+00
1.322965949551712983e+00
1.446754975983135738e+00
1.191955306945081228e+00
1.412766833372746778e+00
1.404393514261514042e+00
1.449826150612073983e+00
1.534996098933815167e+00
5.840896669191220081e-01
3.301529314824535044e-01
-1.432055818339785125e+00
-1.080903412595526136e+00
-1.148413328063122352e+00
-9.830024043762120023e-02
-1.329273268685939868e+00
1.364216585883427868e+00
2.526946442883907240e-01
2.584636511803337200e+00
1.821755828008624567e+00
3.387582963058538565e-01
-8.600573457661231380e-01
-2.332117738967625087e-01
-8.350863550376906863e-01
-2.329134562533932140e-01
-1.410678963747896919e+00
-6.737560632261893057e-01
-1.588579856532903012e+00
-7.068262931765412205e-01
9.763951948203852815e-02
-3.427045840681572919e-01
3.514730504109142561e-01
-1.281685745387827868e+00
-1.357197292373683917e+00
-1.118250095643260833e+00
-4.724523642582054705e-01
1.239616526448953815e+00
1.546238750665875239e+00
2.083798910602252530e-01
-2.251797819777128229e-01
1.970347403071133208e-01
1.455344667203921416e+00
6.222355058972214303e-01
8.596253067306167672e-01
1.220155726745688174e+00
7.088382165780701127e-01
-4.644169436135907603e-01
5.724138707483765742e-01
8.698780999887752996e-01
1.429188931049920619e+00
1.464302581141543769e+00
-9.794865750700799678e-01
-1.902648380710687981e+00
-1.296979013279801807e+00
-1.466194449785550358e+00
-2.025049263842924052e-01
1.142333302827726049e+00
6.927656635190375667e-01
9.010993101728846932e-01
1.590943257773914432e+00
1.173629593576288377e+00
1.847746235346526156e+00
9.053380331586808882e-01
3.472697678508576136e-01
1.234324159660652231e+00
4.678409967438075245e-01
4.301170409610775014e-01
-3.210952335297734273e-02
2.112546059813791288e-02
-1.041174547782337756e+00
-1.894104963318735013e+00
1.752998838709359575e+00
1.263105295146798257e+00
1.739569252286504719e+00
1.773818255219616669e+00
8.484852283914744442e-01
-5.853549262989568014e-01
1.219767065275020990e+00
1.546926504183025575e+00
5.922144153129178523e-01
-5.296938162120867766e-01
3.386789771077994837e-01
1.648444528219376704e+00
1.496133044109460020e+00
8.972624610507756726e-01
1.017988412584957869e+00
-1.032959275298106494e-01
8.204338410898019962e-01
2.324568881440421286e+00
4.293776051829708562e-01
9.135279972704308804e-01
-2.203465570985832400e+00
-1.209939127130856384e+00
-1.021040109173225074e+00
-1.491857563589150004e+00
-1.128997352777565411e+00
-4.575315611976485952e-01
-2.861535428976431650e+00
-1.664262613644687860e+00
-8.565772663799492426e-01
-1.925212449202915677e+00
-1.554349972627268262e+00
-8.464761616974393332e-01
-2.287068922425564033e+00
-2.329721474845602547e+00
-5.901332734313566863e-01
1.629914210595675206e+00
1.334221535987378804e+00
1.461306674089040136e+00
1.668398965462711825e+00
-1.649211004082307142e-01
-3.890829340906081235e-01
-1.249606171645023522e+00
-1.321277045542592621e-01
-1.598375349052994610e+00
-1.090453251755159725e+00
-1.065342142020766714e+00
-2.238798579110579112e+00
-1.067794041964098328e+00
4.931854335807015488e-01
-2.067814810093175915e+00
1.656748426961649034e+00
9.180562185851134371e-01
4.992436527405745839e-01
6.325152280403699701e-01
2.562505620560484143e+00
-2.051797418052285327e+00
-4.254150555059510452e-02
-6.824788084471844485e-04
-2.026709681239047711e+00
-1.394582517655291953e+00
1.403032781037241605e+00
5.226695942099905956e-01
8.407067791719113892e-01
4.768954171110317830e-01
1.201379486072507552e+00
1.361056839392219553e+00
3.685387787991949438e-01
8.803989001246160795e-01
1.526299666894731732e+00
1.226266699423622653e+00
1.284911740246990508e+00
1.255484631288788400e+00
1.790386800049475591e+00
1.768301368805244245e+00
9.140803654693800961e-01
-2.028749005151842866e+00
-1.066791081137538733e+00
-2.369223939341353891e-01
-1.489844431945074987e+00
-5.988693708214769540e-01
-2.060426981979953887e+00
-1.478271748710200173e+00
-5.472122515490001060e-01
-1.598467061213907137e+00
-1.430228783049245056e+00
-6.309600463269990911e-01
-1.181425312188717713e+00
-4.673818156939762991e-01
-1.076152869010950086e-01
-1.590761604308773558e+00
1.607164805638118255e-01
1.504985096849365656e+00
6.040870149041934756e-01
9.997311977599075972e-01
1.218304888131874986e+00
-4.541315246898003366e-01
-4.050609345560847174e-01
-1.154263835258882320e+00
-1.663589490803187854e+00
-1.004469135304077332e+00
-1.330796696868663531e-02
-2.164418096337275887e+00
-9.618332337661281706e-01
-9.037909000161459261e-02
-1.142222386822536517e+00
1.930500865211605355e+00
6.474089866654519909e-01
4.079638859726500977e-01
8.562529018777629286e-01
2.188812803195311574e+00
-9.934490126887938199e-01
-1.629651321799761687e+00
-9.043638448308113365e-01
-1.910558824991176019e+00
-1.720723010586516555e+00
-9.113130750452053119e-01
-2.762755833991621834e+00
-2.166446111797578844e+00
5.473629983014394185e-01
-1.770479480087553625e+00
-6.981873371695426211e-01
-6.101649215318571962e-01
-7.814583469238942648e-01
-7.044630897253556512e-01
-4.953114225799444270e-01
-1.169968228794626697e-01
-9.991364691881775562e-01
-1.045652069176480126e+00
-9.094950596350885874e-01
-1.256055121740814240e+00
1.932920313137857171e+00
9.908852873139107897e-01
8.125702738261852964e-02
1.165550538929654767e+00
1.270503008028392777e+00
-1.692271777312177594e-01
8.711361118626290700e-01
1.332550425802434324e+00
4.967386533146563865e-01
1.676121203269209214e+00
2.819006184033108653e+00
1.167681056734688916e+00
3.020716243229393250e-02
1.228845604384403378e+00
1.439606240769275569e+00
-1.281473999503724981e+00
-2.082223634526975786e+00
-1.416868971041032044e-01
-1.061439954104468564e+00
-2.015805618151188305e+00
7.785481963829814500e-01
7.113247646549087921e-01
4.088462869975965086e-01
2.148455961383621826e-02
1.978868960354054352e+00
8.053663792920867648e-01
1.743947317616810544e+00
-9.578468919653415625e-02
1.650339074288269980e+00
1.281896140062153577e+00
-5.769926097854262137e-01
-6.380196061373264449e-01
-1.024121686016741473e+00
-1.185821688071838631e-01
-1.595172300045753389e+00
1.242476211558999566e+00
1.704933516551307982e-01
1.343818690634120516e+00
5.980337577225376400e-01
1.464125138056418196e+00
9.686477371903090550e-01
9.525289614820500184e-01
8.891919836905692875e-01
1.240750663417288235e+00
1.551455594058425813e+00
2.326131644025710710e+00
1.335076348422519210e+00
7.859659602653628063e-01
5.688620703203509654e-01
2.526314033840729056e+00
2.606675587778852332e+00
7.752366873886964438e-01
2.105806578500172499e+00
2.379451396563847521e-01
2.283333486973783799e+00
-1.970929833632224959e+00
-1.175271639873450402e+00
-1.033157797222243657e+00
-4.962240419241175093e-01
-7.074886487730793760e-01
-1.143428119269299437e+00
-3.955786637459555166e-01
-1.118823781986593158e+00
-6.057690013074987778e-01
-5.523292819327785264e-01
-3.741255541732808609e-01
-1.552204217410817044e+00
-1.018175520128011602e+00
-1.735926438651328230e+00
-1.544713355325410431e+00
2.576140032282715264e+00
1.310852322902540834e+00
1.716442774139800953e+00
-1.802336923162259907e-01
1.830813762541214196e+00
-7.867744911295343480e-01
-6.487227510005244557e-01
-2.827514660541561753e+00
-1.035121794728005140e+00
-2.189786546920717392e+00
5.044434579257781603e-01
-5.009055645573992077e-01
-6.364640243928105789e-01
-2.441767752597439500e+00
-1.357663608844582370e+00
1.961506087984348223e-01
5.006976614221394506e-01
2.299539777963001796e+00
1.254744057245842370e+00
6.021106409272666271e-01
-1.111635895309575073e+00
-1.577192626265917497e-01
5.596158533073314345e-02
-2.918609232848655699e-01
-1.398395500306770511e+00
8.406225080682228068e-01
1.955115956244094733e+00
5.551398390875240674e-01
6.707843744108067385e-01
1.437758586015005724e+00
8.175045944715272350e-01
2.174099785277337382e+00
1.646434242253786762e+00
1.431820552660931112e+00
1.514278835008720847e+00
2.479439632648810843e+00
1.526973140266251194e+00
2.592077480564873859e-01
7.488742258999724344e-01
1.412847223809754915e+00
-2.203506877514629370e+00
-1.974851944351248223e+00
1.416725625086070472e-01
3.382239547692895698e-01
-1.319460521421916388e+00
-9.686368064614274687e-01
-1.044463466310449506e+00
-6.924332691060544054e-01
-1.658616544041104923e+00
-4.218438512926452333e-01
-2.269609202917962865e+00
-1.737034107948626893e+00
-1.938093871510940591e+00
-6.305087813203509306e-01
-2.583753101428507559e-01
1.382602023784684775e+00
3.871803333824795912e-01
2.981742813019305771e-01
7.788200694379276978e-01
1.844500950468401346e+00
-2.223428903401598156e+00
5.149729505711728716e-01
-7.595884219005182292e-01
3.344625341841842570e-01
-1.750240963629737356e+00
-1.612949446968689804e+00
-9.728081826874227511e-01
-7.547188986252066911e-01
-9.792900746727121186e-01
-1.127692617521871110e+00
1.438027475346282058e+00
8.067691765643882906e-01
1.909783034264472157e+00
3.014243937008798113e-01
2.661706831042068178e+00
9.183416025015915807e-01
-1.763495937552446158e+00
-1.283383726172296457e+00
-1.314743837829813522e+00
-1.381909534336890122e+00
1.513033701866476566e+00
1.108985977575486004e+00
6.841803129852342957e-01
1.095903578084301166e+00
1.477614173194923941e+00
-7.826966178777907679e-01
3.609360586455487852e-01
1.157639300384953884e-01
8.469845195882651501e-01
1.378158317425803636e+00
1.181518451489425026e+00
4.409864558092428943e-01
3.697487233273151208e-01
1.459217022504725181e-01
-1.528681697869742617e-01
-8.018464992993801221e-02
-2.514962228494812102e+00
-1.515469618616428260e+00
-2.336450685947391026e-01
-5.463129775144587308e-01
-1.352675352638356809e+00
-1.581745547447019007e+00
-8.432838706912364479e-01
-1.310099146271673565e+00
-8.376210408460781354e-01
-1.489407761981188738e+00
-6.513822451452422335e-02
-1.037975683490157230e+00
-6.422886244799873579e-01
-2.876655009515680650e-01
2.157909588346109686e+00
2.115211810485082111e+00
2.362949077350855465e-01
9.035762274929058924e-01
1.251185210426518868e+00
-1.357227389902859960e+00
-8.542653001828549586e-01
-1.953923550852237678e+00
-1.684914129240802971e+00
-2.530473099539915172e+00
-1.369752173990084643e+00
-6.447150024026169213e-01
-3.491926399782062651e-01
-7.378980288305124757e-01
-1.976979233303199024e+00
1.173090348449714826e+00
9.400964201559561806e-01
-8.716039073504466828e-02
2.501419848627430831e-01
1.212063927555727449e+00
-6.531518451431729266e-01
-1.381091576009580102e+00
-3.122146054238174040e-01
-2.997938662526605791e-01
-5.603170361429394841e-01
-1.072609086487021024e+00
-6.951975644043584257e-02
-2.357260966908235611e-01
-1.689183539859694605e+00
-1.332639930631975611e+00
-2.242360391376798656e+00
-1.074328126651087345e-01
-1.061593865210583854e+00
-6.284398105797415202e-01
-1.317736868000590533e+00
-1.080405327797179238e+00
-1.616271030110354889e+00
-4.274473080128098346e-01
-1.540232970961739056e+00
-2.129840562559041084e-01
1.038738011959042584e+00
1.720149419964054793e+00
2.007920543694313054e+00
1.170476207491233156e+00
-5.362810976939047514e-01
4.497927744600259681e-01
1.373986143770878243e+00
3.192115217584805098e+00
1.791760046668383399e+00
5.979514966626081618e-01
7.524714386850466230e-01
1.609709386502079287e+00
1.092695464065505329e+00
1.327608967143043550e-01
1.532131105579922714e+00
-2.466649409536442850e+00
-6.034142229394552359e-01
-1.956583961033352637e+00
-9.622284655496240457e-01
-1.396383988812313071e+00
1.542377661413718570e+00
-4.155593286487955229e-01
5.764485878036367250e-01
1.659195626958078762e+00
1.110125659620755600e+00
1.283989057116627919e+00
1.152020646767474510e+00
2.491030724510855610e+00
1.436862185309863094e+00
1.569809122582966454e+00
-1.069129057015534068e+00
-9.545270864524038057e-01
-8.637388500118459156e-02
-1.093333616707535372e+00
-2.390696323015534475e+00
1.004258142733274850e+00
3.348161427185349925e-01
6.857015497149909766e-01
1.355722555561533760e-02
1.543669772060217493e+00
-9.143670041459407427e-01
-1.914722308184257482e+00
-5.400034104633276710e-01
-2.432078351275198891e+00
-1.021499623853010297e+00
-1.211394741223306148e-01
-1.623637149284569592e+00
1.931762227898294881e-01
-9.203536174097657341e-01
-3.912440649847516161e-01
3.681299462501959052e-01
-2.006546983386134908e-01
-1.018017800283150587e+00
-8.158434113403602028e-01
-6.329369111965519323e-01
1.576684595247410448e+00
1.818639352015063659e+00
-3.085138910430220704e-01
7.195771557152481623e-01
1.516057726422024965e+00
5.386706481318312978e-01
1.474180327642754085e+00
1.263905638880769455e+00
1.875719962755219905e+00
1.305362864576275150e+00
5.038504532036697237e-01
9.492653056041003845e-01
1.629650733564732334e+00
4.623993586414341106e-01
6.609011964931884586e-01
-2.026073238406460586e-01
3.186453291622524109e-01
-7.834014031234601827e-01
-1.360899398886844747e+00
-2.020273181827169084e-01
1.138839701638210133e-01
1.566914730665350586e+00
1.250953046710031158e+00
2.343040364480032167e+00
1.489606160727871220e+00
3.642334631699140068e-01
2.361739186398752466e-01
9.020984558544012932e-01
-1.628856209222615536e-01
1.219018732431484509e+00
-1.158779919326790253e+00
-2.083146124020628598e+00
-2.673639545456991673e-01
-2.333734683965159595e-01
-7.372100778397375764e-01
1.022561091617020690e+00
1.700815038327664341e+00
9.844579884472018927e-01
6.909371055958957175e-01
1.003329666660560671e+00
5.435123990085778400e-01
1.247475527458383970e+00
1.400048582061469871e+00
3.949142156658093095e-01
6.393946280954276862e-01
1.065933238487826173e-01
2.119416404911818930e+00
1.685746395750111093e+00
6.929057828428905053e-01
1.037362056976928182e+00
8.612919836739509893e-01
1.135207629752196024e+00
1.086596110211556665e+00
1.664303935275170954e+00
8.744199675356725265e-01
4.827478572959122971e-01
-1.401764434464179754e+00
-1.777000243469403884e+00
-1.479937236953233537e+00
-1.315375629796124990e+00
-1.976781974944039399e+00
-1.720272057141729150e+00
-4.820112098704734116e-01
-1.172385280091928994e+00
-2.143716836368582790e+00
-1.715016966351203820e+00
-1.761163597930097025e+00
-9.823021259257785909e-01
-6.513442987406771190e-01
-9.869523350717058774e-01
2.232951499370019022e+00
1.252999801655048095e+00
1.796826668694201379e+00
1.192397769781745609e+00
1.508377721374123848e+00
-4.324606804210152644e-01
-5.761895158493306468e-01
-1.088341379342157467e+00
-9.365696324980341547e-01
-7.616583530044185313e-01
-2.425565041167401237e+00
-2.597414570460943040e-02
-8.370797524607035411e-01
-6.715212165984472126e-01
-1.735679834602956495e+00
-2.895628834458428003e-01
6.079996144988990547e-01
8.250535137068683023e-01
4.260562063850645842e-01
6.934261012822839909e-01
-1.602452164103418841e+00
-2.179239388662166377e+00
-1.090377734742056015e+00
-1.395941672612908135e+00
-1.251152279998624772e+00
2.758257417870391137e-02
2.119537900680469988e+00
7.732814821805440442e-01
1.572698857491741764e+00
1.143046489904644414e+00
8.808169546149330342e-01
1.295390790621622656e+00
1.054527716716910479e+00
1.784531429299280214e+00
6.271085029000909028e-01
1.490638463862294927e+00
8.234957796751997128e-01
5.533906554411893719e-01
9.659963669352797933e-01
1.279566902665604911e+00
-1.068114462575090906e+00
-2.199583606758492405e+00
-1.811812031732414452e+00
-2.359108398112549132e+00
-9.276997324109181875e-01
-6.176734881797421028e-01
-1.159275382448267333e+00
-3.719843662034427734e-01
-1.964045680472486399e+00
8.195690687856540535e-01
-8.735293571508204735e-01
9.930533085658832526e-02
-1.183782831635843635e+00
-1.944550231409973851e+00
-6.536649374631623433e-01
2.361704876148031484e+00
1.232005179710227161e+00
1.548700776193687512e+00
1.150955081667103919e+00
2.400879992524671103e+00
-1.096905439510259539e+00
-1.509268938772221569e+00
-1.220297884171345215e+00
-5.323241436449563935e-01
2.267798470312745174e-01
-6.460466688972072991e-01
-1.334084702946551904e+00
-3.622317076644269163e-01
-2.007012168356927972e+00
-1.176496565269919303e+00
2.208988725390648611e+00
-3.421635345662228378e-01
7.752449390662938811e-01
-1.935377911596660727e-01
2.309921222434349275e+00
-8.129130756349692843e-01
-1.815819065292447299e+00
-1.549060228912903181e+00
-3.944503058703777709e-01
-1.419048795417854336e+00
1.210358284707540033e+00
5.902517966460951726e-01
1.265732493822095295e+00
4.426368799467068627e-01
1.574922671392029905e+00
1.809710973549569113e+00
2.037615095524482056e-01
-1.925779527666588997e-01
2.632295000623921855e+00
-1.567641582318657356e-02
1.158883488421099894e+00
9.173911299452849333e-01
6.230629368767631737e-01
-1.121103416273814268e-01
1.082373611454619855e+00
-1.530471230931708781e+00
-1.648200952477993253e+00
-7.374244142100464527e-01
-2.588804908391501236e+00
-2.320795541264792483e+00
-1.250753463752137584e+00
-1.091818242182118093e+00
1.994939840059060110e-01
-2.175921621870111622e+00
-1.820318346074095928e+00
-1.680799866678216681e+00
-1.876747071791935007e+00
-1.092966760867503995e+00
-9.523571502883124706e-01
-1.115597744484944975e+00
1.602524598757463004e+00
-2.164680493339341538e-01
1.989369643693813083e+00
2.971200921584327137e-01
2.280025618069491777e+00
8.383122519917129978e-03
-1.495370947432769437e+00
2.427888974588556792e-01
-2.103036033138262262e+00
-1.688434534859654335e+00
-1.207160430447626442e+00
-1.050283860595983887e+00
-1.387304452813611144e+00
-1.936447520953277213e-02
-6.071571406599929333e-02
9.736888919343565929e-01
-3.542208401731303802e-01
1.602647343228214893e+00
8.815293637525964954e-01
1.084552100375865802e+00
-1.445569391673154458e+00
-4.575694629009700032e-01
-1.048904403347771686e+00
-2.204038824725551571e+00
-1.988715973392598535e+00
-1.864434023779543148e-01
-1.329138771914832651e+00
-7.989177909360597463e-01
-1.361676272674541943e+00
-9.580788250777607651e-01
-1.784675574466598968e+00
2.264940269247301963e-01
-1.678541702078695241e+00
-9.370696344926252586e-01
-6.171158736897977004e-01
-3.840325532139277076e-01
-7.092500087349726812e-01
-1.423303583177192078e+00
-8.164137231905159720e-01
-1.270270469884122511e+00
2.069965403306966323e+00
1.202552628265405543e+00
3.774050492969427406e-01
1.874785076478066248e+00
1.473095797366406057e+00
1.355169015940824284e+00
8.997485274720894433e-01
2.257010742280524340e+00
7.377738404344271750e-01
1.438553735353531593e-01
1.120540070054120152e+00
8.051529274929256630e-01
6.343711357609949086e-01
9.991811888438997258e-01
2.405694922150324988e+00
-1.418350338659554399e+00
-7.099460999445930121e-01
-2.034886471011888798e+00
-9.208733727451233753e-01
-1.293243472667991334e+00
1.516439587251675380e+00
1.456270295573632190e+00
1.619568784629036085e+00
1.432170005348362585e+00
1.524582416424683950e+00
3.947011161116114053e-01
-6.518629299670397614e-02
1.694770043373852619e+00
6.328306338961504629e-01
-4.056164176816372535e-01
-3.990500431080944432e-01
-1.558543697691572749e+00
5.109100963840353948e-01
-1.119439858327058612e+00
-1.551092839827878489e+00
1.083401666914522554e+00
9.293276709853830475e-01
8.066731312185188019e-01
7.494845459427117440e-01
6.785380009992383332e-01
1.188455240352714881e+00
1.713739005722225262e+00
3.295759238953541725e-01
3.201115282367402726e-01
8.356430916295939371e-01
5.715110413625190677e-01
6.076220959811591271e-01
1.046005181069084911e+00
1.631758636484936797e-01
2.746020083920661659e-01
-1.496655153682107109e-01
1.045545528057368667e+00
8.561389290003926789e-01
4.009793188903882921e-01
1.525026461388704568e+00
-2.165191174829582010e+00
3.672290876936992188e-01
-1.922084672009455542e+00
-1.483650666512116079e+00
-5.781734062608562263e-01
-1.687794889689495870e+00
-1.992359422094277521e+00
-9.499027696811210841e-01
-1.775270109311683164e+00
-2.203264260681059294e+00
-1.001526540559235068e+00
-1.650948503594460659e+00
-3.458935252898128532e+00
-2.497750145882067230e-01
-1.098430385090135575e+00
2.563340353616076150e+00
3.615524610141672701e-01
1.250612620743120074e+00
9.558179573582787913e-01
1.821982269602385962e+00
-1.112198974560744791e+00
-5.114889574801515515e-01
-1.958568239394814059e+00
-7.184612643084176131e-01
-1.373752383728500170e+00
-1.065769480896674226e+00
-1.367704261615921180e+00
-7.326880679685414677e-01
-1.430944362829271510e+00
-1.905020360196293616e+00
2.074002790596132684e+00
1.970433397042882673e+00
1.960055748070134829e+00
1.854513035083173111e+00
8.074981375802521288e-01
-7.551920487059792242e-01
-1.133400474343601694e+00
-2.617366013465792562e+00
-1.766538525746646160e+00
-6.020659986232357319e-02
-1.440368923775317445e+00
-8.063419928431234673e-01
-7.084062069451197985e-01
-2.050991949084012278e-01
-1.554339489912400563e+00
-1.438300812332196088e+00
-2.297591697538665656e-01
-1.637530357038758488e+00
-3.312886977338189709e-01
-5.729165507059741369e-02
-2.257031849206554419e-01
-1.612963436158399766e+00
-4.544041362783045601e-01
-8.826105842245918209e-01
-6.071221555317776186e-01
4.998825738586680778e-01
1.684021345675698056e+00
1.396735913672269458e+00
7.597075620442417243e-01
9.773066312658842403e-01
-1.003536078714809765e+00
-2.957153439277093732e-02
1.322226831909132150e+00
2.545888821967035032e-01
1.066952605875270077e+00
4.883135802941354076e-01
2.973603201512143857e-01
9.822482126964274807e-01
1.073174636846629060e+00
1.704743497421842058e+00
-1.041861078047203959e+00
-1.397983589662566084e+00
-1.878051924538215456e+00
-1.457693184108074025e+00
-1.007040301286175055e+00
1.598525347950393360e+00
1.205862263440654836e+00
1.038024855978057381e+00
2.165339087216443303e+00
1.499154033796244345e+00
1.405445344447495248e+00
5.698256052261448934e-01
1.036536459622296125e+00
1.208804631239280614e+00
1.595075227352765079e+00
-2.373341789281310454e+00
-9.586011004910215405e-01
-6.402919739868955240e-01
-1.279468087994502179e+00
-1.831167539035953418e+00
2.197118879052162299e-01
1.699825494132929604e+00
3.233673210251900354e+00
1.001444154984589385e+00
-2.569715805747381232e-01
-7.549005277677556247e-01
8.154865951902601218e-01
-1.819623688294306874e+00
-1.884509477765838881e-01
-8.473975886361861942e-01
-1.358100833344827452e+00
-1.536765451583995912e+00
-1.999832818192004424e-02
-2.430664488644252330e+00
9.371043866715633719e-02
-1.895651670016648138e+00
-1.110346590410171030e+00
4.140331860151151844e-01
-6.614640321436227044e-01
-1.782160215619219557e+00
1.125414612270014825e+00
2.567913599706726835e+00
5.226199031382470217e-01
4.130140079949276011e-01
1.684834170988847468e+00
1.816674487817209194e+00
1.367967409285619329e+00
1.727540592832838895e+00
1.224634853556815228e+00
3.545806663669814895e-01
1.425315294046058945e-02
1.360645927893513685e+00
3.999485133879068233e-01
9.148788961432471334e-01
1.517922543479342856e+00
-1.876224993145678699e-01
-1.287240382909796033e+00
-1.277240143598552979e+00
-1.164611058940171029e+00
-4.268185392201252482e-01
2.329442349898493081e+00
8.897152530076484211e-01
2.077003894792086580e-01
9.025664452023548501e-01
3.014565469824643795e-01
1.153781938169760934e+00
7.456749450842815596e-01
-1.160893488449810107e-02
5.178833980046184671e-01
1.141225455186855031e+00
-8.786154275958542037e-01
-1.063084912244174340e+00
-6.187140172370275693e-02
-1.160089374122983852e+00
-2.771194537500353938e+00
1.879534104856168675e-01
-3.087385088723459958e-01
-5.332493569370444497e-01
2.770038178680030327e+00
3.463104963942830183e-01
1.269735496905664007e-01
-1.510591622873991735e+00
-1.589682857159962159e+00
-7.509846599800087397e-01
-1.206657229570640810e+00
-6.085967132517688949e-02
-9.357268359874110208e-01
-8.700569590082984917e-02
-1.397311372057859824e+00
-1.072726015506755726e+00
-1.169625007509127013e+00
-8.481953865182638719e-01
-2.226038277147027067e+00
-1.603081242602091283e+00
-1.083926308688018203e+00
-5.328235711839828248e-01
1.062472910357229239e+00
1.525363210028076066e+00
-2.297247272289371089e-02
-1.223241209310814703e-01
1.413436265113372947e+00
1.826696037649315540e+00
1.403239508717398554e+00
1.509567536025215650e+00
7.796870611632820136e-01
1.615994180811876291e+00
1.124324604197623145e+00
1.386776470244621029e+00
9.869551502995230763e-01
1.055690106835719400e+00
-3.151404192728314513e+00
2.839594538825518377e-01
-5.237516268802802077e-01
-1.300854112727316547e+00
-1.710031427837663820e+00
1.133652176444634119e+00
1.151037288334376463e+00
1.770304031159851021e+00
1.686307179396465017e+00
1.116509601540190300e+00
1.170713002899888222e+00
9.295102521866372980e-01
1.565100650921590342e-01
-1.199180835206417051e-01
1.470723945808430910e+00
-6.772140843352586481e-01
-7.503528590947795562e-01
2.663743990686393559e-01
1.143572899249385877e+00
-1.990189486710987055e+00
1.997838113762230527e+00
-1.492597729204736545e-01
7.925025508383629624e-01
2.150376967390972283e+00
1.350319191851234724e+00
-2.484887663243975364e-01
6.920598899488519251e-01
1.263782809371248428e+00
1.362191277476176410e+00
1.650614111492548108e+00
5.826700310744354905e-01
1.016030529618141109e+00
5.152391815895061011e-01
1.908519167384817861e+00
4.037277706875550543e-01
1.412038379012974687e+00
2.508740117172032047e+00
9.358694906055697871e-01
1.225614749585995034e+00
1.475926745557996966e+00
-1.350496622129404578e-01
-1.020720989987868865e-01
-3.601180137149474492e-01
-1.053929159382926306e+00
-8.407284530802670020e-01
-6.578451973576907585e-01
-5.930801926479000175e-01
7.817166949754130734e-01
-1.958849270748009852e-01
-6.582213454934990882e-01
-5.573652785939808840e-01
-1.302899561374977866e+00
-2.732112923565914731e-01
-7.988922065868655498e-01
-7.431283241125491434e-01
1.553529237748257685e+00
-1.241765263012164500e-01
1.664816338878347679e+00
-1.362550731376379609e-01
1.143431112203922240e+00
-9.993824125935732994e-01
-9.345604233636896074e-01
-2.447003174720354224e+00
-1.717799080365328024e+00
-3.272579281138201512e-01
-1.184930458407476683e+00
-1.307807662976031349e+00
-1.507310025543587617e+00
-8.617741441322523954e-01
4.546644741066510065e-01
1.396204160139187245e+00
1.477029995168220200e+00
2.073218529516587250e-01
1.693939570212311008e+00
1.078101200938195836e+00
-1.037452080336796589e+00
-9.500086316804223774e-01
-5.708811069087234014e-01
-1.288249954771908401e+00
-4.060660516946670295e-01
4.733985026258746842e-01
1.588601900067242667e+00
2.434798704394334656e+00
1.135623448855495488e+00
1.880034457654762292e+00
3.175425912861798761e+00
9.406048664023585193e-01
2.260260304358952865e+00
1.159509798454912533e+00
1.167951603914452408e+00
1.666061307034038430e+00
2.122482660447084335e+00
1.146199674985164840e+00
6.294136895680331190e-01
2.840257378945408862e-01
-7.768974085919448935e-01
-1.572356401737547760e+00
-1.647388240932441184e+00
4.252290714294244545e-01
-1.810042073388532513e-01
-1.093504342381244943e+00
-2.135544102783086817e+00
-2.278222036448164900e+00
-3.948007731480560611e-01
5.441042759404250972e-01
-1.022906947899116847e+00
-1.427156323523649739e+00
4.542346121239713153e-01
-9.765703062627394404e-01
-1.697177417573443980e+00
8.138887027123020701e-02
-4.819708101533204392e-01
2.884284703522491888e+00
2.194074424132621104e+00
1.116470655448737581e+00
-2.274850964450711999e+00
-1.602826726480819364e+00
-8.050757924900724394e-01
-9.988457422879623016e-01
-8.880591400306244720e-01
-6.155279403441848984e-02
-1.373730260631748079e+00
-8.609157446451298767e-01
-3.522553535237515909e-02
-1.458766036162867152e+00
2.036775680005054934e+00
1.354687336810476150e+00
3.423831302500155438e-01
7.783434466645376970e-01
7.584921364334537008e-01
-4.647174244973880652e-01
-1.739695668897444314e+00
-2.005123249041155020e+00
-1.062182847558682308e+00
-8.269590958606805042e-01
-8.045845730805570861e-01
-2.220046316626326455e+00
-2.631734448228083556e-01
-1.703222865303692934e+00
-3.010405872993192622e-01
-3.872220954368521539e-02
-6.293436544999047033e-01
-1.466378542628171910e+00
-3.321270866497181729e+00
-9.048671259656704269e-02
-4.717607333416704574e-01
1.319241001398085977e-01
2.438980080732644495e-02
-7.234782015595835336e-01
-9.837259035513735705e-01
9.388236275451036228e-01
7.460637855676591768e-01
7.717320321263505534e-01
4.621842642342540719e-01
1.276583026933723497e+00
1.707841408881436873e+00
2.431068882675011089e+00
1.450921745435305610e+00
7.458440667541155200e-01
-5.779865528704286604e-02
2.041851279050716617e+00
-8.982739960656849210e-01
1.022890851812406465e+00
1.711276640620767786e+00
1.036943016113016203e+00
-5.120222885434335680e-01
-1.549967409758153281e+00
-7.312180305246740453e-01
-1.947593118778299104e+00
-1.933345285260895663e-01
1.759144414184162786e-01
9.553725539541136902e-01
8.344463462260414133e-01
1.462743492397270861e+00
1.071807109021385207e+00
-2.008721520050480436e-01
7.225296249568002871e-02
1.689509864477249268e+00
3.869948476383513469e-01
5.443376034754575654e-01
-1.424206036702725831e+00
-1.175645470538140724e+00
-1.052991034294214145e+00
-1.975522194725781722e-01
-2.091010848463729310e+00
2.059579746742486339e+00
9.352081660532227669e-01
1.184686385030113698e+00
2.241575374769171791e+00
6.060636136485079151e-01
4.694471185707074223e-01
1.038275210261245141e+00
1.851841049576836484e+00
1.119597662651902858e+00
2.762597856733631119e+00
1.229245427834581905e+00
-2.713808263054366954e-01
4.906512189706844218e-01
3.884115264693900338e-01
1.047408304603933971e+00
9.793787946422489732e-01
1.986677964954564057e-01
7.902811082146677935e-01
7.033925244495129458e-01
7.872090341626564181e-01
-6.624696617203558180e-01
-6.260814129569525210e-01
-9.032388490190198516e-01
-7.724692824278960313e-01
-7.800042182001816204e-01
-5.609485379484306922e-01
-1.983381771745684752e+00
-8.349252178836461535e-01
-7.505171783752735415e-01
-2.095944248456795833e-01
-1.663564893207341466e+00
-5.742183444423023531e-01
-9.322914021329246070e-01
-2.034611405063210032e+00
-8.267786426193231009e-01
6.801189099495587032e-01
2.951543470867957764e-01
1.579681498064009038e+00
1.354008717639028747e+00
1.775912279503437663e-01
-1.696900557272412735e-01
-3.093986745303204389e-01
-1.882362229204299853e+00
-1.271834294249783781e+00
-1.979215718783917000e+00
-2.026565605400535208e+00
-1.308408820216013124e+00
-4.772795859192151546e-01
-5.628947872997513979e-01
-2.504563538673676426e-02
1.677856686179522328e+00
1.250452269704009689e+00
9.808011551761501856e-01
3.764542290112090628e-01
1.751914881901598831e+00
-9.158855150355603714e-01
-1.177013904681487144e+00
-7.879875392568542747e-01
-1.351423416741934336e+00
-1.266061297373332506e+00
-1.379062818746276120e+00
-1.717084173768970379e+00
-2.491082307973655041e+00
1.508423416056001720e-01
4.937590985118094355e-01
-3.885512652745827245e-01
-1.614560235799568311e+00
-5.840037287159067780e-01
-3.475396245204676049e-01
-6.933561696813672626e-02
-1.761742349068643687e+00
-7.496540224429067978e-01
-5.088594550536260641e-01
-1.562634790577010602e+00
-5.737329834547877372e-01
2.249092689860777039e+00
7.726301866083358227e-01
6.490802961360706558e-01
3.006686684228838669e-01
9.411644445355384914e-01
1.185730231560008230e-01
1.037078180304566777e+00
7.279329850723799122e-01
1.131113989593109270e+00
9.656729852591194874e-01
2.832834617824509404e+00
5.011767298752016764e-01
4.380434393199128529e-01
3.094015396577840527e-01
1.051663696653565960e+00
-1.874651993084036850e+00
-1.189089192060301503e+00
-1.535550242353884931e+00
-2.331276256063841146e-01
-2.033852842228735636e+00
3.621941916512299020e-01
8.602477816196077987e-01
9.894848523049200040e-01
9.585248947415190290e-01
1.306810370630096862e+00
2.713513090569257269e-01
-2.520126287738722048e-01
1.883722772172333526e+00
1.322503189675102053e+00
1.574288219008994183e+00
-2.714851860842750764e-01
-1.308325039475758622e+00
-4.258040164719540943e-01
4.991480787593927104e-02
-1.585443456485198688e+00
2.728225240829899256e+00
1.969168288563405644e+00
1.659671713724538478e+00
-9.813910646882617606e-02
1.013456208814020210e+00
1.845029276113310246e-01
-1.183724738524143172e+00
-1.203712325773272029e+00
-3.677492136389104438e-02
-6.599034588736621965e-01
-1.135436072385243467e+00
-4.889321919055535925e-01
-1.136276058901843689e+00
1.682085702991311660e-01
3.438143742235235667e-01
-2.358542517587885357e+00
-1.278222834440945199e+00
-3.564728222200774788e-02
3.877013832913034364e-01
-1.641603470955593780e+00
1.326493122061651597e+00
7.420403937805173378e-01
9.842040713485360470e-01
1.005125112948243915e+00
2.632937596669640001e-01
7.951990091507827874e-01
1.549933156531277501e+00
2.562938860497767646e+00
1.734348415131205190e+00
1.209878380446978596e+00
1.416528107833668670e+00
8.531572509501377244e-01
2.029312380907834612e+00
1.232930109678929131e+00
2.025419097674113766e-01
-1.281856953265307020e+00
-9.233702765568221338e-01
-2.068901759358983128e+00
-5.283141926425646284e-01
-2.048091397680320114e+00
-4.078177639653679520e-02
2.165537500474481014e+00
7.913858958824726564e-01
1.509778703826099022e+00
2.296988085270935898e+00
8.518903150439514071e-01
4.589459034259422143e-01
2.277340141093396220e+00
2.142001702356734150e+00
7.805371517341337384e-01
-1.691420244424235886e+00
-1.099264973909067411e+00
-1.058976400834571230e+00
-1.762673411842129889e+00
3.167670971728939744e-01
3.189413490567422071e-01
1.604175074640078247e+00
1.815468976245215638e+00
-5.618115311946572099e-01
2.604474080156952809e+00
1.429918394648425073e-01
1.797172416547770712e+00
5.082068815297906550e-01
4.615806227036820530e-01
1.013432651752781855e+00
1.168093748961259504e+00
5.551516885542367996e-01
2.087693171482300158e+00
8.233884503244369713e-01
1.931685046411891982e+00
2.637882726115481358e+00
9.935703694396447183e-01
1.662959961994112890e+00
2.058896166604369693e+00
2.282217256449388110e-01
-2.542192189639420619e-01
-8.172830837917248736e-01
5.851595655117125538e-02
-1.914801551139964086e-01
5.219462779001236008e-01
-4.022617674448154546e-01
-1.252366544164861484e+00
-6.109723348000536403e-01
-1.072620418101287720e+00
-3.763807346703221812e-01
-7.971420904770898375e-02
-1.127497847484695725e+00
-3.075540879162286245e-02
-4.524284563335924103e-01
-1.169951262271980319e+00
1.213009972640307854e+00
9.667469650729034747e-01
1.178710896371093497e+00
-7.134601445501687067e-01
9.335611610597125409e-01
-6.394308328311852918e-01
-1.430241148089132164e+00
-2.708542302167106230e-01
-1.329894056067918884e+00
-1.303373936565229707e+00
-2.099271575701556536e+00
-1.837115575561303338e+00
-2.065257820215146811e+00
-8.217957714235217814e-01
-1.978968958665594524e+00
1.689513809562092295e+00
1.633087804918160302e+00
-1.976964055260883590e-01
3.285574820902943394e-01
9.040703798802544044e-01
-1.536636570018147463e+00
-9.174349526166695190e-01
-1.287746851477631571e+00
4.503284838335355200e-01
-1.292939405571426725e+00
-6.300042132428822494e-01
-2.125003372328817086e+00
-1.160184768390806198e+00
-4.993795471556138343e-01
6.481987089585392603e-01
-5.079669585920406627e-01
-2.150523331425491236e-01
3.051723273358435407e-01
-8.174631099873563844e-01
-1.328281186615947629e+00
-1.418161482895996084e+00
-1.525024808578022917e+00
-4.217309646575611026e-01
-1.841253447256097964e+00
-1.055163846496971480e+00
1.360028236892079523e+00
9.807569684257069209e-01
1.555931919604021552e+00
1.183669969408175371e+00
2.033463597158270186e+00
1.738594495725937605e+00
5.883567461187304559e-01
9.253386256550512057e-01
4.474848871810040984e-01
1.329470042623637660e+00
2.354519474087470421e+00
1.519420978577298964e+00
1.343991332208191336e+00
-5.692463465160206848e-01
1.433475465182175723e+00
-8.950861424549050316e-01
-2.979717527479175398e-01
-3.928072792071238828e-01
-2.002925907389125015e+00
-1.546782776917277946e+00
1.043106008020513675e+00
1.456456018748848447e+00
2.194554706311586223e+00
7.260079863516024634e-01
1.534670293439622801e-01
1.558746694650618991e-01
7.975103780582789570e-01
2.646701917278346805e-01
3.282572032511397175e-01
4.845726572408071142e-01
-8.600736941250026746e-01
-1.001922987038853519e-01
5.100055243178345243e-01
1.386655671227217113e-01
-4.367592898723675621e-01
2.700122978314612343e+00
1.401088568957457925e+00
1.786452618132762016e+00
7.007863674268379750e-01
2.604487096832167392e+00
6.151198712383016964e-01
1.916111293874308341e+00
-5.480899419258105087e-01
6.370145679358898416e-01
-3.036233790965288115e-01
1.170819147553359807e+00
9.180619058696563028e-01
1.221231737985158938e+00
1.710005150539360308e+00
4.430680219223186445e-01
8.354627123069716665e-01
1.116163264770673624e+00
1.421519114904783443e-01
8.934766831766144390e-01
2.021885423535964676e+00
-1.251066972789940390e-01
-2.063980872970260450e+00
-9.850488007253730416e-01
1.275337249737158896e+00
-4.453923000182774539e-01
-1.796269457900778299e+00
-1.196451621392150333e+00
-7.993144595865671054e-01
-1.305314494197453046e+00
6.780784039455989287e-02
-2.332902293083493284e+00
-1.566614202607665041e+00
-1.238702314543820293e-01
4.251614650134118989e-01
-5.037428508332570942e-01
4.824504296919746027e-01
1.495295885266467728e-01
1.230727296855277375e+00
2.145815558500814291e+00
-1.744243082206571316e-01
-3.416070543134055448e-01
-6.765749851387570235e-01
-4.757375364741956991e-01
-1.191576959417114168e+00
-1.990205729279678870e+00
-1.140771216283726908e-01
-8.311682243167307638e-01
-1.299677321669772567e+00
-2.609986673231408094e+00
6.297906450838139936e-01
9.795157716988356356e-01
1.208669688550195964e+00
2.304026189189456453e+00
-6.965075437633272415e-02
1.907459916129114141e+00
-1.198264004895133406e+00
-9.675879597704333257e-01
-1.922101576119772393e+00
-1.704728963489325899e+00
-1.351294599218765935e+00
-4.970302423019026250e-01
-1.813006456186996518e+00
-1.664758774445849188e-01
-1.352837206684180948e+00
-7.305247752473157385e-01
-1.129684548653026033e+00
-9.750614414527466467e-01
-1.053227930692506975e+00
-3.907316196203358682e-01
-6.270421082313970551e-01
-1.299485337856862266e+00
-9.678308132850585999e-01
1.442868686245442067e-01
-1.185574555636665472e+00
-1.315943106936017237e+00
-6.416504595909366948e-01
-8.839964517241982733e-01
9.949992114322125936e-01
3.859470947206531388e-01
2.193377315920344017e-01
1.186979608793178098e+00
1.705757274775099974e+00
6.086394450974070836e-01
4.878814574899448253e-02
2.497903373942196747e+00
1.446700452723484354e+00
1.286834222438115738e+00
1.679057192332417570e+00
5.884717367741000293e-01
1.406748671371181647e+00
-1.891949144872252742e+00
-1.359366126694156796e+00
-1.632475631291237628e+00
8.238629286906040683e-02
-1.203560945355532930e+00
2.643929192399517847e-01
2.210509509367322600e+00
1.155758197500571516e+00
4.146796883446206561e-01
1.514732078733822540e-01
-8.913099133916513317e-02
5.241122644732865155e-01
1.005361607462063267e+00
1.498765182438458021e+00
2.716512582950824761e+00
-1.015218261770578501e+00
-1.093786027963943752e+00
-7.296819251771526904e-01
-1.726041803349686932e+00
-9.216859890266704269e-01
1.132480602270737879e+00
2.776246645644959710e-01
7.684449003252772359e-01
9.750569256932312134e-01
-1.630748737662823800e-02
-1.935141107691696671e+00
-3.699173713143633080e-02
-1.408406162408022633e+00
-1.045474895987733799e+00
1.677677759832789661e-01
-1.625355224686480415e+00
-6.010555548644982427e-01
-1.249626259084769764e+00
-1.843341681629030226e+00
-1.582877798961721760e+00
-2.317849150559407878e-01
-9.993944299580586055e-01
-4.993380614337130652e-01
-1.188260952955378480e+00
-1.698761768387856197e+00
-8.722172980756113247e-01
7.728411769862273406e-01
2.018567759395911487e+00
-5.512101179933195372e-01
7.713280113976854757e-01
9.148456684703111241e-01
1.737017068810927434e+00
5.879669687291176894e-01
2.648606123213196328e-01
1.003404582637834830e+00
2.151682768448703875e-02
7.859645779113959563e-01
3.053985330253625730e-01
-8.447480423514752701e-02
1.064435810706811703e+00
-1.591803917757933728e+00
-1.857437303270568218e+00
-1.071753067332037235e+00
-3.969870403125428382e-01
-1.786224077934669863e+00
2.011083783587311880e-01
1.824472868047363416e+00
2.066670401364028464e+00
-6.477420297950478023e-01
2.975635172795909611e-02
2.081918487938454021e+00
-8.573020171279388535e-02
-4.721655805160436259e-01
1.400211048053391361e+00
1.349250552788415547e+00
-7.004898236118485277e-01
-8.509231478001078042e-01
6.853968500919007667e-01
-2.463705283117589850e+00
-1.348510358941040543e+00
2.152149449992154295e+00
1.084911688101370952e+00
6.184998544677766663e-01
2.333113289088653453e+00
1.873020976953143180e+00
1.269755439791208085e+00
9.433826778450480344e-01
7.236418019569541560e-01
1.663713345109076203e+00
1.161066621215627315e+00
6.877647870968917054e-01
6.193954245383106461e-01
1.274952549584273287e+00
8.990810238812828592e-01
1.191731324155232308e+00
1.486815438219577512e+00
1.074792747513792168e+00
1.430101758004209689e+00
9.043826328703914452e-01
6.542869746487300908e-01
-7.749508776080769046e-01
-2.251130608157033031e+00
-8.057623352813402251e-01
-2.356827285428293450e-01
-1.187646551003467499e+00
1.891775572752147916e-01
-1.441289893236372466e+00
-1.489618515572625590e+00
-1.326558601364269618e+00
9.228283352623867231e-02
-8.421543754173688168e-01
-9.800977358368332393e-01
1.471082231656410944e-01
-2.892302977429551669e-01
-6.266260000540542219e-01
7.800138785363603944e-01
7.547455910556895020e-01
1.334764257702736323e+00
4.752202145050120619e-01
7.845643534276098841e-01
1.318175251941431370e-01
-1.239063692755222990e+00
6.483378928892058468e-04
-1.374121488517435985e+00
-2.124326925971653957e+00
-2.908143343114814039e-01
-2.796796102656953220e+00
-9.009627509018507396e-01
-7.937015098366325683e-01
-1.521805312565732482e+00
5.529182000745349601e-01
8.763648150136731374e-01
1.502054655339498224e+00
1.234008782772565871e+00
5.973433264057124159e-01
-1.593245022096502428e+00
-8.569153662021258278e-01
-5.513911255075935047e-01
-7.259912840776192589e-01
-7.063322112936143427e-02
4.030630059161344203e-01
1.026642069125850432e+00
2.782846772068914287e-01
8.908870091080560716e-01
1.194496028767618068e+00
1.941131718645102477e+00
7.553680060431614551e-01
3.612965687633618028e-01
1.002637089192221609e+00
5.867210124165855856e-01
2.889844182514859749e+00
1.247132903577651497e+00
1.589757327951937693e+00
1.015065381769471253e+00
2.472437939127237083e+00
-9.324168313898020255e-01
-2.591513111257194524e+00
-8.389376000105256415e-01
-1.194063063403001168e+00
-2.917245924505062593e+00
-4.857052779668716846e-01
-1.645117638967584561e+00
-3.029909761484768982e+00
-7.990801799335075506e-01
-9.632636472411844064e-01
-2.212945629295548500e+00
-8.501184165431567852e-01
-1.387690337996951850e+00
-4.416306101637454962e-01
-1.999715718410739473e-01
1.584536648741798892e+00
9.193952952497204123e-01
8.978215830856233204e-01
1.184494777071543048e+00
1.421398890956327987e+00
-2.905663812649871280e-01
-1.131073283397611151e+00
-1.914456781424506371e+00
-5.584634949948269478e-01
-1.675257812614286745e+00
-1.443260396174492532e+00
-1.105638200675515659e+00
-2.005366266795522989e+00
-8.887643713733175410e-01
-3.335938435757545006e-01
1.496368307463963543e+00
-1.356006925224604309e-01
1.961739295948768724e+00
1.225417017394855757e+00
1.093183113049723376e+00
1.399732083409765959e-01
-1.499121373724310757e+00
-1.436489363587100998e+00
-2.806971154465657037e+00
2.500853743164395127e-01
7.476299888501136692e-01
-2.214489990668532471e+00
-1.281522156148975800e+00
1.406141185820750650e-01
-1.247080696341436923e+00
-1.068134243002575978e+00
-1.338172985157560113e+00
-2.117190526119180127e+00
-7.508186638672023072e-01
-2.291535443207632916e+00
-1.145963618278504903e+00
-7.761007823315572152e-01
-6.304533467323879536e-01
-8.152314921670977821e-01
-9.947487568790722712e-01
1.115816301089496809e+00
2.680143557299774493e-02
1.623637777811732796e-01
1.124003142003491718e+00
1.287860932161370098e+00
5.887681813820957455e-01
3.754341596956217719e-01
9.911015939110847661e-01
2.065311626301554959e+00
1.885188092441921093e+00
9.590186827594454622e-01
4.194140352326026777e-01
1.766861509640310857e+00
4.927852517118352926e-01
-5.418036406080783962e-02
7.272256645003860598e-03
-5.266631727543796826e-01
-8.212031308702154586e-01
-1.216151137856567477e+00
-1.201117503132078435e+00
2.510762354467384050e+00
1.834196855123929382e+00
1.516824276641080882e+00
1.516233199223535832e+00
6.168482690664305323e-01
1.202875864791629112e+00
1.284500497714876399e+00
1.812004733804473133e+00
9.346273188769624873e-01
-3.679353895959289744e-01
-8.956871458173170097e-01
6.844336901978080867e-01
-1.592260172320866474e+00
-5.486295559965426172e-01
-6.223758728933475037e-01
9.902755777146030614e-01
1.766322031466653897e-01
8.032834271681534855e-01
7.686900089857261476e-01
5.322628984771750060e-01
-2.077472999128129771e+00
-1.375898351786213780e+00
-1.523329397240736682e+00
-1.458970664366269654e+00
-1.170925271974229354e+00
1.067394884857471027e-01
-2.035494997816250873e+00
-6.541187681888644967e-01
-1.588223602855685535e+00
-2.239772010472315333e+00
-1.190383844196075014e+00
-2.458429752019915426e+00
-2.559255659095719615e+00
-1.161818952387961401e+00
-2.195757130142987457e+00
1.478026515237627070e+00
1.680846518677632684e+00
1.357321609483552960e+00
1.755202639928982844e+00
1.063883638861459868e+00
-2.737193887321343055e-02
2.299993312465676176e+00
2.102507447161555021e+00
1.056954795075067288e+00
1.669513560871899394e+00
1.874167281537161056e+00
6.788227571115257319e-01
7.770159585481259956e-01
9.624145032966698876e-01
1.122158300683033350e+00
-6.933829144175250869e-01
-3.929302166824721887e-01
-9.736469287967439712e-01
-7.798339687625823746e-01
-1.521079606565557407e+00
1.210826044636149623e+00
2.119493259062708912e+00
2.072563848300348788e+00
2.345360006972173395e+00
2.299409324185984760e-01
8.211293501011682761e-01
-5.154839604605996328e-01
1.554431531065365579e+00
-3.947600462209286398e-01
6.220360007534861957e-01
-3.331381133147144347e-01
2.691615349143674507e-01
-8.441110370766051751e-01
-1.002142996473242231e+00
-2.195612189487606836e-01
3.502385472262290467e-01
1.199101821739689155e+00
-2.227113096826069949e-01
6.621560553194756338e-01
1.314187674250884452e+00
