-1.311031097804542078e+00
-1.681429523427194095e+00
-8.222077245881520557e-01
-6.388335729137517571e-01
-1.747384532908841548e+00
-1.315447528117724252e+00
-3.655611766895242587e-01
-1.114348820353544767e+00
-1.283303444825218520e+00
-8.657417930426523078e-01
-6.423241416762028866e-01
-1.033900727573690892e+00
-7.988589426761127932e-01
-2.315271051761507604e+00
-2.238391365845313175e+00
1.816213572481466532e-01
8.180520037690263147e-01
3.575191311836838359e-01
3.232075690397047119e-01
1.681111002748659988e+00
1.151541713024242242e+00
1.437870947205211358e+00
1.171888207594394604e+00
2.815359537244781052e+00
2.252362327801739283e+00
4.985169140021576961e-01
1.896910895218263837e+00
9.326468217174332942e-01
-2.523294574291914394e-01
2.631077868711543921e+00
-1.427752597330088635e+00
-1.821390028188797139e+00
-1.714789315109918055e+00
-1.052657107941787462e+00
-1.086054578063804232e+00
8.045959436945153698e-01
2.852642079661807939e-01
1.820049743167891254e+00
1.439762339827822313e+00
1.296201630464348220e+00
1.497804821248465368e+00
1.391043756009829657e+00
1.656602341064633777e+00
1.341808755693373101e+00
-1.012765723401454210e-01
-2.880880884372100770e+00
-7.188516251185138595e-01
-1.448833082144974416e+00
-1.414212097923569500e+00
-1.407251853190245816e+00
6.727459435018210421e-01
1.210431778719328832e+00
1.701661977726899533e+00
3.110125918047804694e-01
9.106100453639347503e-01
5.289255969205582941e-01
4.507547777316066595e-01
1.153755634992280843e+00
2.617663051125961093e+00
1.549935293190815466e+00
6.450125113355434925e-01
1.362614903676306222e+00
7.220966598339564335e-01
2.236256142435264049e+00
3.720502119706594613e-01
7.522737623126675155e-01
2.810966901781376537e-01
1.327879801770848189e-03
1.027572304181627372e+00
1.224078558544046125e-01
-1.002329745904650737e+00
-1.453768830853695793e+00
-1.245176257807259379e+00
-1.772541842246209587e+00
-3.879887005091626762e-01
-5.803531219533181185e-01
-1.299016241560217555e+00
-9.687048044833853622e-01
-4.956688848254775515e-01
-1.161592297986115963e+00
-1.511043294335682186e+00
-1.039792005481118053e+00
3.193167822366129727e-01
-1.087056648777440016e+00
-1.426236059790415123e+00
3.493968149190218586e-01
8.489119504540716399e-01
4.629525442427907533e-01
-5.811339667523669483e-01
6.020440219180522856e-01
-9.384344927688188509e-01
9.252606679147845625e-03
-7.743274983786562204e-01
-1.610139267479250513e+00
-1.542107796055951496e+00
-8.852423488453455835e-01
-1.142945406619206627e+00
-1.084547602229948282e-01
-1.284987588055726659e+00
-1.448215831676552323e+00
5.856965784795384877e-01
1.638653194947272240e+00
-1.176517695592119495e+00
5.253958066776220903e-01
4.760575173949732619e-02
-5.061570426185982852e-01
-1.323496036541552900e+00
-1.741075437782593660e+00
-6.883855251775199413e-01
-1.762630289101676517e-01
1.110970473239383915e+00
9.191057799015286411e-01
3.068114217999287074e-01
3.198075271556209964e-01
8.836081390553025550e-01
8.260529440779804666e-01
1.566482693764064127e+00
1.434352659110013750e+00
1.661567057933069469e+00
-1.480128813199073079e-01
1.726350170515214222e+00
1.170206774755016221e+00
3.315627879046660897e-01
8.595658025914431066e-01
1.504179161615606608e+00
-1.448597194439466218e+00
-1.266071738899483545e+00
4.332007482524535824e-02
-1.900392085264014375e+00
-1.566161178044791935e+00
-4.030846443564017889e-02
-8.939327176024913779e-01
-1.684324167200268008e+00
-1.357318311086151752e+00
-7.562126811677581939e-01
-1.087478842222756370e+00
-5.509120244461355176e-01
-1.321272530135905843e+00
-7.301655269939627546e-01
-2.371154478659477149e+00
7.793743125777937708e-01
1.112398720613950065e+00
9.481905536385536459e-01
8.682230148933300917e-01
3.332149949620895057e-01
-2.949226023067771374e-01
-1.991426885191612373e+00
-1.460185755482402703e+00
-7.010969652361609405e-01
-1.798329414944342730e+00
-1.406994914130365260e+00
-2.686003016504760588e+00
-3.434661064302462208e-01
-1.419795290913103081e+00
-2.317880878571029424e+00
1.499960959691553519e+00
1.450926737344913287e+00
1.035884150595598463e+00
-3.167009975202454974e-01
8.995587938305273923e-01
-1.547313367224302016e+00
2.987904820405096196e-02
-1.279733062789536469e+00
-1.743827860852431133e+00
-3.105909926869268034e-01
-1.103776712035900331e+00
-1.347024460701515824e+00
-2.039734998574853631e-01
-1.733134964698134883e+00
-1.395152146959234063e+00
-1.128134386759787500e+00
-1.150003594465467627e+00
-6.017930193215735857e-01
-1.629776847637378623e+00
-1.127453786388606272e+00
-5.669497364684994434e-01
4.880658842117642227e-01
-5.578739950928131019e-01
-1.407209932886956283e+00
-1.556405649935144186e+00
1.731895576278547733e+00
6.399569661281598876e-01
2.328967354767181863e-01
5.396240486896928257e-01
1.950644587454857248e-01
7.574698911713886318e-01
8.698145616758622412e-01
1.447525139739247457e-01
1.242344522214416713e+00
1.797468841603987677e+00
1.017173400165474417e+00
7.130279986054604002e-01
4.401341022857364615e-01
2.391248104465617530e+00
9.903782072510383117e-01
-1.177761332066636246e+00
-2.041491381295215124e+00
-1.471515741651726383e+00
-1.874768302970852396e+00
-1.362593315857496323e+00
5.290461668143278118e-01
1.813946838022034935e+00
1.332945342533300437e+00
-4.504169824198767103e-01
1.274284151831751144e+00
4.876949475591065841e-01
1.903158300366409428e+00
9.749640196730046116e-01
1.615893168068127661e+00
6.623550001339084670e-01
1.387515230042266623e-01
-1.247646801491758772e+00
-7.974623268742229154e-01
-4.336588912143359842e-01
-1.425119828661822297e+00
2.194701037262110965e+00
1.185298486722132338e+00
1.724797431568775075e+00
8.147680522819904514e-01
-2.696717265004888731e-02
3.496178698938161578e-01
4.261114078668075678e-01
1.038776117919498976e+00
1.686550922626169458e+00
9.201424478810342755e-01
-1.111131887472134316e-01
1.548391441345240871e+00
6.009813989658605582e-01
-1.184319619180316252e-01
3.156144566070762103e-02
9.440963279975571609e-01
1.138946370246870732e+00
1.534279226242490690e+00
1.558770548278914703e+00
1.673694760484500499e+00
-3.878782940792471212e-01
-1.733799487555328200e+00
-1.761763560510536619e+00
-9.824740594382546099e-01
-6.095790515331609427e-01
-2.455575629167747742e-01
-1.116474400011618684e+00
-7.755093499071017416e-01
-3.576631097552539496e-01
-9.237069122140916244e-01
6.105931617600128813e-01
-2.422339454753301702e-01
-1.869309924558086422e+00
-2.233120049030157261e+00
-2.555343486644277018e+00
1.165456539919230039e+00
1.214097791343727195e+00
1.308643257490498701e+00
1.947067913744140233e+00
1.439179449132669264e+00
-1.837067184562493738e+00
-1.073718824232143154e+00
-1.366827029679155370e+00
-1.523439498951081550e+00
6.176447928173565138e-01
-1.929539939910386082e+00
-1.800508557448715630e+00
-6.574394566436813081e-01
-3.087078810486600933e-01
3.206707474811629766e-01
3.985782208572163920e-02
4.442904486885286275e-01
4.485738491970232555e-01
1.629781992232605337e+00
2.449023986189793334e+00
-4.080017273630682784e-01
-1.025517309293726642e+00
-1.602065298917976444e+00
-6.242295267862605357e-01
-1.771470628479660858e+00
-9.566185373072573217e-01
-2.237154731075290393e-01
-1.629235396366464084e-01
-7.450811979820670672e-01
-1.310000627135805562e-01
-1.586092578499769701e+00
-2.157117178342382147e+00
-8.392461035033936811e-01
-2.327016143950708660e+00
5.130022217150616015e-01
-1.121732439867574982e+00
2.230595786062381514e-01
-2.168660927983165898e-01
-2.253086829628381693e+00
-8.639000138880393864e-01
-1.632386102658744953e-01
1.496973108560289312e+00
1.578099636724012322e+00
1.405405361735622805e+00
1.190761674570617989e+00
1.726899375635158052e+00
3.151848834086038220e+00
7.913860940469841232e-01
1.179880690028885182e+00
1.048932650359830410e+00
1.709981978774555600e+00
5.952381802532357158e-01
1.309646052783265846e+00
1.008786009902921110e+00
1.219923245222979791e+00
2.496211416315174958e-03
-2.589206870264653571e+00
2.880819682342743437e-01
-1.701965544755037918e+00
-5.794987203842092427e-01
8.423706804405929338e-01
-2.211298958086698185e-01
9.713975723779644245e-02
3.933783495336879987e-01
-2.578463800522423632e-01
5.398394038386624683e-01
2.876259870917829531e+00
4.907571890675250792e-01
1.091954709174655314e+00
1.168046600585246342e+00
-2.503543275493843367e+00
-1.012302741724293798e+00
-1.090819431546418361e+00
-1.227723561275988029e+00
-7.337759211155561179e-01
7.882447628651924054e-01
4.004206056087624699e-01
2.103373067616065573e+00
6.944302592594333579e-01
1.868981590126868486e+00
-1.126610815976474500e+00
-1.504290633408101208e+00
-7.571662492576203274e-01
-1.177006924642217900e+00
-5.310907743941761794e-01
-8.888808943806500995e-01
-6.538175558716857738e-01
-1.554452971545641216e+00
-2.103019876457368209e+00
-1.016046519509821167e+00
-1.950669504583712355e+00
-7.516774930991265702e-01
-1.330998248426082053e+00
-1.047915342472235833e+00
-1.412916835225268564e+00
1.010056045754908371e+00
-2.459069849939967689e-01
1.358217903142624472e+00
1.342907553660811715e+00
6.631995228804887788e-01
1.314179913329838190e+00
1.380241413423948682e+00
6.109924577527163780e-01
4.687257560037245696e-01
1.818209002794602513e+00
3.563196339281563541e-01
1.396119485397851800e+00
2.458688798421603039e+00
1.662016840773766768e+00
1.515803201804543754e+00
-1.261951634560253499e+00
-1.426786903704496678e+00
-1.563350608851246548e+00
-1.829038703655311293e+00
-4.562260503145378898e-01
1.243557066319886495e+00
1.750957243779953432e+00
-4.637269734551920930e-01
1.232877283330291229e+00
1.179787878351374886e+00
4.983023423461263590e-02
3.718122881122372103e-01
1.192663918222612862e+00
1.286752859414209915e+00
1.535669432350014185e+00
-1.244265853612871675e+00
-3.069497895444250890e-01
-8.672914049627752364e-01
-9.892749068445003680e-01
-2.059978537766878226e+00
1.778406992035604928e+00
8.461073774208059950e-01
2.183280174087152581e+00
1.384248165441422262e+00
5.340307797526315792e-01
-1.075773276406359447e+00
-3.439206483830141714e-01
-1.212180808704247603e+00
-1.413501140634556119e+00
4.236836581042540129e-01
4.965825791089284458e-02
-1.122529268114452305e+00
-9.164547982120949676e-01
8.839773710687492958e-01
-2.069084817123250097e-01
-4.246898858674161836e-01
-1.263136265307841066e+00
-1.070818637964787046e+00
-9.190416659648382725e-01
-8.341573466857634678e-01
7.443722272532788953e-01
1.682080770488736832e+00
1.682708595646935645e-01
9.947361933393404909e-01
1.312199733344901365e+00
9.981340248794452474e-01
1.337101205312258623e+00
7.892216901454909284e-01
1.635023286171839896e+00
1.351949198543065167e+00
3.534369576170938165e-01
2.257956503768537182e+00
-1.078317054763449079e-01
1.051266709818381662e+00
1.688068775303079860e-01
-4.044500276707909681e-01
-5.360874462226736803e-01
-1.726110762809732524e+00
-1.178790585157535986e+00
-1.095153509425325744e+00
1.215343072169444927e+00
8.648808923354369682e-01
2.088241613400274588e-01
-6.447910636426912312e-02
2.531391558828184341e-01
4.977190713999515292e-01
3.925471385529527568e-01
1.008123113754691991e+00
1.470972550624700670e+00
2.154099446649797134e+00
-2.355553698501908322e+00
-9.820551403755636288e-01
-9.994409988674247680e-01
-1.608416513132851389e+00
-1.323722154678916185e+00
1.265819499185538932e+00
1.709452412610947381e+00
1.718323263168806569e+00
2.696625286940655952e-01
-1.118662152081444372e-01
-2.573245320264560654e+00
-2.300329997035141183e+00
-2.157199960563910501e+00
-2.153902475483831402e+00
-1.343295932611289434e+00
-5.240370027487851745e-01
-1.045067056120387416e+00
-2.126270909558444444e+00
-9.579991414431484609e-01
-1.251904260145161540e+00
-3.544258967785478553e-01
-6.023454396159658719e-01
-1.213259298218207327e+00
2.173988066829219967e-01
-1.718108132911205566e+00
1.803314707568906439e+00
9.898589820705684383e-01
3.197629574391436247e-02
5.255169320787774767e-01
-4.579805801620047134e-01
3.213515884025376357e-01
4.550141037585049286e-01
2.604119343994061531e+00
1.046981237796938302e+00
9.074504544002062190e-01
9.265824628322505419e-02
8.894951562161262926e-01
1.439086517280780964e+00
9.933239475831801002e-03
1.965047932995870994e+00
-2.136656644358713386e+00
-1.069798718851542763e+00
-1.254753622654748213e+00
-1.317472421574890973e+00
-5.976762932713007848e-01
8.322037363842672564e-01
6.278089253218643861e-01
1.026803380395424403e+00
4.477333277353057195e-01
-2.286225413260773998e-01
5.245183596113849323e-01
1.221222336989466806e+00
6.508641723698518344e-01
8.853820132317778979e-01
1.695267723590268005e+00
3.858541222947813321e-01
-8.812142898942058045e-01
-5.553073360251777890e-01
-1.118963015940833694e+00
-1.627529241122336545e+00
4.588050699287596901e-01
3.735703739747008312e-01
8.965956291724804794e-01
4.787146157636572585e-01
1.629797961621660907e+00
1.812779060519698060e-02
1.373688926855188619e+00
1.084132488351143841e+00
3.660877017238858278e-01
1.017240268568690986e+00
6.422432505271610248e-01
1.599077497169078210e+00
8.884468110693383158e-01
9.297952106304211428e-01
5.147303718638753800e-01
5.182228748066434187e-01
7.843832681777365146e-01
2.094467521477496597e-01
-4.349341202381662441e-02
3.653798784841062464e-01
-8.083728532192195892e-01
-1.055895130588778041e+00
-4.272165919712884730e-01
-1.910201460318190492e+00
-1.130928835497439167e+00
-1.210284990830469587e+00
-9.411274610984987632e-02
-9.838510726313978161e-01
-1.924399223940134185e+00
-4.404218319288448757e-01
-7.060250855929771641e-01
-2.206667113680110592e+00
-7.484393404054952015e-01
-8.581957351156810354e-01
-1.158222878638589970e+00
-5.695008584010077257e-01
8.689512919844295524e-01
3.513732774183025986e-01
8.767989642990530186e-01
6.167031521206418621e-01
2.906700026703878947e-01
-1.235854705392738007e+00
-9.690970376785745799e-01
-7.889714939653863501e-01
-7.739942010511282611e-01
3.214102802612655019e-01
-2.633965832576297128e-01
-1.156377532133823216e+00
-2.312510185617269620e+00
-1.664046705476758259e+00
4.920282307602458216e-01
1.074898668122050260e+00
2.083813575214809699e+00
-4.109555357465848324e-01
1.539016645794325289e+00
7.201851448543283851e-02
-1.227432586739242160e+00
2.241718115642978848e-01
4.788064194051813161e-01
-9.079141667982544295e-01
2.085144247871723033e-01
1.072395736313145331e-01
1.318496887215571789e+00
7.262433227990529039e-01
4.658989277078815494e-01
8.860223494581866976e-01
1.122877980896491046e+00
6.452116476133544776e-01
1.032103991842857837e+00
1.026065505578951820e+00
-1.104507532777738721e-01
2.198546140695935680e+00
1.876101262327961594e-01
-3.358868736121816134e-01
1.533251592474200287e+00
-1.697721460942035243e+00
-3.659191676382972380e-01
-1.314442313886745817e+00
-3.284204301291854478e+00
-3.095561917921381134e-01
-1.604517858889910498e+00
-2.221713807582092581e+00
-1.800363017140784505e+00
-1.055489556589999323e+00
-1.594636207318546939e+00
-2.865604507216124031e-01
-2.128848387117643348e-01
-9.578120402224858942e-01
-9.715487795520164616e-01
-8.706471500149290943e-01
1.335303922579735625e+00
1.181526752550376980e+00
2.202238735741797626e+00
6.991052730379977431e-01
1.295603540958446542e+00
2.253613364364159821e-02
-1.026992809351837899e+00
-1.106477822839203373e+00
-1.470379492115158282e+00
-1.257350077365069652e+00
-2.372684336059730725e+00
-3.712849879099462402e-01
2.578853558986704542e-02
-7.267689940784785030e-01
-1.332277787931817281e+00
1.756591990832928163e+00
2.104160441355269917e+00
1.870550913725282038e+00
1.076850851243423612e+00
1.209960661226521461e+00
-3.290171291395923570e-01
-1.614366806455778125e+00
-5.661834310136109050e-01
5.632606640551558463e-01
-1.526557182037799887e-01
1.215747917997218375e+00
1.007754195648142836e+00
1.851618657931465073e+00
-1.362299342555051140e-01
1.138404357085101237e+00
1.477465538881870710e+00
7.378469052864877753e-01
7.889728889420593028e-01
6.229723461488442249e-01
1.681915483789222066e+00
6.759213844335445476e-01
1.265467714447139791e+00
1.073022216686461583e+00
1.428479512628831438e+00
6.999781480614096774e-01
-8.291567275037958762e-01
-1.730189469954587000e+00
-1.072086307652724724e+00
-8.244396838921533854e-01
-2.773709195223432733e+00
-4.703752157883511753e-01
-2.575264599444257563e+00
-2.396672933832619812e+00
-2.448925565463825116e+00
-1.567811306765120261e+00
-1.298748969154959187e+00
-1.647639989624960499e+00
-1.807075151618669162e+00
-2.488297213643867245e+00
-1.066889629076861912e+00
1.117457302871733615e+00
-7.736939054805116456e-01
1.229879366212020209e+00
-4.535012735153598484e-01
6.655759877338152108e-01
-1.388621256153411476e+00
-8.415460497039208843e-01
-4.899620165813997064e-01
6.459895827268531399e-01
-5.229497443905066767e-01
-2.926338254237841330e-01
-1.136946584093518231e+00
-1.517149522833039166e+00
-1.969101299018754414e+00
-1.848455821992669446e-01
1.290633036165911740e+00
-1.053520893264447977e-02
1.213043256485599297e+00
1.159398542995520920e+00
5.603762765397344303e-01
-1.053028680430093678e+00
1.364501940984852446e-02
-1.844116151419786576e+00
6.230436162645984766e-01
1.521561682478591582e-01
2.606562230490578891e-01
-1.832742107804059550e+00
8.477693428196375613e-02
-1.079063238363022315e+00
-1.105338048663492279e+00
-1.377366760188410755e+00
-7.911323036469113390e-01
-1.328923334695722325e+00
-1.759823224257140328e+00
-1.414258213842821910e+00
-4.248095656647712381e-01
-7.218840589966706300e-01
-1.135042874654368816e+00
-2.683408483319319693e+00
-1.777249722215692218e+00
7.958943533792586233e-01
-1.945689269554742307e-01
2.478634928541968430e-01
-2.352820968127040668e-01
1.910660042993447716e+00
1.486520542593316563e+00
1.657548113714191862e+00
1.425988952107817731e+00
7.587314368411767207e-01
1.784898369889509340e-01
1.897906503808090672e+00
2.673461134761188518e+00
1.042925839822485434e+00
1.536752894744994657e+00
1.283560074414188179e+00
-7.589364829774571941e-01
-2.322790327358961182e-01
-1.565318468044685662e+00
-3.603982945149974970e-01
-1.851141962302284227e+00
2.205253594257499561e+00
3.920160155941321278e-04
8.015574569383198122e-01
7.610080437398424325e-01
6.292713692762444966e-01
2.733002604283476522e+00
8.963445054500482900e-01
7.131240479256713005e-01
-2.721050300924554577e-02
1.191875575599368187e+00
-1.050075967341380645e-01
-9.391503320704155389e-01
-1.474932915801877353e+00
-2.858489801681955988e-01
-1.249727958752804291e-01
-3.078828696262547737e-01
1.176253783276852483e+00
1.046911418664332016e+00
2.139746896824368250e-01
6.720293539834854002e-02
7.710962821288267488e-01
2.642404917752505966e+00
1.497855156546779476e+00
2.250289686245727783e+00
6.648773399026794984e-01
9.988622673530198615e-01
3.438988563945903909e-01
1.146426485514898896e+00
1.244294389626172226e+00
1.945397102244021070e+00
8.333835433100936774e-01
5.595235480684621621e-01
1.810435581678260686e+00
1.684854805527995492e+00
1.405012453095592306e+00
-2.388316530895687073e+00
-2.300026559417617023e+00
-4.906405493630362491e-01
-2.397370111709569596e+00
-1.441796859385594765e+00
-2.592928980619630508e+00
-1.823518023536027766e+00
-1.045476521024899075e+00
4.039707032496699934e-01
-8.380417450070871688e-01
2.666662849366274735e-01
-1.019788716193638756e+00
-7.970370663316326265e-01
-1.586857878225982788e+00
-1.461596566468575498e+00
1.454772363524126533e+00
9.484577941704430692e-02
1.309709321270289273e-01
1.817115146672432235e-02
1.015105667895598085e+00
-1.016299390271763192e+00
-1.309578690422579239e-01
-1.844549658958262839e+00
-1.720855844327629391e+00
-1.071236756505600241e+00
-1.060153210401628243e+00
-1.525169412260236834e+00
-5.671789611076571980e-01
-2.821173314420237777e-01
-1.141576732790854143e+00
1.063761060276102510e+00
1.527837802524455668e+00
-1.515053855173889019e-01
4.478964994699594637e-01
3.913247925333935839e-01
-7.359725787020483523e-01
-1.258330132776079413e+00
-9.920515598199681762e-01
-1.267767715197779754e+00
-1.547437020672215890e+00
-2.486028001272904131e+00
-9.514066927221265235e-01
-1.001343226680096565e+00
-1.763138488582753682e+00
-4.033441908031687451e-01
-3.219337154623747033e-01
-4.800391182360510545e-01
-1.453251725190660704e+00
-1.059504276243506959e+00
-7.042160595769828557e-01
-1.399131175492152268e+00
-1.151181864505570474e+00
-8.399772859444329942e-01
-1.447534408617388912e+00
-1.105748202396362956e+00
1.768219520385340138e+00
3.502016632427131793e-01
1.240693089291953655e+00
1.979936109435580294e+00
1.015576884094386623e+00
1.377574770775615187e+00
1.964047102353363883e+00
1.585915077316886190e+00
1.336195103249167460e+00
1.183709661506721744e+00
3.397799901429525704e-01
3.814037293756906699e-01
1.730146880847022839e+00
1.309461654288774701e+00
2.531464694791370373e+00
-1.369357098032820241e+00
6.181452197169485796e-01
-1.060130092133947377e+00
-7.936041305407663948e-01
-2.485453275853641841e+00
9.442902494800268220e-01
-1.123826152950175850e-01
1.208477619778731693e+00
1.329849746356820850e+00
8.553615721834506580e-02
1.201826342799551695e+00
5.175716638474334719e-01
1.736025678696307750e+00
2.516539528785675550e+00
8.696987072857931267e-02
-2.381624401910784172e+00
-3.086330546232335381e-01
-1.749471255904349043e+00
-2.243968669594038623e+00
-3.177821917540788466e-01
1.193735842195790875e+00
3.042440208047246797e-01
5.601784800431465206e-01
1.107311244294470365e+00
1.093337644251809682e+00
2.535094653040062873e+00
-4.120077550532075250e-02
4.161421108925558165e-01
-2.892964156357642480e-01
2.033106103648876672e+00
-5.204412436232908057e-02
1.891327097194087647e-01
1.105253832461686292e+00
9.801800336927596335e-01
1.015732013330584493e+00
1.850334687618688800e-01
8.386681301312601811e-01
5.516753758235524163e-01
1.205636823471011976e+00
7.101034669799806132e-01
-9.216334727659613035e-01
-1.546847638151490179e+00
-7.178208195192063990e-01
3.000486122245042964e-01
-8.450789410492791642e-01
-2.000145258439541163e+00
-1.684676128377075699e+00
-1.843841119104676185e+00
-1.047165642111707262e+00
-5.331986172945513136e-02
-1.392404418493965013e+00
-5.434667741276598685e-01
2.425211368353474839e-01
-1.521709435660634657e+00
2.770937191957245638e-01
1.497201959064576204e+00
8.914651714924112236e-01
-4.225508824914954165e-01
5.989115211484630219e-01
1.050589171152461754e+00
-1.245807352927198020e+00
2.609674024947117310e-02
-1.460494385381854610e+00
-1.810708311682309279e+00
-2.399445394480428817e+00
-1.527986038979978867e+00
-9.251043646231273954e-01
-1.422014558225464187e+00
1.717073688451775659e-02
5.184750564593398892e-02
1.547821324423745981e+00
7.175216450437388316e-01
1.223630740021954599e+00
1.528801362121802843e+00
3.844691552126791034e-01
-3.917260752966811310e-01
1.628548276765822145e-01
-1.846563709806249953e+00
-4.103638342863761279e-01
-1.316242735663538888e+00
-1.483102356190413307e+00
-1.335498408780857904e+00
-4.621904359831059406e-01
-1.080680120050986792e+00
-1.297961049986664062e+00
-9.937993394761394095e-01
-1.243152983502033848e+00
-8.495523669657683019e-01
-9.399806943800379511e-01
-4.021853558661487860e-01
-1.827702620985926174e+00
-4.428636278133631921e-01
-7.035079755355392317e-01
-6.877277334460605296e-01
-3.504620645774664256e-01
1.633740260551904244e+00
2.339776030601186996e+00
2.863539009214398856e+00
1.141335905550022289e+00
2.084872250767654922e+00
1.928697456158206869e+00
1.459795311824301001e+00
1.218526661341342354e+00
2.021509154470563452e+00
8.196840337370683294e-01
3.768709724378791481e-01
-1.783547131852549761e-01
2.462507640579191026e+00
2.178540400057946691e+00
4.704183952222371623e-01
-1.450726810893953500e+00
-1.298538414370966176e+00
-1.902447802209921601e+00
-4.817456526115034832e-01
-1.294340107665958417e+00
1.367956470419169790e+00
1.846013902301564258e-01
1.044004257776729894e+00
1.061224501066182713e+00
7.058537016508064088e-01
9.926310277326082510e-01
1.695672869413559214e+00
1.016235306073243860e+00
1.376850542236888408e+00
8.203384279657823797e-01
-2.246521140980771936e+00
4.843010857412100023e-02
1.588741481983166892e-01
-1.918513152990890980e+00
-8.840353889282965838e-01
1.821587944054193553e+00
1.257081040726401699e+00
8.724483210325617577e-01
1.095140664980562617e+00
1.973956587849607036e+00
1.715132537668801582e+00
1.873835821169933524e+00
-1.726431695925110255e-01
9.407697116695091788e-01
1.014159957715575322e+00
7.228012798727387889e-01
1.432831307883415395e-01
1.415155047321015047e-01
5.264651175232615277e-01
6.845169280819960456e-01
1.136432870830365260e+00
1.244960624336508781e+00
3.123581265887520608e-03
3.885208811173697097e-01
9.557057572215734709e-01
-1.043493756564123798e+00
-1.698566590573865831e+00
-2.645121061811610552e-01
-1.331897034824655712e+00
-2.637272971828974466e+00
-7.289063264685283761e-01
-1.188764678629438354e+00
-1.332247343104338455e+00
-7.989449873868057495e-01
-9.225398938760785983e-01
-1.149833199600871714e+00
-1.842597389781287287e+00
-1.261317928917344400e+00
-1.141604895318005575e+00
3.660864119104423331e-01
1.289345996594385868e+00
3.994369109311579624e-01
1.259261747107635276e+00
2.350728488855944764e+00
8.457569034670749941e-01
4.277222151270438921e-01
-1.038134030731819646e+00
1.766473984991114854e-01
-7.245995721920777122e-01
-1.189330267455084744e+00
9.463414908702034722e-01
-1.737889931459902337e+00
-1.623278244205681453e+00
-9.428145339845360740e-01
-1.930918985353461625e+00
1.262433955234806060e+00
1.069081126108358593e+00
8.132228227431799183e-01
1.328434144803728234e+00
2.742713180135443629e+00
-1.706218692446984431e+00
-1.480585785930702114e+00
-3.405706411855150550e-01
-1.107840136121933439e+00
-1.735050511911599980e+00
2.326426395169128192e+00
1.906938923173984390e+00
3.000285722511790709e-01
2.269627280179566942e-01
1.296875916833865272e+00
2.101027783759106260e+00
-4.274834658553823274e-01
1.938519479563449721e+00
1.146876200355721132e+00
8.300133597472363345e-01
-7.001548282376210963e-01
2.358869073424984641e+00
3.675321010791263721e-01
8.944677340322414461e-01
1.126438783288970402e+00
-1.056139314537357876e+00
-1.440182677477598094e+00
-1.284569276543140681e+00
-1.063304000766818413e+00
-1.314517200612469683e+00
-1.106050583791224007e+00
-1.264453301960955400e+00
-1.818526204068358076e+00
-1.938359449051210381e+00
-1.523490234044954983e+00
-9.992414333389472159e-01
-1.656828425810032979e+00
-6.461150274153073525e-01
-1.314964984655518920e+00
-2.623504012786824768e-01
1.298419480922050173e+00
1.012838680044938489e-01
-3.197884150912755352e-02
1.202881706689578056e+00
-1.866010619042328678e-01
-1.485845191908302887e+00
-1.349302339171127851e-01
-2.205577326684205808e+00
-5.548145522211060943e-01
-1.651759000862908611e+00
-1.820106947531583641e+00
-1.258297961025944822e-02
-6.482859500313851164e-01
-8.719782901896858673e-01
1.304103598731702895e-01
6.199512383496480483e-01
2.812124419620867233e-01
1.470828208712933627e+00
5.608133107259787309e-01
9.579738500793466560e-01
-2.898627093925063569e-01
-5.352772942849360893e-01
-7.873146968366010467e-01
4.314202090439405168e-01
-1.135025148133747219e+00
-2.210636883521453822e+00
-3.260061698038542843e+00
-1.533652228239167581e+00
1.384577807865973842e+00
-7.801229907300062383e-01
-7.523228238156591807e-01
5.039463185634751596e-02
-6.924787324104499930e-01
-3.633636931429409245e-01
-2.111292608462657316e+00
-7.130176234919659572e-01
-2.149520746101530655e+00
-1.102777847881373230e+00
-1.013539827438480811e+00
-9.701243244602653082e-01
1.307953609591975486e+00
1.269523668970622410e+00
-1.742080390380296162e-01
1.623896974729023945e+00
4.955846800570222754e-01
2.624156876696747354e+00
9.807068633239086619e-01
2.764111098116261989e-01
2.231821984134280790e+00
9.799129785272063797e-01
1.645434446962917852e+00
-3.082773897237816030e-01
1.137088505657432913e+00
1.108378981403441266e+00
2.317520200342192638e+00
-4.097013501961850324e-01
-1.859977854425165278e+00
-2.032591107267143649e+00
-1.248128072035398661e+00
1.266681559026994197e-01
8.228920013151019841e-01
6.127421771376440063e-01
5.676330343981020876e-01
1.377618561953794618e+00
2.189352889798034107e-01
1.411591870222842493e-01
-2.570556784668953654e-02
1.027107321523590189e+00
1.224020280338684152e+00
1.969522362189926712e+00
-6.395207231233360767e-01
-4.736565969568936607e-01
-9.351836977460810107e-01
-2.089223499587162358e+00
-1.290435188893250817e+00
1.735589130169941541e+00
1.288037229325308175e+00
1.700495014069135724e+00
5.548379892488720655e-01
1.096476576908476996e+00
-1.409131557324410311e+00
-7.780273715117840272e-01
-1.434620562677659805e+00
-1.422801229762626019e+00
-1.100480325380715385e+00
4.108201022269994951e-01
-2.356603919650275714e+00
1.036187417563061430e-01
1.128683952059819084e-01
-4.614916760256353445e-01
-1.213974930847039335e-01
-1.901842475673008348e+00
-2.761906775924967139e-01
6.465348558845338545e-01
-1.753878637737526169e+00
-4.550723727287564468e-01
9.572673038135739443e-01
-5.334063582801860104e-01
1.646196674415535188e+00
2.034605705316756108e+00
9.279849049304592645e-01
1.678026660297387007e+00
1.857651062923101559e+00
1.341436944603037862e+00
-4.788349734172570038e-02
8.967256800108757142e-01
2.491117717902016082e+00
2.293829272259011454e+00
1.698268912110038720e+00
1.490842704691611065e+00
-8.577463259704658505e-01
6.083565933745060939e-02
-7.683327207646943879e-01
-9.211459483481467814e-01
-9.851465832677940293e-01
6.991924870746036857e-01
1.270571847936112331e+00
4.417806610845568249e-01
2.782041879151428976e-01
1.320883788583450125e+00
1.669670298801123831e+00
1.866826984927673072e+00
1.251488136560870990e+00
1.046413094648177555e+00
2.144265976193016954e+00
-1.628942578581038525e-01
-5.873503657537488820e-01
-1.210575731571668090e+00
-2.538167396691145772e+00
-4.020291175420831475e-01
5.590117211042961998e-01
2.503799438228048846e+00
8.433251080518270326e-01
1.364227815869816229e+00
7.140727147367259553e-01
-1.172373041823068229e+00
-1.421708052021586788e+00
-1.009710575168075497e+00
-2.463697156815505274e-01
-1.460058006061465630e+00
-1.228407112478663965e+00
-1.808870824878830330e+00
-1.789451958914103802e+00
-1.132128980344855540e+00
-6.347304002695242087e-01
-2.971586550575877617e-01
-1.798455698196380848e+00
3.327844107921462680e-02
1.919994068406007948e-01
4.801239125279943565e-02
1.223320242180073070e+00
4.754234189009629574e-01
3.204606999749129326e+00
9.180659036550856689e-01
1.916493201886066311e+00
2.294684647025815316e+00
1.013639955763822043e+00
1.345382175749089804e+00
8.801688473035538252e-01
6.890416391011828789e-01
-2.388720810542417361e-01
3.056152018247004776e-02
1.284305567924493907e+00
1.436634590823127500e+00
2.043115347868107889e+00
-2.183642363404489473e+00
-1.348255729181405904e+00
-3.825897722934006318e-01
-1.319204881525550155e+00
-1.000266340831168721e+00
-1.012605689977033485e+00
1.069994294506965371e+00
1.252307028804624744e+00
1.018966803566779600e+00
1.179649895668789306e+00
1.883382536375745708e+00
1.548847376612227045e+00
1.217582352042504201e+00
1.508740405847339039e+00
1.639950937904397055e+00
4.661961448859763824e-01
-8.697289901560806280e-01
-1.537973549403893081e+00
-8.002298812328334510e-01
-7.309337886248774563e-01
6.069575128913193840e-01
5.916759113725240660e-01
4.653407758573504527e-01
1.903162037806066076e+00
1.145406383836640174e-01
5.389356900675013051e-02
-2.105440834256849580e+00
-1.177978771676145398e+00
-9.777811675260662527e-01
6.632914931807742942e-01
-1.215931800928217621e+00
-5.181738576815686503e-01
-3.250141057540587575e-01
-4.568722860884465442e-01
-1.625142587297297547e+00
-1.979662821696143826e+00
-1.779412485520849962e+00
-5.967038012614669373e-01
-1.624351331150844402e+00
-4.808779492129597877e-01
6.313006508262802852e-01
6.914469010598162102e-01
4.375320368830910578e-01
-8.883127910037602604e-02
1.726005576783586681e+00
2.097288390992938290e+00
1.018416321019132154e+00
8.875722000293716496e-01
1.397215659385262487e+00
3.489341836639564542e-01
-1.068565419998164678e+00
2.289973189486999239e+00
3.055074959842885018e-02
5.580984637118246994e-01
1.254457325500313525e+00
-1.312886585211680668e+00
8.750524078667409889e-02
-1.806718591734770785e+00
-8.120604053470322770e-01
-1.023557903315634787e+00
8.221753995543368276e-01
8.505787506053600344e-01
1.182226918970457064e+00
1.003427030537610731e+00
1.555781624574650746e+00
7.365025841679337937e-01
2.022201505615743411e+00
1.881686108677178781e+00
1.546931819796721674e+00
1.276042677427749350e+00
-8.602580397469308249e-01
-1.519659820703736841e+00
-1.543006262683186414e+00
-1.963509524853741750e+00
-1.539469678421387044e+00
6.512959149807288073e-01
-6.954850192306933909e-01
1.558834861358960211e+00
9.275663827262069505e-01
9.614486377469939615e-01
1.526081862624762975e+00
1.374895644545237605e+00
3.145141382713956268e-01
5.402402017218912444e-01
7.451492147709690705e-01
1.589169726805524041e+00
7.182790107698933113e-01
6.160409801410300368e-01
2.712114156571517221e+00
5.014981713829436138e-01
7.250494086375168790e-01
1.743732297930271180e+00
1.510976430436268725e+00
5.451801718900499694e-01
1.057709105935610294e+00
-5.182489623615031960e-01
-1.728448987973090656e+00
-1.021112112601950894e+00
-9.727471476467474121e-01
-1.071028764086768614e+00
-9.231941314059923798e-01
-4.746876316889587777e-01
1.248897878173949039e-03
-1.879227849178384702e+00
-1.350086290727303906e+00
-1.241714930284397944e+00
-1.982116738997182770e+00
-1.002921996106528768e+00
-2.601283641618581388e+00
-1.542275587006941340e+00
1.156732601236595048e+00
1.953953859621393674e+00
1.448440436264137876e-01
2.135003598751898934e-01
1.938986142486568420e-01
-2.145907231395098869e-01
5.468317619382470074e-01
-7.908143141771221130e-01
-6.545722561981990317e-01
-1.121556075321087143e+00
-1.085807506431948788e+00
-1.489034418585593933e+00
-6.702278583556656733e-01
-1.890352563782521367e+00
-2.162931229469623240e+00
1.569115898136311804e+00
1.271045089544259099e+00
1.742018211342512668e+00
1.553289175484024565e+00
1.697450690802660311e+00
-2.204063958525849909e+00
-1.123589247361867161e+00
-4.177922374433612474e-01
-1.962269008891983191e+00
-7.327095426355862973e-01
-1.465558644004532285e+00
-3.392696617327670694e-01
-8.552045407825606960e-01
1.758261721529159605e-01
-7.382431632297776769e-01
-1.417096556701027410e-01
-4.876196980401283909e-01
-1.145026852932697237e+00
-1.086989914261486057e+00
-7.320849784222713819e-01
-1.466661861293990787e+00
-4.382497468623689496e-01
-1.442543255130078306e+00
-1.221809160959103746e+00
-2.133456343725629978e+00
1.767192426163126440e+00
-4.988330604529105372e-01
2.152190933142224871e+00
1.540997793051325226e-01
-5.682187576660548967e-01
-2.402469828397717500e-01
3.911444837326238932e-02
1.782744458543748856e+00
1.478523285818413413e+00
-2.295490363031316150e-02
1.062397085347667192e+00
1.786923181914048087e+00
1.810273923160778287e+00
-8.417631962650009569e-01
1.012149703548852697e+00
-1.148114722419120826e+00
-2.509380908562731438e+00
-2.419357070094378059e+00
-1.754723278244420870e+00
-3.791730613370818403e-01
2.347603215625554185e+00
7.140669778000409140e-01
3.184727490677855766e+00
8.179365212091868065e-01
1.827431736026092546e+00
6.453608768816745389e-01
3.757112189431486282e-01
1.210631037010646560e+00
1.227522381128816065e+00
1.925894074410795520e+00
-8.719735619409819671e-01
-1.917090656177848018e+00
-8.169065137000967036e-01
-2.102911028336906796e-01
-7.653303579892297703e-01
-1.301849825990279985e-01
1.182202990618483440e+00
8.795128199238742006e-01
9.753858855077546242e-01
1.235100134534459437e+00
1.311015664544477710e+00
1.202328489754965535e+00
4.094820584206182446e-03
-3.046321211190690104e-01
1.158374334275517947e+00
9.615205913333024768e-01
5.974898754807583812e-01
1.556398627245365152e+00
6.747620954020576711e-01
1.371198845516609088e+00
1.125230817536774008e+00
9.876386503365868208e-01
1.968159094939986975e+00
6.832231935836621251e-01
1.578287587090128952e+00
-2.774572919148893257e-01
8.077904807856528535e-02
-1.021758142557691373e+00
-1.646732478434621338e+00
-2.000608065437213590e+00
-1.227552449750549446e+00
-1.709396820838579911e+00
-1.327532345023698213e+00
-1.502571610860538698e+00
-6.707364629978749271e-01
-2.648952265272399575e-01
-1.883698456065326710e+00
-1.976104499617620469e+00
-9.899763743927773030e-01
-1.066089981351583393e+00
5.871104386981762513e-01
8.775656699733587196e-01
2.133936411155121782e-01
-8.281879760327615081e-01
2.023370608322083708e-02
-1.285087513827527728e+00
-1.038610907839540909e+00
-3.704146378014838703e-01
-2.304361493338473732e+00
-1.630881505534919285e+00
7.145148656963637990e-01
-7.398837479935094219e-01
-1.494324051359994243e+00
-1.754753327587205591e+00
-6.803298886489803632e-01
9.391971391597522256e-01
-4.245641079190629608e-01
1.174614227290153412e+00
-7.473278099976421451e-02
1.734092297842630970e+00
-1.306115124291687746e+00
-1.266239857523319357e+00
-1.667354538178088097e+00
-1.333560105241082372e+00
-9.172778400418726275e-01
1.139460075695636565e+00
6.458258986922489342e-01
1.430396104120548184e-01
1.380347029995590002e+00
7.510345894605973127e-01
1.079754906313689533e+00
1.193109116914607526e+00
1.216475993388348220e+00
5.838475537934942894e-01
2.454534873651346150e+00
1.542631452183394369e+00
9.928731491469499071e-01
8.821160061755976001e-01
1.909094409931415992e+00
1.544327728193015226e+00
-7.567789070925909911e-01
-1.190210492021332334e+00
-1.341751374566565458e+00
-4.047715631035209150e-01
-1.416922256035596295e+00
3.813104980186132753e-01
-8.853317213243381278e-01
-1.215444102386988412e+00
-7.803931332195783721e-01
-1.383103989993625715e+00
-1.650855240354759612e+00
-8.556717873564316790e-01
5.956861521655811842e-01
-1.587004988421615970e+00
-1.535944692673398615e+00
-1.950894755345475851e-01
1.747424641618700036e-03
1.310145882707866249e+00
-3.525956075597647121e-02
1.607888383201815374e+00
3.085686871435047163e-01
-1.018260878094404243e+00
-8.401051765819691486e-01
-1.237052950930396022e+00
-3.148795402336725946e-01
-1.987430749074400538e+00
1.102999737376713085e-01
-8.770948389559836134e-01
-6.212260447084790860e-01
-7.299265049597308819e-01
5.001242528921989727e-01
4.925619581200565422e-01
5.891271424728166117e-01
2.355342470867529681e-01
2.117534122764806348e+00
-1.100478389184909034e+00
-1.518933046727872993e+00
-3.366437140317095622e-01
2.089930953761220955e-02
-1.259043732830275708e+00
8.398621933609521362e-01
1.061005073041403346e-01
1.103036326323740601e+00
1.302115721698402062e+00
1.034097641873209961e+00
7.176198122877441854e-02
-9.943410774514349626e-02
1.185356500495667875e+00
6.446903579687704999e-01
1.796720933118725050e+00
8.513269336393057829e-01
-1.767024368343630414e-01
3.367133339974415218e-01
9.709014333011694031e-01
1.620039043113135513e+00
-1.448791647178335751e-01
-7.436770387721562958e-01
-1.253081006542863696e+00
-1.461264029743032378e+00
-8.487519518173259891e-01
-1.772236950541612455e+00
1.359678083708705465e+00
-3.842381656615966312e-01
-1.136926260529356636e+00
-1.026049921448631386e+00
3.968025117157059078e-02
-3.056052293040943724e+00
2.096283159284786368e-01
-2.589326933565677891e+00
-1.482049638138393632e+00
1.971941840360923681e+00
1.361808119997790056e+00
2.500856098874626010e+00
1.606675799320776754e+00
1.251356115331170971e+00
-1.398713287948849526e-02
-1.111080752322191278e+00
-8.166561836781964789e-01
-3.592892866073350566e-01
-1.246309554980118195e+00
-1.564618131296374504e+00
-1.564013261095695606e+00
-1.097342078808704047e+00
-2.701729018679404515e+00
-1.691246841113140498e+00
-5.650886981629454908e-02
4.145420870547293912e-01
6.669646295462572372e-01
-3.928700403398308616e-01
1.171911446387663425e+00
-1.781022366869178253e-01
1.917348503512397162e-01
-2.251613351144814423e-01
-1.821994139283620751e+00
-1.154787653896256927e+00
-1.437580542079548440e-01
-9.660287218777057205e-01
2.797258559582682658e-02
-5.903748996446034347e-01
-2.444822615158227741e+00
-1.595445525383042629e+00
-1.605608068455014692e+00
-6.280287562493879205e-01
-1.015879039560394048e+00
-1.565033723873805460e-01
-4.968055068080671210e-01
-6.811299143097911957e-01
-1.226662355960663531e+00
-2.139158466743996012e+00
-2.548658062188899898e-01
1.596591453312143472e+00
5.951230510825897824e-01
8.968033029392525890e-01
1.934321406928088516e+00
6.857658302804294781e-01
1.318181271723250170e+00
9.934089082956546468e-01
1.035881665547290220e+00
1.472227264849730766e+00
2.991015216769562279e+00
-2.467287554123225313e-01
2.024149222548363269e+00
-1.130361228875875756e-01
1.446685552509559436e+00
1.188722354753115606e+00
-1.672105131397023658e+00
2.538045856170101366e-02
-8.952429613883239323e-01
-1.215480497006661054e+00
-1.592759705250828439e+00
7.540623212127707253e-01
8.609457559300550678e-01
3.395766114423902637e-01
9.099853472148762279e-01
8.497956028135529305e-01
7.213232294242017950e-01
1.561358109686306062e+00
3.033202867691294768e-01
4.220547638451310757e-02
1.309775682049073131e+00
-1.239164451276953516e+00
-1.325881285808801602e+00
-5.545531799338186962e-01
-9.480331778446760005e-01
-1.176981393302888756e+00
8.644608447440249588e-01
9.554930769493019671e-01
7.259934162601532348e-01
1.005783197296573617e+00
7.831592044676196629e-01
-4.700318104728007373e-01
-1.244311329381562636e+00
-2.084333149519545181e+00
-1.352739176723669612e+00
-7.696307156625883383e-01
-1.329436985955873007e-01
-1.230284350589892828e+00
-7.105122330102420225e-01
-8.770248514102202408e-01
-1.475163264232365101e+00
-9.838194068709724682e-01
-1.446572676426516768e+00
-1.232785527271540893e+00
-9.404337385900598534e-01
-2.372886770255818067e+00
1.402529213157640342e+00
3.034197062721211147e-02
1.583208758883655864e+00
1.042706206840593675e+00
5.380715836232452531e-03
1.934673847067589492e+00
1.560986946776137252e+00
1.878591279750287724e+00
1.099551822963262371e+00
1.155373406688462667e+00
1.520990506795578456e+00
1.818607061489880605e+00
1.542158734053803215e+00
4.217740126167048853e-01
1.432045163896689566e+00
1.007569446549760883e-01
-1.352365294948649987e+00
-1.243010086749530618e+00
-1.776214001957743260e+00
-4.465212229199201355e-01
7.802590139420492177e-01
8.224168022619664509e-01
2.047157461200478368e-01
5.146321671590267099e-01
1.794477061271109619e+00
3.040686143278782172e+00
9.606329688707645476e-01
2.245091894974808433e+00
1.740093770783614158e+00
1.526770397363550025e+00
-1.289578646352965263e+00
-2.774436068097629882e-01
-3.245485082356965867e-01
-5.959440058233530513e-01
-1.980283242842091340e-01
4.670227558604369555e-01
8.009697191065366928e-01
1.550074870275572225e+00
-1.057688237303187062e-01
3.894493785867157998e-01
4.954248874774846989e-01
8.146711258574323988e-01
1.296080357958106832e+00
-4.558514728865770138e-02
9.000645920391634469e-01
1.206441143017546569e+00
6.786509000280802617e-01
1.642091960302302756e+00
1.096594974270592715e+00
1.129816265855231538e+00
2.927657615343342012e-01
1.922598427182334202e+00
2.876829246096648252e-01
-3.803230999310436289e-02
1.436539044960466693e+00
-1.150923832633602872e+00
-1.274133321025026078e+00
-2.360591973088915996e+00
-2.580608914212642047e-01
-1.457158598509729730e+00
-8.116176007624242850e-02
-1.253149922753830303e+00
-1.192701532564148570e+00
-1.051117339795095029e+00
-1.797270857104444231e+00
7.113349998838329746e-01
-1.801143720849366803e+00
-8.863683887364322000e-01
-2.234810087453948935e-01
-5.310378641595664417e-01
5.035775706730142298e-01
4.359419373257333863e-01
1.360732076483413211e+00
8.920097312027244207e-01
1.279275882419975918e+00
-1.427566944188940257e+00
-1.352635348764308798e+00
-1.355802664195723484e+00
4.955588673057387261e-01
-1.637451079705248613e+00
-8.681485155022349298e-01
-1.247314420165323234e+00
-1.503936594219372314e+00
-1.877341978343498141e+00
-2.007345238717449298e+00
1.635061869665848100e+00
8.201850051802052066e-01
1.192990540685785028e+00
1.029649685027014705e+00
2.119576449848763922e+00
-1.885376478765842245e+00
-1.611686413708910415e+00
-1.586425567057882846e+00
-8.513837496955255491e-01
-1.381638699917628221e+00
6.777956442039421159e-01
9.815935189276099315e-01
-6.805370615739898543e-01
1.895322965277354887e+00
1.677602055694360494e-01
2.618960574694708665e-01
8.424769190760637017e-01
1.976709744211227360e+00
9.269835578312711766e-01
1.313846676646177380e+00
-9.191115723792142589e-02
1.470931868231177386e+00
4.811580723309751839e-01
1.560576002432376708e-01
1.616240851588260474e+00
-1.896124533632161491e+00
-8.446420392099437402e-01
-1.629857855097248898e+00
-1.861096311424364158e+00
8.864451504401846815e-01
-8.656784264707542143e-01
-1.376326761025461698e+00
-1.889311719564916503e+00
-8.054072211214680088e-01
-7.586412566832556603e-02
-3.124249678651596085e-01
-9.964249902304602724e-01
6.491464132173492274e-01
-1.455443220352460987e+00
-7.885057072519263688e-02
2.264529275431135691e+00
1.899603067667143375e+00
-1.673388183195676504e-01
6.449812512426158495e-01
1.001993763830481443e+00
-4.274579038653095742e-01
-8.214347640194584743e-01
-9.117594364135684915e-01
-1.488943740974807195e+00
-1.047020022274580242e+00
-1.348745276947259431e+00
-1.884656807896898822e+00
-5.622912045571191175e-01
-2.335533613130283737e+00
-1.327388073626277087e+00
1.014558955556197128e+00
1.483006956083824601e+00
1.795678771252604333e+00
-8.864893926481709485e-01
-3.272394722958598123e-01
-1.987446712524063797e+00
2.918099631885731071e-01
-1.044442167441923752e+00
-1.647398859485180722e+00
-1.278011624315042338e+00
-1.670719906677093469e+00
-1.806999635119458603e+00
-1.608762943187429961e+00
-1.130917255684714018e+00
-1.327500638650493059e+00
-6.996465954396905440e-01
5.440229927767727958e-01
-1.124052742273191630e-01
-2.200267690117830188e+00
-3.299892967329460802e-01
-1.317088821655759245e+00
-3.243168249464822850e-02
-6.723430041501833321e-01
-9.626503129630038513e-01
-1.226821233603202277e+00
1.592836108982012000e+00
3.261075519201982464e-01
1.988004413224831124e+00
1.325850755777291390e+00
1.273262423992763237e+00
4.758793247892367795e-01
1.599263184355010248e+00
4.709982710385985927e-01
1.564261302418461730e+00
4.149895853987223271e-01
-8.008943772866627953e-02
-8.201512996169957326e-02
1.825618929414705383e+00
3.344574800426232120e-01
-2.384620248903464024e-01
-3.032267704811482112e-01
-9.737956162985641484e-01
-1.302379240130830063e+00
-1.966963490706832074e+00
6.403543438917158603e-01
1.551665737771051656e+00
1.714382815509122526e+00
1.302422373641617837e+00
2.202594848399535010e+00
6.789456787218193234e-01
2.413599602470031691e+00
2.619951269076394862e+00
1.742687922610711704e+00
1.661387346068884163e+00
1.515805004458704808e+00
-9.384148177184500339e-01
-1.223772589737986527e+00
-1.374786134175369101e+00
-1.939039480660575965e+00
-1.613030856483884445e+00
-1.127985563454809714e-01
-3.139981656122259324e-02
1.857620463616509676e+00
9.302986855470489758e-01
1.685392879220986462e+00
1.152219797273543511e+00
1.014788179871559226e+00
9.562915508109551821e-01
1.059993941161092357e+00
1.002305483555538501e+00
2.238807299462307832e+00
1.121482423063615785e+00
-1.932262405680318373e-01
1.114761433581958006e+00
3.664562468097114500e-01
-2.036323436337756920e-01
1.125112013027400826e+00
9.400615809142429669e-01
5.599733822401921080e-01
1.105281665002787239e+00
-6.591024052203331429e-02
-1.880433087327012531e+00
-8.237936308812965347e-01
-1.465302412640076657e+00
-8.380434917356421876e-01
-2.090149498314934462e+00
-5.690878589491131789e-01
-1.944029954607562782e+00
-1.647640712772542093e+00
-3.368822169849926551e-01
-1.598665760387435686e+00
-5.525176624736518605e-01
-1.185831935427515305e+00
-1.998120346238050793e+00
-1.175009667657499035e+00
1.030328101905166438e+00
1.635559443733712648e+00
3.947077807279706363e-01
2.780158928000990848e-01
6.107058692316029713e-01
-1.500415274884374428e+00
-5.310591995234787976e-01
-4.538138711581319873e-01
-9.982397587888145463e-01
-1.105708906184677653e+00
-7.087879503433796025e-01
-1.287276026369468029e+00
-4.588486770494977218e-01
-5.933279184957934715e-01
-1.300196754223013951e+00
1.559778348553685579e+00
1.310143500212549439e+00
1.060282833061923613e+00
9.606752393016758651e-01
1.004088642210065441e+00
-1.745518492975623781e+00
-1.048658673761323490e+00
-8.578735682953477770e-01
-9.530195116702091518e-01
-2.839374108905911243e+00
7.363907591684154541e-01
1.396926268703887253e+00
8.959040185729070238e-01
1.521592538792969629e+00
1.743786779065860770e+00
2.383902837248886186e+00
5.959655883850919489e-01
1.770304156414422181e+00
1.426983257759108614e+00
7.340954831400400282e-01
1.723212297856918873e+00
1.380071644240261186e+00
-3.039465129444800517e-01
1.800315611250477676e+00
-5.858056906656861074e-02
2.231941655994895690e-01
-4.591749524409790562e-01
-6.300320897365696560e-02
-2.018873572124871174e+00
1.230359361226383008e-01
-2.688633106638810943e+00
-1.253124491526683704e+00
-1.215816197069490512e+00
-4.181115094939555910e-01
-9.853102904163311138e-01
1.886348120285115115e-01
-7.870030312570829301e-01
-1.204146428756448062e+00
-1.627521383199564520e+00
-1.322820396899689221e+00
9.972707850057792589e-01
1.734570875670188750e+00
6.384075617714055628e-01
9.804416858268322210e-01
-3.230297407877029681e-01
-1.120972185839753887e+00
-1.355783688826612599e+00
3.117506799701390552e-01
2.246480449213181796e-01
-1.266414180648261389e+00
-2.040525198934521889e+00
-1.198809445743921787e+00
-1.719489610806457680e+00
9.759751925581436893e-01
-2.389478447675940309e+00
3.812914676436913730e-01
1.722708238529501168e+00
4.135081703159828592e-01
-4.443695591146257229e-01
9.376872573821188883e-01
4.256949834050782755e-03
-1.040729332238020888e+00
-2.871450852576351576e-01
-1.610769929524470179e+00
-2.199041828662680942e+00
-9.231676662830266000e-01
-1.749970680561875325e-01
-1.169611500167072160e+00
-1.221763417807920193e+00
-1.358236758259384835e+00
2.598039954275859209e-01
-1.146078424066872214e+00
-2.586798768068907517e-01
-1.122537743802721089e+00
-1.526625671789407557e+00
-8.180570181866648749e-01
-8.869543675441363684e-01
-1.318659582122562401e+00
-1.261869896786946388e+00
-1.491444025584880206e+00
9.185541184739994813e-01
1.150603800079122996e+00
1.520143751307945656e+00
2.637892746709211700e-01
9.942346956000814862e-01
1.378371480939015736e+00
5.011408167385054124e-01
4.593030527897972171e-01
1.634720917026003306e+00
1.632519952900390425e+00
4.730899872866551892e-01
1.304115724613460481e+00
2.046400673367920753e+00
1.177859380470510420e+00
1.505550032075190003e+00
-1.178085299622329662e+00
8.437446082774768819e-02
-1.475553538887423910e+00
-1.256330869409932216e+00
-4.714954465244132198e-01
2.395804357471926327e+00
8.644430588144591532e-01
8.869849574704511408e-01
1.011318318587897336e+00
1.335269829772658401e+00
1.572242386148932969e+00
4.960739371183597868e-01
8.981212577463455471e-01
5.186552469833192180e-01
7.509540431545844719e-01
-4.512408178717259855e-01
-1.566392232336488721e+00
-5.600312159975693316e-01
-6.185588089065885420e-03
-1.369188646240239837e+00
3.803276260978044609e-01
1.026510142361197753e+00
2.540933976303154207e+00
1.210252563154691430e+00
5.573180362181527903e-01
1.564798573319427177e+00
-2.069302950251832307e-01
-8.047749946337949822e-01
1.643857606145273209e+00
-1.564142349665021303e+00
1.610070305170751004e+00
1.045040798076033450e+00
6.907124276777070193e-01
2.463791524749856521e-01
8.238713480191507399e-01
-2.203993462252609170e-01
4.876804515088337677e-01
-1.710578446555144350e-01
6.134632135336059999e-01
1.819998916942408007e-01
-1.085452445552639311e+00
-1.868881613593306623e+00
-1.299064790841780503e+00
-1.062003633733572538e-01
-1.121906250385839909e+00
-1.487304332488628145e+00
-2.578558517304053943e+00
-1.647234615386956147e+00
-1.385223228225300751e+00
-9.267845965053398416e-01
-3.215308279026425353e-01
-1.449268425689825390e+00
-1.698949401481136379e+00
-1.770023750189363643e+00
-4.812174517259533157e-01
1.594661636245872316e+00
1.449211217048262723e+00
2.365328378412971944e+00
1.187577406399832336e+00
1.136435383881801542e+00
-4.425574716716196289e-01
9.006536753433906917e-01
-1.029888960222916205e+00
-9.241777741769603427e-01
-7.901202308314816403e-01
-1.093285130332060318e+00
-8.720224245486744019e-01
-9.444231722635081372e-01
-1.615217183891222374e+00
-1.526171279994241736e+00
1.699197208968429074e+00
4.048795417106545447e-01
6.526217440007933135e-01
2.080032287677495706e+00
2.158736545894472059e+00
-1.718274027336080811e+00
-9.111830299639023245e-01
-1.162392289691007718e-01
-2.072926998691865474e+00
-3.452108290013111702e-02
-1.967961403853845770e+00
-1.578254346506131611e+00
-1.062626011022525852e+00
6.253931575666458187e-01
-6.670174903536074673e-01
-9.281098325108572134e-02
-1.903497027479448711e+00
-1.370703867727421699e+00
-7.652491348787591185e-01
-2.445096958515784458e+00
-2.019101717556697650e+00
-2.255572772970295237e+00
-1.724762245897616397e+00
-1.240996830358754632e+00
-8.249096500880597205e-01
-7.290879736501814090e-01
1.792260281142092460e+00
1.121933060185376307e+00
4.904487182068775208e-01
2.008839304604779663e+00
7.747808225036438845e-01
1.946526590840670812e+00
4.233903810273791368e-01
9.346814788630098958e-01
2.639237732349916321e+00
1.898786042875087121e+00
5.353276717724805289e-01
1.260922144866308825e+00
2.201514682958011448e+00
9.655153534873515131e-01
-2.301165685567798658e+00
-6.832996479192908756e-01
-1.207049544276199704e+00
-1.547181197056276991e+00
-7.765607378326258026e-01
1.504911353373711957e+00
1.145970440700409876e+00
5.690691571208217336e-01
2.432676155687663044e+00
1.901887405920903440e+00
1.129620282112810292e+00
1.779900873621284019e-01
2.089698570464776139e+00
3.719479885983829615e-01
2.083836050800641715e+00
-1.062055201422239303e+00
-5.721011361691789032e-01
-6.864875771700360563e-01
-1.366917536428430724e+00
-1.055343270759022012e+00
8.733020905532096201e-02
1.791601643671264288e+00
7.647364490220323052e-01
2.067418054628343160e+00
2.157705896405621715e+00
1.202035145538965510e+00
1.362878530999893201e+00
-4.073386792792110800e-01
1.419468256794094607e+00
7.431483560893579199e-01
1.256632446342863085e+00
-4.756722270655624474e-01
1.098538359399267916e+00
1.045225614748508836e+00
1.176280465126292585e-01
1.256951577341240300e+00
1.697652124153439246e+00
1.660621417351781925e-01
4.815183314115263347e-01
2.242409610319915370e-01
-1.018941809042633873e+00
-2.218891767913762081e-01
-2.408320660604183594e+00
-1.756807649209917388e+00
-1.644236979973883184e-01
-5.983464788212051744e-01
-8.954358602368033271e-01
-1.330196314515688538e+00
-1.446738834327007561e+00
-6.198059673106827150e-01
-1.076350260447881180e+00
-5.551295961583794236e-01
-1.581597088201568635e+00
-2.368679652329799268e+00
-1.399670427492041735e+00
5.655968058923119823e-01
2.254874898398783412e+00
9.392326657882249519e-01
1.982109997695376880e+00
9.534302141559704014e-01
-1.703027788970629341e+00
-1.280098032881260561e-01
-2.239133564199703663e+00
-4.776422767999273233e-01
-8.424983577523458278e-01
-1.040258065103245144e+00
-6.040664396237678258e-01
4.661411244954760669e-02
-1.816824299056370995e+00
-1.261618805775825303e+00
1.566133787160742363e+00
7.908350960050074541e-01
2.797184059125183975e-01
6.762159111250898302e-01
1.807346214386951866e+00
-1.572942614811116524e+00
-2.195287324376213878e+00
-2.810831800847148898e-01
-1.239256537192815477e+00
-2.329314771825715891e+00
-3.588519151298443788e-01
-1.157487212327392712e-01
2.316056743751498281e+00
1.173183460401714395e+00
1.507516597111151713e+00
1.911624318969795677e+00
1.373621107031657074e+00
2.215860794008457368e+00
1.642356472553734292e+00
1.677620778982855665e-01
1.175176037123326633e+00
1.006961702984943141e+00
2.059807762121258712e+00
9.462545616917392710e-01
8.915229771201501618e-01
-4.094565243504417751e-01
-1.029072187292363383e+00
-1.949693386564929076e-01
-8.851606350772162068e-01
-4.260439133499852593e-01
3.172235031143666451e-01
4.594516784175248780e-01
-8.094889480662669223e-01
-8.296482752587858167e-01
-3.846932941752587709e-01
-5.427984074370098000e-01
-5.740767496054983710e-01
-1.875988696973043268e+00
-1.427449212012942059e+00
-2.044196181743958007e-01
1.997609954555183975e-01
1.323188036223851061e+00
1.117456209644138720e+00
1.282522429261094388e+00
2.464117979439262918e+00
-1.595479829545030537e+00
-6.868916273813415740e-01
-7.546900325634383622e-01
-3.685328653860425741e-01
-7.742515270738190569e-01
-1.405993212667437042e+00
-1.130719587628456813e+00
6.672454300051322562e-02
-6.480305577303545617e-01
-1.194703716226506840e+00
2.703343680237980440e+00
2.264500891803999050e+00
-2.434144698743812008e-02
2.140871545641710227e+00
2.054410550571827976e+00
-2.189199481543069314e+00
-2.832436973762934018e-01
-3.856809505433034246e-01
-4.643525033388455903e-01
-1.023787163252676269e+00
-1.412969877591895962e+00
-6.319227970673821915e-01
-1.490665937116019801e+00
-1.618793950315733143e+00
-8.456186825896485626e-01
-2.252557006754810409e+00
-8.413156996055155545e-01
2.928087071433445043e-01
6.857045693219765425e-02
-9.952680446847576023e-01
-9.569022199731606060e-01
-1.930380022639125004e+00
-1.903159160037978470e+00
-1.943000382574255891e+00
9.196437816042357660e-02
1.840159113454395978e-01
2.032853773026402688e+00
1.356869084120003510e+00
7.141478996794943246e-01
4.529390941252385838e-01
-2.268311408600101053e-01
-5.014713867294018357e-03
8.969299657777808354e-01
4.364920608526281498e-01
1.714251009537481218e+00
1.358106941316165717e+00
8.821855712998687427e-01
2.737991412073300435e+00
1.951065945557908909e+00
1.337011190105682701e+00
3.414107334700893226e-01
-4.439655852746543507e-01
-1.927775010870791395e+00
-2.056093820844617781e+00
-1.602858935656135797e+00
1.815368089552017006e+00
8.182264699486279103e-01
2.496287147161425635e-01
-5.829614524474511228e-01
2.313886691549577712e+00
1.409366326753167087e+00
4.443229702405607773e-01
7.235927900223130260e-01
1.449766957589740057e+00
2.948048677667320927e-01
-5.449653496935620289e-01
-1.333258464446690938e+00
-9.239269965582068700e-01
-1.619582964955930571e+00
-1.783199855915053034e+00
8.450754915541769385e-01
3.785695167278090301e-01
1.313665967377037669e+00
1.467345389166833991e+00
1.108067883689256128e+00
1.418794100967185834e+00
1.129518326712039888e+00
5.092695738633900016e-01
5.408422656280698071e-01
9.408911237452695087e-01
1.766621218455312503e+00
1.420674639317560217e+00
4.492073598653845146e-01
1.920637271865972107e+00
1.682992505052863796e-01
1.186417453375989473e+00
8.856336239776905206e-01
1.934492910360628537e+00
1.258066208520700169e+00
9.479025247188646031e-01
-1.311408605230166557e+00
-7.237432427476426788e-01
7.322344160948506264e-01
-7.032532341961702516e-01
-8.137942710931415080e-01
-1.586085601110643672e+00
-3.337473217926412161e-01
-2.315365761337515593e+00
1.193762447438787344e+00
1.314445277848315108e+00
-2.277663290920231454e+00
-9.398047094807353563e-01
-5.736714499282693502e-01
-1.343827894906954423e+00
-1.164827652392048885e+00
1.771335949629701201e+00
1.482703239323413857e+00
1.170124136076497345e+00
1.506584682506062478e-02
1.944970658417185527e+00
-4.953093062890144838e-01
-1.092560371422447885e+00
-1.293042947470906867e+00
-1.081784512162779377e+00
-3.823527863835202156e-01
-2.583199988878285946e+00
-8.617168143853918272e-01
-1.530937172929201617e+00
-1.571965634300662051e+00
-1.324080543591208414e+00
-2.006562591875979962e-01
7.944211065124313631e-01
1.443053041142155379e+00
1.533834303177337155e+00
4.107130755315829829e-01
5.704568428172320793e-01
-1.308499395196776049e-01
-1.736869481980384489e+00
-4.102666366181958457e-01
-1.388811098773968133e+00
-1.653362709220505211e+00
9.494058336452240177e-01
-1.995289468416948431e+00
-5.712322848902453565e-01
-5.328998021534994134e-01
-4.346435702730295780e-01
-6.680114310768773267e-01
-7.163356465799746164e-01
7.221262531993444256e-02
-4.321558081086550596e-01
-5.795327013747768596e-01
-8.655483922302827926e-01
-7.437743812941064458e-01
-3.371561448365691938e-01
-9.033147123946665413e-01
-7.805991028608705307e-02
1.827149113213938358e+00
5.642292135161159905e-01
7.832799252506603693e-01
2.023095646741034592e+00
9.090065520580523639e-01
2.700093679353554599e-01
4.036963866748926044e-01
8.045967396517110792e-01
5.078805606526740624e-01
1.106792231364589041e+00
2.283880247093745819e+00
1.358104960724181964e+00
9.231352384904450981e-01
1.157025053505011059e+00
-2.504142347642340116e+00
-1.582316000389347721e+00
-2.045211418776327505e+00
6.932350149075783285e-02
-6.965614967585964656e-01
8.086994472724118310e-02
3.093822364810737024e+00
1.786795161884440652e+00
2.288818408288745943e+00
1.238599459525606461e+00
1.177073615905781967e+00
2.302840341746680064e+00
-1.313626284586038029e-01
3.890385467030386124e-01
1.159861398683860401e+00
-9.750994969274023871e-01
-9.802533909818239577e-01
-1.144408974976713456e+00
-1.974898898161788985e+00
-2.099652464455751266e-01
9.590149832764368609e-01
8.042780708682643054e-01
1.454067241490250240e+00
1.097840364853209572e+00
1.416265771062693357e+00
-3.429125519138014777e+00
-7.358976029188919465e-01
-2.411608761758349262e-01
-1.347788364739579192e+00
-2.560126872653915697e+00
-9.196569836783927698e-01
-1.137924478988493249e+00
-1.539023284013937953e+00
1.426312555474318344e-02
-1.715208572115556329e+00
-1.145291311023828529e+00
-1.101286609799363214e+00
-7.974158473218959653e-01
-5.118044315888775619e-01
1.960077497125869428e-01
8.658037489856428293e-01
9.239735128090069693e-01
9.782358285560965871e-01
7.527327789933649926e-01
6.291856983364235711e-01
6.104424118967013424e-01
1.569353236760683057e+00
1.409560721955349205e+00
7.947970665273699220e-01
6.187478329814937172e-01
2.318239709869640564e-01
1.105119884949721465e+00
1.413987930871798637e+00
7.270571016949549659e-01
1.656463027668864108e-01
-4.331252067113171567e-01
-6.049205465279876570e-01
-5.830878613631604868e-01
-2.046923361640751171e+00
-2.319537847049926160e+00
1.366873902761238657e+00
7.555497032668324620e-01
1.693739722069595555e+00
4.732582165221891346e-01
1.107818990142336979e+00
1.593898617613750401e-01
2.703439202776596328e-01
2.386325823629209086e+00
8.870565685614921758e-01
1.120441962591255836e+00
-1.708518107029802335e+00
-2.227342684854534127e+00
-1.491014136698427084e+00
-2.478150444791598073e-01
-1.383895528783863238e+00
1.127622535419007921e+00
9.251830368980107355e-01
1.272123170548433047e+00
8.739938370844686499e-01
6.611253082970547368e-01
7.110166323030016056e-01
1.327042157267112721e+00
2.164948450139739800e-01
7.049558667859147087e-01
1.296144689713745857e+00
-1.312098934584504661e-02
5.451889600823571769e-01
1.336471799570251973e+00
4.267569576479783855e-01
4.841230467948021143e-01
3.028523290105582966e+00
1.532331398844712034e+00
-2.242581856846150856e-01
1.486367935913171401e+00
6.930437422593869190e-01
-1.173067151392821028e+00
-1.559045277109114114e+00
-2.187986964375785881e+00
-8.497749363330354688e-01
-1.024702692204554566e+00
-1.140514414316342595e+00
-1.072671091857912096e+00
1.585383729052320945e-01
-7.197186877285048912e-01
-6.887154409156928114e-01
-1.459036288190294961e+00
-1.812364569963703653e+00
-7.903395343264913997e-01
-1.504036114840417993e-01
-9.961139072481222101e-01
6.779117158977860935e-01
9.911933499907876755e-01
9.267515032338893288e-01
-2.901169128158791466e-01
9.774116393535261516e-01
-3.059405001875319385e-01
-3.567443137830829114e-01
3.472169399257811762e-01
1.457111101660166774e-01
-3.062658985546578005e-01
-1.460636674547306724e+00
-3.861242690715560588e-01
1.393849460471814350e-01
-4.751633795054210907e-02
-1.208786557525825867e+00
-4.536136650128850256e-01
1.810913856645173681e+00
7.411754120559566061e-02
9.029745074845699770e-01
2.127642918109077463e+00
-2.006726285719031999e+00
-7.249698301528419986e-01
-1.347305413702977850e+00
-9.796106006147351497e-01
-8.549011670537665086e-01
1.854769709360636343e-01
1.967692846284526897e+00
1.358738746370799388e+00
2.067122943511198407e+00
6.290320388056749312e-01
1.072534231609106659e+00
1.161074869425834377e+00
5.857463871381325404e-01
8.906151375465207742e-01
7.969302823405912672e-01
1.614863584090084236e+00
1.305830040398599401e+00
1.103810735548053534e+00
1.390851875349542688e+00
6.812800885690200037e-01
3.387609938109408247e-01
-5.093659740299927297e-01
-1.162128151869473935e+00
-1.822998265176134947e+00
-1.547769983526162685e+00
-2.245632638084178012e+00
-1.836620446742955437e+00
-1.179932000967566452e+00
-2.259954712015929790e+00
-7.063043712415884023e-02
-6.160223458865496937e-01
1.528752931478738475e-02
-1.862687772858810931e+00
-9.344286766144722645e-01
-2.471032789583880174e-01
-7.348960323414255313e-02
2.231713236943385414e+00
2.873647252192338630e+00
3.698496649887377252e-01
1.343704095968903722e+00
-5.974785854830506615e-01
-1.271397936841552223e+00
3.025790802457160034e-01
7.706377497110765695e-01
7.824295231789228922e-01
-2.841128922845793436e+00
-1.302764681962480520e-01
6.920690741600379337e-01
-1.454009032683536651e+00
-1.133862027802932104e+00
5.578314159711617037e-01
1.513371712284501402e+00
4.476100145673083119e-01
2.926561652745536257e+00
8.157757580749487314e-01
-1.113592903734398787e+00
-1.431823544272646576e+00
-2.003580253743124651e+00
-6.423400758360586771e-01
-1.810431800811580505e-01
-1.268959729602631148e+00
-1.586737090695177876e+00
-8.556588829074758262e-01
-1.130329986160444555e+00
7.337878198206717606e-01
-4.416953077145582274e-01
-2.637236371180237127e-01
-3.233126727538325751e-01
-8.934350480102349890e-01
-6.362424972301390369e-01
-1.555113903442872036e+00
-1.949022090938014706e+00
-1.442052503557837539e+00
-3.475790298578091964e-01
-1.228860273967997685e+00
2.683422041156235949e+00
5.286922015523843887e-01
9.704936422488980030e-01
1.371416190278951452e+00
1.873014541427944213e+00
8.366331688923736021e-01
1.130800697516588293e+00
1.597531966050526275e+00
2.348688081685454954e+00
3.673706181251076286e-01
2.387988497702163038e+00
6.484237788169809891e-01
-5.013502002011878123e-01
7.217974941005975698e-01
1.561248450800860388e+00
4.776935391176948542e-01
5.357408477356884191e-03
4.086408541948085560e-01
-1.554766549330025782e+00
-1.216009360893205660e+00
5.929067501027017739e-01
1.261189148514935576e+00
-8.332586571604538861e-02
1.580481333690928913e+00
4.229043617236527552e-02
3.136447744861039499e-01
1.867146738107821058e+00
1.194882771440261005e+00
4.419144840080815317e-01
1.599138243103875201e+00
-4.164853582187497683e-01
-1.176674018111709685e+00
-6.624765221079096378e-01
-1.508145132592261017e+00
-1.000490510285939605e+00
1.490568418457570266e+00
1.054956302938293788e+00
1.875032214530113039e+00
1.554048870170274599e+00
1.197315843587185791e+00
-1.358532164794614250e+00
3.920058614501180649e-01
-9.007899872288124277e-01
-1.201448900613552029e+00
-1.421120520529881803e+00
-1.836754733332755407e+00
5.268186443529163654e-01
-9.102407408043322601e-01
-3.461992047022635077e-01
-1.947167991765225148e+00
1.038531241792993498e+00
3.164823391177029599e-01
-1.213819099062077189e+00
-1.192930314280397974e+00
-3.002276773644479979e-01
2.435324233248544523e+00
5.840473013471557673e-01
2.244798288428755395e-01
1.528603155269016689e+00
1.292727551520125973e+00
2.009222730937878509e+00
-1.684495092922695392e-01
1.384029955962240876e+00
2.664159380602446614e+00
6.761541775451845870e-01
1.364771800336472829e-02
1.697766086035726429e+00
2.504328951324660268e-01
-2.961546289922591946e-01
1.761508044037538800e+00
-9.411342017448731667e-01
-3.628690347385873372e-01
-1.662891363692098334e+00
-2.905779975586542108e-01
-1.067740381937348326e+00
6.033097576871404577e-01
1.600132960560911588e+00
5.359717656081994797e-01
1.132756000724591150e+00
3.792354796149011165e-01
1.258274622572015389e+00
1.212306265573016351e+00
8.018002129993658800e-01
1.407248000834974366e+00
-2.218219458709336234e-01
-8.559736275947158468e-01
2.759406102244810199e-02
9.705124279095800333e-02
-9.257465658244803386e-01
-9.889747977764937747e-01
5.883758746587621768e-01
1.273719184423459883e+00
8.641525907215713564e-01
1.187016910200225484e+00
1.340479591858097841e+00
