-2.464612984623577141e+00
-9.275436297553916187e-01
2.949395032045678544e-01
-1.642464603272631329e+00
-9.869672722397268005e-01
-4.366663537006139073e-01
-6.960621390076988657e-01
1.323787936245455210e+00
2.129055009004241494e-01
-1.529334919620915390e+00
-1.105093929331933733e+00
-4.370379785644080695e-01
2.441194221180305046e-01
-1.214144273031593002e+00
-7.002571410806684993e-01
1.357798261057248990e+00
7.876402841802985222e-01
1.037895800949582226e+00
2.504194401413756488e+00
6.031164165408942068e-03
9.789436453772705216e-01
3.415701118121859947e-01
1.402398294354576525e+00
1.814374296005026643e+00
1.857841593937265445e+00
9.249220104018921473e-01
1.331062777416962772e+00
1.574961077440137469e+00
1.710559025339100536e+00
1.013697839851718685e+00
-1.671041982434347206e+00
-1.718937659847239452e+00
2.200920989554659979e-01
-8.779433399654332781e-01
-1.285509384518974896e+00
7.167819831189843338e-01
7.674044321596027451e-01
-1.037032560874776799e+00
8.638107664481644576e-01
3.999780231982729140e-01
9.732909801533050631e-01
1.146181604964287004e+00
9.667481099073327311e-01
1.543616764244882589e+00
1.417521974848507504e+00
-9.794683525344775044e-01
-1.895734691273867067e-01
-2.065754043622822334e+00
-2.120923870318667248e+00
-1.947758871966131844e+00
6.633683622550148318e-01
8.678807467482732019e-01
7.545992451370681087e-01
3.896957198539731104e-01
-2.512690980079046454e-01
1.621964039027804727e+00
1.082823347590819774e+00
1.233131028051517308e+00
3.687689805045930580e-01
8.136890884680431091e-01
-1.734102625766027472e-01
9.343596646060848832e-01
-1.951001620785037804e-01
9.952771902920730662e-01
8.181295976618923049e-01
1.653552899701276502e+00
5.751610579117488742e-01
3.446744312170917368e-01
1.420873206032990277e+00
2.133108639415677743e+00
7.644117331321695907e-01
-8.098497155802504288e-01
-6.302010927179211297e-01
-5.781437778022116003e-01
1.258110743556402067e-01
-4.845892163160382404e-01
-1.233431513989215134e+00
-1.780418722027184764e+00
-1.173337910926259386e+00
7.159601841043339299e-02
-2.185563606992371177e+00
-1.537753319815877262e+00
-1.052909632237122972e+00
-1.605156010542774014e+00
9.944892200436949992e-01
6.692977313745351875e-01
1.513704197537710794e-01
8.204799415761201420e-01
6.877115965699331923e-02
7.212262478403057564e-01
-1.120752160407375353e+00
-1.294246244996937412e+00
-2.261296712725753277e-01
-1.708041211107317103e+00
-7.475933156018518266e-01
-2.227435344713695198e-01
-1.440876579143198999e+00
-1.132336817608003532e+00
-1.209023812455900293e+00
-2.623949908782333917e+00
2.224971056419575710e+00
1.286668519834540891e+00
2.533899601979547889e-01
9.674778265190956406e-01
-9.285863079464129477e-02
-1.676433982459962113e+00
-1.539739615688284768e+00
-1.880037212709032790e+00
-1.259760538086158954e+00
-3.245507031009522425e-01
8.922322386075846046e-01
1.891734585027453841e+00
1.563587330090903116e+00
3.280930525652669960e-01
4.947918621375206882e-01
-1.360793317640056621e-01
7.668698174167934978e-01
2.057581541815637571e+00
9.122938964723894539e-01
-4.225604524384065641e-01
1.421595031052205194e+00
8.801219078498707660e-01
1.630028575754956854e+00
6.311914995446969989e-01
1.394150077425581280e+00
-1.126966903012519339e+00
-1.637050341588594193e+00
-1.170993952718111020e+00
-2.279909808909888813e+00
6.351402383137894070e-01
-1.214291087325099605e+00
6.365679107126207548e-01
-4.693559606621584557e-01
-2.003958103167291060e+00
-1.046173818304424241e+00
-9.230799385365769938e-01
-2.251622816752808509e-01
-1.101102566854264886e+00
-1.413393928907023422e+00
-2.978386393373560814e+00
3.515123862317754977e-01
1.121693050393052005e+00
1.212386697718162543e+00
-1.413810490155869015e-01
6.100303827419417679e-01
-5.307636212224918770e-01
-5.379947722071942717e-01
-1.662598403151884785e+00
1.213957860501674979e+00
-9.184994882016993545e-01
1.265249649187407677e-01
-1.835165858188073651e-01
-6.369682542511350132e-01
-3.035567845181326163e-01
-1.173579871879164349e+00
3.486181524270826060e-02
1.486849081480354773e+00
1.720878326374608136e+00
1.327077365773699391e+00
1.837090667716180681e+00
4.049890485600162737e-01
-1.619466253180561033e+00
-6.112937642841822505e-01
-1.087685812444195932e+00
-1.942197318792311389e+00
-1.591629085661512288e+00
-1.423754418868728111e+00
-3.566948365800381993e-02
-2.204669238348521354e+00
-1.156346654918974703e+00
-1.671354255382730747e+00
-1.096790521352452252e+00
4.731034556380389056e-01
-1.832502531413505942e+00
-7.907821535011039238e-02
-4.738400889838558783e-01
-1.510588624517400502e+00
-1.186622366864536149e+00
-9.262635725644210449e-01
-1.086176960981574346e+00
1.563841155323025589e+00
4.405879255802604977e-01
9.915141321582428002e-01
1.765264748133374972e+00
-2.314156649795608978e-01
7.823980123936497000e-01
8.074495781356627599e-01
1.449822987665095875e+00
1.375739412619891855e+00
1.011136929490339398e+00
3.931064819816409983e-01
1.820904770355081803e+00
8.420238795578088853e-01
2.582140389550122261e+00
6.508803146247810201e-01
-7.974902845678382146e-01
8.745008441277946076e-02
-1.250944976097203121e+00
-1.356302459166386809e+00
-7.096805537934487429e-01
3.574098883618259670e-01
2.042220844063523444e+00
9.651587450409011559e-01
1.722651824587812630e+00
1.450693364235105198e+00
3.509671276791863637e-01
2.325518252103260242e+00
1.000550112083067766e+00
5.689354450058508039e-01
9.621126127876532541e-01
-1.353752795944010101e+00
5.542059958183269686e-01
7.902736833694068430e-01
-1.720073875486336723e+00
-2.523717712135299163e+00
-1.232841817070450041e+00
4.139512742080887486e-01
1.263855335691622228e+00
6.177937485420925690e-02
3.639401908933193042e-01
-3.486773832711689280e-01
1.442133508557457144e+00
1.487731158788894170e-01
-6.004960886365040551e-02
1.135009765748331123e+00
1.526943551416938050e+00
1.510561042375808682e+00
1.052893229073579073e+00
1.546501853183327668e+00
7.166320735872344638e-01
1.581387750050715413e+00
9.891166970380307344e-01
2.287982142295796439e+00
4.088362388128859992e-01
3.366527138970967226e-01
-1.114882395133323323e+00
-8.337656836084408329e-01
-6.394971687932697879e-01
-1.802115487441993125e-01
-7.115679787095805509e-01
-1.830964823873472369e+00
-2.751116907747177542e-01
-2.215973717276757959e-01
-2.257157007370769630e+00
-1.276489115408222075e+00
3.147361238103156822e-01
-8.839744571536959361e-01
-1.268195505107919452e+00
-5.744780218585925358e-01
-2.733959661090551663e+00
7.272657842713751153e-01
1.321425075412649086e+00
6.844945621196691921e-01
1.531012536515303557e+00
2.415168016658308048e+00
-1.753236675182531235e-01
-2.591829355512542676e+00
-1.680041881746765497e-01
-1.152535147399948556e+00
-1.751506712859975723e+00
-1.754880089158763257e+00
-1.455383266444410406e+00
-6.175922548384731314e-01
-1.976905894916073603e+00
-5.403135702673151908e-01
7.905818270668780734e-01
1.858725909056111014e+00
5.076522839705570611e-01
7.094054171199495329e-01
1.597356015565869924e+00
-1.141143776600890725e+00
-1.265778409895825796e+00
-4.811579357626865061e-01
-9.925472520443553437e-01
-1.641808190235673370e+00
1.630131736352490757e+00
2.134203759430110203e+00
1.910584257785487461e+00
5.042766443646513608e-01
1.758552046773286026e+00
1.587490576370639506e+00
2.675654512355142955e+00
-2.657543757625568936e-01
7.655720246913145788e-01
3.759530487109412622e-01
8.185606676121820469e-01
4.321967797311441206e-01
-6.407521038103154432e-01
1.262613850782465796e+00
1.018736405527425948e+00
-5.860562377278323298e-01
-6.118177641207076523e-01
-1.642219968689351273e-02
-1.527108736768911790e+00
-2.407588747003603480e+00
-1.700295853937896950e+00
-8.783236397975046073e-01
-1.186243305234425893e+00
-3.068165761133536673e+00
-1.064874857311821854e+00
-2.156327529891260752e+00
-1.677178349427511428e+00
5.295368678066347812e-02
7.740993171893064684e-01
-8.468863419020351557e-01
3.292170250924134622e-01
1.307741544006840062e+00
8.925650744747946064e-01
1.342994487472024545e+00
4.990574795434450373e-01
-3.201943107715887749e-01
-1.564632835474681016e+00
-3.231005993489476369e-01
-1.234322429181753833e+00
-7.266721674896241545e-01
-8.528611068697177222e-01
-2.279997031862457391e+00
8.476620050528627104e-03
-1.776541101152059765e+00
-1.022815453848276990e+00
-2.552968006091305142e-01
1.139237226441920603e+00
1.558388241183836342e+00
2.527405171853622790e-01
6.018791564971603947e-01
-1.961280731837858449e+00
-1.131117120342751914e+00
-1.449911011931720672e+00
-6.131032506020730466e-01
3.984155900922687898e-01
5.081459648043163968e-01
3.289565533886429360e-01
5.468211970825347379e-01
1.420595551133676082e+00
1.268156587613370911e+00
1.059924088709702117e+00
1.472158178142646934e+00
9.319446654377760986e-01
-5.532595211125279633e-02
3.609712101372641868e-02
7.516174002806690346e-01
2.404395244182018221e-01
1.061345960507950270e+00
1.237347906948698117e+00
1.301155881487035426e+00
-1.188104390773730090e+00
-1.241197146377433835e+00
-2.985698095505350258e-01
-1.366056645165694583e+00
-8.239038811369098214e-01
-6.042976815583984695e-01
-1.666255804052234613e+00
-8.860912756405842083e-01
-2.031639494270864432e+00
-1.962508331622785152e+00
-1.751780650573394160e+00
-8.257882323324262641e-01
-4.398523940669227805e-01
-3.526957339139910053e-01
-2.313081390377014657e+00
1.074787461186862192e+00
5.410763129306562780e-01
1.406241916263758718e+00
1.677426106693371555e-01
2.064875680184032003e+00
-6.433061307072626134e-01
-2.453886525795722084e-01
-8.088766772927051818e-01
-9.296458248652397227e-01
-1.365351716289536554e+00
-1.930076193214868674e+00
-4.971740041488192929e-01
-6.914172716866600066e-01
-1.447307283681593670e+00
-5.368009981952424070e-01
1.855206053253021459e+00
5.448314420082445153e-01
1.163384261189821078e+00
1.957930966031307785e+00
9.259312843568280327e-01
4.542408768235866035e-01
5.575168325610189157e-01
-1.189415925592840040e+00
-3.077997106853935794e-01
-7.180751751190587173e-01
-1.272706692830319897e+00
-1.690978360733076613e+00
-3.626127707710619097e-01
-7.370323793842797899e-01
-1.373949168137494681e+00
-1.601405671013885534e+00
-1.884898564011916466e+00
-8.198830109639638763e-01
-1.462592074643722873e+00
-4.094356294177786681e-01
5.002893453794250433e-01
-1.407425378582995767e+00
2.024370603937799551e-01
2.160097008091264037e-01
-8.150949419630250103e-01
8.636108285682142505e-01
6.900036084337928255e-01
-9.886845622194107008e-03
5.228274124292204839e-01
2.310137034892445485e+00
1.547654494124827584e+00
5.421869730966082379e-01
2.321534156444505781e-01
1.613899919440793251e+00
2.546478026424707775e-01
1.550294560113628428e+00
1.944901334765148926e-01
7.361400152486230475e-02
1.413016049612421332e+00
1.673382346802281928e+00
-1.587100823574451258e+00
-5.134554322689152128e-01
-8.782184508252444122e-02
-1.449761421354658353e-01
-1.173224140477566735e+00
1.794457842336233178e+00
1.797713124546383989e+00
1.989239049316835262e+00
1.243438751327898384e+00
1.521968980426703144e+00
1.648258641836374938e+00
1.127615257823375794e+00
1.136739656995441106e+00
1.265706915317310610e+00
1.167139679450584833e+00
-1.647788082063573301e+00
-4.240322546108069579e-01
-2.040068340606161712e+00
-9.208782709493469332e-01
-1.468969498158496201e+00
1.383012822904857053e+00
1.243569375739224103e-01
6.705560647203363533e-01
4.308720397831756754e-01
3.643776704915524522e-01
-8.992780552937420513e-01
-1.217448388180283114e+00
-2.123869975251811759e+00
4.969786254120895919e-01
-1.457173828252104508e+00
-1.395168758207068205e+00
-2.646843571845947096e-02
-9.743652461883152149e-01
-2.114209721127749297e+00
-1.026465478998776382e+00
-7.592836473339767966e-01
-6.881767225743729011e-01
-2.975223097220427437e-01
-2.068323976815910292e+00
-1.976712262423757416e+00
6.509421924064372478e-01
7.916731725059633629e-01
8.353876115902386656e-01
-1.650162765602782855e-01
9.600852269073505418e-01
6.762586916963069239e-01
6.546431136778743110e-01
1.114645420306795032e+00
6.259000776614697115e-01
1.547635950069005562e+00
1.142398655576020161e+00
1.394371450411208357e+00
1.217006745536368228e+00
3.695715223461039090e-01
3.133751372092937748e-01
-1.225696246369712528e+00
-3.076567700212327505e+00
-2.172238742239985587e+00
-1.891099254316657152e-01
-2.078878675205233506e+00
8.400634512511540031e-01
1.007900296389904859e+00
1.398749118822734561e+00
2.226812980013343157e+00
-1.379494081496883684e-01
1.997947981524499816e+00
9.538355731524306158e-01
8.817476749710454476e-01
1.383823294709247032e+00
6.495508080338847634e-01
-2.362545376464295632e+00
-1.364565370566352964e+00
-1.158462788289873480e+00
-2.206993121922089962e+00
-1.401223852366384914e+00
5.293897651770523849e-01
-1.693009876605744424e-01
9.695733997431520423e-01
2.348507672996692719e+00
1.070653037262046858e+00
2.289044383054161802e+00
1.851512270073790711e+00
9.502512688158232246e-01
4.145735562355978843e-02
1.173851722444110735e+00
5.708479912847933546e-01
8.671469483099383257e-01
9.925625580506656220e-01
1.289537059519242135e+00
2.035589565390899303e+00
1.468295305717891797e+00
3.539252715444145547e-01
1.868681631623748451e+00
1.998029329327387638e+00
7.988973195113591164e-02
-1.436507629756629489e+00
-6.306222540413921607e-01
1.252721087142218970e-01
-1.050725791978393442e+00
-1.382990785804276035e+00
-2.045559543665429914e+00
9.428263733962038984e-02
-2.066456924454951327e+00
-9.845355774824485762e-01
-7.472317794195268981e-01
-2.248888324008373907e+00
-2.218152147503964500e-01
-3.048319911004479632e+00
-7.964232258976909895e-01
-1.368356936800940282e+00
-5.166056639207616819e-02
6.521425383211216786e-01
7.885675464392915002e-01
3.476752319524234469e-01
2.191270175975133405e+00
-2.134419468262444219e+00
-4.111628274410451533e-01
-8.129385558327555383e-01
-1.545827245023216223e+00
-1.069319650752751372e+00
2.323279582842436852e-01
1.498304711282569812e-01
-8.143486357169715806e-02
-8.879815791556052718e-01
-3.411745513734524948e+00
1.109076212204576084e+00
2.338540035107991244e+00
1.859428686394738683e+00
-1.737287834607559311e-01
9.891351677909200335e-01
-3.989780978141573842e-01
-7.829085272078905033e-01
-2.153051817869153783e+00
-5.541628679402136326e-01
-7.185646113261427992e-01
-7.461249897518054119e-01
-9.436444937745409600e-01
-9.373135203741411736e-01
-1.512962260430121164e+00
-1.969126985869351198e+00
1.253195570810221593e-01
5.215158671021713488e-02
-1.531609924787694199e+00
-1.834950354166192898e+00
-1.745177562750267697e+00
-5.526391297641626288e-01
-5.044326997633661325e-01
-1.533462558460675140e+00
-1.875702533620744461e+00
1.822052850135307267e-01
6.596767933137743789e-01
1.630379258472702375e+00
3.249203949485421905e-01
9.055498696086339283e-01
1.350683179891495556e+00
1.132249888441805297e-01
2.763360526720203492e+00
9.948550255138260967e-01
9.734695289674146768e-01
2.721798350768894537e+00
6.704465746139651738e-01
1.992141880401596232e+00
3.030729100380155083e-01
9.980287176873257060e-01
1.549463203264051625e+00
-8.024562037673956816e-01
-7.103227893958590222e-01
-1.246668291827493613e+00
-1.456891040853938613e+00
-1.432353233762651445e+00
9.891471878198553336e-01
1.676438628936403497e+00
8.944859522759659454e-01
1.488149487423017003e+00
1.107788430758770648e+00
-4.745362894455824598e-01
1.083414370997561216e+00
-2.085436516932284157e-01
1.672442889556041923e+00
6.766626521568812613e-01
-2.288301304663471480e+00
-1.949653612997966468e+00
-6.736932925973722064e-01
-1.083123089310590315e-01
-1.309942939810943896e+00
5.997572484911447566e-01
1.140677914220690203e+00
1.079395259950849839e+00
1.747731387136611581e+00
2.444796462472482279e+00
-7.156669343011461404e-01
-7.511385251633150295e-01
-4.755917666316047399e-01
-1.000220908382472018e-01
-4.965867458861854544e-01
-1.458789432634433947e+00
-1.813341473232350953e+00
-1.462571508388431418e+00
-1.802586662246778548e+00
-5.619000899493418189e-01
-5.830936175369068053e-01
7.555101151494758582e-02
1.799128662811333434e-01
-1.802511232879372427e+00
-1.668626017107095239e+00
1.258240294499781475e+00
5.888030579472869341e-01
-3.748769958946027714e-01
-7.784791609295906856e-01
1.931200299712646284e+00
6.304053398485509607e-01
9.818021625142206998e-01
4.164546199962425588e-01
-1.621340676172486894e-01
1.979670353336761446e+00
8.769905553168159118e-01
1.130950832974726206e+00
1.775698668658850732e+00
1.228172681652731857e+00
8.022403746233480737e-01
-3.690731904894927196e-01
-1.485579678560736916e+00
-5.501950387486135297e-01
-1.356565620576442255e+00
-1.843535835806242806e+00
1.248099876832876154e+00
1.944852723940490025e-01
6.412193681288145264e-01
1.917304594951848795e+00
1.406156017278062942e+00
1.450174120424124302e+00
2.483679815783566447e+00
4.288749406585166124e-01
6.947148903930353558e-01
1.356453859349176838e+00
-5.364443403059564464e-01
-7.989313058971301285e-01
-1.618336145421488625e+00
-1.319429317624326803e+00
-7.096589601201399589e-01
1.161135499152907702e+00
1.782578625681569662e+00
2.633205992792705619e+00
1.873890366573851329e+00
1.646396352823428888e+00
2.329674069772439182e+00
8.239199264071151996e-01
1.927698271580699618e+00
4.486335800011527208e-01
3.341949204602000512e-01
9.985497672368272015e-01
1.243024384691245210e+00
9.542943305460965808e-01
1.832867232005556346e+00
1.680973878353659412e+00
7.700079751754700386e-01
8.461160291496512276e-01
7.440274207017295582e-01
1.042043970565496247e+00
1.423236529549877449e+00
-1.492062466028750256e+00
-9.903730071984111483e-01
-5.178085169818467115e-01
-1.458856917742290538e+00
-1.079012264095080553e-01
-1.476753881236460453e+00
4.147421834859721379e-02
-6.594186615168908805e-01
-3.147615648594555893e+00
-1.380490735353918641e+00
-1.504245390550215777e+00
-6.981044058831362698e-01
-1.234214145601934431e+00
-3.833344761150638824e-01
-1.707400184772515761e+00
1.399234403801919546e+00
2.118250017275163266e+00
1.552000045140596862e+00
1.842322072266073807e-01
6.363198322646934635e-02
-3.188833271310301809e-01
3.549602286936814899e-02
-1.625051473573812189e+00
-1.438585164174106090e+00
-1.274252848989223530e+00
-1.343949920818793942e+00
-9.651630120025594950e-01
-5.475075224739993640e-01
-1.110739766305105958e+00
-2.269945658250899001e+00
2.296780045487891719e+00
1.583839052098723332e+00
8.062246052915349459e-01
2.245945607160143354e+00
5.464691783792583468e-01
-2.109502348875453848e+00
-1.469434670799351306e+00
-6.512250523361937660e-01
-7.151617033492269071e-01
-8.173291236616087030e-01
1.878978514313833781e-01
1.871465101027102174e+00
2.198295304955064644e+00
1.339766041344945480e+00
3.480502187309166828e-01
1.673541223621142215e+00
4.101515037641867423e-01
4.841774511994374475e-01
1.220708617090238368e+00
9.488728256577673159e-01
1.867840031876734752e+00
2.423944116475827304e+00
1.720092386313245791e+00
2.928950371107119643e-02
1.987676442154003631e+00
-6.528651915747738510e-01
-1.889683207857630887e+00
-4.627308435679378107e-01
-6.812903292670750011e-01
-2.726419205009513291e+00
-8.516216924719233194e-01
-1.348709707330286056e+00
-9.585850972313437746e-01
-1.464997751598264841e+00
-9.243811115535767176e-01
-3.126375635365954420e-01
1.020603967124584788e-01
-2.140059992646838438e+00
-1.731825004758670516e+00
-1.462594903686542658e-01
2.507835613576597122e+00
1.400512747652840950e+00
1.009057222219963634e+00
2.566114097862043142e+00
1.657146782563213350e+00
1.453594562555671210e-02
-1.970203869036974087e+00
-1.012166576895880965e+00
-1.932105225981299412e+00
-3.169373761080500618e-01
-2.624543530954313031e-01
-9.690774276311628910e-01
-1.241346131372060846e+00
-1.285646124382375133e+00
-1.822724444145453759e-01
1.308379161564313442e+00
9.614965725043793654e-01
4.746922919798814977e-01
-3.363394796274687959e-01
1.582064953954644526e+00
-1.347339800708984514e+00
-7.061786711721035337e-01
-3.839706223882521918e-02
-8.005974525265494579e-01
-1.582759607274515368e-01
-1.535196577061940237e+00
-2.011766571252306957e+00
-1.939534589997461422e+00
-3.310405225062031942e-01
-2.508464781155654855e-01
-9.332213145411433208e-01
-4.513017035958972745e-01
-1.674128249658370038e+00
-1.437769954478909096e-01
-9.157106567113275641e-01
-7.334649397775585555e-01
-1.874567252288037666e+00
-2.928352037801511543e+00
-1.207635366435270585e+00
-1.322143744172112889e+00
1.025339807710084816e+00
2.205480611936159629e+00
7.540913122064512031e-01
1.340370928796494443e+00
8.008737185784026158e-01
-4.983765235951675976e-03
9.583617944033274716e-01
1.820928505621475901e+00
4.665009006199786201e-01
-4.257069701858755550e-01
1.062535104347424708e+00
1.630984715251586614e+00
1.660332457450262256e+00
1.265241547483798357e+00
1.168652399119092467e+00
-1.166164669085746786e+00
-4.871049910773226355e-01
-9.681015868783874323e-01
-2.769131541461449242e+00
-1.017088852798505583e+00
8.623632616360513703e-01
-5.846560894929826446e-01
1.675217106951059298e+00
1.094783691018788252e+00
2.193534867730970284e+00
1.582720345335253631e+00
1.465981923077661175e+00
4.457628613022188713e-01
1.666586484848235683e+00
6.568278247207370857e-01
-2.620170092858905342e+00
-4.475570042772003543e-01
-1.086244868895440252e+00
-1.760039322246410354e+00
-5.575186720256801731e-01
-8.657130075615504516e-02
1.615972326632384881e+00
1.368214161664469852e+00
7.655680397857316244e-01
1.305486627289475177e+00
-7.651201924762247586e-01
-1.118378816324136382e+00
-1.147216775768644004e+00
-1.122996754987225509e+00
-1.032226854706305152e-01
-2.664926529777682518e-01
-6.453947246105888880e-01
-1.642201728724791865e+00
-1.453422205739352435e+00
1.723348083394435903e-01
-7.631880358167707490e-01
-2.501599778855743139e-01
-1.063633543413255778e+00
-1.547898513689926370e+00
-1.736606878177066271e+00
5.646808951108833741e-01
2.051635927381022739e+00
6.350863286097168103e-01
2.269355263833143788e-01
-2.363425277724373608e-02
1.110653646641091008e+00
2.430096527437126674e+00
2.520228412929263140e+00
9.494336780629106798e-01
1.498058246354536660e+00
2.184979019672560696e+00
1.378957468049025081e+00
2.143365734795036115e+00
1.290372049195580351e+00
7.948588953615003394e-01
-1.422220440402145680e+00
-1.724012234452567238e+00
-1.761346087361673751e+00
-9.674254971664089098e-01
-2.860108713782821166e+00
9.686278819701089615e-01
1.188654259343808750e+00
-1.394824852510390123e-01
1.645313453591916275e+00
1.331186555229424862e+00
1.472037039726025398e+00
7.264564962732210640e-01
9.827689516066540065e-01
1.217599717015867000e+00
1.223289975627992465e+00
-7.345016204122565284e-01
-2.042409319479438157e+00
-2.061352437240692836e+00
-8.314624453866620302e-01
-8.701702937705035890e-01
-1.442827705107798675e-01
1.558833070239461271e+00
5.841341038330254420e-01
1.829627204977787747e+00
1.161536594354756868e+00
-1.576985441823595346e+00
-1.074076923073159051e+00
-1.949140902884636262e+00
-1.277758950185776898e+00
-5.633029276993121170e-01
-3.995706643726404383e-01
-7.718339935827189802e-01
-1.388858352489968251e+00
-8.794340790848318434e-01
-2.016387774069363648e+00
1.958095509909107967e-01
-3.652855975206730221e-01
-1.143488349666978543e+00
-1.012361733002831610e+00
-1.636636370564599208e+00
1.451316092615345887e+00
1.257149318683499883e+00
1.127406781931539204e-01
1.304088945717985837e+00
6.404905048157472081e-01
6.420250825756359525e-01
1.594492604133608937e+00
2.162653958268292431e+00
1.600437470174466803e+00
9.542865488210900971e-01
1.595345773123220345e+00
1.734803405827352041e+00
-4.102133157742802183e-01
7.866405711705666270e-01
5.761651988210871878e-01
-1.140822451624093015e+00
-1.350104239289060537e+00
-8.849064010096412414e-01
-1.512527045745232224e-01
-1.012599726409006085e+00
1.078837845140749652e+00
2.996124118094461997e-01
3.205798432699762390e-01
1.012019023377805693e+00
9.179384667472487713e-01
-1.230348591792882473e-01
5.515340231744831900e-01
3.949583456690519689e-02
1.660851533994345264e+00
2.084272244799293183e+00
-2.885268252250077214e+00
-2.719644296604563749e+00
-5.596302483207722389e-01
-2.677228400395261776e-01
-6.366204112227058509e-02
1.372737670426972478e+00
1.866101465102041557e+00
1.582650609564169253e+00
5.673583714901033748e-01
1.537107943142868027e+00
1.454301834057214471e+00
2.130570157966710898e+00
1.930276671606986127e+00
6.675563434543932972e-01
1.316078195801345441e+00
1.024493236743446944e+00
-4.588491670008836287e-01
7.803740424210454663e-01
5.556669225672684620e-01
1.203460025581287729e+00
1.983255221028622284e+00
-4.554488369955267402e-02
2.207125859936357237e+00
1.391246115120936544e+00
2.142163093441164179e+00
-1.612689778906705840e+00
3.492302471649879614e-01
-6.599696800903145366e-01
-2.236353825884052071e-02
-1.501295510112821141e+00
-6.624037159731818170e-01
-2.182196744039348602e+00
-9.308152749266521697e-01
-8.377482434498241259e-01
-1.216718288057448083e+00
-7.944161696274717466e-01
-4.701565322590633977e-01
-1.339117191433828236e+00
-1.057569779213231698e+00
-7.229614268546522560e-01
4.667471757974970270e-01
4.619273579462224166e-02
3.045434815888564684e-01
2.349986852640455481e-01
1.268108869459324328e+00
-6.210723754812268460e-01
-6.346903680358904065e-01
-3.829040828705357891e-01
-1.743230216690858425e+00
-1.819392924821969570e+00
1.684098816034773627e-02
-4.163270783207673187e-02
-2.616307929406126220e+00
-5.651198043789102954e-01
6.110350894044636050e-02
1.709332260851678109e+00
5.330848561808696484e-01
5.177023807451860415e-01
5.903303942178591557e-01
1.046339629272274419e+00
-9.156980255076724307e-01
-1.100196770244062483e+00
-2.257922878170513847e+00
1.689147331711953193e-01
1.934643873286550075e-01
9.138725403945304748e-01
1.371387159681874301e+00
1.505006970937341482e+00
2.815288070633833462e-01
5.855483367996078270e-01
1.444575718922158636e-01
3.945637066834366546e-01
2.464984516768102818e-01
4.625496133512924102e-01
4.540634724813901180e-01
8.374462462672961349e-01
1.157035765586461373e+00
2.200889554121969294e+00
2.097919182273869865e+00
1.111563130135398980e+00
-8.536537203974583488e-01
-1.094479457023667113e+00
-5.492108026379340924e-01
-1.253353744854627694e+00
-1.897078601523982444e+00
-9.609276972193793176e-01
1.189964440119068101e+00
-8.002686151949146565e-01
6.343081201243538914e-02
-4.532932680277336202e-01
2.732528584223077317e-01
-1.028869858412407856e+00
-1.780884620574279209e+00
-6.515147880851949180e-01
-1.074101928232554126e+00
8.728284533907826326e-01
2.699232967415264195e+00
2.200214630979017816e+00
4.812283993148412931e-01
1.825949028567516397e+00
-7.366679853972728509e-01
-2.499175008505361006e+00
-2.669153861866779831e-01
-7.320590225348477809e-01
-1.356694868849332769e+00
-2.791915065265386797e-01
-1.177764185254645657e+00
-1.016735587699735044e+00
-1.589433489446101078e+00
-1.043808920885742175e+00
1.202427331286443080e+00
1.360937052230993816e+00
1.102753431464632339e+00
1.082761480752165495e+00
1.081979712437003860e+00
-4.985456021142252725e-01
2.037943377822863944e-01
-1.492264911722215981e+00
-8.713917836078467483e-01
-1.589386686804065807e+00
2.204873907202438588e+00
2.611708965077348399e-01
2.870867726484995774e-01
3.177427530993198745e-01
4.369639239334922598e-01
1.434649073801413932e+00
6.315966278808557988e-01
1.062609730117818563e+00
4.755526594124774853e-01
1.342140025329955577e+00
1.346603238453607077e+00
9.668590524606207603e-01
9.198420054001251733e-01
8.325130471948191113e-01
2.094675571581141149e+00
-1.119855113610955799e-01
-1.048218133747527592e+00
5.050516592986058484e-01
-1.336596112679553361e+00
-2.867595798902058402e-01
-9.635309579546128544e-01
-6.470254515232358727e-01
-1.158041813072806958e+00
-1.271439228736348293e+00
-5.185582376248473180e-01
-2.519434582186244498e+00
-1.562889949159500080e+00
-9.268242601941409919e-01
-4.299185051533243040e-01
-2.480756392671055632e+00
1.218626240691354168e+00
2.785983836372495359e-01
3.251221249571972782e-01
1.086781551254242695e+00
-1.027197231547212208e-01
-6.170661306435607507e-01
-2.007608384752877839e+00
-4.779263551680996702e-01
-2.184500489353699004e-01
-2.088201406921357250e-01
-1.298286722616470712e-01
-8.681463056426097502e-01
-1.847637318208464219e+00
-1.039645116675419922e+00
-2.049461691777121342e+00
3.880269126953699299e-01
-3.796616747067500519e-01
5.436766650158619818e-02
1.160729128766583518e+00
1.310214264341207580e+00
-1.900600913312711970e+00
4.697897596510536289e-02
-1.422614766818476983e+00
-5.673416672236964997e-01
-2.107063876166217042e+00
-1.358639286853198680e+00
-1.160465644401999619e+00
-5.317251543814189851e-01
-7.186012809399966450e-02
-5.053112687673789738e-01
-1.379763034719333925e+00
-1.101410855819374923e+00
-1.287279930550250695e+00
-9.688763299590251732e-01
5.532379454424534160e-01
-7.694149818163409371e-03
-1.632525787837826314e+00
-9.336781338486732640e-01
-1.912434622101267578e+00
-1.502365247184683561e+00
-4.123026110862146876e-01
-1.491248806120952786e-01
1.569440775510066999e+00
2.446474011755440436e+00
7.807944565582329854e-01
7.813971749340894446e-01
-1.969810418528099571e-01
1.728124811379897485e+00
1.036490835653569809e+00
2.412238103080808216e+00
1.971131275502334246e+00
1.084174680181547279e+00
1.635258352939551241e+00
7.783038558060085821e-01
7.095063113288353485e-01
-3.672512483508971748e-02
-6.358541200432797913e-01
-1.767213016693379934e+00
-1.899449515490544194e+00
-8.429552466247229869e-01
1.836631775772397557e+00
1.052850789088476846e+00
3.893826016281008995e-01
2.329274889278362126e-01
1.104475271486540455e+00
-2.878321203899516512e-01
5.903877041046449170e-01
3.638578993960210894e-01
8.495148519955988409e-01
6.077963089777638217e-01
-1.045927918227880227e+00
-6.019776472370224063e-01
-1.040536542791861585e+00
-1.631932808898449938e+00
-5.097943867575532861e-01
1.070058237982873584e+00
1.442451830253173917e+00
1.746149903856087704e+00
-4.114263460270439765e-03
1.851635494258873083e+00
1.707277071275774549e-01
2.736798790438109030e+00
1.182148756115763311e+00
9.564809402635957580e-01
2.702627738550426262e+00
4.443914161249022943e-01
5.613933075139825313e-01
1.988257115115095841e+00
3.503243658881122213e-01
8.178006926679637356e-01
2.803533924433246893e-01
1.184393531832309332e+00
1.263557119193297940e+00
4.328834347961947326e-01
2.478202373167857075e-01
-1.129790243687645912e+00
-4.617146069932992480e-01
-8.118265035235501248e-01
-1.669338834220918333e+00
-2.161320697860332984e+00
-1.844919134439800601e+00
-6.558213057086537123e-01
-5.513839681853294206e-01
-6.068841485402208802e-01
-4.996167523339521965e-01
-2.141723995471143116e-01
-1.573960954635220011e+00
-1.661460638210176421e+00
-9.471876940197155870e-01
-2.843002309154358809e-01
2.277992895103975179e-01
9.634611893640988578e-01
8.848331580876342972e-01
1.740123658408997409e+00
2.004916538650655333e+00
-5.341179262718438459e-01
-1.337904477601963293e+00
-9.944209377266650662e-01
2.120439445422750424e-02
1.163748018425818653e-01
-7.278120970557376834e-01
-5.855174907065526790e-01
-4.058142780724913745e-01
-1.140148710469389481e+00
-2.221309459896808391e+00
8.154794747731104465e-01
-9.056861304104169008e-02
1.212460507000185039e+00
2.136476610761227413e+00
1.300215828042650124e+00
-1.320079293719857105e+00
-1.428339477457036821e+00
1.890410328362208681e-01
4.738354358889003137e-01
-1.963533867876197769e+00
-2.040422998815857980e+00
-5.570548377666258988e-01
-1.028273446783779743e+00
-3.216178292617358769e-01
-4.294307207072711741e-01
-1.413539657341406963e+00
-1.014692052021935131e+00
5.526577416543714261e-01
-1.121416435809384549e+00
-1.027476669741198556e+00
-2.329376363096915981e+00
-9.745855808292153144e-01
-1.864801470634251501e+00
-1.546635263556047413e+00
-1.202420554461373525e+00
1.323825296182868927e+00
1.307475918894638545e+00
-7.049646310552137862e-02
2.250795570436136650e+00
1.135041222450908105e+00
1.033008591684014821e-01
1.508638287789154431e+00
1.393460888640916551e+00
5.598898743564690861e-01
6.092039470630833398e-01
7.166130131367176581e-02
1.781624869025462798e+00
-2.182210623517453207e-01
5.053338179648906303e-01
1.821489815107603327e+00
-1.255830571362513748e+00
-9.622215573081701612e-01
2.613795399772338435e-01
-1.733233878936265793e+00
-1.757040152616196949e+00
-5.938851939273304126e-02
6.217762239200963492e-02
2.347717230633684649e-01
1.585259254136466733e+00
1.291077285492289839e+00
1.755665824892842508e+00
1.875057821901887189e+00
1.145076325354033031e-01
1.260273192112468355e+00
-1.320268149421708337e-01
-8.277357648271199686e-01
-4.211953980095480832e-01
-1.724468710698226159e+00
-3.889568707640344014e-01
-1.027692151501768292e+00
8.799591482870535719e-01
4.435659014168248371e-01
2.780897260622678946e-01
1.529070874664509638e+00
9.057264613592896918e-01
1.621072883305772594e+00
3.277087131441117629e-01
4.194847295201309390e-01
1.105733420441673998e+00
1.438079164420649203e+00
1.659484337934501230e+00
1.949132158677724824e+00
1.564532075870672889e+00
7.528271428385581165e-01
9.602884706229718459e-01
3.951797126971453578e-01
1.742544223559469252e+00
7.535941790945994700e-01
1.120668496052904306e+00
1.530379110617159366e-01
-7.777105489300371044e-01
-5.237872830671068680e-01
-6.337623401473391205e-02
-1.467134434676566457e+00
-2.198402515473786512e+00
-1.918632378248855685e+00
-1.972537235533911693e+00
-8.156467596076455440e-01
-1.697379376820239649e+00
-9.044199063856810383e-01
-1.872375566919703749e+00
1.780375315433357919e-02
-2.060637798993389946e+00
-1.221005418196971615e+00
-2.669193070846282101e+00
3.041219734892387283e+00
1.101338781545501577e+00
7.273666136127043824e-01
1.859430624401152254e+00
1.667056055427557304e+00
2.010435236630703226e-01
-2.252248686643184339e+00
-4.213372743969210354e-01
-1.450382692438240806e+00
2.956251089312322833e-02
-1.099942481871803768e+00
-1.587099926105688397e-01
-1.242256766092526998e+00
2.972612752372549849e-02
-2.646918139441959417e-01
7.753384755790495575e-01
-2.251194461313299477e-01
4.519572946364893706e-01
1.156251432587701133e+00
1.971174157728602605e+00
-6.915134971919838502e-01
9.849984104713671584e-02
-1.329580371131495742e+00
-1.213757964590586491e+00
1.548960978762150553e-01
-1.793982295920004688e-02
7.038800874646717887e-01
-1.855987614004821928e+00
-1.799999126115242154e+00
-1.009306701275709317e+00
-1.164311609176129414e+00
-1.785648462031814709e-01
-4.205503176281228939e-01
-9.379605437324546324e-01
-5.197584743875288682e-01
-1.264243708609419148e+00
-1.553332881294368750e+00
-6.531179934092370409e-01
-9.889064900530292190e-01
-8.724319753545091150e-01
5.302130724624992686e-01
7.438897118680677378e-01
2.026149613506520009e+00
1.718118523148540522e+00
7.236689341313815582e-01
1.121189562059963452e+00
4.506200238684876513e-01
2.658991412234499307e-01
2.341861931005092323e+00
1.742842529355438819e+00
1.385313636073003618e+00
5.633366577080411997e-02
1.613643634648491698e+00
1.648214583088222218e-01
7.884286692218451797e-01
-1.971060286422109176e+00
-1.611014638127990839e+00
-3.992412474418750357e+00
-1.390578410437998791e+00
-1.649495128516532683e+00
1.093044038774319437e+00
2.824812698723460080e+00
6.333953871472268737e-01
8.309799961577623018e-01
2.110477573127525819e+00
-4.962384977289728827e-01
6.599783174682459785e-01
1.667958059481246202e+00
1.483666006602859744e+00
1.945831403441979690e+00
-1.810373316895502294e+00
-1.447507791514703435e+00
1.367584089731463948e-01
-6.509602274588732751e-01
-9.186808507527405299e-01
1.926894665798842388e+00
-2.740013786749573299e-02
1.004711547918720971e+00
1.875477444269457949e+00
6.801614695523933163e-01
2.029382166736956705e+00
2.174900370671117411e+00
4.551251501783265541e-01
7.766028164965244063e-01
1.534913721930167618e+00
9.940541636046000828e-01
1.951133169055011551e+00
1.576951157998180975e+00
-2.245472549754046199e-01
1.017720956521680042e+00
1.663776112267840945e+00
8.647332753253701432e-01
1.028619835215293543e+00
8.068067168998875882e-01
1.344031875275186971e+00
-1.995991306252373754e+00
-6.583024696561564637e-01
-1.235634530953348742e+00
-8.042315970240114797e-01
-2.259867519431573157e+00
-3.388334963430323477e+00
-2.488015516583685027e+00
-4.924129124778651168e-01
-1.254078123698059377e+00
-2.150701676685552677e+00
-1.691770705997700075e+00
-2.443866097314163488e-01
4.267262609807302987e-01
-8.316571048353624818e-01
-2.311157209854535655e+00
1.379483859589529127e+00
9.991886487126944161e-02
1.386031934241269248e+00
1.976234912834319069e+00
8.646223712941025763e-01
-2.692252850587990576e-01
-9.652740369022372313e-01
7.915496960457346631e-03
-2.632471400006305640e+00
-1.665668178430938617e+00
-1.540212341024354670e+00
-1.534661469329919870e-01
-1.816594682121808857e+00
-1.915865842861382617e+00
-1.172696950041235864e+00
4.763470062700244645e-01
1.299198901497686354e+00
-7.069300858487670425e-03
-2.522596188177841370e-01
1.078844458195323597e+00
-1.940452862294052894e+00
-2.218869301068080446e-01
-1.701855267251894732e+00
-3.987191510980634401e-01
-3.554829482781934669e+00
1.329326445856097383e+00
1.775974697383445822e+00
1.751034334366163847e-01
-8.134460181862190886e-02
-1.270588320346639488e-01
-8.419844996116432334e-02
1.043928935594637730e+00
2.291276063574430921e+00
1.843429620580768979e+00
2.120910460505666340e+00
7.828297968172358567e-01
2.546400539871518376e-02
1.586402497156177427e+00
9.143446401804586898e-01
1.485038745783030745e+00
-2.410131732119840997e+00
-7.968350382504867380e-01
-6.061775073588963059e-01
-2.047629686159956552e+00
-1.541945987745025226e+00
-8.212518752848440018e-01
-1.813184767074214054e+00
1.704755774967410265e-01
-8.611186643665329488e-01
-1.891659464569264371e+00
-2.863371821040290754e+00
-1.129254593527929229e+00
-3.977348404277128990e-01
-1.585599660947338840e+00
-1.775073156246149697e+00
1.148443418545151751e+00
4.587557778372242101e-01
2.205288162472819335e-01
7.621221488742095929e-01
1.419700762528874893e+00
-1.704098639501125945e+00
-8.153251945374484499e-02
-2.765594666343182517e+00
-7.184431547344014568e-01
-5.174218909359438179e-01
-2.171065393344250083e+00
-1.717828663968253400e+00
-1.204303853910362765e+00
1.519296155779685797e-01
-1.033800207560373385e+00
5.666890264268793498e-01
9.955163800714191824e-01
1.040922919980418637e+00
1.177950026763754598e+00
9.493337113098480051e-01
-1.453903816909413393e+00
5.579026677161667003e-01
-1.808817950284737019e+00
-6.530287196281580053e-01
-1.329910254320254559e+00
3.691723987648756200e-01
1.389101320387809313e+00
9.626034919242583143e-01
1.970994597556077199e+00
1.342491345598114449e+00
7.968185609712614692e-01
1.498510953557588010e-01
1.871811820155273587e+00
-6.150492957434949837e-02
1.029494392595492913e+00
5.194379096598578105e-01
7.303691908565537183e-01
8.753041975567575905e-01
1.594604693707192267e+00
8.087903239472136185e-01
1.101672594922422643e-01
-9.975507707883690678e-01
-6.333285705436929591e-01
-1.436989049517544581e+00
-1.016737981870472707e+00
-8.118657702902225548e-01
-1.508258508325833080e+00
-5.880782046095535121e-01
-9.279381619647668611e-01
-7.000532782548072319e-01
-2.265273343857971078e+00
-6.996931047775281076e-01
-1.340450545748649303e+00
-1.128767478665578583e+00
-9.423229470334544278e-01
2.367608233574201471e+00
9.597289209773729457e-01
1.528590110830547522e+00
1.952933717852555429e+00
1.870866402412592056e-01
-1.273316447056737966e+00
1.652178484753168419e-01
-1.509110867827379021e-01
-5.249677309658420388e-01
-1.964855279250847575e+00
-2.916634928002532767e-01
-1.464746893825527030e+00
-8.043550915461374906e-01
-1.696069346565389990e+00
-2.527400114073332205e+00
7.440273441522977649e-01
9.395112456712690907e-01
1.470857808047511872e+00
6.073783457672586872e-01
1.616088587141285116e+00
-1.444147926237700608e+00
-2.719899787234692834e+00
-4.266665856751299390e-01
-6.715147960059164589e-01
-5.764745318522901396e-01
8.125673383094969005e-01
4.307681707796120474e-01
1.117748617288486068e+00
1.215191231765990754e+00
1.717765883533045157e+00
1.390748473189812096e+00
5.366313146146051150e-02
1.463515640374266180e+00
1.509654363491386819e+00
9.467705480820806097e-01
1.770059697587833103e+00
1.750466389541052159e+00
-4.504480007534565900e-01
5.328706454945228987e-01
5.522364911551769229e-02
-8.738812866405959445e-01
-1.822846035177166701e+00
-1.791048966750208749e+00
-4.728777294056069058e-01
-2.382434803600386175e-02
5.151357212285088139e-01
-1.185643924131362992e+00
-1.129402314114651862e+00
-1.351257588040001067e+00
-5.493532805643789318e-01
-8.775857146753682780e-01
-1.528562659444057337e+00
-2.067828745967429604e+00
-2.950979744656089254e-01
-1.502852959496251195e+00
1.953052645395025433e+00
5.980195936577241689e-01
1.197332616838002739e-01
7.032570526157384538e-01
7.859676890869806698e-01
-2.164234231264084318e+00
-9.780266130226200616e-03
-2.899224057401762478e-01
-8.398980137700127191e-01
-3.560924487949488348e-01
-1.653859425755595858e+00
-1.439236174326828710e+00
-2.043684958461819523e+00
-1.031324515554948640e+00
-8.605691104838086858e-01
1.940111234834850151e+00
2.021775339074803668e+00
1.739778925701244594e+00
6.277605089209603584e-01
2.045064853972897279e+00
-7.942346902207302328e-01
6.888326361628984706e-01
-1.745347226768892313e+00
-1.783846592017570565e+00
-6.416289788575760822e-01
-7.119706218985326629e-01
-8.455272258631714166e-01
-6.840346760331073028e-02
-6.965289070944887806e-01
-7.827132042522308986e-01
5.161297800957331816e-02
-2.165462465738599018e+00
-8.251007152274110190e-01
-1.042415295213442672e+00
-1.082332044378037095e+00
-2.694923016771810786e+00
-5.451074699129152545e-01
-1.059637914031286599e+00
-1.449473121403303644e+00
-1.007245949559943954e+00
-2.010100806376964311e-01
5.917267730615776156e-01
8.145782845992965981e-01
5.481078447048841618e-01
2.900566829057292795e-01
5.760027291004248262e-01
1.248269388691823689e+00
9.314883629981847157e-01
1.690617711126341183e+00
9.947513833668448768e-01
1.416227442789808944e+00
1.951565621257896233e+00
1.607776592414861039e+00
1.316519961147762263e+00
6.914443563737375786e-01
-1.600641939259916047e+00
-7.768697708518398359e-01
-1.465334656491599219e+00
-3.104442360472030593e-01
-9.933408569216084505e-01
2.384540582606003767e+00
6.826822810800943220e-01
5.216382824880925195e-01
1.353531383109492614e+00
6.444148296640834772e-01
1.403359897181443161e+00
1.111581452026367378e+00
1.519987934896276816e+00
1.945479214581725902e+00
6.975298779942178395e-01
-8.630984383712368979e-01
-5.781157071716808149e-01
-2.230147731811530143e+00
2.493509467660341983e-01
-1.771247759268550048e+00
1.514844938965535404e+00
2.195180719171164974e+00
-6.563166043634742763e-01
6.838187868234300026e-01
1.122922385453478444e+00
1.622685785911920142e+00
1.250959593996725738e+00
-2.318247249722409364e-01
2.760284763267769614e-01
2.772782390847642553e+00
1.343840487153169505e-02
2.136298995747522689e+00
1.854265078072731665e+00
4.294846012719989448e-01
2.055881856368031002e+00
9.990457911742416375e-01
6.978979139229354312e-01
4.425299788715715277e-01
1.318002100665243592e+00
1.774553569227409922e+00
-9.614999312301595324e-01
-2.385521298733769502e+00
-5.973746776105073319e-01
-5.044663798300731417e-01
-1.326355365364666472e+00
-1.552917923283846147e+00
-1.904361892750864982e+00
8.059746976017239106e-01
-1.847390210773926622e+00
-6.094478503113065493e-02
-1.333147262125813803e+00
-7.039435354349279361e-01
-3.978701206820187686e-01
-2.135498312608047122e+00
-1.596078774992446991e+00
1.333925663588615640e+00
2.980308138127132356e-01
1.926520056916764645e+00
9.424342684798079350e-01
-4.604555372400762625e-01
-1.134178205112941207e-01
-3.123969926681335885e-02
-5.131985136081903542e-01
-1.343401410371330540e+00
-1.009480038916688249e+00
-1.518210100235690252e+00
-1.139987101681356751e+00
-1.377957874373853198e+00
-1.457928192089164909e+00
-1.888489375068873821e+00
8.130015381907168548e-01
1.687534615410318573e+00
7.309771348147640069e-01
3.124999814519568986e-01
8.117845007144699476e-01
-2.138502026631093234e+00
-7.210788219441349733e-01
-5.271748038660861724e-01
-1.241584806235745964e+00
-3.240613623697141676e-02
-1.436681397327379539e+00
-4.550713754587932813e-01
-2.220310488280679451e+00
-1.023591202416409773e+00
-1.357836540353649646e+00
-1.669077630494181008e+00
-2.330805439508076837e+00
4.471406209846975344e-01
-1.326187842810674811e+00
-9.912912784690267598e-01
-1.924023737817046387e+00
-1.315089744672061967e+00
-1.528004897527197148e+00
-1.609264814613582173e+00
4.761736072919748874e-01
1.787272458745474690e+00
-5.770747679886301107e-02
1.848213264538031142e+00
-3.175953228750008073e-01
1.545236989902166957e+00
3.515019524144877838e-01
1.311236332304009489e+00
1.157908526034676422e+00
1.534889153858285393e+00
1.775265654771464030e+00
1.699572329863508813e+00
6.197496183615249787e-01
-1.557228253373965643e-01
1.822087237148100947e+00
1.651001454115597289e+00
-1.220538563246964081e+00
-4.458788285719484934e-01
-8.638932620780251925e-01
-1.650928242506767063e+00
-1.559529886281450395e+00
7.645969451848289022e-01
-6.989188133631563105e-01
1.754874120625671718e+00
3.150816714349217174e-01
1.728397132022190030e+00
1.998817648564640947e+00
-4.003929407057733592e-01
2.241323920109234535e+00
5.955733951257713432e-01
5.940052837991490753e-01
-1.527053240042678395e-01
-1.210523070026015002e+00
-2.171197585297506727e+00
-1.705126197727193871e+00
-2.019101106800925471e+00
5.432567684578183398e-01
7.423812035022666622e-01
9.690783108990165262e-01
1.856255383223263555e+00
-1.054460301703238567e+00
-6.580253915640604800e-01
-6.902409982444915881e-01
1.410375242355188519e-02
-2.328095738478928034e-01
-3.051084046974217312e-01
-1.553950013619141757e+00
-1.451782141182432984e+00
-1.613559592737136228e+00
-9.124859108440147581e-01
-1.155769778711359441e+00
-1.627172274454246281e+00
-2.214341133327281330e+00
-3.877270484580992438e-01
-1.917061936464090177e+00
4.223658293157228627e-02
1.153347052465063971e+00
6.595186827224500670e-01
4.454652187521634943e-02
2.066726824119017980e+00
1.157382309154887379e+00
7.631672372534374915e-01
9.567419282479673326e-01
7.568903386299041802e-02
1.756125204953640662e+00
1.266740568078793983e+00
8.661239670664775403e-01
1.614331344703838766e-01
4.272416799637499540e-01
1.520772496550262254e+00
1.528785364335394803e+00
-5.219080658192187805e-01
-6.351664174405302621e-02
-1.609076251558620108e+00
-6.137165377793301069e-01
-6.077565361980284964e-01
1.633445790067053371e+00
6.935913918299418945e-01
1.907826142619086118e+00
9.412553842984724417e-01
1.375496898003898849e+00
2.158455684395664598e+00
1.370380560138377390e+00
1.428101388462076793e+00
1.908768425106906363e+00
3.902781540060834553e-01
-7.256842073433117379e-01
-1.298441118489689350e+00
-1.145803719662202624e+00
-6.617105577103834513e-01
-9.218096701242621815e-01
9.667457142207065424e-01
1.281974944383727832e+00
2.564315260697160870e-01
1.279148170735805223e+00
2.116461877135495939e+00
2.957392521583664280e+00
1.419762880182072973e+00
1.764894973333215322e-01
2.351185470696528501e+00
1.272546296999410576e+00
5.831329928041614208e-01
4.636081013578833288e-01
4.465069461388859740e-01
1.705791064284485348e-01
-1.351601900267462852e+00
8.180532611108941587e-01
1.382153867667082592e+00
4.828026787605574910e-01
1.165054439718907320e+00
7.907755707398387290e-01
-1.133696577632121727e+00
-1.621200863267497905e-01
-2.964563749602216358e+00
2.992174672068155239e-01
-5.257437885198488203e-01
-1.337248465683008369e+00
-4.793830903813957045e-01
-1.301325718306208579e+00
-1.869888391964123597e+00
-6.177055075241033588e-01
-9.356116039173704158e-01
-9.906001927260090767e-01
-6.343964770284804544e-01
-2.285362578520989452e+00
-1.734542364997725628e+00
7.457793642215575503e-01
8.756579679227283197e-02
1.272525351509027347e-01
1.526230061572063201e+00
4.905602945365425960e-01
-1.828035898451034758e+00
-1.024769902877249006e+00
-1.586207048248897467e+00
-1.496683068269664130e-01
-1.543765721007627878e+00
-2.972798448118786352e-01
-7.412658131867730926e-01
-1.380732843559975276e-01
-1.087382166556186247e+00
-1.233732357024763804e-02
1.482223688216410373e+00
1.033999362856196313e+00
3.809002708640449875e-01
1.142873286655039289e+00
1.767771553860184142e+00
-3.426671030715833233e-01
-1.792486752179583753e+00
9.866115085361637504e-02
-1.223229419806534324e+00
-2.028482238536381210e+00
7.528142549063148170e-01
7.749086473777275774e-01
1.788295902784165392e+00
1.408324541057333734e+00
3.918024587605264397e-01
1.629195332219092407e+00
1.441507247042266737e+00
1.179826459457422150e+00
9.731894630585581352e-01
1.867742492902750850e-01
2.479149633915306961e+00
8.263262592763778169e-01
7.585757150207403932e-01
6.745440501025852242e-01
1.304956788761554964e+00
5.815999404510163728e-03
-8.761360218457924232e-01
-4.815227000844992666e-01
-1.762589451404777741e+00
-8.066646270329433932e-01
-5.167254632162933126e-01
-9.316821596538106265e-01
-1.805682975145936897e+00
-2.100127284848151366e+00
-1.884026058608188059e-01
-1.143437051508008562e+00
-2.268814788957604911e+00
-9.409519703319608741e-01
-5.725269275963124072e-01
-1.292543058784036969e-01
-5.634048911046536379e-01
7.760983914695792629e-01
2.843427203134639702e-01
1.970060850267107311e+00
1.927426412093899089e+00
3.362592993206026115e-02
7.740326151081973194e-01
-9.839575451182969168e-02
-1.525789162551587363e+00
-9.259133191214584668e-01
-1.559650600367825657e-01
-8.780814814575069738e-01
-9.606809272967410385e-01
-2.897847805818841715e-01
-1.315353442234121761e+00
6.722172551795887463e-01
1.249038005193146006e+00
1.867885541078543987e+00
1.825433299131587583e+00
1.002407243794821268e+00
-2.568393376698441255e-02
-8.780395850434704608e-01
-1.718104965809413631e+00
-2.306565648188455331e+00
-1.829028130013211184e+00
-1.496910204992623505e+00
-1.006009846774010397e+00
-1.302565131287802824e+00
2.158881618623094134e-01
-6.394601508280107760e-01
-5.394151414248166132e-01
-7.655087641306791424e-01
-3.461662195414713095e-01
5.575411858331547066e-02
-4.473418330862461989e-01
-6.375211768848043636e-02
-1.643377745518622035e+00
-4.712068659812114202e-01
-1.527401116187873331e+00
-1.351857594074437063e+00
-1.228625910975986724e-01
1.411172631514483466e+00
1.259121451973447048e+00
5.194485171638285603e-01
1.158906362217504649e+00
1.005697173073070827e+00
-3.446842678535200211e-01
-1.010312968403456413e+00
1.423739787146336422e+00
1.105937648485793678e+00
8.544430435054111150e-01
1.544314365512194032e+00
1.543823390554926789e+00
2.205254871662391203e+00
1.290148069338078241e+00
-2.366299398948366051e-01
-1.194283905243859412e+00
-9.877051187402030585e-02
-5.039431882901131976e-01
-1.517911704272806972e+00
2.035850221038257413e+00
1.682872346311485412e+00
3.785070414986189125e-01
9.810941300717335167e-01
1.798200383588623108e+00
7.871152224953501531e-01
4.720740173325936873e-01
4.023295986402044555e-01
2.073535469680654053e-02
3.738239028773210348e-01
-1.199148528105589362e+00
-1.065456795233070464e+00
-4.465109557936298712e-01
-7.802885921459042917e-01
-2.210274006991204132e+00
1.838269895957276745e+00
-8.987412634862306238e-01
2.228217735901623087e+00
1.704119612805754524e+00
4.534403970919607119e-01
9.776898610931137323e-01
4.432550446650758147e-01
-5.023160977217646650e-01
1.727738447443206038e+00
9.533239067583447746e-01
1.011585701869029297e+00
8.479073931959582033e-01
-5.315164365199962493e-01
8.433235988127152361e-02
4.966215076666149475e-01
2.825682467935760611e-01
3.416783357711292712e-01
1.204726115222619409e+00
1.160345621024364116e+00
2.550955640448031581e-01
-9.207155742563120082e-01
-2.281087384638024407e+00
-1.385372255253012774e+00
-6.174846851276603044e-01
-1.274367513054966761e+00
-1.325374348216978859e+00
-3.184933238214249229e-01
-8.376364489520554679e-01
-8.516240539477324401e-01
9.414376485514499571e-01
-7.559895093320885273e-01
-4.518779230344144304e-01
-2.678653517915212667e-01
-9.456984513850235086e-01
-3.176268564245134929e-01
1.944005629180800110e+00
1.170234477303807141e+00
6.345707345998158333e-01
5.672493360919164118e-01
1.517479616610145410e+00
-8.546409639862009300e-01
-1.421484861831732172e-01
-4.991466280772298703e-01
-8.352838819457568675e-01
-2.885942351896365388e+00
-1.058885699952159198e+00
-7.106333218042693023e-01
-1.308032053542050654e+00
6.240208001242297797e-01
-1.224250503911925803e+00
2.412064558571769268e-01
1.159533645374199118e+00
1.899975068068968653e+00
9.425035423917975663e-01
1.831854735929865807e+00
-1.405281982554710929e+00
8.888028942115289155e-02
-1.189296125319013520e+00
1.584618445993970504e-01
4.919551704332190134e-01
-8.083114786408698293e-01
-1.523334958403729011e+00
-1.368002522720167979e+00
2.453220021550608365e-01
-3.768475834906637179e-01
-1.266473739670806342e+00
-1.392877651164436514e+00
-1.455798079477469642e+00
-1.143456047932474684e+00
3.683940294115912728e-01
-2.236233692475078083e+00
-1.533553549608214883e+00
-9.642597935615740967e-01
-1.147876421219921061e+00
-3.182583575307778023e-01
5.609620295251610544e-01
1.418921043526132575e+00
3.531188557412899831e-01
7.912862517872283341e-01
-7.947252055475306776e-02
7.884420875340929502e-01
9.792948378152784850e-01
1.859041754582236194e+00
1.571467810715609925e+00
1.832725752951748444e+00
2.336850155476466906e+00
2.258307971757802068e+00
1.735774479856959651e+00
5.281629979712367806e-01
2.135082378498603273e+00
-1.105200187618961438e+00
-4.869628340045986103e-01
-7.804671290318618837e-01
-2.286906048714302475e+00
-1.687463401517125927e+00
5.000247075793975426e-01
1.127794222669524338e+00
1.228134679122352413e+00
9.343453042472152914e-01
2.469347260443202074e+00
-1.092446396450732493e-01
5.669835020176838825e-02
1.015715911991521336e+00
2.401577906553434616e+00
1.878147380592988691e+00
-8.242708172279126222e-01
1.408788554688267247e-01
-1.510369659083384164e+00
-1.264822546514369650e+00
-1.568539927618362473e+00
2.392201903544421970e+00
1.795503489119570473e+00
-9.146517472889881262e-02
1.223572122613559632e+00
2.127415798951490800e-01
-3.803190556843548897e+00
3.307186046717631722e-01
-1.144389873823939752e+00
-6.822188793311009247e-01
-3.152547974337037706e-01
-1.020424664652514357e+00
-8.091261234777137323e-01
-1.524792371940464353e+00
-3.036804633049925872e+00
-1.992355571058036734e+00
1.673134319880378307e-01
-7.169232923489815557e-01
-2.766561308872732106e+00
-8.274453171663536111e-01
-1.689448299911555873e+00
6.565348288612737893e-01
3.574176335975021157e-01
8.131351348691640002e-01
3.584437261900796035e+00
1.846565207100067108e+00
1.510608375889454180e+00
4.886928153804626085e-02
1.129836658244512071e+00
1.015722657921200645e+00
6.348221211897737692e-01
5.212006531503088347e-02
6.564209940790586284e-01
2.668966398657539596e-01
8.920577014842075991e-01
9.105104380262598607e-01
-7.570925855857474351e-01
-1.970884223360442222e+00
2.920178667047235166e-02
-1.580592759935331770e+00
-1.898506238902480048e+00
1.157800793887476809e+00
9.868126633015475990e-01
1.802912036080718483e+00
2.711931263055665564e+00
1.672541900486343991e+00
1.450786844560295386e+00
6.918817078397212494e-01
6.758776699644950536e-01
1.505540292895377164e+00
4.125434077488416840e-01
6.773469713391362390e-01
-1.203030742142836118e+00
-3.050305259552160697e-01
-6.625071971509656210e-01
-1.296125723245868500e+00
1.842412251468537709e+00
1.322769115510685767e-01
4.398151856349028499e-01
7.979510489656120864e-01
-3.675316153617047554e-01
3.227967956378881009e-01
-1.667925937076181420e+00
-1.492547099293577872e+00
3.821919161988656111e-01
-3.797040995578621070e-01
-6.247719684872586887e-01
-5.603195797808810941e-01
-1.484289982693882237e+00
-1.528647531895771072e+00
-2.516373726682646916e-01
-2.359974311525562918e+00
-1.044047163261555111e+00
-1.283710148024455044e-01
-3.610969568418809228e-02
-1.923420248957773859e+00
3.988155937829463982e-01
8.786905700758340654e-01
-3.506189128200332128e-01
2.776794723003044751e+00
-6.774279235629774298e-01
1.973224554089257232e+00
1.405287475496271199e+00
1.308680249859192513e+00
1.461909347659734015e+00
1.679311789841752667e+00
1.496471798718495005e-01
3.657972306849947008e-01
-3.389781327782903642e-01
4.736846346653165174e-01
1.541844409848247333e+00
-1.483532781605906292e+00
-1.294233147911050263e+00
4.995581006316407446e-01
-4.676203435806397524e-01
2.146324805484733922e-02
2.675573177814553061e-01
9.928215264721429456e-03
1.421516755469725446e+00
-5.758659366508163124e-01
4.695477235351189771e-01
1.644042670961100461e+00
4.082376225758679311e-01
9.759534218888585855e-01
9.323132133414369083e-01
2.996949471554792854e-01
-2.732050988869594299e-01
-1.449177267261138491e+00
-1.708750526196168629e+00
-1.025381032793596159e+00
-8.048216135415926509e-01
1.379642945635993101e+00
-3.364898877909683339e-01
-1.204393783927937278e+00
2.248626303707817797e+00
9.695156915663837305e-01
-6.526023737117274681e-01
-1.522856775327554590e+00
-1.552369196871279389e-01
-6.947917945433554898e-01
-8.905332174392326383e-01
-2.111076613166256166e+00
-1.280116023948444592e+00
-3.139082211795222399e+00
-1.186541068187922932e+00
-1.229637682349518091e+00
1.390715315366080063e-01
-4.455177239666496813e-01
-6.394965339236891033e-03
9.714345456074191532e-03
-2.988131903071000295e+00
9.595502397468391731e-02
2.822807945859411305e+00
1.932226811544168310e+00
1.063199481458365403e+00
5.088022410107797544e-01
-6.453817551451583867e-01
1.506787403456201435e+00
8.072959984328642591e-02
1.345990385932570144e+00
8.866620449441555696e-01
1.307638067329282006e+00
1.582636602379225987e+00
3.617482538721845664e-01
1.024051565670144548e+00
2.437004926204359823e+00
-2.355557100297982487e-01
-1.225531587653220456e+00
-1.658076993051608383e+00
-1.393460626412224013e-01
-2.329055810403165339e+00
-7.198034005219562381e-01
1.586018722919597890e+00
1.204870908094148874e+00
1.569925874651194375e+00
1.797686693437346772e+00
1.941159209336817959e+00
8.735263767989637218e-01
2.537800102679508285e+00
1.406002092059013053e+00
1.110344827585276972e+00
-3.706041044281032093e-01
4.877565650386743723e-01
-1.524027450008424323e+00
-1.466014316278351437e+00
-2.279071149430570653e+00
5.911736089035347641e-01
5.917558506139478647e-01
1.769606731243768438e+00
1.043215877000179592e+00
-6.353770152435966878e-01
5.424846050862790481e-01
1.492156341029495348e+00
-1.617097210680011887e+00
1.392354341682560337e+00
6.779168614215758115e-02
1.111321549210628090e+00
2.505970844536997255e+00
7.925653513804307160e-01
7.102919460616310410e-01
1.117661794560213639e+00
6.510723038987525912e-01
1.083962854635127426e+00
1.215430558063838040e+00
1.517644264541786470e+00
1.982571100045092960e+00
-1.032479121921028975e+00
-1.061838755357814801e+00
-7.001572511831669621e-01
-1.650399243405767935e+00
-9.136723063511577037e-01
-1.796879801197370341e+00
-9.655887651194989818e-01
-1.222860673017001298e+00
-1.115091883559878649e+00
-1.095442476695249745e+00
-1.353480580201452455e+00
1.260213227451858486e-01
-9.532819609156392149e-01
-2.747231201667180711e-01
-2.153818405578423079e+00
1.079308225932871457e+00
1.454274753273964382e+00
-9.678210292102606971e-02
1.359065348864143763e+00
1.835964474430248794e+00
-1.162267144433929200e+00
-1.485554044481674163e+00
-1.256213405624906798e+00
-2.508589932779605736e+00
-6.159227397764542866e-01
-6.915792403000400324e-01
-7.784744798930826049e-01
-1.600657485882147624e-01
-6.057639015313969200e-01
-4.500983461092785687e-01
4.488019001043125344e-01
1.802406831517567198e+00
1.425961340235966768e+00
-6.683585948132897414e-04
2.386774200970021909e+00
-1.385330655007417588e+00
-7.850379251643005984e-01
-2.987508755646043346e-01
-1.090392025097769668e+00
-1.221236300909932737e+00
7.803442403581677400e-01
1.082074993293826282e+00
1.465101548198657788e+00
2.857273550403228723e-01
1.842140901016268595e+00
1.117569130003337907e+00
7.323559713916729663e-01
8.098501103564228476e-01
1.227376452096018200e+00
9.844616435746852412e-01
1.311425243311602484e+00
1.456048604321812379e+00
2.061150028638056853e+00
1.510338285080459197e+00
9.557871257263571563e-01
-1.045961109025669300e-01
-6.552290258690055547e-01
-4.997014910940609234e-01
-1.625107382082773722e+00
-1.616766231161315570e+00
-1.956944131222684957e+00
-1.005015331297169690e+00
-2.041473976793790612e+00
-2.017553911017254897e+00
3.175340785879594563e-01
-5.098463373818213906e-01
-1.059952215024393851e+00
5.709487115209666008e-02
-1.646493279619938077e+00
-1.645978425340586915e+00
1.322032628765104523e+00
1.277441739534034948e+00
8.741113604044264962e-01
1.945339112635779966e+00
6.381821070316904265e-01
-1.448549046618998526e+00
-1.496718440267825301e+00
-2.204984233954254691e-02
1.012157735292202432e+00
-1.006830687956555836e+00
-8.774662233215154705e-01
-2.764702197943257556e+00
-5.007293622700075275e-01
-2.328637795544547195e+00
-2.173157296002047989e+00
1.207235570887665643e+00
8.336626965236826337e-01
9.046655928560999316e-01
1.457733793099606379e+00
4.364965150861377374e-01
-1.578185207696054748e+00
-1.547438372606477319e+00
-1.632661692960523769e+00
-1.144156003185833326e+00
-2.170246189375658830e+00
1.695160062079702934e+00
1.311392994351608277e+00
-7.427090510358058673e-01
1.871351543004877049e+00
2.077525145217606450e+00
2.312116437033594707e+00
-1.058852848282445525e+00
-3.178826861195653830e-01
3.239550570680683750e-01
1.908552170202114651e+00
2.188072471020137577e+00
1.338841287271986813e+00
2.341757931916278235e+00
2.126360684997201655e+00
9.147756887623570421e-02
-1.280386026405495814e+00
-2.821978467736306229e+00
-7.521943130730455174e-01
-2.318914144661075039e-01
3.505186686980403810e-01
-7.966770409823495935e-01
-1.424120588492633122e+00
-1.710977886759128985e+00
-1.987344828684491915e+00
-1.723503751970729692e+00
-1.722521750556495146e+00
-6.015007704733644767e-01
-1.907759768898099617e+00
-2.021214924880016195e+00
-1.917898381993924373e-01
2.790131062700333064e+00
1.531653236924607420e+00
9.766567025717320938e-02
1.182942932359086319e+00
-1.023377925477713557e+00
-9.586881854995213947e-01
-9.383902640176959853e-01
-1.580289918256968740e+00
-7.430704806858012823e-01
-1.427751810670349730e+00
-1.473185073509213794e+00
-2.462609776472833190e+00
-2.023509157359560273e+00
-4.456665922214055886e-01
-8.872901325750248702e-03
1.371799985773020314e+00
1.068000886166560415e+00
4.046641280001850305e-02
3.242981292936524262e-01
4.208103846895010491e-01
3.827692141962057981e-02
-2.120675061728261923e+00
-1.586117572407745424e+00
-1.455505589273085265e+00
-1.949156527215001322e-01
-6.686213592187958410e-01
-1.991436038011597187e+00
-2.624075806116466847e+00
-1.442310781746454218e+00
-4.354980235438816738e-01
-8.115891894476490176e-01
-2.774426968263404625e+00
-1.492631721592938110e+00
-1.963352507833979743e-01
-2.735646282982615585e-01
-5.762483242772468151e-01
-1.471099540003789174e+00
-4.458147751640025858e-01
-1.018800243254697646e+00
-7.091829138678868993e-01
1.309948024885195128e+00
7.620423796839598252e-01
1.439894887187515238e+00
1.455968008309382666e+00
1.381613575587149922e+00
1.291562554295694554e+00
8.945499053124266187e-01
1.013836889287755838e-02
1.619986362857702922e+00
1.526127241566659798e+00
2.173771422812460941e+00
2.447659430109915046e+00
2.326425473351672046e-01
1.746151023740140529e+00
8.045414583094540051e-01
-1.296411055722483496e+00
1.479132844785506773e-01
-1.704301451238244614e+00
-1.245523142799058958e+00
-4.854174863644146187e-01
7.536571732461787576e-01
6.114745379043230455e-01
1.445119374337927809e+00
6.013986784316023293e-01
1.189503745647965793e+00
1.238943091950551967e+00
2.778982663517498564e-01
2.456046580134237933e-01
1.003098240554759935e+00
1.051946224584034306e+00
-8.244609469609085473e-01
1.862196801945177338e+00
-9.575044075591161441e-01
-1.931011160072023003e+00
-3.029439945792447020e-01
9.365876646454079912e-01
-1.058486575908702321e+00
9.750611439147767179e-01
1.168942277994720280e+00
1.642217987242198696e+00
8.435890335620447322e-01
1.856431436582479444e+00
1.735294862945674144e+00
1.881566177354270675e+00
1.190167139968549170e+00
1.242769398219779831e+00
5.260763833120436495e-01
-6.731322918178328507e-01
1.087456610713092964e+00
1.308174906811115701e+00
2.525388989045192822e+00
6.477261718304316851e-01
1.468759218920375975e+00
1.561370320269935608e+00
1.155366187484535123e+00
-7.915024411790857473e-01
-7.102894526974717904e-01
2.674184270519703865e-01
-1.289386830668340034e+00
-1.163712323764795720e+00
-1.393621883028576480e+00
-6.098602268993463804e-01
-4.693867326366807369e-01
-1.300641054765907967e+00
-1.150139611491880487e-01
-4.189838591835274295e-01
-4.216459812265289653e-01
-8.987839239571996375e-01
-1.074647258041713682e+00
-4.264016622953230584e-01
-1.714511060069314752e-01
4.856178885257758093e-01
-1.564794636242692327e-01
1.168921291507931226e+00
6.642366001287101085e-01
-1.209475530370340834e+00
-1.928368847092031269e+00
3.198418460072605107e-02
-2.192825056916038129e+00
-9.408266029393576035e-01
-8.489707326835083112e-02
-2.051873069918388026e+00
-9.558678155025845946e-01
3.462833395117288493e-01
-7.578248860971203982e-02
9.964412427457480792e-01
8.411280076284364249e-01
2.166439982177646328e+00
1.154798195441327779e+00
2.042943070160195163e+00
-7.588709635727655112e-01
-8.032558306306087914e-01
-1.691335250940320112e+00
-1.045508201584521180e+00
-8.896613847556714694e-01
7.330632869338296054e-01
1.182926952619459904e+00
5.644752205859560057e-02
2.158539637018634050e+00
5.062687344350104146e-01
5.149759108227118798e-01
1.250133803946350097e+00
9.760222502328933514e-01
5.904730099197201820e-01
-1.143231955292023372e-02
1.531285569733288776e+00
1.586473755849746148e+00
1.486373595030312078e+00
1.582416676869515815e-01
1.494672189243623883e+00
-3.283761044062649681e-02
-2.361294240190088711e+00
-3.146474821696455537e-01
-1.500551811462182972e+00
-2.209324574229623472e+00
-1.989708872847749221e+00
-1.056466686874652838e+00
-2.360871992142690168e-01
-7.145025659280893615e-01
-5.162328216260296809e-01
-4.110550747214534173e-01
-9.413728257234296182e-01
-3.461315437866689937e-01
-1.820100512132713622e+00
-1.621475262250905436e+00
2.029444399478429695e+00
1.515444113043942442e+00
3.899262508105182379e-01
1.427381324836348275e+00
1.184426222485268854e+00
-1.375855654384211757e+00
-1.771260460438336848e+00
-1.630775832925996927e+00
-1.550021180324502090e+00
-6.806484001208144008e-01
-6.271685017362383929e-01
-2.152462741393412760e+00
3.813664413605519776e-01
2.448151024611486815e-01
-1.033946979191125548e+00
1.395879456585945810e+00
1.068838505530365746e+00
1.384026341943447314e+00
2.460779586127792129e+00
1.273397810371329264e+00
-1.831240211333876378e+00
-1.839576966279579340e+00
-1.395481105948896516e+00
-7.288077296205881517e-01
-1.129106155947791956e+00
-6.053053944139618059e-01
2.510142004542972316e-01
-1.105200375579900252e+00
-7.054389213646818924e-01
-1.013270912654387068e-01
-9.537207087791572668e-01
-4.570544230303510425e-01
-5.372616224994682943e-01
-1.158422471482249083e+00
-1.613068347676276160e+00
-1.785197538672410822e+00
3.191372765532696221e-02
-1.364657235291062198e+00
-1.056104442901117713e+00
-2.157093301281023390e+00
2.322289049466896849e+00
1.080178702272526881e+00
1.772787299200990763e-01
-4.596055992862229100e-01
2.900798562799518088e-01
-5.035261036514353528e-01
1.274749478512207101e-01
1.736251930371909058e+00
1.348000365509935738e+00
2.244649557526103401e+00
5.695004986506636557e-01
1.199477488454280483e+00
2.158602673948736062e+00
-6.245563054138978387e-01
6.802317860662376869e-01
-1.332255794492807732e+00
1.416550950982964352e-02
-1.049739720932643339e+00
-1.479280293250289313e+00
-1.200161545663619433e+00
-4.146603232827046348e-01
5.898418376743290725e-01
1.625855624484550788e+00
1.334941116561476182e+00
7.762669031428879318e-01
9.967644205865862084e-01
1.493069018578554452e-01
2.485079037816102510e-01
4.008482937320503314e-01
-3.559980543828280553e-01
-1.578463791752746870e+00
-8.315250980093519262e-01
-4.952021703356248583e-01
-1.343530500462877031e+00
-1.018645824559427648e+00
7.330382827658539213e-01
-5.632866696175722332e-01
8.662093018681773504e-01
1.065643727567766597e-02
1.926297618249942945e+00
-1.806461606041895873e+00
-1.285508487069859429e+00
-6.362979952362466385e-01
-1.569151018161243805e+00
6.134777384878711270e-01
-1.243573413879162759e+00
-1.985899953842974464e-01
-2.894456048618601063e-01
-4.218611549451957154e-01
-7.894525115906947388e-01
-1.096267831202214493e+00
-8.533586387223262015e-01
-1.083133233532796336e+00
-5.193001029114925338e-01
-1.411379991823132674e+00
1.504015947816979226e+00
1.737338029649506455e+00
-3.152874174445801092e-01
7.317130608249657886e-01
-4.753447095235101560e-01
7.590148517246038118e-01
5.976518746541976679e-01
9.520759922184041102e-03
1.248144962463060725e+00
1.812498626234575694e+00
6.165588688841718845e-01
6.913319099694436032e-01
1.109738247608497819e+00
-1.581956083619320275e-01
1.498295470300365473e+00
-1.248024072352458269e+00
-2.088827102857379714e+00
-3.859890264558467621e-01
-7.664453611731020244e-01
-1.415512628887351188e+00
8.707400637971124402e-01
1.034926509649968462e+00
6.388964680095257087e-01
3.227265085204676254e+00
3.557530522879687185e-01
1.607465745737929774e+00
-1.756152149209793123e-01
1.264455575102667151e+00
1.059308900186100910e+00
9.834011872274872612e-01
2.203144100709046871e-01
-1.388904495718926491e+00
-2.242136388437395933e+00
-3.652912304823645595e-01
-1.880974066068858086e+00
1.814822290715456310e+00
8.355271026250550293e-01
1.179486015412323230e+00
1.510496742528022462e+00
-3.598893796761806207e-01
9.419468223555639286e-01
1.366684437352887471e-01
1.796636144914421918e+00
9.310535917100040137e-01
2.346203459176348538e+00
1.655436795433028685e+00
1.188976482601834972e+00
7.300223731769033275e-01
5.678091342304814049e-01
1.172612918188272291e+00
1.696354160986238258e+00
1.638952906254065756e+00
1.303400966753880397e+00
1.014886091479935804e+00
7.390906485559314287e-01
-2.830770145766814405e+00
-1.855398376443280650e+00
-1.800061627328489955e+00
-8.125422917467819417e-01
-6.078154760105609622e-01
-7.382713169749974824e-01
-1.986352100672882148e+00
-1.915381314184427364e+00
-9.306405150404418736e-01
-5.453340175201280005e-01
-4.299384437806863524e-02
-1.406037719685220067e+00
-1.647416356260165582e+00
1.125620792962166217e+00
-1.785543224950815855e+00
8.396059609108141863e-01
1.609130250181022959e+00
8.531369882847164021e-01
8.190153600499672226e-01
4.321615487540295675e-01
-1.454663069391788799e+00
-5.851977621897417325e-01
2.900684503922035251e-01
-1.465213517646532182e+00
-8.353782938809461989e-01
-1.549476396755412599e-01
-1.187518814212999985e-01
-1.348901850085856502e+00
-1.655713868588551518e+00
-9.502529197533198246e-01
7.776534911386974169e-01
5.796415145664891577e-01
1.711824842991209294e+00
-1.132934101067211152e-01
7.283084066905455289e-01
-1.874361493915712273e+00
-2.031743382884072080e+00
-1.727712160509705663e-01
-1.403288473737161368e+00
-1.891590814739328774e+00
1.918718730935824457e-01
2.067590323182658896e+00
1.893936238414547946e+00
3.470544569859366213e-01
1.537468020607160479e+00
9.836391294598667567e-01
1.787934462167233729e+00
1.714092428659377720e+00
2.387713395205134148e+00
3.066453005993768910e-01
1.081351337157629766e+00
1.998558319615437506e+00
1.095945260205948735e+00
1.167718866173951042e+00
4.845180035357637971e-01
-2.188123022329000911e+00
-2.199784926450006672e+00
-1.751278971807362694e+00
-6.080239081146041613e-01
-2.370547566631350023e+00
-9.976158973030347932e-01
-6.209263699481735177e-01
-1.344588078839957346e+00
-1.608949236062490185e+00
-1.299476147213320942e+00
-2.411132580188313668e+00
-1.777265100408131460e+00
-1.286169478775265995e+00
-1.155780659955566669e+00
-5.105388373806075686e-01
1.539361233190227995e+00
7.438527866001163336e-01
2.705554833567950235e-01
5.500954835904006135e-01
1.055146943645614677e+00
-6.098896020946578123e-01
-1.366303152566366474e+00
-5.110387076089671909e-01
-1.475340568801280394e+00
-1.334895083227487511e+00
-1.530022708657587938e-01
-1.578246742641735700e-01
-1.133641145295062769e+00
-2.507648605426280319e-01
-1.053076267820806766e+00
1.743766093915936288e+00
1.044300139999689403e+00
1.768767863700550835e+00
4.174654072431205343e-02
1.466294183825950448e+00
-1.892967327044622561e+00
-2.049168739453407273e+00
1.240754490816620148e-03
-1.234971861709107221e+00
-6.175146996364031526e-01
-1.472256899525275164e+00
1.141524593016987055e-01
2.032973978728991327e-02
-2.369561752640388264e+00
-4.728812171918547191e-01
-7.929749771853877860e-01
1.241517621882399780e-01
-4.267446123894830246e-01
-6.097674732274113163e-01
-5.876415934437636546e-01
3.644313575762536672e-02
-1.646129898231990296e+00
-2.846804995181605458e-01
-1.397891837175173402e+00
-2.302333256892553415e+00
7.205539817769740507e-01
2.188815567271718887e+00
1.938783756684991477e+00
1.814471495306207993e+00
6.375336108617040143e-01
1.557238831957181269e+00
1.858058478464206242e+00
2.707096887859613332e+00
1.741696444717416803e+00
9.724746453460400009e-01
7.481572254310209225e-01
-3.625872327149615160e-03
2.724920739689385973e-01
-9.482299533763252075e-01
5.058062864907881817e-01
-1.286456891559764948e+00
-1.169446663521122920e+00
-2.482338220164867160e+00
-8.522131343934472580e-01
-4.576645649421950957e-01
-2.305846488223493029e-01
2.163592635603606151e-01
1.162942293174724417e+00
1.214247975346731900e+00
-4.985865798660582549e-01
-1.102697295955290535e-01
1.235473951628935474e+00
3.063392014864005031e+00
1.743438162128297053e+00
3.215396677945049353e-01
-1.774153659233952407e+00
4.726115036780695888e-01
-1.443882640692014441e+00
-5.253575237775366391e-01
6.035143297620400027e-01
5.277420222645017311e-01
1.344353925041718467e+00
1.358355979506472799e+00
1.107652063149528576e+00
6.680416248254983369e-02
-7.175683871277871440e-01
-8.659021827025159546e-02
2.329389523020047648e+00
1.240408190065823701e+00
-9.756108293572531842e-01
1.156166569452694581e-01
-3.775153740944556802e-01
2.051183513851970730e-01
2.618490490545120508e+00
2.095025300159441883e+00
-2.037653336363487444e-01
2.291900179746162447e-01
1.065594558609484821e+00
-1.535238897349271436e-01
1.762259311615984370e+00
-9.910410992706125688e-01
-2.234043856882976797e+00
-1.191713903458673229e+00
-1.791652592795224486e+00
-1.947697043520555393e+00
-8.458736475240158370e-02
-1.157018334054109365e+00
-1.808384137910142186e+00
-4.190343084464429602e-01
-6.325259730631773714e-01
-2.303813643048615578e+00
-3.185307325292284775e-01
-2.340955220385100510e+00
-2.254441786894028077e+00
-1.074754858128383894e+00
1.260026883156303956e+00
2.931100895813485430e-01
1.074011783692467414e+00
1.515409333812512305e+00
2.292043472615297617e+00
-2.815545753097832282e-01
-1.946305186385270725e+00
-1.092440692955056525e+00
4.348569460437605727e-01
-1.894709054728512143e+00
-1.589641735281680734e+00
-1.223226755959359258e+00
-1.588367344846443041e+00
1.645687873441179505e-01
-2.988501090666004778e+00
1.415729036727890078e+00
4.353397875639182235e-01
1.058290729757374038e-01
1.195068205546053530e+00
1.753839972910973266e+00
-2.546489325734574649e+00
-4.057824436244399369e-01
-1.622482906886620224e+00
-1.169254604330839387e+00
-3.189940495240811691e-01
1.137974777930056636e+00
7.517295101275989211e-01
-3.111928430016064340e-03
5.090187656095193081e-01
8.743586307774547928e-01
7.970039905245889233e-01
1.511357952575810071e+00
2.336600764283323528e+00
1.285023539273590920e-01
1.727419102848267052e+00
-1.459431838495637290e-01
1.146359823765396246e+00
1.773177350050090917e+00
4.066989970619339090e-01
1.628506734224671959e+00
-1.421929890608064628e-01
-1.557513126634865630e+00
-8.675599631576929038e-01
-8.525131545861194260e-01
-9.889633444596807044e-01
-2.400251757220253968e+00
-7.276600165887694427e-01
-6.263315835407633481e-01
-1.097016798219873301e+00
-2.263145412591282657e+00
-1.197457440145070606e+00
-2.265154482067315733e+00
-2.183277329177970572e+00
-1.609557724947304092e+00
1.753501515335007532e-01
1.308573214547055663e+00
1.322129394585539686e+00
1.459887439095465922e+00
2.518603245598438622e-02
2.528412904085093338e+00
-1.588933047031944934e+00
-1.364475212191090803e+00
1.022491959901110192e+00
-9.565593529266962491e-01
-1.106565020045764847e+00
-7.952117291421441081e-01
-1.419921861033816235e+00
-7.984613775054369977e-01
-1.990211903783419833e-01
-1.472961940920426649e+00
8.835858337623969661e-01
4.220947631586678961e-01
-2.646738628176696917e-01
1.345290073239646444e+00
1.749108551837352810e+00
-1.115465761674621081e+00
-2.357643415746382143e-01
-4.334532526992778134e-01
-1.866897707823734542e+00
-1.110468889133496395e+00
1.816997678071083699e+00
3.363494579313789368e-01
-1.178328239080210782e-01
2.786641797045138480e-01
6.220256219225004379e-01
2.904327123987471282e-01
1.243941712818486645e+00
1.004977745162273006e+00
1.298446430517552042e+00
2.143321118263448177e+00
1.548708142305064150e+00
-8.232902411373466123e-02
7.231095895893913106e-01
-2.055704245335041591e-01
1.528338248893579276e-01
-1.600333363821458743e+00
-2.020370633696426665e+00
-1.575144882599800900e+00
-3.941487073466072300e-01
-5.469764227437567961e-01
-8.047998185690323769e-01
-1.079490893754072367e+00
-2.008689571046333278e+00
-1.579914802884025526e+00
-1.363525580984986885e+00
-1.982366485337440976e+00
3.039295052497250627e-01
-9.211259728787175582e-01
-7.716274948617867224e-01
-1.059805038434789903e+00
1.178062558239029167e+00
-5.216776531572586695e-01
5.114368264079974802e-01
-5.503624833418270246e-01
3.093767296909456510e-01
-1.443194018646728249e+00
-8.168016212972605272e-01
-1.428051275532471465e-03
-1.739319203368671962e+00
-1.117261579242574854e+00
-5.994419509889662434e-01
-9.226622331184490822e-01
-1.336431061145246568e+00
-1.809841770802773864e+00
-1.933769312060185541e+00
9.956415641198290700e-01
1.943086866706155380e+00
1.142922052827355150e+00
4.008382969319199685e-01
3.689328348339723229e-01
2.250307709539141054e-01
-1.553687576835235395e-01
1.329953101308956054e-01
-2.115685181607097398e+00
-1.742180750122343191e+00
1.107585418270808697e+00
2.030400169750016914e+00
2.531253548869783820e+00
1.577992455015527540e+00
6.584951409852257687e-02
1.736931851539560201e+00
2.921760449826548145e-01
1.502770916496530829e+00
-1.026848727166003172e-01
1.545900471363109263e+00
4.614264632882270067e-01
4.453058808677132774e-01
1.743311167280993779e+00
1.230382786848225996e+00
4.653197354915736828e-01
-2.116862008399545747e+00
-1.447520297786439425e+00
-6.568850842279319036e-01
-1.899814652663283976e+00
-1.232536676771125439e+00
-1.112672080022319765e+00
-1.484457049600311329e+00
-1.385770865109574146e+00
-1.182634447060378902e+00
-4.088944131622744838e-01
6.138423298306427967e-02
-1.979565857066502899e+00
-1.731603239692825813e+00
-3.542716443037227103e-01
-4.425691080989140325e-01
5.438966806724349068e-01
4.716440411364550833e-01
7.281991867893214954e-01
1.276914337169592351e+00
1.461290895808930568e+00
1.219636293405290672e-02
-1.487108177972428003e+00
-1.791521523902731561e+00
-1.664387154887486009e+00
-1.280751461573901739e+00
-1.128594029536690524e+00
-1.986097622549882979e+00
1.494125131789931782e-01
-1.752107051772842095e-01
-5.870047921170460370e-01
8.627104468514554814e-01
9.714157628429721525e-01
1.301065900956469346e+00
3.843284857321024317e-01
1.268926773598844981e+00
-1.438476351653659169e+00
-1.095092640881220714e+00
-1.459957432425785573e+00
-2.424742401817442605e+00
-1.443158084846061895e+00
