-8.377276896882399626e-01
-9.616421123840050988e-01
-2.140956068478944374e+00
-2.240431836967405665e+00
-1.351224616854943106e+00
-2.604256417786523503e-01
-1.251286512415987762e+00
2.010653838324614195e-01
-9.664544471042120222e-01
-8.347570793821654789e-01
-1.982268204418253799e+00
-2.210332862109019469e+00
-1.576498364153842147e+00
-1.429403206113310620e+00
-8.499258436537413530e-01
1.733577337073211044e+00
1.182109655846622864e+00
1.528646877129646864e+00
1.691973531694680233e+00
4.697992837194073790e-01
2.718259077668191193e+00
9.076580179351364519e-01
1.717188049144136253e+00
1.575166591501077074e+00
5.301496021419300764e-01
2.202066567910506478e+00
9.822564685892769543e-01
1.021011722134417044e+00
1.839353351766306099e+00
5.709736782549361678e-01
-1.750335130154443419e+00
-1.698452556720220663e+00
-1.567834447564528721e+00
-6.183536879593409807e-01
-9.733860744677325094e-02
1.964278208988810004e-01
1.253980404936364090e+00
7.049391792408528090e-01
6.572019011873326821e-01
2.614756959654548574e+00
7.253878436089972181e-01
8.716301029477161455e-01
2.775686710896676512e-01
1.056970519663081420e+00
1.008580593711459583e+00
-1.197655414638815863e+00
-6.573996069612741966e-02
-2.015716484594972879e+00
2.836701361979279135e-01
-1.317098206602901556e+00
9.095872562756252000e-01
1.717984960760061464e+00
1.420084509166757769e+00
7.583190232312677637e-01
-2.678562295097794976e-01
1.389709486857790166e+00
1.503929342293033322e+00
-3.705793898408378251e-01
1.448780003438689734e+00
-5.502421638340098120e-01
1.131827613126261234e+00
2.157264831391278115e+00
2.450071906482444994e-01
2.050843464759884771e+00
8.519805252745018542e-01
1.907736777142198248e-01
1.163336948318842934e+00
8.303305025402714090e-01
7.849721389411932204e-01
1.985447261817413267e+00
-1.105313745945021964e+00
-5.714453370734267068e-01
-4.675573185066530524e-01
-2.835035787138612262e-01
-1.459393893635731798e+00
-5.569723503329118142e-01
-1.560435829307065259e+00
-1.242308257780354142e+00
-5.341678047560194376e-01
-1.079402684638023358e+00
-2.165349611464961743e-01
-1.089639869868398891e+00
-1.926916663572230792e+00
-1.157432464789208693e+00
-1.950756228814012339e-01
1.949910075733896964e+00
9.128070293064294294e-01
1.268775902316675142e+00
1.167291254236080267e+00
9.914303666774119117e-01
-1.467073336035127129e+00
-1.434625477350717215e+00
-1.275896726476545062e+00
-1.965648395453796216e-01
-1.335994898964100841e+00
-5.071840131412712616e-01
-5.313402793248364064e-01
-2.274156078374335532e+00
-3.504707682211015696e-01
-1.107044941507602687e+00
1.557351253107408962e+00
2.748723141034831174e-01
5.983260247707322677e-01
8.023130359710495263e-01
9.846228007181987429e-01
-1.528457976907587224e+00
-1.279945827998312025e+00
-9.343834045407021227e-01
-6.141671151488927727e-01
-1.367645462232772280e+00
3.237778073447642457e-01
3.178234844057541419e-01
5.605921648940415114e-01
7.474708402538892127e-01
7.816688971459716528e-01
8.883989930254776457e-01
4.315149659264431170e-01
1.001217516423188902e+00
1.800244533028375393e+00
7.583318940357510751e-01
2.135716611715385405e+00
9.990257598806918660e-01
-5.904073880833795585e-01
-2.683688519372751102e-02
4.163081455627025695e-01
-1.816135946028702541e+00
-3.124449949334204835e+00
1.636225219387130725e+00
8.469237215911911143e-01
3.077303717618495860e-01
-2.452590666652434415e-01
-7.467225638314665126e-01
-1.322774230742216783e+00
-3.305575165652703262e-01
-1.723809092133448129e-01
-1.033731237605497233e+00
-1.229950541473461278e+00
-1.977506931253717681e+00
-1.935969356819059239e+00
-2.365775369967793473e+00
1.566799641603030757e+00
1.375797313765737551e+00
3.253702934624548293e-01
1.806503206388605287e+00
1.148040052145563372e+00
-1.743093044388412505e+00
-6.299334367402911194e-01
-1.261686566945543042e+00
-1.063650959506363680e-01
-4.449383693216719671e-01
-1.573940603972089125e+00
-9.822883879841928234e-01
-8.931205813979721242e-01
-7.160143674745212961e-01
-2.530409563730651179e-02
2.567153323738358139e+00
2.032066107645344122e+00
-7.222190459332122892e-01
1.891023289523239725e+00
1.749543277976674638e+00
-1.298372616802041968e+00
-5.519994459576094137e-01
-4.217605625247099477e-01
-8.692253656321446975e-02
-1.524543096773398831e+00
2.200236369299413131e-01
8.789672336234223282e-01
8.907890121108954506e-01
4.481059784779772848e-01
6.443241366186485131e-01
1.530251265560500507e+00
1.309955613067976365e+00
6.104573616388040413e-01
8.801908564614214781e-01
1.156557994966162850e+00
8.019676811728750909e-01
1.335852330944384825e+00
-1.286087378214124666e-01
-6.883268740898618177e-02
1.280558361913089360e+00
-2.109434216661603134e-01
-1.769770807204654961e+00
-1.143262056399917848e+00
-2.158332437635207768e+00
-2.580770651231411694e+00
-1.443897268071103301e+00
-4.692565363600069706e-01
-9.882006055743755013e-01
-6.470556125217017396e-01
-6.750165840513288051e-01
-1.500202070396899900e+00
-6.508398225073162013e-01
-1.683035888726706064e+00
-9.901277528469092370e-01
-9.860671170401975605e-01
1.073553956760610939e+00
9.045338029158013216e-01
1.312391259367907681e+00
3.852480082365493663e-01
7.323479227739693176e-01
-9.605646701603837156e-01
-6.643872489168765050e-01
7.272513147723542737e-01
-8.805642276650285094e-01
-1.253791531286374550e-01
-1.191521210377076478e+00
-6.255393238181150561e-01
-1.275760768968166037e+00
-1.840815377833739497e+00
-8.514907035564919235e-01
2.498737677500481702e+00
-2.407127416182195390e-01
1.540685110415715986e-01
-2.529186192645860309e-02
1.941057877734411186e-01
-6.549381150718631694e-01
-7.263953717709399349e-01
-8.329165218091640899e-01
-6.196190873569284996e-01
-2.023204196861213333e+00
-1.073920427475565376e-01
1.229531029707036538e+00
6.754528995828833482e-01
1.048715575338691863e+00
5.999824835189215833e-02
7.223123010194545390e-01
8.822613972410362493e-01
6.958065964912043544e-01
1.380831982718782491e+00
1.933379417358273233e+00
9.340580885447469228e-02
3.025765013131787029e-03
6.643724638718420117e-01
1.248116372810161190e+00
-4.085155193493572590e-02
-1.713245922893304574e+00
7.606828154484137627e-01
-9.408847759503264907e-01
8.319366346183090233e-01
-5.755557881316896163e-01
-1.760321420322666253e+00
-1.145837924292944399e+00
-4.186532121973670639e-01
-7.315033609704235662e-02
-1.217158218955185500e+00
-1.642641510888053435e+00
6.278252525025838082e-01
-6.818713971378489447e-01
-1.447784698160436756e+00
-1.139024211936756625e+00
5.983985795591126866e-01
1.639194907482499630e-02
7.017448285248588657e-01
8.038232166605221440e-01
3.379844119638280020e-01
-6.709027916666576719e-01
-1.721402859147698861e+00
-1.680371203213920861e+00
-1.382157991674091368e+00
-1.073821343195319189e+00
-1.952397799066727613e+00
-3.392970966858378512e-01
-1.223541856261623373e+00
1.937807698608631224e-01
-1.833140531289776831e+00
5.999283096661569559e-01
8.524200610270058487e-01
6.588513108352722636e-01
1.959770341416156469e+00
1.921322722051428400e-01
3.859437872806026348e-02
8.988071760745164340e-02
-1.181122157655322802e+00
-1.390942285271830059e+00
-5.739692253172821168e-01
-1.030814921752778002e+00
4.315126899596837262e-01
-1.564554517462346528e-01
-1.709718641314510457e+00
-1.226900781704482579e+00
-7.886309983517625355e-02
-1.659638809869217413e+00
-1.384913962947407651e+00
-6.964862974333766443e-01
1.493466883541683110e-01
-3.654079754380603617e-01
-2.675806550505038128e+00
-1.427173748724288815e+00
-9.090805554858483184e-01
-1.113616357758399289e+00
8.298033780414859617e-01
2.167421066603583135e+00
1.608754342482926258e+00
1.123895642451900878e+00
1.120175879996524015e+00
1.414392338023576112e+00
1.578747732230090239e-01
1.614387378608501011e+00
-9.160616713530878030e-02
1.498424754332899678e+00
1.765246388775296937e+00
6.767147638479222849e-01
1.544127958132825107e+00
1.395360647683229427e+00
3.056610365074374780e-02
-1.462808448261993188e+00
-5.811529148204485073e-01
-1.398386404737649746e+00
-5.747075767122039602e-01
-7.711634465663984583e-01
1.191806197240763865e+00
9.116569614883905937e-01
2.297289544652925120e+00
1.869654952788557978e+00
6.930151739898469110e-01
8.805366301637802540e-01
1.539067963522482430e+00
9.896637190813756257e-01
1.884275590546572454e+00
1.843161008238580312e+00
-4.762922395714481727e-01
-7.800860015898720690e-01
-1.350035984459527993e+00
-1.122333361566422383e+00
-1.431233622683188766e+00
-4.350889863746143504e-02
1.231008942547076934e+00
9.932087872316797128e-01
1.095572438863788411e+00
3.824225192999194389e-01
1.075748437060650486e+00
1.643671043167336476e+00
1.755664483343838400e+00
3.835909095319531836e-01
1.635608329444425468e+00
2.427883498772691606e+00
2.369233319812044769e+00
8.632875385161664639e-02
1.258521809490524390e+00
-8.327254037029945266e-01
1.097174886752582790e+00
2.860321691891247742e-01
1.164433318922197369e+00
1.262699976613151698e+00
1.192451275429746715e+00
4.181769573121685291e-02
-8.860414713244717522e-01
-1.407486980822441502e+00
-1.373909980149447208e+00
-2.732973514166763263e+00
-8.637683811693590563e-01
-2.819139267947353700e-01
2.545532503297223137e-01
6.734742374003621634e-02
-8.134135642900963692e-02
-1.718233429246991184e+00
-2.794365987494474179e+00
-4.687682456045054735e-01
-9.897681541167253627e-01
-2.958996530155122429e-02
1.587041459842622126e+00
5.060553129464979705e-01
-8.745177731602633564e-01
4.434016045585238430e-01
-2.978984756525886457e-01
-9.672034808199043709e-01
-1.128695731224324428e+00
-9.074166553912722533e-01
-1.778889109036839278e+00
-1.309103210544375617e+00
7.020317796279988976e-01
-5.638236967941382405e-01
-2.682644391143449436e-01
-7.441192776342704374e-01
-1.633976276905074076e+00
1.592242240414565968e+00
1.041476075711665228e+00
1.074137633205338505e+00
1.800007932879180927e+00
-1.173561884812603928e-01
-3.121698292074130965e-01
-1.961326666006867336e-01
-7.849132104992984083e-01
-5.929662375192736867e-01
-6.570239241977667843e-01
-1.697786092850309903e+00
-1.037023768809891555e+00
-4.325708401611676468e-01
-1.645112319937290124e+00
-7.017391706495336168e-01
-5.010796844104214998e-03
-2.060542288201055783e+00
-3.702212959432066297e-01
-2.394004103851688825e+00
-1.641302228117943240e+00
1.304753889683107904e-01
-5.089811879665570027e-01
-5.232248601425486534e-01
-6.245975220546178264e-01
-4.973368949616243651e-01
7.103618871477895835e-01
2.426333041840709193e-01
1.371487036444057228e+00
1.166564547038451138e+00
1.386652397521045854e+00
4.634382074332812351e-01
8.297158688226571321e-01
9.448863705371101096e-01
-6.688441947421535083e-01
1.403583531114266814e+00
1.546148670446708007e+00
5.153621903164824491e-01
7.097636723572052775e-01
2.148901396673824626e-01
1.620714775209755709e+00
-2.742424363958804179e+00
-1.311298792858899276e+00
-2.478534779020087342e-01
-7.699420485697539007e-01
-1.142737455805615809e+00
9.012291437337613953e-01
-3.724188686672924575e-01
5.902114339827226885e-01
-2.162727152076238113e-01
1.229766013027317584e+00
-2.847881203625099999e-01
1.512887480959325792e+00
1.454729341602670090e+00
3.404610661839766461e-01
5.541191146507905563e-01
1.316132766129558540e-01
-1.487556814071830713e+00
-5.980533276321098324e-01
-1.815545520425448256e+00
-6.490672780644179962e-01
2.608696438041615551e-01
8.838016195887642423e-01
2.311365427506468784e+00
2.258920398679566510e+00
6.423546006081637394e-01
-1.112149835721422342e+00
-2.496264864355357105e+00
-2.862708350294892456e-01
-1.968403723051890486e+00
-1.196644999079036431e+00
-2.439527728487701275e+00
-2.202388907168909338e+00
-2.470258942378456446e+00
-2.431598556740949491e+00
-2.334594770293520583e+00
-1.124401435795014947e-01
-2.168234152749799915e+00
-4.975246609464382130e-01
-1.114061815601605776e+00
-2.093644927006262257e+00
1.025965300774811295e+00
1.673072610690771178e+00
4.906408856755374304e-01
1.391742433868881301e+00
1.495392287666972742e+00
1.663314497791401614e-01
5.165677087471989282e-01
2.241641475606274803e+00
9.395158338351662364e-01
1.631359999705678465e+00
6.254507260767713239e-01
1.492066129513114792e+00
5.615607061043134118e-01
1.160398673318343787e+00
4.700777599488807912e-01
-1.562266338670480037e+00
-1.021809572458123094e+00
-3.999284410890822095e-01
-5.487971567662555117e-01
-1.117308877614706653e-01
9.405447238509788699e-01
1.623375787124781588e+00
1.881304139050080204e+00
1.045580721054623297e+00
1.393874077838970660e+00
1.174289772751227368e+00
2.566957091089509202e+00
1.022629265311894908e+00
2.366789950283756383e-01
8.474289683031416276e-01
-1.008780183352590898e+00
-2.256584563976387958e+00
-2.133810444208162238e+00
-1.785343870322698034e+00
-1.207816664155383357e-01
-2.154691670924060443e-01
7.958458811398554378e-01
1.261933370344329397e+00
1.087428856004747146e+00
1.459039722795204774e+00
1.147652229649653854e+00
4.501612045480163360e-03
4.487440357107224109e-01
2.049655378801374717e+00
3.144324643723362955e-01
1.780580457960951435e+00
1.914852039677538809e+00
9.955849575362728521e-01
7.275701694768499372e-01
1.558664092714039384e-01
7.558740180202212500e-01
6.476322322401519838e-01
2.204783072936819188e+00
1.380171140074530900e-01
3.414659398270595281e-01
2.122050106830408733e-01
-1.631260496319933084e+00
-1.826128725199531511e+00
-1.746491260605229412e+00
-1.454309052632579702e+00
-6.808827395491983125e-01
-1.791525900094297130e+00
-1.633723637170700682e+00
-7.364094825594187377e-01
-1.723283967887871970e-01
-1.801233983891332935e+00
-1.443306294354392616e+00
-4.676741626298741572e-01
-1.347745420356200263e+00
-6.736622902505107202e-01
-1.591068043389296527e-01
1.415030832162073704e+00
3.134664758465135925e+00
9.301440992656486717e-01
3.016010746338456006e+00
-1.453402499874923315e+00
-5.237588498391874126e-01
-8.796507168622715866e-01
-1.282627702192686847e-01
-4.536484651206889041e-01
-8.858093198689989123e-01
-7.253998511683540373e-01
-7.719404316867231053e-01
-9.420468591402686442e-01
-1.108702229939087847e+00
6.056155699620089372e-01
1.191514833981638155e+00
1.105823688306035280e+00
2.139583637465833466e+00
1.370970978078138502e+00
-2.055179221259169520e+00
-2.468809353139363783e+00
-1.030641896710708494e+00
-1.626054432196937460e+00
-2.028876048681391708e+00
1.362358015882930706e+00
6.565188805670613137e-01
2.469005533334018843e+00
6.242843120474546037e-01
1.614559612404234290e+00
1.276531851455677380e+00
1.513409350875659420e+00
-3.424956057225587713e-01
7.731968367071128112e-01
5.089528741035180825e-01
-1.298259504132448505e-02
1.806272906581172233e+00
6.573339237751704145e-01
1.280091006203669668e+00
2.151067751653699123e-01
-1.043150777655760697e+00
-1.529852635351213852e+00
-1.192812232571063280e-01
-3.033274779611507821e-01
-1.266189731995494450e+00
-1.236722902731893337e+00
-8.104709269968953800e-01
-5.067196803643685410e-01
-1.692144845208969572e+00
-1.429597370631705111e+00
-1.062585392452063182e+00
-8.128662854278687622e-01
-8.782969578184874893e-01
-9.151753085837445179e-01
-1.244454167101713971e+00
1.867986233337921576e+00
-5.984369787852807931e-01
2.998966714966879721e-01
3.419115766090996544e-03
1.990100193912825777e+00
-4.347755817072044282e-01
2.853960410888305432e-01
7.802887578880923769e-01
-5.531236904848132463e-01
-9.327118739226281097e-01
-1.926657264084688403e+00
-8.486772021333071070e-01
-1.356176543922339661e+00
-1.031020006956979929e+00
-1.322515830494115141e+00
-7.093817163793532110e-01
1.516753264381489164e+00
2.310471048706070896e-01
7.727506276603349766e-01
1.467530142592266440e+00
-2.213983238468489656e+00
-2.772184247975745253e-01
-4.030342408786031783e-01
-5.503566528132576297e-01
-1.259687017784515195e+00
-1.001044194219727457e+00
-2.352177466394991256e+00
-1.666180112298598637e+00
-1.168398363172048260e+00
-1.222410894795361802e+00
-9.315725346285430586e-02
-1.259784733321190897e+00
-1.229551665037077246e+00
-1.287225899318993783e+00
-9.495145925861070424e-02
-2.110226874916845574e+00
-1.565673685798948611e+00
-1.225620669348600478e+00
-1.338980721044238376e+00
-1.535010117358565296e+00
1.799396130747468625e+00
1.462126720197183705e+00
1.119955343452146312e+00
-1.869803793892874655e-01
-4.237818877299208697e-01
1.225692229322222548e+00
4.820865618209880799e-01
1.684046707497867335e+00
-1.028912491454360811e+00
9.623038951786321293e-01
6.237895855313277949e-01
1.447889990173941932e+00
-2.698439245837636058e-01
1.461338711047974748e+00
1.969832641191560096e-01
-1.338615625213500415e+00
-1.254665505050135632e+00
-4.685128300086831565e-01
-1.678924986662607921e+00
-2.514129748414373200e-01
1.664071233677917094e+00
1.294082076546904769e+00
9.164445272350361105e-01
5.920644234845018339e-01
1.101028816212390016e+00
7.323573104537833833e-01
-8.931050699576648100e-02
4.325256081890753723e-01
2.490993153795747261e+00
2.408626694204752283e+00
-1.149810006904307791e+00
-1.127627232260526746e+00
-8.516113882809501767e-01
-1.176854735684158104e+00
6.035195844749763339e-02
1.586200916115029891e+00
1.529963504434751709e+00
1.308985233513950686e+00
7.356143249585218591e-01
7.600060651547595469e-01
-1.524356387876571572e+00
-1.476474580116114321e+00
-1.739872053884727876e-01
-8.643627999923719774e-02
-6.579463691798326241e-01
-7.025236647588801731e-01
-2.156374203695947678e-01
-1.313311518015755741e+00
-1.963439340318342552e+00
-1.100191726769299994e+00
-1.327508790183852483e+00
-4.412805190864174110e-01
-9.228231906386108463e-01
-1.936727190358975559e+00
-1.118393488941180181e+00
6.825423582326008987e-01
1.083915308837112956e+00
2.669217723877527426e+00
3.076781342702873179e+00
9.907531247790244411e-01
1.091888104139534521e+00
8.623754929284385140e-01
1.481798523771743037e+00
-6.037880622515898743e-01
9.956360422812453592e-01
9.219734388361613409e-01
8.101383277945356509e-01
-1.742374719003469963e-02
1.091731309437371511e-01
1.138439389803083568e+00
-1.088429267434489089e+00
-1.556178169583376514e+00
-1.103947719687642381e+00
-2.220286078256226592e+00
-1.667036765786591657e+00
1.068161495674032402e+00
2.389871127291405273e+00
1.104354511330669641e+00
6.357624011407070341e-01
-7.185903228460777115e-02
2.377594877473681034e-01
1.377786728665627347e+00
9.566276401792471740e-01
6.471418970320080843e-01
1.633151371044098132e-01
-2.528042168839464310e+00
-9.822719305137842527e-01
-1.498434103068937429e+00
-1.520820921381969004e-01
-1.026841642571764801e+00
1.463023359618048413e+00
1.141811070217209956e+00
-2.295860655899328862e-02
6.677252267438916755e-01
1.138546762416901004e+00
8.983457019510360242e-01
4.869256746578760620e-01
2.508802137240286889e+00
8.316229922498388216e-01
-1.380108486711417726e-02
1.301708305788687348e+00
1.162947242157377437e+00
5.698267946104078607e-01
7.028931832897280518e-01
7.095125871081986446e-01
7.018177753376309003e-01
8.875292752703809462e-01
1.241136156272045321e+00
5.572721379406752051e-01
6.200680940908673833e-01
-2.476295896725688728e-01
-1.598125130929009874e+00
-1.601114399264847776e+00
-8.042774582743260625e-01
-8.578597698215895129e-01
-2.122871770436354666e+00
-6.819037457023182647e-01
-1.297183793197397961e+00
-3.041709772389471489e-01
-1.642308515877214825e+00
-6.416806976421238762e-01
-1.164478255580752020e-01
-7.236023042351809043e-01
-1.688222996650367236e+00
-4.692692032264511592e-02
1.599317813424721901e+00
1.001382214060288600e+00
5.235942044574621868e-01
1.042586865583505995e+00
1.527338692599317760e+00
-7.012554525920422499e-02
-3.967340276972426416e-01
-1.210301393522160041e+00
-6.028288654238833644e-01
-1.774167925919618805e+00
-2.209994117523904844e+00
-1.233819016794604373e+00
-1.796917636008857677e+00
-1.485399553016171215e+00
-2.956847183790392020e+00
6.153104148314579858e-01
1.906422859204160547e+00
1.039193481314405920e+00
1.574874918726510975e+00
2.321808850541398073e+00
1.143541747876439807e-01
-1.561178370299551865e-01
3.901350113481509840e-01
-3.455784055918890818e+00
-4.230945421520173610e-01
-7.800021503001307588e-01
-9.112372152567932426e-01
-6.548435415225304368e-01
1.393492518508028244e-01
-1.754777390570569473e+00
-8.868300122669148244e-03
-1.531099633092086520e+00
-5.750735642834241546e-01
5.334828462535980975e-01
-1.826121002990062303e+00
8.141131601297728615e-01
-1.357468790672947456e+00
5.008168169827396099e-01
-1.202246765514838556e+00
-7.107945403565131270e-01
1.141461376952499940e+00
1.461895649534584951e+00
1.621753634047658377e+00
1.797636348709712450e-01
1.437583828316605361e-01
3.520184085588156098e-01
1.288514256645917122e+00
6.231443988693829983e-01
2.642340274474407336e-01
1.325729531820774909e+00
6.421581341896621664e-01
1.848237547776993450e+00
-4.085638053367945943e-02
4.914454521899059847e-01
8.642121021662885205e-01
-9.604865303102436691e-01
5.621546721739612007e-01
-1.317430885521653217e+00
-2.731290466549665119e+00
-1.732131899545985787e+00
1.856101962141024853e+00
6.397116768013521027e-01
-6.046108147527131660e-01
1.868977960843842379e+00
-1.932395399803248370e-01
2.080408028671576481e-02
1.097225717734955364e-01
1.238510678839426449e+00
1.305055421386465353e+00
1.643894150325651671e+00
-9.911071950852908818e-01
-3.802892493900331683e-01
-7.846012414292597992e-01
-4.943451941114207493e-01
-2.205064163067991245e+00
1.047577159624847098e+00
1.283139043309944549e+00
1.621816858250681559e+00
2.298644828189792655e+00
4.867590134252034462e-01
1.643084186204710306e+00
1.073461465817534544e+00
2.975171250272535817e-01
7.968455868541072240e-01
6.416104521619090395e-01
-2.599421951600069391e-01
1.755574103331512203e+00
5.854661099789366663e-01
1.703830147067823209e+00
4.679243455032551235e-01
1.200769800488111549e+00
-2.662945727505217075e-01
6.294573210110061545e-01
1.086747924118671937e+00
2.097013771151117645e+00
-1.450018039365612799e+00
-5.623052144812323849e-02
-6.075157307246199512e-01
4.534225713667525692e-01
-5.988160975527371255e-01
-1.139677112822868432e+00
-1.601759499954831245e+00
-5.931487590215739347e-01
-2.189446883838121582e+00
-5.152900896396357400e-01
-2.644293179351955292e-01
-1.348717825615521448e+00
-9.583598274676530249e-01
-1.169199797224547588e+00
-2.051026101237519939e+00
1.410528690445616906e+00
6.513646763987595012e-01
1.028417435689940262e+00
4.166163828883924225e-01
1.168254515188064557e+00
-8.867350558416582373e-01
-1.054024911677968301e+00
4.736296872324352591e-02
-8.662843858108879580e-01
-8.620958902466901996e-01
-6.648124026669738340e-01
1.310697298687407475e+00
-1.480576861477209238e+00
-5.307778625946263373e-01
-1.338398528160160472e+00
2.699109015601471873e-01
1.797699746075693605e+00
1.752487274419543217e+00
2.370468802309345868e+00
6.050402926393458891e-01
-9.238960424685643824e-01
-5.711517378724977334e-01
-1.398157860885088422e+00
-3.883135891340159240e-01
-2.949082526568638229e-01
-3.849669779079245568e-01
-8.889599822613025726e-01
-5.130043329015169240e-01
-2.270357229271957600e-02
-1.710535211028803904e+00
-9.395199066623755035e-01
-1.602065834817252288e+00
-2.211730087616220697e+00
-4.024903496148358739e-01
-8.287367727821028929e-01
-1.211404099580232874e+00
5.144595647984706588e-01
-1.922336471538823144e+00
-1.003157343411130498e+00
-5.084850878230533500e-01
1.108482629697701061e+00
1.543303939344347064e+00
7.144077229447852728e-01
2.092208109753859624e+00
2.125599346600546280e-01
1.667939266051169156e+00
1.145816643788651668e+00
2.129944260473315421e+00
5.704674989044689060e-01
9.761988940689435568e-01
-1.278757063561606344e-01
7.929615866337046404e-01
5.242910965076502672e-01
1.263646862726778508e+00
5.169691577087576206e-02
-1.520201081787499575e+00
-1.830132670724151200e+00
2.657827780414243612e-01
-1.712593884992266169e+00
8.063222581174311898e-01
3.685994045037037647e-01
5.308090421826509031e-01
1.527114841566777903e+00
6.938892442514599246e-02
9.584640210085912937e-01
1.030053800364586936e+00
1.255030399276095388e+00
6.277233690689867363e-01
1.037943588239371939e+00
8.539596648605971563e-01
-1.936596043299550152e+00
5.310577110399412604e-01
-5.978697782786113191e-01
-3.274743328998437342e-01
-1.686669593790257160e+00
1.334150941780855693e+00
6.825929960392728146e-01
1.535752976660641922e+00
1.917024083643399157e+00
1.687415013430884958e+00
1.169608663830251416e+00
5.232360947311869293e-01
5.560251914396411310e-01
9.595353337275945860e-01
8.430701963963449508e-02
1.365621748917962064e+00
7.941911211562691086e-01
1.160251475496272056e+00
9.058618952864354590e-01
5.920489370467776347e-01
5.170486008780845744e-01
6.681004719167098482e-01
1.217423587740389168e+00
1.024583623302400825e+00
1.483868283289375700e+00
-1.809495230951524203e+00
2.324653291136797861e-01
1.156947817261578138e+00
-1.720579667563259196e+00
-1.101013232974266565e+00
-1.054485940745197858e+00
-4.870514791128588428e-02
-1.053957182631664935e+00
-1.524517458463204189e+00
-1.848343074792008434e+00
-7.343868078686028866e-01
-2.807935144868056732e-01
-1.309193315145058545e+00
-1.652300540118305072e+00
-1.676309666083366068e+00
1.501192490403618462e+00
2.815454345461713137e-01
1.325632010430206620e-01
9.266908983732298211e-01
8.040345303831115675e-01
-1.119330841026382029e+00
-4.033675907895818424e-01
-1.387845885593890216e+00
-8.198801589391003786e-01
4.481134793102432567e-01
-1.114549731055305637e+00
-1.716219772125043175e+00
-1.903917125810874467e-01
-1.227806312568869851e-01
-1.588766385634618805e+00
7.695500161225442559e-01
-2.228415135247781009e-01
2.701701142478986739e+00
7.879232771051095652e-01
3.369659556990634020e-01
-9.759450522782109338e-02
-3.850967978642515499e-01
6.289589359467444574e-01
1.397110939291805742e-01
-1.806851740192306988e+00
8.701393042080969309e-01
9.066216007626498596e-01
9.641834732306931999e-01
-6.004715753041756088e-01
1.041894351526534424e+00
1.631773226703604251e+00
1.010837445582177585e+00
6.526560796384682783e-01
2.293753470484779733e+00
-1.770325964224750415e-01
7.987589509367921670e-01
2.716161400123006331e+00
1.701591582421608795e+00
3.618370139818549713e-01
-1.817928917118321053e-01
-2.465872446481505165e+00
-4.861429750818762052e-01
-3.224422508217587025e-01
-1.009233348470045533e+00
-2.403893256210971607e+00
2.493579292606682429e-01
-1.598879020807266738e+00
-1.708493859101251955e+00
-1.149521206435025755e+00
-8.187920638016077390e-01
-9.808574991338543381e-01
-2.848535086986384579e-01
2.301255584528489884e-01
-1.425624952169490811e-01
3.335062206382293226e-01
-3.488466790231972148e-01
2.760749768151991024e-01
7.024309626228348868e-01
1.962623947651269685e+00
8.175904826319704277e-01
-1.072114310413413651e+00
-4.087161707287305656e-01
-1.119176173263517704e+00
-1.768627000226150825e+00
-7.197728662096938290e-01
-6.310411315072808058e-01
-1.228306392269749692e+00
-7.748212602686378458e-01
-1.313551613391514827e-01
-9.151367272481102377e-01
3.303988436303575416e-01
1.241646787105421534e+00
1.669447525681711841e+00
1.886815390615762533e+00
5.205089844358046225e-01
-9.845568977602371374e-01
-6.700066289159958277e-01
-1.373389187371121700e+00
-1.065882976598043319e+00
-5.725473616387111164e-02
1.355455953532627156e-01
4.512650600508119059e-01
-6.064803153115195800e-01
-1.351925086115985497e+00
6.248066158809950643e-02
-1.741681779309283140e-01
-1.054226742232633462e+00
1.773714945168789470e-01
3.386407597500695754e-01
-1.119416959036526604e-01
-1.298333164091457936e+00
-1.016600348478500004e+00
-1.587365490135370205e+00
-1.221996991198618154e+00
-1.033233828860853132e+00
3.345250525558979282e-01
1.416069893230610610e+00
5.633796266186108515e-01
8.517671019004358079e-01
1.492169071217372078e+00
1.225353478050814626e+00
1.533335967838449942e+00
8.825609584933693519e-01
1.658355079347525241e+00
1.583649141229555024e+00
7.854745520028431072e-01
6.385695745969521830e-02
-3.623969492209508925e-01
1.988759141860447555e+00
2.139005992415091484e+00
-1.342436909033017933e+00
1.015030762391511132e-02
-1.441174766361579263e+00
-1.852559368758146086e+00
-1.739228004770032143e+00
1.792593643688111360e+00
1.005544513404409646e+00
7.630768946811739006e-01
-3.476622949447267796e-01
6.523450369238665836e-01
2.084395488658322915e+00
-8.179966074458806524e-01
3.202224710427482579e-01
1.453594686425822680e+00
1.403825208731377394e-01
-9.577396254551998611e-01
-4.979806723632721477e-01
-1.673601309920833557e-01
-1.389127110660596909e+00
-2.542075538608650653e+00
2.051956275933421558e+00
6.185496692714242961e-02
8.995407746230850154e-01
-2.179246817609299391e-01
1.428179872900654956e+00
1.862304625806529890e+00
-4.435891608492048555e-02
5.145462193301765241e-01
8.006839326230951182e-01
2.110001301682633112e+00
1.784061909888188691e+00
1.996836245293831968e+00
8.338309201548929073e-01
1.331282894551979012e+00
-1.633019034530935887e+00
1.458718004693633663e+00
1.567964280025474721e+00
1.236909849704072251e+00
1.225015810164620911e+00
2.738696416555086444e-02
-1.215800944829890984e+00
-4.891722284277693067e-01
2.220693605939678683e-01
-1.086718659631050965e+00
4.009156954444814680e-01
-6.063267736526025686e-01
-1.385407276698768397e+00
-6.495418095891666299e-01
-8.066325097772657493e-01
-1.149684183419753314e+00
-6.564278431089922705e-01
9.239330147793523018e-02
-1.017887574598125955e+00
-9.313471264085956269e-01
-9.450853285119596991e-01
8.231398624336414560e-01
7.538395327344946661e-01
3.552962843040748941e-01
1.687446010322587453e-01
2.086822727070900996e+00
-7.228867060764665453e-02
-4.571029405704314375e-01
7.778933895463624459e-01
4.252432276369288999e-03
-1.527347399915389481e+00
-1.560121187832628209e-01
-4.677874132951558295e-01
-1.533238049718633755e+00
-1.682479643268682601e+00
-9.207018042459141904e-01
5.027969848710314160e-01
4.552759740410241562e-01
8.435315210200555747e-02
1.669245059559913091e+00
2.471755518969732002e+00
-3.589950083024842087e-01
-1.258392455542084454e+00
-1.133156654896190219e+00
-2.492485371965877938e+00
-1.340181298757978201e+00
-1.282241750066550612e+00
-1.006068561211854062e+00
-1.903783488682639469e+00
-1.348796544542785192e+00
-8.520767010768423022e-01
4.640972038571047342e-01
-2.394366506088790203e+00
-1.614923650804525268e+00
-1.136290514892619230e+00
-6.285732272876547455e-01
-1.602327152217529305e+00
-6.871828956644145947e-01
1.245212151485803886e-01
-8.562178565252618334e-01
-1.128884009282419720e+00
1.091426790407643788e+00
1.104774842931932177e+00
7.380242286827238818e-01
2.326402267304382931e+00
8.798842701233932084e-01
1.001067441875547415e+00
1.433213922380146998e+00
4.353468389940571281e-01
1.225540248857897252e+00
3.531747262466818915e-01
7.379825633836842869e-01
1.160547428320269026e+00
6.363391184823780078e-01
2.283747343196877555e+00
-4.146974106702079332e-01
-1.009613905975667025e+00
8.348406237285388443e-01
-6.259287149542664963e-01
-1.859647634808734296e-01
-3.632768320941159867e-01
-2.562705426859552826e-01
1.210625036495892815e+00
1.491926296223236026e+00
1.538345840411646570e+00
4.497004371146422486e-01
8.974399482661739036e-01
9.325058523682147049e-01
8.742097132091699585e-01
1.218174573632429869e+00
1.919682243446592107e-01
-1.003047184679855652e+00
-7.361204219397337045e-01
-1.908367284406542908e+00
-1.099821616046780859e+00
-1.306400557192091361e+00
8.092712588703707688e-01
1.641276839796912190e+00
2.904013879162460343e-01
6.423840216606035991e-01
9.383214291820276554e-01
-7.132792126074309902e-01
-1.711471396021385649e+00
-1.484249417158771678e+00
-8.488276542325019491e-01
1.364324333501265585e-01
-4.738040789304092115e-01
-1.053815371761149589e+00
-1.227732571649372773e+00
3.745453712376376476e-01
-1.327107719290771648e+00
-8.175471627185351142e-01
-7.030159305464260822e-01
-4.290916519878007485e-03
-8.085444128467816904e-01
-4.631651014589968085e-01
9.008124582348534526e-01
2.173018573046156199e+00
1.754730277781278769e+00
-1.067653940327562445e+00
4.105001024459515868e-01
-1.122962875815862738e-01
1.082501729481748276e+00
-2.609516130720641591e-01
1.129915907681931175e+00
1.202853994117282443e+00
1.363008009539069976e+00
1.212101334284893639e+00
1.199216424379996759e+00
1.513905524518969870e+00
1.229449995884899227e+00
-1.769153983019579268e+00
1.790796987994669465e-03
-1.651188224428568274e+00
-7.290651819776384768e-01
-7.862229586738115339e-01
1.872525383733858906e+00
7.487421255893143002e-01
5.070380454850641483e-01
1.069437336804571759e+00
5.795860901019370681e-01
2.108271394284062072e+00
8.031026775329703771e-01
4.809304853053451012e-01
-1.322317015060727741e-01
1.041131575986890212e+00
-1.197449933117586296e+00
7.170167237187574649e-02
-6.186503916815064841e-01
-1.535207162426174721e+00
-3.082447153460408096e-01
8.966950635675525749e-01
-4.685691462341960989e-01
1.355361626990122303e+00
6.457493022878277866e-01
9.222980863643230887e-01
-1.115103095962535207e+00
-7.873346818998062657e-01
-1.583254616429311756e+00
1.065795558101507723e-01
-1.160555352092169201e+00
-1.697934853011898060e+00
-2.069286565221291063e+00
-2.264175172952898496e+00
-6.481164426058425576e-01
-5.041042697171296272e-01
8.750516422082998957e-01
-8.978494538842540784e-01
-1.751471698275021138e+00
-5.177511384521917837e-01
3.873896605732942700e-01
5.953256531192996359e-01
1.216471089569223452e+00
3.302546564304782439e-01
1.030289600046994769e+00
1.566505596346298823e+00
9.000430608071654515e-01
2.710128594489878973e-01
-1.934161024787883765e-01
1.451328319954781065e+00
5.723445873302406284e-01
1.515125753963890709e-01
1.129295115991352239e+00
1.904188080293027996e+00
-4.970436630101038311e-02
2.056932314697843545e-01
-2.254212238122982104e+00
2.006354355981530002e-01
4.562314653221328786e-01
-9.096049225174963615e-01
-1.820780750287234628e+00
7.984862640814327506e-01
1.466816433613706616e+00
6.310825090483065392e-01
1.069618926900506528e+00
7.265981246001326221e-01
3.825755085539349620e-01
6.145572933168135243e-01
2.219638956584432776e+00
1.457894737788693940e+00
1.244493840323001255e+00
-2.614659720025499512e-01
-1.736726884159472961e+00
-2.803158468015038984e-01
-9.553496146222791863e-01
-1.291892885032648763e+00
-3.696597409000230705e-01
1.723299111209763312e+00
1.816542525381727557e+00
1.552281009832079395e+00
7.080384399734336309e-01
-1.055979668500918844e+00
-8.672398180127688372e-01
-2.561513615126926879e-01
-1.415434486364578692e+00
-1.237921543652454659e+00
-1.459769416157953970e+00
-2.672473239728749839e-01
-1.124033668735574087e+00
-1.716055587530835869e-01
6.430205401699695678e-01
-1.198210991032252704e+00
-1.543813149603837420e+00
-1.087300213477222499e+00
-8.913308432539320814e-01
-3.521611954713876891e-01
7.652108166046427407e-01
5.099066805306722294e-01
8.012288899194197622e-01
1.130644859789071255e+00
1.573357694195213652e+00
8.797659540154415536e-01
2.258189215782657744e-01
7.664133926164511390e-01
-1.913658578665722310e-01
-4.555784004658807174e-01
3.210028078486758529e-01
-3.243195924059669721e-01
1.321424429326813810e+00
1.372054441532489344e+00
5.912727730138267468e-02
-2.603931552353047962e+00
-8.695087755221377890e-01
3.207048717745992761e-01
-1.610349421889841981e+00
-3.267830989751690396e+00
5.492909225376055860e-01
1.657157472012774635e+00
1.763388371414907674e+00
-5.650721256818416194e-01
1.250709424089544664e+00
1.384652094831381408e+00
1.475254459496299297e+00
2.161535849260498132e+00
7.099181863545065418e-01
1.584955394084655689e+00
-1.484778539353513560e+00
5.429914235837536296e-01
1.831022419997510031e-01
-3.698203505535615498e-01
-2.681288891280593223e+00
5.435217765661768397e-01
3.027085013504546840e-01
2.308661087224047392e+00
-2.584344865618470877e-02
1.043719864647444373e+00
5.255919167918787771e-02
1.122833242167319723e+00
8.862760623585487219e-01
2.497205857369280579e+00
3.737028476247029607e-01
8.997995462657566446e-01
-2.835654400201392811e-02
2.392434944245204864e+00
-7.354970125162507699e-02
-7.237936024602120710e-02
1.060978228938135093e+00
1.402999681572965507e+00
7.004666202265344976e-01
1.874054448518426064e+00
6.615072133097653628e-01
-1.783073733370516445e+00
3.994330686334190972e-01
-3.191253703430182442e-01
4.716653176967213756e-01
-6.297326030244778661e-01
-1.788736868603759467e+00
-5.848210797234701941e-01
-1.454837910001853807e+00
-1.407013756918327863e+00
-9.283391939913560043e-01
-8.308694897945232416e-01
-1.770678777973451190e+00
-1.383176631281868296e-01
-1.540146320712019623e+00
-1.254798318390168754e+00
-3.049541508148023716e-01
1.417012088829026295e+00
9.921930483251329980e-01
4.502484950322157564e-01
4.382688822549614116e-01
-1.389846305941426330e+00
-2.204566396998706601e+00
7.427880017634302945e-02
-1.357013573868948608e+00
-1.371588188590274537e+00
3.546256076532843249e-01
-1.179855611210027133e+00
-2.082667135778013545e+00
-1.919430889277251584e-01
-1.819480357173735907e+00
1.992591707517333388e+00
1.204823181048507275e+00
1.237061524149498215e+00
1.679616771205435732e+00
1.989133606254391395e+00
-1.137743205912022715e+00
4.534001449772406822e-02
-1.312152252309938705e+00
-1.663282349188932585e+00
-9.093346809211347859e-01
5.887265969742606631e-01
-2.733368453209963356e-01
1.068685379027998206e+00
6.663095717275798746e-01
1.850669734021119339e+00
4.807636441242046921e-01
1.254681990740510233e+00
9.775660671888265485e-01
7.612461570748394468e-01
4.018135112983440838e-01
5.699150890879220999e-01
1.798916758072429678e+00
7.468913647715160753e-01
2.633184842991636021e+00
1.885112673783588821e+00
-1.142604330759386055e+00
-2.019233022913160980e+00
-2.424688906708224456e-01
-1.504686449270087989e+00
-2.186400942725202690e+00
-6.708782926219105658e-01
-1.136880705649211842e+00
-6.581790178680806402e-01
-6.678092204289923783e-01
-1.519579948119422319e+00
-8.045406611828087584e-01
-8.693069216893837270e-01
-1.842130085868441070e+00
-1.667341782957352248e+00
-1.280017661311601440e+00
5.981448655594567843e-01
-4.317514654903966687e-01
1.440913825984955432e+00
2.316369088081640548e+00
9.097347232836324737e-01
-1.863012704764048788e+00
-2.159419360556121603e+00
-8.473583731533291807e-01
-1.141566568767503398e+00
-1.251685545041554715e+00
-1.946121522192247877e+00
-1.000951571133452678e-01
-5.117065115122682029e-01
-2.148022245553435461e+00
-1.428964323044896290e+00
1.526602932977199734e+00
2.259556370470021669e+00
2.002249149312973486e+00
1.548764536497636568e+00
1.738272241476062518e+00
-1.116960894944040827e+00
-2.317718961450833337e+00
-1.014569353544904740e+00
-5.494276128077557608e-02
-1.228546903101633392e+00
-1.933776213843934721e+00
-1.047989394408806341e+00
2.242088884037425345e-01
-1.480745003101371582e+00
-1.537993755376563243e+00
-9.348298586351238004e-01
-6.170416311345271465e-01
-9.826103976288551589e-01
-9.934952406152850468e-01
-5.623298562738868744e-01
6.144238166879567586e-02
-2.162121130263244151e+00
-4.828687160082387742e-01
-1.652420809419281378e+00
-5.994028182519124393e-01
3.354328732234367338e-01
1.052080206216756464e+00
2.668060212147117305e+00
9.524748901896153974e-01
1.141285151965789835e+00
1.846991735102622600e+00
-1.759492590210955942e-01
1.632662732304467790e+00
1.712759249692006769e+00
1.440584725569522107e+00
9.143445605970846879e-01
8.335876130434319853e-01
5.665837933856829878e-01
2.568379450862015467e+00
1.915719406338472819e+00
-7.259773183661597518e-01
-1.388435848944007622e+00
-1.637044142646336908e+00
-1.547586767389890205e+00
-1.253990403868548986e+00
1.171341499873640224e+00
-3.114164934103174076e-01
1.948212807241910927e+00
1.237812640414098775e+00
2.226152111241275211e-01
1.116727414347270964e+00
1.170298124299510967e+00
1.586979323508687978e+00
2.430546291153655503e+00
-5.420399912747613236e-01
-1.532639047627158302e+00
-1.170453416461089802e+00
-1.854731791456506462e+00
-5.518099050060808475e-01
-1.069814578910608605e+00
2.186665358853923102e+00
1.090631837382912916e+00
1.067774400408580293e+00
2.118054103419444445e+00
2.079637900169041931e+00
1.278783878619060843e+00
1.804520078340530853e+00
-3.558461532875085709e-01
7.837310133133170709e-01
5.679636222541638579e-01
2.292802411898396731e+00
3.865237015665818898e-01
2.768875264646273315e+00
1.035555632074633081e+00
1.472292637192210485e+00
1.364715925900170435e+00
8.826154860857489126e-01
4.906192324233279445e-01
6.681648146679328715e-01
1.556455931669490589e+00
2.086336718486139219e-01
-1.590795650264745120e+00
-1.208904081635983285e+00
1.621841665723009474e-01
-1.519915535408828955e+00
-1.500619525680530142e+00
-6.902696352317438944e-02
1.264817362621870611e-01
-6.429017750839365331e-01
-6.765416670203845406e-01
-1.145828091010890670e+00
-4.781048177596671778e-01
1.469268254487461345e-01
-5.751354097108932750e-01
-1.499441153718288344e+00
9.245829971619762278e-01
1.362569296957130138e+00
1.550790944533905868e+00
8.562639642754559244e-01
1.257695807100466467e+00
-1.335802966655617263e+00
-8.699694036840361910e-01
-6.621598268692907574e-01
-5.964034399271365139e-01
-8.312326058407768503e-01
-7.185554833242724371e-02
-2.686136371542842127e+00
-8.721767815042991145e-01
-7.237670378988836362e-02
-3.708968102030312242e-01
1.258716453986653772e+00
1.999850758372059278e-01
2.598098472010527127e-01
1.427247386285582786e+00
1.856271444818965666e+00
-1.067150389315614900e+00
6.691716335330477605e-02
-2.210574949803946865e+00
-1.279925309866484451e+00
-4.235120652114517936e-01
3.239493155826637105e-01
7.990335531526839841e-01
3.913084655606642315e-01
7.641270527170487270e-01
5.824590011372546838e-01
1.125988343426024940e+00
1.626777216785987079e+00
1.271558817129825103e+00
1.331885366733517095e+00
6.542680159854081801e-01
1.005020697050935663e+00
1.114128160373691445e+00
1.047014260771428340e+00
-2.006046333704232243e-01
1.619738005678233339e+00
-1.200434999201063002e+00
-6.499322414238538625e-01
-6.639113882600322647e-02
-7.680281779335518255e-01
-1.194191181060432871e+00
-4.953785868542112114e-01
-1.041854796807934802e+00
-2.442901568352040975e+00
-4.910605342196083800e-01
-1.699599754612889813e+00
-1.281727838157799892e+00
3.682179746058162895e-01
-1.704440342007524700e+00
-1.313193245677364063e+00
1.757397211677664828e-01
1.795521693115485151e+00
1.898103205044898711e+00
2.240055466453392707e+00
2.099512455939946953e+00
1.328817124784718473e+00
-1.440310400456672690e+00
4.140195816380656257e-01
-8.499125110254153181e-01
-1.402458827189847490e+00
-1.950824945214049588e+00
-3.064616793370236181e-01
-1.581051328484261109e+00
-4.610235758163034880e-01
-1.447078815109642536e+00
-1.760682753247060139e+00
7.201202649246476462e-01
7.552191788987698828e-01
1.331396036936827398e+00
3.740341900749247772e-01
6.171458506909720532e-01
-1.544024741206979856e+00
-1.882116179831651470e+00
-6.016378141754541442e-02
-9.280541160116551058e-01
-1.323222531799960855e+00
1.072329498855948637e+00
1.401703213407081705e+00
1.394801485563710530e+00
2.201845113777855190e+00
1.817847233075023716e+00
8.642790245943974270e-01
2.814099600019570602e-02
5.669999060931057988e-01
1.503106354772504982e+00
1.263095947190866486e+00
7.720550357506570371e-01
1.181998392177280532e+00
1.951932753928795172e+00
-2.398800531923213075e-01
-1.274205746490338242e+00
-1.781041775226655854e+00
-5.928338356557152355e-01
-9.077235065486722876e-01
-1.180298235398561379e+00
-1.209163287255800689e+00
-1.000918137530111274e-01
-7.573254749247320117e-01
-7.321100076015187863e-01
-1.756363216714699194e+00
-5.380218014539289717e-01
-1.793140460726989183e+00
-1.158851020222908534e+00
-3.096128427128232108e+00
-7.795012979818749521e-02
-8.945304680168274514e-01
1.093965907503400503e+00
1.260101758181846998e+00
1.766291212082544249e+00
2.348904805582095356e+00
5.611994490564404803e-01
-1.603481258905002482e+00
-9.115433205925652649e-01
-1.332507315238784518e+00
-1.031568947668654923e+00
-8.606647835876279906e-01
-1.077937850270206166e+00
-2.166792891756410988e+00
-1.238678905369556826e-01
1.434163808530775075e-01
-8.948501524919769690e-01
1.847396458380250239e+00
1.211345097951148420e+00
1.904208843593522271e+00
2.271719632337385608e-01
-2.482243724698385279e-02
-1.394205618953654469e+00
-1.347734924362373521e+00
6.671657399898691665e-01
-1.230606125373768789e+00
-9.939777922250430109e-01
1.809968774578700090e+00
9.656068658528899062e-01
7.395109310250266299e-01
2.221064667760974665e-01
-6.801570406171948413e-01
2.015751457368929245e+00
7.820265435321723801e-01
1.623745250321217970e+00
3.286026366889021055e-01
2.142854150799612611e+00
1.327992219234156446e+00
1.513147702067754397e+00
1.043092807272827383e+00
-2.366348603324892608e-01
1.328941158769183062e+00
-1.275744804701317348e+00
-1.564249959891632624e-01
-9.584627658510601611e-01
-7.611977469970473420e-01
-1.474650126514428727e+00
-1.534747232236460146e+00
-1.628348255815338819e+00
-9.099399309930560342e-01
-1.063784482318513636e+00
-1.470265449955016068e+00
-8.225553227403088474e-01
-2.479314051395877350e+00
-7.055919217502752971e-01
-1.233825068073364450e+00
-5.521282156063489488e-01
1.561186890588217580e-02
2.804332535386888647e-01
6.238845003027697622e-01
-6.464854579233745291e-01
2.236056675925899739e+00
-5.784111599522056002e-01
-1.855347686164765530e+00
2.185434374486465714e-01
-1.035100093401935206e+00
-1.189032358037169779e+00
-7.616683196262341582e-01
-4.145830065230098338e-01
-1.121483180297141891e+00
-1.807175933162384895e+00
-1.314736960371603036e+00
-4.034298151756527950e-01
1.097811511547605923e+00
-1.155916953855240514e-02
2.635178628063744588e-01
1.137602903100121354e+00
-4.519841465904803623e-01
-1.060823946833243658e+00
-4.554592241090673621e-01
-2.420273124719353186e-01
-1.526187489396688246e+00
-1.414938944298234302e+00
-1.035236737941030327e+00
-9.545540878087086512e-01
-5.269715722469655583e-01
-1.543471882100782899e+00
-1.447733248372342185e+00
-6.478695901813196212e-01
3.424825841233687385e-01
-8.387426994150490867e-01
-1.858801266792182938e+00
-7.845390231629212341e-01
-3.351425795461354662e-01
5.852144400739525132e-01
-1.219759616919096956e+00
-1.045625222913832086e+00
9.469823305350031362e-01
1.077067954197014732e+00
1.173452313025415972e+00
5.433495452433532158e-01
7.960962425761854977e-01
8.167499470142720597e-01
-3.110517447346068387e-01
5.726224979774144908e-01
1.631432679787705453e+00
6.389795558217503668e-01
1.951900705134924419e+00
1.483998533629577121e+00
7.645682030405525076e-01
1.607590624384463540e+00
2.137282757314926673e+00
-1.042332460722280141e+00
-1.437458356735915377e+00
-4.690651149388354035e-01
8.478664527860946265e-03
-2.914496598803405503e-01
1.205470476530943635e+00
1.876848234614378663e+00
2.518369109178056231e+00
6.622515916980864503e-01
-2.614232940448808495e-01
8.148524707765976149e-01
8.780838768240950554e-01
8.358902914488648417e-01
6.453599404811111162e-01
5.636900684157932773e-01
-1.775899773237127555e+00
-1.716661551756309745e+00
-8.228486346781149763e-01
-8.465905968842006857e-01
-1.596364629790325118e+00
1.735919317746527302e+00
8.141942300853934888e-01
1.031401811245263644e+00
2.658477417213996219e+00
1.696290356175840452e+00
6.377332842954016590e-01
1.614386334428668857e+00
1.121288344165960904e+00
8.275013745917632058e-01
5.291665555098309381e-01
1.140781397208314729e+00
2.124371121694698772e+00
1.084343891097049317e+00
1.588652870155482510e+00
2.127905921783664667e+00
1.113548323840842347e+00
1.198022197151489721e+00
1.616605332772451442e+00
1.154440248174787076e+00
7.465448526956208752e-01
-9.607396067543956253e-01
-1.492978519050185859e+00
-2.065355971329031703e+00
-3.247427982692749904e-01
-9.813542367165561942e-02
-1.773935796276953747e+00
-1.052825142422523896e+00
-2.235765138392562523e-01
-2.218661667981685071e+00
-3.120883015338642430e-01
-6.307163870234786529e-01
-3.040431738650436255e+00
-7.263377337286016644e-01
-2.087258091889261813e+00
-1.874008177886139492e+00
1.587331888741924768e+00
1.027381576245117722e+00
2.745895879304000031e-01
1.042956216649599810e+00
9.532827010926027134e-01
-1.022307551307909179e+00
-3.950119313001622112e-01
-1.810463871483797726e+00
-1.611414549996741163e+00
-1.855386198999632086e+00
-2.518159075873545483e+00
-1.562685594241632003e+00
-1.644161430553873426e+00
-1.300355908598904930e+00
-1.503076239091934330e+00
7.849560636713328599e-01
1.578351390551739009e+00
-3.213198471792648725e-01
1.002250809317158042e+00
3.323192785102047075e-02
-2.202946038140186857e+00
-1.231078697690493495e+00
-1.142673979015439656e+00
-1.751366193063941701e+00
-6.972246744057100099e-01
-1.544669295167822032e+00
3.996482326194661372e-01
-7.268871274888136780e-01
-9.680650590970255598e-01
-1.066070209901771149e+00
-5.082895178190030006e-01
-7.927290302590945803e-01
-7.160186274427614572e-01
-1.211398187275000593e+00
-1.583785869348548037e+00
-1.498543565706493830e+00
-5.873864513431088508e-01
-1.524713643630098758e+00
-1.172173165990095356e+00
-1.195717071045109936e+00
1.566771887015915521e+00
1.050241823998029567e+00
1.078660980706211969e-01
1.072756358666390186e+00
9.669970653143293848e-01
2.260383894748464240e+00
3.490117031414206039e-01
-8.078581452377553429e-01
9.213606411782628847e-01
1.888577060483745518e+00
1.462316531819548793e+00
9.526229295759176541e-01
2.116527429616159139e+00
8.202768480987342459e-01
1.986893623026233291e+00
-1.940049387656211266e+00
-7.991680833832961461e-01
-9.392199607888352952e-01
-7.465360063970489790e-01
4.870615158379572041e-01
1.902215300492777983e+00
3.257734750379316369e-01
6.689877163806386973e-01
1.570970116675876938e+00
1.728554973297874664e+00
8.552512353248031829e-01
1.966059617550551808e-01
3.701388917173398241e-02
1.518119254623827796e+00
1.080279680638395412e+00
-9.723123266148460120e-01
-5.532303960737822157e-01
-4.618123040209010099e-02
-2.457726099417538723e+00
-2.032668915363738726e+00
5.532957732250194383e-01
1.468268123388532409e+00
5.860430489386374564e-01
1.559635225181136509e+00
7.250259603435735833e-01
-7.297900155613453732e-01
-1.545827361120375665e+00
-8.307100583649135173e-01
-4.458463711330229451e-02
-6.139781883041914856e-01
-1.880852780226084819e+00
-1.917784806940421305e-01
-1.694505045587894498e+00
-1.625783264392696603e+00
-6.572051259122209110e-01
-1.863964005076579999e+00
-4.366555305459296488e-02
-1.317013239546006353e+00
-4.113385833634447541e-01
-9.820967440511636504e-01
2.412801314182863699e+00
-3.103695373901151910e-01
-1.338564488908500216e-01
2.103933342804290785e+00
1.337647051274318599e+00
1.895169263040714203e+00
-8.286311405764119620e-01
2.003499936171535545e+00
-1.679458863562992565e-01
1.340684689384771922e+00
-1.363471644182694398e-01
1.088453554816521951e+00
1.299724438438815133e+00
4.232337886749923950e-01
6.562413551923063082e-02
-3.581768614440853371e-01
6.073522080401505541e-02
6.641705259298888997e-01
-4.593455891058870755e-01
-1.060850215045467726e+00
1.657139369309033494e+00
2.511740438711774770e-01
1.018122363182645262e+00
8.204522158603264614e-01
9.859970644052229449e-01
1.605140553803403147e+00
1.370203612109257563e+00
1.471408929487818318e+00
6.595945327342108699e-01
4.511643813323642505e-01
-1.564816946836101064e+00
-3.572329682266484063e-01
-3.348457439039209671e-01
-2.310926053930466573e-01
-6.350130779906881795e-01
7.953808692592414520e-01
2.019404201607732929e+00
2.265671686650634342e+00
5.606949299282809607e-01
1.761625500651861298e+00
1.181331214139743846e+00
1.469886861700161695e+00
5.702182312750359028e-01
1.236952380662496465e+00
4.806989646070483069e-01
1.739549968358399479e+00
3.985573042090909679e-01
2.667360592551217824e+00
8.121158094672645822e-01
-4.333091296010760374e-01
1.318118300072057769e+00
1.254448966929256670e+00
4.540014820993745204e-01
8.977506180788860091e-01
1.193979905472204894e+00
-2.267838667252155993e+00
-1.469189456201430932e+00
-4.093937546715779030e-01
-2.143767452466344370e+00
-5.185445695982634495e-01
1.487975084087533428e+00
-1.738984270866637871e+00
-1.579257207590635037e+00
-2.344944434122641308e+00
-6.679560543350944180e-01
-5.021920186096527905e-01
-6.669145586468195885e-01
-6.603476172048483583e-01
-2.036220425967939729e+00
-2.766868288646731511e+00
1.573071884943176180e+00
-6.236733620706091941e-01
8.659559854540082036e-01
1.027520417061573932e+00
5.275996947231624823e-01
-1.675269827129188815e+00
-9.837456024039291647e-01
-1.598221844598715746e+00
-2.330155170544430554e+00
-2.606353807735595218e-02
-2.197795460089666086e+00
-1.362135622868660079e+00
-8.890346476370249995e-01
-1.893743288249286394e+00
-6.236174298171679453e-01
1.217738218251190219e+00
2.472782000071711117e+00
1.765573479992966321e+00
4.516811943640463012e-01
9.931146458363594443e-01
-3.093014249131131876e-02
-1.776864985951372322e+00
-1.486678752370410583e-01
-5.017636863565604344e-01
5.773479075205116828e-01
1.333622917401751096e-01
1.674893809499697017e+00
8.759401540406372977e-01
7.171080144897912234e-02
-1.043431472708580277e-01
2.031937467545438913e+00
3.895609135132134249e-01
9.524567902363356708e-01
1.427314563352269694e+00
8.111476494936150639e-01
7.010104595475289413e-01
4.514018194272322315e-01
8.623548626087595981e-01
1.888617277610318279e+00
1.256673392105874143e+00
2.528636176932517188e-01
-9.667653714100316042e-01
-1.952555285609598457e-01
-1.894999817382732488e+00
-7.949200251029859832e-01
-8.501602596606825379e-01
-1.111850551405711096e+00
-1.457356934799193038e+00
-2.690702442218584345e-03
-2.337311148028788921e+00
-1.130460484372504792e+00
-2.187173707615931662e+00
-5.902091808712185417e-01
-1.396740039658056487e+00
-4.865190087151823883e-01
1.699057476121077048e+00
1.177521313496420197e+00
9.151696073164415912e-01
5.208975696868149985e-01
1.144534400614511949e+00
-5.206319468173077336e-01
-8.201095392106386717e-01
-2.087293740780557627e+00
-1.284749324041031260e+00
-1.067384895091106012e+00
-1.804654594291274172e+00
-1.276155587564823612e+00
-9.715336732778476758e-01
5.085988350580499251e-01
-1.299379198888411580e+00
2.727091877812634069e-01
5.470582190659668553e-01
3.693775261131961862e-01
1.025117096879975431e+00
6.602998326570834742e-01
-7.212322972045981384e-01
-2.722990966855666217e-01
-2.310856002020440947e+00
-2.222013533509398897e+00
-9.875390425701937591e-01
-9.536033436561118792e-01
-1.121135455619564292e+00
1.538549943497269368e-01
-1.123834164588864759e+00
2.178891359516577086e-01
-2.137814784446427918e-01
-4.425829201840787430e-01
1.226501476165424265e+00
-4.714509792937635613e-01
-1.891878896227378037e+00
-6.231733014044430474e-01
-1.083896032815128141e-01
-7.057310184254481644e-01
-1.242369076934695560e+00
-1.755762437913266805e+00
1.485797775007198229e+00
5.917640149836826957e-01
9.405106065679872396e-01
1.083599284725864642e+00
6.212398804518177720e-01
4.646731827670602666e-01
1.688910809199822172e+00
1.183547106279859262e+00
2.289102214859290996e-01
1.647797125384682371e+00
1.800881847515258594e+00
7.269904476820379102e-01
1.722109958748690772e+00
1.624765017716800264e+00
8.086532395819296948e-01
-1.122638072175847324e+00
-1.509204529816534635e+00
-1.568025079920326803e+00
-2.554281542473303412e-01
-1.179295522914590499e+00
1.924391372934492139e+00
5.983438094270221441e-01
8.820755381482009438e-01
2.818899692340312013e-01
1.881240201385913080e-01
7.727445865267651426e-01
8.091700232384859692e-01
1.750943724539421043e-01
1.883979781224817573e+00
5.213586148618113425e-01
-1.823412698647243424e+00
-1.493818092248015095e+00
-6.700139082935840928e-01
-1.337977517816971496e+00
-1.316846647020254668e+00
1.329086086770892905e+00
1.378547878810281846e+00
1.421137756312525369e+00
2.234069713257396117e-01
4.400030369761031013e-01
2.256824665962827048e+00
1.414412657178084176e+00
8.155501440949785019e-01
1.000370975415332042e+00
6.761782612988151975e-01
7.197681124049830625e-01
1.014604816644365304e+00
1.116850662461752242e+00
1.339125370682473060e+00
3.378565198643116441e-01
9.983690503124162952e-01
9.680130702184644997e-01
1.625339209910849902e+00
-1.409770858031020868e-01
1.791872930535433062e+00
-1.297167600748198257e+00
-7.627716659747685313e-02
-9.724651337532944639e-01
-1.874999289952492987e+00
-1.276745013156187492e+00
-2.482149460610130642e+00
-9.125942086440970158e-01
-6.338635741633495968e-01
2.496686459371724176e-01
-7.202653050302847415e-01
-1.146064560340153360e+00
-3.238133914497753896e-01
1.046174754889750425e-02
-5.211207019067590762e-01
-6.949861229977386534e-01
1.596185643478019722e+00
1.116126780771238947e+00
-4.518751902031359347e-01
1.016098801701846188e+00
1.088149147089445101e+00
-8.828099345704620848e-01
-1.601506231002805869e+00
-1.676190513690581252e+00
-5.722228115009375671e-01
-2.220432058837462197e+00
-1.856726988746887130e+00
-1.576645463976700245e-01
-3.318865440021282476e-01
-2.048881749595468094e+00
-9.775030249620172418e-01
1.757843850232174709e+00
6.979597500490819506e-01
1.129862255922907677e+00
1.435903332006854827e+00
1.451555559571254816e+00
-8.098854689204667556e-01
-8.336177611398669640e-01
-2.268712788402936997e+00
-9.487720443113516477e-01
-1.283181669473691944e-01
-1.233381719075693050e+00
-9.097764776826881006e-01
-6.837772517796177896e-01
-1.468644981076760114e+00
-3.923945204070282688e-01
1.564807957395777382e-01
-5.438170169535363474e-01
-1.407570028838694309e+00
-1.618595328362428365e+00
-4.473304192255456169e-01
-3.162259830820290940e-01
-9.313200386841240519e-01
-9.418521697631896394e-01
-2.870697910325730184e-01
-7.809440153490747605e-01
3.669477806162277922e-01
-5.188012981044756167e-01
-3.087336904089275080e-01
9.640031502395723928e-01
-2.727036484604068445e-01
1.473058131651821867e+00
1.723230978249294942e+00
4.268193301310744259e-01
4.605717746152302450e-01
1.378757894227440106e+00
1.193436285647705208e+00
1.244140729299280324e+00
2.547749373275341789e+00
1.248524901413968768e+00
2.398088363338908291e-01
-7.031830855392360302e-01
-4.390627742550444745e-01
-1.434661557456913261e+00
-1.742969393497653563e+00
-1.778869744719588475e+00
3.807103193591556689e-01
2.864932325689493187e+00
1.152340863006979577e+00
1.660784818413288288e+00
1.900847660254688209e+00
1.541732097680336810e+00
6.164665760821752549e-01
1.302303056112421364e+00
8.400449767869252460e-01
1.753157869641292388e+00
2.944690021680824721e-01
-7.600805259629010990e-01
-1.045525625459761132e+00
-7.435846832315946564e-01
-1.031941863229334233e+00
1.919439209805475111e+00
1.277900424779793376e+00
4.176755169715171689e-01
2.166672167615245392e+00
1.882186796514052629e+00
1.793953371742811553e+00
1.996189744367995678e+00
2.446208416614148451e-01
7.662434979203540664e-01
1.198555882540589979e+00
4.141695768601146854e-01
1.089775485436417890e+00
5.962597599074104249e-01
-1.908915759334308682e-01
2.774907415288225376e+00
1.850313385217119855e+00
7.067363365916859985e-01
1.005766965867491702e+00
1.208435996553651748e+00
2.728224420174190090e-01
-4.342560368962393724e-01
-1.241615800140403625e+00
-1.004910313166631708e+00
9.588686690225953768e-01
-5.723616055471942854e-01
-3.036836814778414606e+00
-1.133660408547926934e+00
-1.970953730619093847e+00
-1.329569668210958344e+00
-1.852223497713498146e+00
-1.421011557917875701e+00
9.293052292467536279e-01
-2.111482650308623477e+00
-3.585183730655244760e-01
-8.144096564467997457e-01
5.069611889546425942e-01
1.480936179218856008e+00
1.658979901885054620e+00
-9.167066636054768125e-01
2.455814187837093154e-01
-1.353978903843335857e+00
-2.175702945280835188e-01
-1.353640032153152539e+00
-4.278207856696104594e-01
-1.806221229848393728e+00
-1.211672818923966499e+00
-1.020311489545420836e+00
-1.316366784643426158e+00
-2.374517037673152808e-01
-1.926269333662263605e+00
1.348233990053467224e+00
9.401538042623474034e-01
-6.287120930135590147e-01
1.143435902798028092e+00
8.992451482487173742e-02
-1.142864552006320089e+00
-1.387506008988584449e+00
2.373546849188392649e-01
-2.010185281489044407e+00
-1.266572513003128009e-02
8.736813752463574723e-01
2.050331813851872909e+00
7.596126572067567473e-01
2.173901404621715550e+00
7.937091829019218281e-01
1.285433093062592569e+00
8.449182616001453816e-01
-3.969261861573780692e-02
3.233202742602904189e-01
2.284960699730778089e-01
2.307720622755421225e+00
1.355203321660102933e+00
6.256201591619415803e-01
1.311347417785430736e+00
4.403936707463191880e-01
1.162939644529559224e-01
-2.058453495732183391e+00
-8.656907275265524060e-02
-6.760909012993345790e-01
-1.395070383673236103e+00
-8.723907871118837809e-01
-1.728891792810485217e+00
9.756506255348917911e-02
-1.171330338100163626e+00
-1.186122779649964265e+00
-2.125561945484929272e+00
-2.411334354258882762e-01
-1.154408221457122075e+00
-1.129153540869118233e+00
-5.763354664849993370e-01
3.640350683362187922e-01
7.701606123938592452e-01
8.642326108163733700e-02
1.185012914713905019e+00
1.806280326549932536e+00
-8.929300396393150541e-01
-2.769709261711317705e+00
-1.452836909922563535e+00
-1.136717331105162598e+00
-2.058429498975551386e-01
-4.053647738208243645e-01
-1.099098878327012585e+00
-1.558423431796661873e+00
-1.814730608599891326e+00
1.054679371430121027e+00
2.220696456206760594e+00
1.786730395759043022e-01
8.575188615182059992e-01
1.562615637476682862e+00
1.033843433937812195e+00
-1.297438691732492266e+00
-4.693980478686249347e-01
1.821981677495851937e-01
-1.825100166490458919e+00
-5.825329859469755567e-01
-2.014947197281593994e+00
-8.516407770936693655e-01
-1.014620683987565108e+00
-6.374455546331057043e-01
-6.808677077832661073e-01
1.328437636515245046e-03
-4.403921673315658314e-02
-1.067065941743176927e+00
-5.337651783325333410e-01
-1.150582386484899855e+00
3.182758947624189094e-01
2.099097429480325516e-01
3.949829312612205268e-01
-9.591625394419526218e-01
-6.482950962747904278e-01
7.195303298354009947e-01
8.490044818406321525e-01
1.565666329634594067e+00
1.532458038715802662e+00
1.153035549662864812e+00
1.621849682024341099e+00
1.497371660123959725e+00
5.241198010140993846e-01
1.563706254522722716e+00
1.166663192920281533e+00
3.242831186479322447e-02
1.318571407644329341e+00
4.073411665279915717e-01
1.414377061098765376e+00
3.726950022954571562e-01
-1.512227367965834457e+00
-6.372573631724276488e-02
-1.413221573476202142e+00
-3.974471409873547856e-02
-1.195798458745416237e+00
6.392952728619203384e-01
6.372362554166544069e-01
1.042203785636105939e+00
1.493707307460274691e-01
2.185995429812270352e+00
2.886873610446997418e+00
2.349128092939380963e+00
1.162500170100790431e+00
8.985690362629670247e-01
1.482102865478900133e+00
-2.087100405370836853e+00
1.691626097617178193e-01
-8.767617132363929588e-01
-5.498638109740566771e-01
-1.206869446332892615e+00
9.790689359451618667e-01
1.607337766279497204e+00
9.018400375742687824e-01
4.301540038818622014e-01
8.598692613809033602e-01
-1.922400532805529139e+00
-1.010197567924722817e+00
-1.640700471910250258e+00
-6.217168250546020181e-01
8.857841901510621341e-03
-8.688118972391016825e-01
-9.147647935558098631e-01
-5.543215666942735709e-02
-3.019313580885141235e-03
-2.067195051018483554e+00
-1.524065324045029923e+00
-9.497368948835119840e-01
-1.708285225713341404e+00
-1.345202528051577362e+00
-1.334510361173470994e+00
3.199150104558599050e+00
1.787785860421327477e+00
4.181373038437975476e-01
1.050294492210970043e+00
4.204852324696328747e-01
1.444206849355162525e+00
6.594092318866027203e-01
1.032537913941161012e+00
3.008855582765070924e-01
1.978774160612282618e+00
1.498272904513383130e+00
2.141101263698954149e+00
2.507474114855075431e+00
8.480034231384896426e-01
1.297645557800261251e+00
-1.914588101845364987e+00
-8.368263746972514072e-01
-1.517348393105015347e+00
-6.811287952243179067e-01
-1.056417859827146533e+00
9.258577029160628413e-01
1.308807982710461726e+00
9.456872777153197962e-01
-1.000187336180946573e-01
1.782216084957366053e+00
1.097613717121783905e+00
3.988207449694809448e-01
4.607452117522231605e-01
1.927336924766285264e-01
1.149250603674893956e+00
-5.080644289299742766e-01
-1.532202793802625695e+00
-9.640080056673454578e-01
-1.252397094751648732e+00
-1.028956042881561395e+00
7.253905113363746660e-01
1.136341460190390285e+00
6.348246239586485817e-01
2.063584457549951789e-01
1.938884018110479612e+00
-5.194902232032858613e-01
-1.209405630256321640e-01
-7.793319135539676923e-01
-9.982797037604480561e-01
-4.592433710421799375e-01
1.291956274426708795e-01
-1.337706492482575893e+00
-1.775305207936459517e-01
-1.256803831630140422e+00
-6.686143613812394193e-01
-6.207387419452927713e-01
-2.311212909270901505e+00
-7.609439125428937301e-01
-7.651432667381011798e-01
-7.840234230925458014e-01
1.880255625592258673e-01
1.692183704538698485e+00
1.087167972935606963e+00
2.059053864260378397e+00
9.996494515707097239e-01
2.767664854073921266e-01
1.865356908833204264e+00
1.692685364776199020e+00
1.553092272109174665e+00
2.106739694227673265e+00
1.490741990151132512e+00
1.600215723772941967e+00
6.145318342715668791e-01
2.046656613086160537e+00
9.541574875956098101e-01
-1.333255931520343607e+00
-1.038119362352138531e+00
-2.018713254921647327e+00
-1.864931688950683064e+00
-6.887562614275386519e-01
1.032799560393582006e+00
1.619391237888066160e+00
2.372235018204893464e+00
2.645550026413195921e-01
1.381464014614952163e+00
2.044131159229888084e+00
-4.734043989914491490e-01
1.784122648210013873e+00
2.015258965305414485e+00
1.842452150360568419e-01
-8.845530678957186366e-01
-1.246949810867410857e+00
-1.312421364200795360e-01
-8.804929386734632324e-01
-1.164432457186763470e+00
-1.633671507975047454e-01
4.146063796461380013e-01
2.285963779634767157e+00
8.188060113566788534e-01
1.990786632636367903e+00
-1.041542053252084710e+00
-1.386417611265166050e+00
-4.749733352000091724e-01
4.653090066334402142e-01
-1.040905108217229147e+00
-2.121201466306978922e+00
-2.241419408721865292e+00
-2.087724551322355460e+00
-2.438041499055735528e+00
-1.710754715385814695e+00
-3.017285215839593526e+00
-2.563138714543972796e+00
-4.763563669199077921e-01
-6.538698899403632137e-01
-4.770000114686399062e-01
1.658710130453429077e+00
6.843434999015397535e-01
6.751851859668502875e-01
1.557200632001910279e+00
-7.036769408326515318e-02
-2.587713070312127606e-01
9.528215014792592585e-01
9.190771609857577573e-01
1.009388896920372591e+00
-3.289468960497201611e-01
-1.115675697548032197e+00
6.950818777597891351e-01
1.236136334693095806e+00
2.223743912699259972e+00
9.171362878783861916e-01
-2.330517894190058392e+00
-1.497984112496872466e+00
-1.487155440696623643e+00
-1.259091165429508496e+00
-7.908902046941406194e-01
1.062953851470794353e+00
1.179841286820257018e+00
1.369380219155857059e+00
3.735802543179471691e-01
1.394467985501088414e+00
-1.969581700241362920e-01
1.045414227033643284e+00
1.881752746799132181e+00
9.096648033221303997e-01
9.856883397375959532e-01
-8.649474612562874087e-01
-8.563239475518249488e-01
-9.110063325525185052e-01
-6.953433536539928017e-01
-7.161464085026263415e-01
9.890630108675882992e-01
1.006621284900559354e+00
8.512941821440289658e-01
-4.007360987897798932e-01
1.279338527075110532e+00
1.566312330931096675e+00
1.145538054038524045e+00
7.936997909647672822e-01
4.529938749445128199e-02
9.641792489709066771e-01
8.917936249695297413e-01
6.679371715220391303e-01
7.563457800996409297e-02
4.855188842741340327e-01
-1.617381783105251714e-01
8.763749603974222424e-01
1.234780376168976623e+00
1.332306006106557250e+00
8.604589074890838241e-01
1.762891144955891498e-01
-2.085929730147544348e+00
-1.856169179841890227e+00
-5.096481026716315199e-01
-1.575795690384218073e+00
2.313573989119841467e-01
-1.860871392695262916e+00
-1.707182573818243565e+00
-5.079038129591089135e-01
-4.466724374329258396e-01
-5.135401735103615195e-01
-1.261581522067202865e+00
1.419014128258884178e-01
-3.174467997704240041e-01
-1.345776217138263675e+00
-3.021594532142922063e+00
2.908191542394198414e-01
2.695750018193979747e-01
1.206545259842813023e+00
7.166240217628900844e-01
2.443348078584911542e-01
-8.461656398982934091e-01
-9.354354942861745625e-01
-1.235105127832500926e+00
-2.676031101875825380e-01
-1.583406512009188027e+00
4.749433790096464492e-01
-5.911311252012559914e-01
-9.235340538961025469e-01
-2.398625350671351963e+00
-3.625232270118505795e-01
-2.582298975165862043e-01
2.221296325070744704e+00
8.444920252768525204e-01
1.072634061786988502e+00
1.642839712787020456e+00
-1.510394627625352371e+00
-6.524327301250587574e-02
4.442826651442641772e-01
1.098676871742632066e-02
-1.797401703483708868e+00
-6.579440970185552739e-01
-1.158731069775636113e+00
-1.391483166507303304e+00
-2.455685157868954249e-01
-3.376754869857274688e-01
-9.022033249123690979e-01
-8.173305751095915062e-01
-1.904152334719455553e-02
-9.295718692683547779e-01
-1.387901157891910486e+00
-1.376519291472336315e+00
-1.574716812996435067e+00
-1.670358781257212488e+00
-5.026550439117216662e-01
-1.815810497939202461e+00
9.193630843520949059e-01
5.522794561791891654e-01
-1.808991627167149119e-01
1.185600761870426734e-01
1.126535696846001633e+00
1.653161675480292914e+00
3.773887134470961247e-01
1.491012866871660236e+00
1.186944675657910508e+00
4.805234888092628776e-01
1.534372256649509936e-01
5.787777444522850256e-01
1.606316268640304745e+00
1.392754006882852114e+00
1.208292660750782677e+00
-2.567912079423481320e+00
-3.294078449668068398e+00
-1.455488638060143725e+00
-3.850148687192257446e-01
-3.190059952220017925e-01
2.287329854222197145e+00
-8.271209085958213247e-01
1.574195992349276985e+00
1.019493559412233630e+00
1.067223140145395988e+00
1.504030436635528378e+00
5.565725897329193428e-01
1.904673145621496699e+00
4.827154177411139280e-01
1.481267531697370021e+00
-5.342531985788903093e-01
4.584096009635985070e-02
-1.967701330503410562e+00
-1.970487046332601189e+00
1.303445400358909101e-01
1.507009496328241216e+00
7.478369878301659446e-01
2.793937035287598292e+00
1.461227249451372501e+00
9.554551620501188225e-01
5.542623529445721564e-01
2.331294616936815611e+00
1.398326151513418436e+00
1.140663544004332230e+00
5.321622854628984545e-01
9.608298377252287858e-01
2.122752294664117301e+00
2.005686059701115020e+00
1.213100090266228337e+00
1.106563772372479493e+00
1.248097034466497002e+00
2.001094536439413929e+00
8.593588197323371869e-01
3.722913646804342225e-01
-2.060751010230559288e-01
-3.401602312733007505e-01
-1.296929851763146679e+00
4.644050447232785928e-01
-1.592293608645231728e+00
-1.972335506365127333e+00
-9.016728601110729491e-01
-6.624442101477832079e-01
-2.939045981314525324e-01
-1.536203211575346561e+00
-7.037756856329233646e-01
-5.198499391091241373e-01
6.357798477335654397e-01
-1.282231324455803456e+00
-5.292209373454422883e-01
4.673134916930576921e-02
3.612953599555278617e-01
7.726809010716830795e-01
1.182633616131995025e+00
-4.366169636617600602e-02
1.912538378159770902e+00
-4.213160451337816248e-02
-2.268400814276283484e-01
-1.167931588203250159e+00
-1.553451063257297760e+00
-1.392385559784586668e+00
-1.041376727362326893e+00
-8.005239246411749443e-01
-8.725177266120563990e-01
-1.465673587933187250e-01
-5.784898230548440878e-01
4.992116309359668769e-01
1.611675962391863060e+00
1.070777528836854398e+00
1.324551380635900166e+00
2.504835117583502857e+00
-1.714866056417191365e+00
4.736194983957715543e-01
-3.347945776924234895e-01
-8.166180039762616083e-02
9.676491780509666185e-03
1.526437419303368070e+00
2.502412614427537818e+00
1.384639728810046488e-01
2.038865440020734887e+00
1.089582437618016098e+00
2.140598970131817325e-01
1.047716820559907891e+00
2.578471976982115610e+00
5.297148428129055953e-01
2.095998180250762122e-01
8.152211259471963123e-01
1.875327693399164719e-01
4.286040689601271492e-01
4.927277927426122472e-01
1.081862699813095130e+00
-2.369897158106093027e+00
-1.210721939392913393e+00
-4.153586904527503121e-01
-3.363846649171317038e-01
-5.800049326033981378e-01
-1.061451904084383946e+00
-1.186215433622348936e+00
-8.455788087566944444e-01
3.450385335250261143e-01
-3.668791183018582647e-01
-2.620123173732689104e-01
-1.726367922494688401e+00
-4.520447088483996456e-01
-1.036246110279916310e+00
-1.236538818629479231e+00
1.832144531480191407e+00
1.886391144541480269e+00
7.164818364185377986e-01
-1.199414434200253510e+00
8.302882379388246692e-01
-8.293837493378349857e-01
-1.231058602952767700e+00
-1.042812283075402524e+00
-2.359688044020662456e-01
-6.574325926005822884e-01
2.625144949333475530e-01
-8.824003239119055930e-01
-2.297124935870260565e+00
-9.716838521262242123e-01
-9.116606304038185060e-01
1.601853440560672803e+00
6.088823535894539729e-01
8.567669816210652378e-01
-9.797868560324896059e-02
1.848788069206936946e-01
-5.831215016429205367e-01
-8.684337478619107431e-01
-8.611055959632802903e-01
-2.578062065231803146e+00
-1.413787072877961792e+00
1.008832944485084537e+00
8.478799938677368253e-01
1.994705039341478692e+00
1.911146387610722641e+00
1.426939283690728200e+00
7.161861054705216389e-01
1.530020961716973549e+00
9.674621281710000797e-01
1.503667259036103321e+00
-3.408879554679318247e-01
-7.075461612006437306e-01
5.421605922367616071e-01
9.503108648449872797e-01
1.448766499737884406e+00
2.241162365512930243e+00
-7.348463650585725926e-01
-6.287795514571754563e-01
-7.179396801004807038e-01
-6.845170296574325519e-01
-1.143779992367981890e+00
-3.800707068232257457e-01
-6.052208994476373505e-01
1.071686723199693603e+00
-7.268304377755934187e-01
-1.130562510634268492e+00
-9.946944410423298466e-01
-1.985708193867886662e+00
-5.493513609267234310e-01
-1.154466260379624964e+00
-9.893472191124357273e-01
2.301995581713030425e+00
3.675034980768322468e-01
4.785498093413629306e-01
1.713910608407284375e+00
1.329223389199759797e+00
-1.155832988420320229e+00
-1.070561471347424520e+00
-1.268316628219262387e+00
-1.501661518829171538e+00
-1.476911775578106489e+00
-4.194997217768459130e-01
-9.490825314942186175e-02
-8.273449881354126845e-01
-6.808873619698143642e-01
-2.050168860851443675e+00
1.128129666894251315e+00
9.587294610159030617e-01
1.200730740509319938e+00
9.278923026550152109e-01
3.563877105527817335e-01
-5.094256388459993401e-01
-2.125115351313844769e+00
-1.995033629053679647e+00
-6.969082564990175532e-01
-1.998424855349392626e+00
-1.175478209988139566e+00
-1.477828634935836494e+00
-1.899927237033997907e+00
-1.853512862669288053e+00
-4.471505944405397281e-01
-1.451071811368279896e+00
-5.152079117454937407e-01
-2.170338301081786270e+00
-1.199679340121154070e+00
-2.128004133757600558e-01
-1.605136859433652141e+00
-7.808028785224913060e-01
-1.307987019224592373e-01
-1.030995206860809255e+00
-9.980879963090174556e-01
3.475664173330221818e-01
4.862125013759018843e-01
1.851473577399054937e+00
1.558774015833974680e+00
6.232279240467839543e-01
1.293072559480484829e+00
1.386530216083062372e+00
4.192028613190298403e-01
2.266420963806259348e+00
1.577465312508229633e+00
1.776278263282684122e+00
5.232929312521278353e-01
2.204210286677386499e+00
2.556920861847815196e+00
2.926755813807688789e-01
-2.072933781691100874e-01
-1.599441190448658290e+00
-7.919980856856152496e-01
-5.670800202503215592e-01
-8.060210524952435840e-01
2.091883522280991503e+00
-2.778335541282683785e-02
5.307811956503261097e-01
7.811527787377016141e-01
1.218771997992315947e+00
1.651244325236993271e+00
2.459828246714424349e+00
4.127246780384565827e-01
5.497170426625259676e-01
4.336589202017081535e-01
-7.716958140117582410e-01
-1.423602893550390824e+00
8.046185300995589706e-01
-5.067578419165144066e-01
-4.349359766886380374e-01
5.481389801029771247e-01
8.329762308233605861e-01
1.226533884428546717e-01
2.017854709347950415e+00
1.155901129988902598e+00
9.346076067809834242e-01
9.652904443398361289e-01
-2.892043575237854824e-01
2.403747671774469907e-02
7.589665547729789186e-01
1.445090104461366209e-03
4.693489435849240721e-02
4.720732312190852875e-01
3.787460987967731230e-01
1.502311502913050489e+00
2.108269938627734597e+00
2.361232702399321148e+00
2.174511389153219731e-01
5.469575361683074455e-01
1.022452887855164416e+00
-5.288149849454175655e-01
-2.449442766779317715e+00
-1.742588787237787873e+00
-7.854015481266543031e-01
-1.738784477701961428e+00
-1.304580931584371495e+00
-1.247257943268026414e+00
2.205664522505581537e-01
-7.023982321038635401e-01
-2.194729106886816883e-01
-2.190974350371497792e+00
-2.009545205981857041e+00
-1.646904282534314534e+00
-1.700303327460929381e+00
-1.462500157844885074e+00
5.172338304573309564e-02
5.116676564548164885e-01
2.347979281181676203e+00
9.876156069621883082e-01
1.479013688032024376e+00
-1.163238196038421712e+00
-1.448243134000140930e+00
-1.284207279152138614e+00
-1.656622199823669206e+00
-8.226371253356172808e-01
-5.305239795002196779e-01
2.886654392286049919e-01
-2.537580932389709165e-01
-1.188630237760430974e+00
-1.283651523985505083e+00
1.179810697522505780e+00
1.569889085049670285e+00
5.099018129825336754e-01
7.715229725322794163e-01
-6.250884109678169764e-01
4.233906244810325958e-02
-4.731178926795185369e-01
5.925188023442062857e-02
-9.684472673111017560e-01
-1.001172822703634724e+00
1.123164893848161094e+00
9.201719188386836557e-01
1.144268367399107200e+00
1.042541681184106395e+00
1.315583308042736377e+00
6.242431771617011904e-01
-3.422861229905169722e-01
8.001979714669029686e-01
3.582318268915074544e-01
-2.591779989366338466e-01
1.883674551156685473e+00
1.078817942009340447e+00
5.303264791724886518e-01
9.219726621572199576e-02
3.417620794181248645e-01
-9.203461079592227811e-01
-8.573178781990731245e-01
-6.106435877029230408e-01
-6.808098317172747160e-01
-1.754174711826751887e+00
-2.015652319985379304e+00
-1.311890409863627704e+00
1.136699909709282252e-02
-6.885571833305906830e-01
-1.856166143274177838e+00
-1.208785032946873450e+00
-1.169634217105911311e+00
-1.091182736329197711e+00
-1.982765969202874512e+00
-1.264797110688335557e+00
1.317156578735112271e+00
-2.903975327211554269e-01
4.615858777710118988e-01
4.284226820471311870e-01
1.512316341052248214e+00
-9.744969249706926240e-01
-1.871596918009935884e+00
-6.226049666401791693e-01
-1.139473872542200006e+00
4.543883091072180580e-01
-1.256816598062010737e+00
-1.782506992395204382e+00
-2.538339594220439643e+00
-1.641193094371386607e+00
-1.396221352793521886e+00
1.592891798337198628e+00
4.538795167270766040e-01
1.420603697488329598e+00
3.551046644997850610e-01
2.424552992940018914e-01
-1.443084867619179867e+00
-5.046194650890287736e-01
-3.397469995714078594e-01
-2.222367219410392725e+00
-8.210855251010932276e-01
-2.711415715904870183e-01
1.620149054050057380e-01
-1.538651930669440837e+00
-4.996058042201440008e-01
-1.461197899485075613e+00
-8.164895417138844369e-01
-1.373149601429798583e+00
-6.591771211901303884e-01
-1.987918160211060714e+00
-1.201919025750548542e+00
-6.170000156035382322e-01
-1.795685403347254905e+00
-3.435903895362289351e+00
-6.493232217590134692e-01
-1.115720842462468054e+00
1.584308309502502343e-02
2.111661882555159853e+00
-5.306683395343647636e-01
5.741497851734496116e-01
1.293228965945180997e+00
-2.640584261866976146e-01
1.294284355537959952e+00
7.340251070187042703e-01
4.080866028323781869e-02
9.076938650390782293e-01
2.470840653813975774e+00
7.381658531181268801e-01
2.205687599743875182e-01
2.309741219750138352e+00
9.714098133087966103e-01
-1.342976653536704701e+00
-6.684927348821854132e-01
-8.860162775934521395e-01
-3.337139708074770006e-01
-8.582327356924408512e-01
9.659498184580229685e-01
4.725134485004164331e-01
9.961647478953086221e-01
3.292673784783993751e-01
1.495889562102819426e+00
1.243719190218898207e+00
1.452864187540028329e+00
1.313539358544725033e+00
8.231123216369300444e-01
1.393565813231492534e+00
-9.070627479190588316e-01
-3.465073790948991483e-02
-7.694598562718792945e-01
-6.746928547874206927e-01
-7.747690805895169897e-01
8.463048201401494053e-01
1.306273038345097559e+00
7.372118136707481728e-01
7.820965139318751813e-01
1.333619225409005349e+00
