1.281744047607413783e-01
-2.232696366785920983e+00
-5.385410034951055858e-01
-1.774573964298546302e+00
-1.884511350936542762e+00
-7.516848912423306217e-01
8.276985846728135421e-01
-1.655048444894326565e+00
-9.606078803083551998e-01
-9.722307538749318523e-01
-1.001416972388965654e+00
-5.578989031765239082e-01
-1.558846778245379650e-01
-9.373038541251218492e-01
-1.644527128401807925e+00
3.601022626249797964e-01
2.539614472497125242e+00
6.992079352371516343e-02
1.221658745747750574e+00
3.062290401611597046e-01
1.487643668075696812e+00
-5.657654477926117309e-01
1.003841274833923158e+00
1.466385727518613624e+00
6.260259880984648806e-01
1.093127720771522426e+00
1.921279864488003586e+00
7.288287631295391478e-01
2.130802255046637672e+00
1.300871008718451405e+00
-1.671311971549160003e+00
-1.416506256417941589e+00
5.302475776728665657e-02
-1.116715845510233063e+00
-1.070266308236635933e+00
1.757760980299317488e+00
2.800984795582822429e+00
9.408905498956195990e-01
1.206774747769070455e-01
9.713391856838023974e-01
1.055824436048810488e+00
7.889714471225239834e-01
1.144169498132716845e+00
1.208116814115313353e+00
8.061458684627713644e-01
-3.279339616066268448e+00
2.471023529189839696e-01
-1.683828729801557511e-01
-6.334128815920283539e-01
-1.031814982042211337e+00
6.404469507049256327e-01
1.672642720931397875e+00
1.022130149900106977e+00
1.198435746589578077e+00
2.073398462361723205e+00
9.398374285499927483e-01
5.734045974980253035e-01
2.374751155262293523e+00
2.157607291720842202e-01
1.568940066436528058e+00
1.549978587228767246e+00
6.982430557580483477e-01
7.478354428828238865e-01
1.010259511334942850e+00
1.487890875950668379e+00
2.606820876853411129e+00
1.825681192169217759e+00
2.405962842690858139e+00
1.690329454562005562e+00
7.053934693013413915e-01
-1.991393130398816602e+00
-1.036787790334162462e+00
-8.481456335065509222e-01
4.984780032422442275e-01
-1.364105444462259342e+00
-1.160321932890549190e+00
-1.016597906698848419e-01
-9.373362825724793623e-01
-6.086530917244565853e-01
-2.994505004788150515e+00
-3.088322494852661082e-01
-6.202887715832831050e-01
-6.784424514428832875e-01
-5.481650623496787667e-01
6.511992961190813389e-01
2.126854889482868938e+00
1.488663276602456120e+00
2.010737788626360878e+00
7.208732096241119436e-01
5.642390705023004882e-01
-2.033876139327919219e+00
-7.117277421629495393e-01
-1.317794757411013595e+00
-9.829191051621075648e-01
-1.847881499906895542e+00
-1.663076005953074032e+00
-1.413515159062011861e+00
-1.781816624842115449e+00
-1.240727169918914186e+00
-4.776408480538149037e-01
5.867898627284697799e-01
7.894430477896441367e-02
1.762774867229900400e+00
2.216337267340515282e+00
1.132999796591993125e+00
-4.973131451812691228e-01
9.419416312396267088e-02
-1.705967451887430153e+00
-1.343597969452769991e-01
-2.281386234098385479e+00
-6.876196396645850584e-02
2.783195615887368302e-01
7.109954523710260155e-02
2.388948521879837195e+00
1.068807748745912667e+00
-6.922050549728484548e-01
9.838511134538342473e-01
6.629368780488675839e-01
2.135827130456267042e+00
2.043635684394935481e+00
1.618317842782390770e+00
1.372649467285660618e+00
1.819871529504453855e+00
-2.177280336076545808e-01
2.698756888718855773e+00
-1.443434039849977646e+00
-1.226307294773089307e+00
-5.363138425847278068e-01
-2.176341955025264063e+00
-1.342495652504540837e+00
-2.039082171359979601e+00
-1.555500086547096927e-01
-9.111024296076022377e-01
-9.301844598391521002e-01
-5.268414338300928534e-01
-1.168666317180342418e-01
-1.450207131499544611e+00
-1.515609686816454360e+00
7.993552834662391859e-01
-1.863434395204653038e+00
1.323661390961712758e+00
1.052737632336949947e+00
2.077519079587461626e+00
1.792392527862047835e+00
2.741763808218106169e-01
4.771327757323029495e-02
-2.047134995428716131e+00
-1.086610158086753763e+00
-5.942252006272105147e-01
-1.319826540634561729e+00
-1.092102241541848207e+00
-1.440895508049933271e+00
1.077645199817260924e-01
-2.879588520352463377e+00
-7.309233103036780754e-01
1.384652628097306604e+00
3.379451148233540980e-01
1.125097413894280418e+00
6.378340078561368642e-01
1.307862533708206376e+00
-9.739040898068995755e-01
-1.881958932307697285e+00
-1.357588772092919616e+00
-2.707979641289680606e-01
-3.069220551433152089e+00
-1.389092265378411906e+00
-6.013514547038363300e-01
-3.800078789661878176e-01
-3.857004932496492788e-01
-2.231197742261640915e+00
-2.170486918945820243e+00
-8.297671217203734795e-01
-5.348245552051276164e-01
-1.851504632875876188e+00
7.084717049724309490e-01
-5.899347096149190062e-01
4.325823885682171799e-01
-2.245538439731282754e-01
-8.185592751542487555e-01
-1.892174976955305787e+00
1.278668494346390183e+00
1.174028910411229809e+00
6.902056794065059009e-01
6.430540270584091944e-01
2.296040926322689968e-01
7.775510410018413587e-01
1.497005341803234746e+00
1.028234847887544490e+00
6.669678001506358367e-01
1.317754812512599960e+00
1.297248822446461780e-02
-7.047851365556374592e-01
8.020197001738480491e-01
8.651923449271496924e-01
1.463339332872482190e+00
-2.162655872563453485e+00
-8.566563685409602780e-01
-1.239949708006098161e+00
-6.464956114363902273e-01
-1.069434992164832954e+00
3.666832343728643195e-01
2.101314797440283488e+00
2.223852234480325762e-01
3.655616258482456971e-01
1.457661396908374707e+00
1.469254520721215984e-01
1.206841638394575700e+00
2.130682151690069137e+00
1.074532129919682388e+00
8.643808242906454442e-01
-9.437945297173618853e-01
-1.174232807643589505e+00
-1.300394320721784958e-01
-1.609565714002213266e+00
2.199261592634316198e-01
7.075370672132311745e-01
1.427032888221742679e+00
-6.214977713683447202e-01
9.058909041520253336e-01
2.242416897194946745e+00
1.092248622390747048e+00
1.224617615491630840e+00
1.209202501779532923e+00
8.998934580331373612e-01
5.898330089732137793e-01
9.427746165787126431e-01
1.369011501152964660e+00
2.097494828834522096e+00
1.477257908918611307e+00
5.538595642034441768e-01
1.332656243167120724e+00
2.655883557664607153e+00
5.736350383087650551e-01
1.168111192234028817e+00
1.610470012589797495e+00
-9.869409496290517669e-01
-1.200386925502882729e+00
-5.333929411930946607e-01
-1.448096136938660017e+00
-1.430962399645860694e+00
-1.663853287722169227e+00
-1.205692385728922567e+00
-6.237676046307328859e-01
-8.161479889936721355e-01
-1.620801143025032198e+00
-7.559849724075899946e-01
-2.426034425715016818e-01
-1.435981522615376038e+00
-5.097994186847321085e-01
-6.777279325389442555e-01
3.614947056340125364e-01
8.999699181116304070e-01
-7.406720756912110737e-02
-3.287721254350506328e-01
1.678415689499916930e+00
-1.918071055863715513e+00
-1.670050458546643579e-01
-5.068516341793096736e-01
-2.207917499171846210e+00
-3.692082241700400669e-01
-8.891193231486483883e-01
-1.735233631165664647e+00
-5.663745449788630815e-01
-1.125933194607354304e+00
-4.500145615085180406e-01
-8.635530630093570803e-01
1.173090661387758971e+00
7.938231909031958633e-01
5.847458436083855515e-01
2.331135399835468913e-01
-4.164609233281796330e-01
-3.634040248832515196e-02
-1.790063870337570195e+00
-1.126673786677700795e+00
7.757917988884477367e-02
4.175338706081225260e-01
1.446601815763677967e+00
1.033525891621849047e+00
2.061278027375353261e+00
1.617218389552908864e+00
5.849960117736783261e-01
4.918553594527330652e-01
1.462353750510264838e+00
1.316460943516442494e+00
1.571211602037060562e+00
2.872192383013740358e+00
1.129075129589140136e+00
1.413479688307996973e-01
-2.473012065652331337e-01
7.368518057685862210e-01
-1.240524409969898212e+00
-1.116748439597683218e+00
-8.354573155356036507e-01
-1.162755407270404495e+00
-5.955413079518842023e-01
-7.157141939693868471e-01
-1.907609165975057142e+00
5.803136444017198414e-02
-1.393685586908661067e+00
-2.962210092187383959e-01
-1.400288160780230662e+00
-1.550314174736830752e+00
-6.211467932740117881e-01
-2.514264751514803109e+00
-3.146201255384243334e-01
7.123647501540006921e-01
7.837323872049541951e-01
1.419653603458342905e+00
1.206778993001693667e-01
1.107088997340983427e+00
-2.083900815255802730e+00
-9.280302905780879463e-01
-7.356343192284811039e-01
-2.535038673295670897e-01
-1.345858101577348087e+00
-3.951912187395907328e-01
-1.098840691968399730e+00
-1.316268005481316727e+00
-1.456783297629517637e+00
-3.103102247349698306e-01
6.320415226146527399e-01
1.769583227078004750e+00
1.692550508228100714e+00
5.540121041616815623e-01
1.442195327325996423e+00
-6.747975982048668442e-01
-2.797141411791749022e+00
-3.045663587684683815e-01
-1.237706745864162183e-01
-2.979365884185682489e+00
1.000498478412530368e-01
1.475060296581094610e+00
-1.139237505027121955e-01
-3.370506777888437888e-02
1.382606043685807862e+00
1.188915982802202453e+00
5.876389905897435595e-01
8.494393034459626346e-01
1.364735424558322308e+00
4.820028602797502559e-01
9.707954441581345684e-01
1.196539581006809794e+00
-2.716865370533532165e-01
2.131035470941785359e+00
1.126877874567280280e+00
-1.061061552734718694e+00
1.214405733446641378e+00
4.357400232510415528e-01
-7.466315573516557613e-01
-1.048908996528435500e+00
-8.232909598053739231e-02
-1.023493632417971755e+00
-9.607092055748219783e-01
-8.078201697787890101e-01
-1.602303879318589974e+00
-4.889619672438964004e-01
-9.766271370793712103e-01
-3.775806345220078519e-01
-2.271623181159460270e+00
9.016580412657906329e-01
2.414128189038136085e-01
1.365941029262491613e+00
2.332295317959609982e+00
9.080774195434329066e-01
1.166292842815148889e+00
-1.754563136993363637e+00
-8.495332074902561814e-02
-5.749382936595439642e-01
1.991773492058133144e-01
-5.553429196851684679e-01
-6.569356630911113992e-01
-1.980727035502041655e+00
-1.631930918598323066e+00
-1.108071745100776662e+00
-1.682405436147488054e+00
6.925703432502039458e-01
1.482885531604625218e-01
6.320099185404833841e-01
2.005079781222989244e+00
4.878840825107138013e-01
-1.252223279855403160e+00
-2.654341563223058031e+00
-1.254119019404731805e+00
-1.047039969805183990e+00
-1.065868949975119051e+00
1.478716713006665184e+00
1.652774172384061435e+00
1.800811645768885860e+00
2.991084514005387662e-01
4.558671607883152399e-01
5.574211402879200028e-01
1.662713392187233241e+00
9.134192909510421288e-01
8.582763139947569009e-01
3.591335245443388891e-01
5.676770887068993687e-02
1.633726900412565630e+00
4.494291991450224399e-01
1.369888237973213574e-01
5.428734101547523228e-01
-1.336234591312579267e+00
-8.584534663372451746e-01
-1.660315794926169097e+00
-2.979397739594986660e-01
-1.898875537769880051e+00
-4.307604479318684065e-01
-8.576308911561929538e-01
-8.584320207407691861e-01
-1.117644756590475685e+00
-1.966820869317490672e+00
1.092583057269864710e-01
-1.182263699393490297e+00
-1.807879683351988787e+00
-1.618271215327658386e+00
-1.579531675765869725e+00
5.546430092436241965e-01
5.766596570862585480e-01
1.355882325303463531e-01
1.473014278851068282e+00
1.072965452681246878e+00
-1.853776981606652940e+00
-1.391989162944262892e+00
-2.265252069809625457e+00
-1.231595925896662003e+00
-8.182056824842364184e-01
-8.906100101313025874e-01
1.255491651707543177e-01
-1.631243953654465395e+00
-6.492929990482991798e-01
-9.547093570310186683e-01
5.873975010707348510e-01
1.329987428074910216e+00
9.204219866823275531e-01
1.449273724189856782e+00
4.386546803049071741e-01
-8.719144532316758234e-01
-9.943887909769860700e-01
-7.040598266484889844e-01
-1.001617061078962312e+00
-8.425842477176289647e-01
-9.308816685150346215e-01
-1.849873824668742728e+00
-1.127465287017493045e+00
-1.450682528421004536e+00
-2.509189856059085955e+00
-1.931945891657598446e+00
-1.075910415639710127e+00
-3.150980393311292538e+00
-1.204794693231144187e+00
-1.343152479174233527e+00
-1.895290616793941396e+00
-1.872012260369473990e+00
-8.978637644415683461e-01
-8.507976122413989373e-01
-7.183406350941579088e-01
1.274736647460456895e+00
8.596633601275583958e-01
2.166938382798587082e+00
8.716879037291370702e-01
3.002016324775204081e-01
1.478663667393733228e+00
-6.528861352644508287e-01
1.880364449087263967e+00
2.630656914933970469e+00
1.473259386978517105e+00
6.827931979331186563e-01
4.587322673614396829e-01
1.228728605158817766e+00
1.833988554498302115e+00
1.456639289340480037e+00
-1.123066827300006176e+00
-2.106786366167115787e+00
-2.086908918572944138e+00
-8.876029224594721434e-01
-8.277560870504235835e-01
6.511866003810560244e-01
1.173604877971302196e+00
1.426208045834877591e+00
1.466367119550450626e+00
1.731656484110226657e+00
1.700177985108803025e+00
1.409382937134835423e-01
7.772877819816962353e-01
1.390803346039779731e+00
9.382055643051309124e-01
-1.481898237195540702e+00
-3.416451979529874228e-01
-7.479113891906945533e-01
4.903528508557608578e-01
-1.069056231743458873e+00
1.298765185716869386e+00
8.981486416425381591e-01
1.152467094777432699e+00
8.405653173739885409e-01
6.479257016625084020e-01
1.734204941972935288e+00
6.935589861410434986e-01
3.190220257862177444e-01
2.458756193841747706e+00
1.441073745167768871e+00
1.492917219069046286e+00
1.271433328731610413e+00
5.370154300745560993e-01
-6.535199430396594344e-01
1.533157043289257615e+00
1.779536893347770432e+00
9.890317019464338610e-01
6.198038825631169146e-01
4.952932217012494531e-01
2.329028850215454138e+00
-3.706916851573273108e-01
-1.307464167086801021e+00
-8.934448664143745944e-01
-1.350769397428561058e+00
-7.025802055824178494e-01
-7.664780354279143726e-01
-1.621268960995639663e+00
-7.489643913152388421e-01
-3.917772957884636531e-01
-1.494933878306227593e+00
-1.517599711004914420e-01
-2.418625170054383711e-01
-1.278345294304114699e+00
-2.054883995107011252e+00
-3.593138690308173011e-01
2.816094856247955747e+00
2.325821715558731295e+00
2.567150278867202040e+00
1.949009384122186272e+00
1.098127589610045751e+00
-1.096674191045381885e+00
-1.728518474887166256e+00
-6.449749403789619695e-01
-9.520729914615128076e-01
-6.767479295032011732e-01
-1.723603901371464797e+00
-1.332428015618447814e+00
-1.554568964831575917e+00
-1.362749500326090768e+00
1.981869814233894189e-02
7.619101343121426062e-01
2.246877335357380101e+00
1.774564628593163107e+00
7.152232057605777404e-01
6.309750903185623594e-01
-6.431039058504040007e-01
-7.451684170178893840e-01
-5.521729442686205136e-01
-8.687293184327313789e-01
-6.595940451684636496e-01
-5.934350584769703119e-01
7.523934459831808086e-01
1.794978973503706721e+00
1.673400784879433889e+00
1.733080689368151184e+00
-4.319333869989949726e-02
1.490487799454442541e+00
9.127734248597428879e-01
9.236187748697382016e-01
1.014947194196511138e+00
8.332918741000555629e-01
1.729579878732629528e+00
1.942049550367106914e+00
1.748738778195669807e+00
2.095081639257970973e+00
-1.147310870877718658e+00
-1.037645591796867439e-01
-4.237420509354561382e-01
-5.676462750556320325e-01
-1.674852576001197857e-01
-1.434450544857892584e+00
-1.330441747241105865e+00
-1.067150826715661083e+00
-1.128906107436589368e+00
-1.666432820807267401e+00
-7.845842142718288947e-01
-2.082869144729483368e-01
1.535475199032491744e+00
-1.392642021677770181e-03
-3.211714863786888641e-01
1.474291900319929294e+00
2.463938987724609397e+00
2.012206848491264743e+00
-1.641493156731366199e-02
9.119036125930255476e-01
-1.326245361629896591e+00
-1.377514602753734163e+00
-1.297004039663961272e+00
-1.202534051993762176e+00
3.202963044811575344e-01
-6.783254916374377164e-01
8.429340444421526968e-01
-8.661023916094925390e-01
-3.785486839469098808e-01
-1.297782857672073575e+00
9.721903286364500518e-01
1.002469825126783842e-01
1.693088291390134170e+00
8.788441375641981024e-01
1.312230726653198065e+00
-1.166160051222004057e+00
-1.034854464848156796e+00
-4.007884745566016038e-01
-6.029457129527667769e-01
-4.962717862983744288e-01
1.941122076521269335e+00
1.165542222282069051e+00
4.609147050873589890e-01
7.120432903789304380e-01
9.753271476834973752e-01
1.132274925707783320e+00
1.389828919733061330e+00
1.445417799403788672e+00
6.774902179431595561e-01
2.003843828388482073e+00
7.578802146930343486e-01
2.192045454781041958e+00
8.083054195542911380e-01
6.396870439312201118e-01
1.159731871240292200e+00
1.251371662742615243e-01
-1.186909059757258689e+00
-1.101262364162274077e+00
-1.841929799479500751e+00
-4.415208206766185750e-01
-1.463297752256276230e+00
-1.048286275085882568e+00
-8.025872037149047733e-01
-1.228799462156821454e+00
-7.266690435288303274e-02
-1.093777160086110145e+00
-1.785010372998027783e+00
-8.785711546539916039e-01
-1.841835300017197197e+00
-1.263765665484873901e-01
1.058995503534737370e+00
-4.929831864411444720e-01
1.213590292774230583e+00
6.179966822572099394e-01
7.487725460126611887e-01
1.837172646084217487e-01
-1.412522792530162441e+00
-1.437036505621071658e+00
-2.203928007541406053e+00
2.703877473400537745e-01
4.746888733216956258e-01
-1.050627476426500007e+00
-2.823578319822817040e-01
-1.278427323109633917e+00
-3.182898900492557859e-01
1.268476833132222925e+00
7.440007580362960615e-01
-2.878461563231926590e-02
1.822824579139251444e+00
7.596066450841083562e-01
-8.600450297514892206e-01
-1.825020414805583968e+00
-1.305570011235018590e+00
-8.271754071114849616e-01
-2.906372294991842242e+00
-1.945251015423851149e+00
-3.556691851949264072e-01
-1.141721747966722766e+00
-2.203003580575987996e+00
-1.456682608998633333e+00
-5.310176543024320850e-01
-7.379127306075483617e-02
-6.427990712137812146e-01
3.428546754420895848e-01
-8.499182742372269894e-01
-8.598946336407544688e-01
-1.713087734212239699e+00
-1.679321805129196266e+00
8.348519341606821520e-01
6.219294916877049495e-02
2.051337835576005020e+00
1.345423243427304794e+00
-5.056865438527280432e-01
1.442253107239876098e+00
7.248828267258901059e-01
1.437783074588083743e-03
3.977231050772902510e-01
2.652868065992008972e+00
1.371662734940684469e+00
1.305229650724561985e+00
2.799013883149061854e+00
1.154964859016229362e+00
1.754720682805936960e+00
2.428994416495173780e+00
2.278657313408283258e-01
-5.457095246018843770e-01
4.230451657259544085e-01
-1.257204012907680912e+00
-6.624430998532120363e-01
-1.188747173910886357e+00
7.859974082906849846e-01
1.471686532226429200e+00
1.673901514202833729e+00
-9.203912560227056616e-02
1.214626301354096105e+00
8.355133453365604090e-02
9.359628267890163222e-01
1.378959570487936492e-01
1.570386550865111364e+00
5.739713069183132177e-01
-1.163834007175054364e+00
-4.845970977693262460e-01
-1.105654073494149348e+00
-2.318214947475474297e+00
-1.796227196958768646e+00
5.726654300158662281e-01
1.507659047601568325e-01
1.232720263920565884e-01
7.296633761260346018e-01
1.612043746370338537e+00
-1.099851764269372811e+00
5.029849953971368137e-01
-1.550078403284484985e+00
8.395116049336515118e-03
-8.896289941636127407e-01
-4.675693451040008330e-01
-5.279934622512787445e-01
6.725071086068719062e-01
-3.018648572716435829e-01
-9.188607769024208505e-01
-1.858071940206958983e-01
-1.061232557552415745e+00
2.398251053581179626e-02
-1.685690006967478061e+00
3.130283671893163699e-02
6.139601390298096151e-01
1.317026456379774224e+00
1.010727645470352876e+00
9.422270856047297860e-01
-1.838392786969742509e-01
9.592440979437851789e-01
1.949176221100100914e+00
9.030492028257099957e-01
1.743001972852660675e+00
8.463316091844814704e-01
9.325010764134482599e-01
5.144248647359894733e-01
8.377189317538034086e-01
8.297197728067715605e-01
2.834485803979402974e-01
4.877815394206819199e-02
-4.102868562593197099e-01
-9.855586499095341235e-01
-1.217852996608878247e+00
-9.350475681528357397e-01
2.080422775823830062e+00
1.365554372418580353e-01
3.798374661886660952e-02
5.740708370499165714e-01
7.959146561451722057e-01
1.867674730420424645e+00
2.003472949948662540e-01
1.169388950436492713e+00
2.237530223983030808e-02
8.605156484582598964e-01
-7.850247890205244161e-01
-1.218619077850015220e+00
-8.732950772501799630e-01
-3.493581905061766690e-01
1.256043051913169339e-01
4.092360584500673859e-01
1.264656524730793707e+00
1.201585174362692410e+00
3.156130890716166704e-01
6.802461063151381548e-01
7.962537812956456129e-01
1.605442818036820984e+00
1.968970964527096967e+00
1.892890946578841049e+00
2.068602094027266691e+00
1.263394970446859666e+00
9.889564388008649232e-01
1.103161588326371456e+00
1.838321600978685577e+00
1.605954836222785342e+00
1.665405403595967559e+00
7.938055844658332694e-01
-9.435945892180053196e-01
1.665455823893715381e+00
1.707038936305620647e+00
2.791892879190402965e-01
-1.217835394946490402e+00
-7.774337634285275467e-01
-2.254466100969637843e+00
-1.059495149973045169e+00
-1.618371527675264154e-01
-1.429174549328589006e+00
-8.788395233664850759e-01
-8.585917609076800794e-01
-1.280395599586136246e+00
-1.610236838590421993e+00
-9.223089240698657543e-01
-1.046905675603019059e+00
4.987435359979885963e-01
-5.946766022499646587e-01
3.077753344664369006e-01
1.518547531608593015e+00
7.936296205310489071e-02
-2.378317072968152424e-01
2.746714396299436256e+00
-2.014274883186789600e-01
-6.321128577582798558e-01
-7.179158159872107703e-01
-1.091972829574701986e+00
-1.173773496961868279e+00
-2.017410805422201747e+00
-1.924632828172078147e-01
-1.076748588774681936e-01
-1.773032248965342061e+00
-6.197235091407157226e-01
1.914195210529038960e+00
1.595370445064949072e+00
9.624712142036395690e-02
9.188175190013292415e-01
1.190947387589648798e+00
-1.197870561380656840e+00
-1.335889885110791653e+00
-1.681218011914791699e+00
-1.802441126175317709e+00
-5.418896096674297169e-02
6.326676565640690919e-01
6.700740223800827344e-01
1.286826412557129595e+00
1.512710139221041583e+00
1.125164500759860520e+00
1.244020379060788439e-01
7.897472920220354187e-01
1.703089797236988501e+00
1.160910440684806977e+00
1.567294221170577373e+00
1.354556085967216994e+00
2.221398272542065566e+00
1.107078701195524983e+00
1.653755158728711372e+00
5.548481992262473961e-01
-8.323502068838722900e-01
-1.170779249031520752e+00
-2.045523117330883878e+00
-1.622018536566400826e-01
-4.542938158630516199e-01
-1.683749932692293783e+00
8.355652162464419774e-01
-9.697795124668444622e-01
-1.933401157808621651e+00
-5.927262859224032843e-01
-1.631017283456845934e+00
-1.385764385255068287e+00
-1.323128460290209363e+00
-2.257801198199210990e+00
-3.438514906617501365e-01
-2.826351067189207811e-01
5.814271818581210338e-01
9.884096398656073701e-01
-1.122308933904894168e-01
1.436776106041473655e+00
-1.104527683410240657e+00
-1.856491414168252030e+00
-1.742762108114672914e+00
-1.249195465755841727e+00
-8.126375282916820098e-02
-2.092791988789884705e+00
-1.589391362667695429e+00
-1.511707151918881387e+00
-2.000837309705271405e+00
-1.367710267052124173e+00
6.159628706558933908e-01
4.621808969963874247e-01
1.795456237794312848e+00
1.350475905314197700e+00
1.513940019419725669e+00
-1.424527673514990544e+00
-1.165612699618703285e+00
-7.804686484662306523e-01
-6.006054511698337706e-01
-1.444378313846163886e+00
-1.465729659619601888e+00
-1.478313979172686921e+00
5.396577704060345759e-02
-8.152712139325222207e-01
-9.477895680371672960e-02
-1.362674783372195497e+00
-5.975391801230364175e-01
-1.077644756268386850e+00
-1.409739968757415696e+00
-4.296854154474523124e-01
-2.106973610265390651e+00
-1.242525102045213270e+00
-1.125364000158630695e+00
-4.034817951384639390e-01
-2.417550465184826969e+00
1.114672559856830336e+00
1.515145259076392970e+00
1.001012234813361212e+00
6.769124005060090932e-01
1.264870910788227221e+00
-2.915145770014673232e-01
1.365828560336579400e+00
2.258684550219225429e-01
2.571241673767785674e-01
1.746572508801312429e+00
2.996702560962077211e+00
9.824454404008627906e-01
1.102889241676532128e+00
1.750556183194361903e+00
1.762710678358690108e+00
-7.748519021223354564e-01
-1.584005930151441977e+00
3.782589807151073291e-01
-8.464324428476084350e-01
-2.494457416038422526e-01
4.024177472040588732e-01
9.309181105358007580e-01
7.185874803714293879e-01
1.402090290623363433e+00
5.527862245303918343e-01
8.281277497887133965e-01
1.504352864622449104e+00
1.512597526854918772e+00
1.307852483506179997e+00
2.107355148310172677e+00
6.005308326279190645e-01
-1.134351498442015105e+00
-1.677710221307106009e+00
-6.372410665904923999e-01
-1.024590917151332992e+00
5.285991084171137722e-01
7.245812573167522697e-01
1.945360598769330318e+00
9.240112548494230360e-01
2.127699040136139530e+00
8.041277975710756643e-01
1.159656865284936833e+00
2.667604723480679230e+00
4.656414950619888193e-01
4.765285985253508994e-01
2.285263499923302355e+00
9.800201360438900444e-01
1.468421206419293856e+00
2.170543496160406427e+00
8.416163949425714552e-01
1.021776121240345114e+00
1.299646207834737721e+00
-5.264269975380575506e-01
9.916033387763425466e-01
8.873465547737335868e-01
4.829197311218997868e-01
-2.214896058597845219e+00
-5.482078977974811362e-01
-9.321020289638480838e-01
-4.585474132526772273e-01
-1.758374109459741597e+00
-1.583415371109688774e+00
-1.064097921619004961e+00
-7.810181328188906535e-01
-1.258624045253379897e+00
-2.713872181539612738e-01
-1.315836068577073803e+00
-1.774212268271688764e+00
-1.151345010532648372e+00
-5.929248628563641432e-01
9.310086636194402354e-01
6.016001837292822563e-01
1.789738659636050055e+00
4.027250669632986835e-02
5.823275502040868856e-01
-4.651283212799479649e-01
-1.412289730749394234e+00
-5.705786309165686854e-01
-4.762511136648361898e-01
-8.365556651593338833e-01
-5.096340544793429572e-01
-1.138892060230016323e+00
-1.618796788141890541e+00
-1.571045150175194749e+00
-3.586119774154912232e-01
7.220208301123943739e-01
8.704978026518142009e-01
7.899013783566111169e-01
2.679544063721850389e-01
1.034725844315151910e+00
-9.658973422319101498e-01
-1.380926931081654985e+00
4.143507666204608864e-01
-1.920861484491448667e+00
-2.779497053255224337e-01
1.322334780251122277e+00
-8.637016948733695632e-01
8.674920065955841197e-01
1.222978081278332851e+00
1.841500956314398474e+00
1.104473200680210931e+00
1.330537513207583844e+00
6.993083007725973133e-01
1.281337812880424254e+00
1.588510509149121397e+00
6.045437137353066870e-01
5.710655815201299834e-01
4.524119001753812430e-01
1.211964779719391094e+00
1.341940507742801048e+00
-5.349423152427286166e-01
-3.439089754976363267e-01
-1.384489913965745833e+00
-9.663136343098394088e-01
-1.780513973804727534e+00
-2.179828608965729053e+00
-1.593635159595395701e+00
-1.625905953249195735e+00
-2.389909351328567411e+00
-5.746467315526553321e-01
-1.453040962632096589e+00
-1.680227491001258233e+00
-1.490139946954676331e+00
-1.185481430840941819e+00
-2.105943654150512323e+00
8.082509645439954760e-01
1.456113344414322386e+00
7.593772537350095275e-01
2.137693886367973306e+00
3.811844082878506068e-01
-1.070969354272725438e+00
-4.487806556131015423e-01
-1.539139901006771449e+00
1.407758747562972701e-01
-7.175501931552344947e-01
-6.315154230022367310e-01
-6.195725527951929656e-01
-1.428478160465060709e+00
-2.615340051617054407e-02
-1.235019609085118653e+00
1.134604401642534954e-01
9.587126489193925627e-01
-4.698671929653983614e-01
1.929300349383792579e+00
2.006802050064644849e+00
-8.932058185024974728e-01
3.885846399351067237e-01
-2.189571594950140643e+00
-1.834914392716733955e+00
-7.284125055220727063e-01
1.591923879108880779e+00
2.175836860818389340e+00
9.980380896838184634e-01
-6.525306454947887858e-02
8.428216340228391612e-01
1.402859934807838549e+00
6.015132612928366651e-01
4.505148686334479180e-01
8.717377614485980475e-01
-5.735620202299929193e-01
2.430832143041892213e-01
9.400472911145668631e-01
1.213512611350348047e+00
7.745437792696756585e-01
-8.526753864263101335e-01
-1.009890608662740830e+00
8.159945384035194316e-01
-5.112578844612536422e-02
-4.377397652645609316e-01
-5.191395036973265320e-01
-1.155486929876360147e+00
-1.006416642680906914e+00
-1.171656280919782578e+00
-1.903356825427653387e+00
-3.458065923565903921e-01
-9.256637266102937245e-01
-6.327344836737677225e-01
-1.999105780375900254e+00
-4.302926829427967670e-01
-3.005422993570195267e+00
1.515299655037422477e+00
6.350695963499674024e-01
2.492962938421403596e-01
1.789371872954035325e-01
1.059047089423436949e+00
-1.070286015959842185e+00
-1.818008483852913137e-01
3.572728584121254158e-02
5.164528871982154712e-02
1.850349429386368705e-01
4.963961544781541058e-01
-8.258311075433469872e-01
-1.426366328187192778e+00
-9.784768997493793474e-01
-8.801546129834144638e-01
3.889561617328252119e-01
1.333022353246423375e+00
1.253563744695655346e+00
1.583994014289130225e+00
1.203879584568236627e+00
-8.909785280536178798e-01
-1.460018910004605042e+00
-4.327116451491092031e-01
2.316420451410294845e-02
-1.042184743140352365e+00
-1.534029688321068008e+00
-3.379382858882591378e-01
-1.029040818479237229e+00
-8.187760299450639323e-01
-2.372319921947255494e+00
-7.933488436345215167e-01
-1.345445192248537758e+00
-2.162894353656028557e+00
-1.209859600768108168e+00
-5.677451721521054040e-02
-1.995775112863185319e+00
-1.881431451551430323e+00
3.992090735403901469e-01
-1.331191405728111121e+00
-1.327671437704647683e+00
1.175928565503212564e-01
5.361941198881070569e-01
1.233163570881365967e-01
2.272552388495515885e+00
-4.643368310870630289e-01
1.335594418292297636e+00
1.398277347599834464e-01
8.714574474426028949e-02
5.253885650994667422e-01
1.759858178575013365e+00
2.283706893103643054e+00
-1.364903847347400667e-01
1.403621308180792226e+00
1.404188329086872855e+00
5.917588094442046698e-01
-1.302761687720375594e+00
-1.637598823904159673e+00
-8.973157560624925866e-01
-3.600310660222934001e-01
-1.313209606667072205e+00
1.300064324693440243e+00
2.211005942908784050e+00
1.852031981229429691e+00
1.070189329671140666e+00
1.516061163156449565e+00
2.722761239299345881e+00
1.193931058157951863e+00
6.858695775977088349e-01
1.169597374360119346e+00
6.561530740947321139e-01
-1.049478413954923361e+00
-8.075945034526605948e-01
-8.860139938834811213e-01
-9.147604576720695935e-01
-2.100628100081738392e+00
2.088697651201039562e+00
9.558386334663938610e-01
-5.733004004020703093e-02
7.484614979279780034e-01
1.229242187106137862e+00
-1.804129987466181806e+00
-1.146435873271648864e+00
6.179791031598360629e-01
-1.697042715607371521e+00
-3.489717184382434834e-01
-1.808506089825766328e+00
3.040028568588606372e-01
-7.832162808983598179e-01
-4.894837445336294168e-01
3.058961110731073241e-02
-2.076058882148193341e+00
-1.430016157785351627e+00
-4.036272742525137680e-01
-1.847555088700227000e+00
-9.326266942734643406e-01
1.668902049622616568e+00
1.728359176449885126e-01
-3.427265351558419493e-01
5.576850931962525904e-01
1.174435177488228899e+00
2.061368282984629818e+00
8.706960185233116878e-01
-3.038240637257239030e-02
1.794919754150633207e+00
8.897021799798028319e-01
1.508441841087142521e-01
6.357736001607020571e-01
3.196722582648283684e-01
1.167985077018242723e+00
1.558515385438083545e+00
-1.508718155367506863e+00
-1.081427805846760126e+00
-9.953998568342549147e-01
-6.869793364614593667e-01
-1.712917529038962217e+00
8.370574754500483827e-01
1.832230813102241562e+00
1.895387409571530624e+00
1.410690414867649567e+00
2.816678223843548379e-01
4.168913576586635861e-01
1.136912093586728290e+00
5.604333753169064014e-01
1.858541412359700162e+00
8.853939730355655513e-01
-8.280246232169206078e-01
-4.511424620544768338e-02
-1.106058093020608091e+00
9.319898452033958947e-02
-1.908050677784124183e+00
1.559087055897847574e+00
2.409456843778333024e+00
5.524285830365982530e-02
1.258900139016312369e+00
9.271349183627044521e-01
1.504976280927738497e+00
1.094095767720012047e+00
7.281453420367633989e-01
1.851585125093115458e+00
2.170414135209886908e+00
6.361216367055664289e-01
7.617886111392417892e-01
2.190049844072746721e-01
1.689376591191423138e+00
9.826268442117861435e-01
3.617529748363728093e-01
1.932432395297807748e+00
1.694225779142190857e+00
6.261962141894157341e-01
1.837059084041226198e+00
-1.330079903616511405e+00
1.715276839827417632e-01
-1.029870246405379719e+00
-8.079687886330346736e-01
-2.468899828677270314e+00
-8.979189313007096551e-02
-1.666378326443668456e+00
3.353599816075891749e-01
-1.672296989149478552e+00
-2.274736929779561656e+00
6.032785443886736765e-01
1.204490248059446600e-01
-1.659658334412355440e+00
-8.017744937133635119e-01
-2.249395600090108083e+00
1.594001814619216306e+00
2.564546610783458469e+00
3.138305712887494714e-01
1.048688986973060233e+00
1.789363776525853655e+00
-1.996347099576394779e+00
-2.291441942073277005e+00
-2.087125330984010319e+00
-5.568109726541712323e-01
-2.336643619382706483e+00
-1.312104958150496881e+00
-2.814222009316730944e+00
-7.645408152501115273e-01
-1.953664537439383952e+00
-7.490597700904265688e-01
8.084321132566868462e-01
4.102647187674204332e-01
4.786623829569093269e-01
1.141991101622837457e+00
1.367143845766166210e+00
3.399175639645761748e-01
-9.896880115707824555e-01
-1.490680197966121057e-01
-2.080856260176404682e+00
-6.241621838540130085e-01
-1.521667358443714368e+00
-8.482361815918966208e-01
-1.120976881248768819e+00
-8.420700946678940646e-01
-4.746542317433646296e-01
-1.115104443618171404e+00
-1.239245777046924957e+00
-1.323581316608466008e+00
-1.702867458412635537e+00
-6.505480817230238078e-01
-3.032306527212776270e+00
-1.557464718078567678e+00
-7.397003972347295786e-01
-8.129071239576051155e-01
-8.424001409508401483e-01
3.076026014913800122e+00
1.451986780263820664e+00
1.006254105259703602e+00
1.142222541797709212e+00
1.173904093842129459e+00
7.121092503275463503e-01
2.731412466892941371e+00
1.631446370684889846e+00
2.559393167085685317e+00
1.794846035425517128e+00
5.430087743814863144e-01
1.900433277082633099e+00
-2.111079590520721361e-01
2.409114228155281312e-01
1.705328145082943836e+00
-5.456283760511968506e-01
-2.162871411825951995e+00
-8.662337681886607132e-01
-3.142677222436940365e-01
-6.454501137557988599e-02
9.513126714799738926e-01
1.421165692695878890e+00
6.956568577183691593e-01
8.601230457420308007e-01
2.177913088877253545e-01
1.049771897330384895e-01
9.495552704651903930e-01
1.570965352340747856e+00
2.143707213264903544e+00
6.113401442231994887e-01
-3.420261690928479981e-01
-8.569358403838021054e-01
-6.467972761054908704e-01
-1.333416374897046452e+00
-1.169216329987671665e+00
2.918949484654165261e+00
2.167143304648151414e-01
1.005085740571146191e+00
2.173440250739880231e+00
-1.198297143612895077e+00
-1.118189195893835031e-01
-9.810147100184951618e-01
2.156663295383562939e-01
-1.915552913814589697e+00
-1.649244626074326092e+00
-1.477357499303777910e+00
-2.449628810244612875e-01
-1.137254236443749456e+00
-1.271490905810970018e+00
-9.412041491297110651e-01
-2.030990996753952338e+00
1.708963735446655807e-01
-2.384797021821612795e+00
-9.983658549464785592e-01
-9.814230003809283343e-01
1.341670855897772574e+00
6.572081778280105535e-01
2.139697648853080558e+00
2.721271671552893068e+00
1.405517858917731067e+00
-1.487023478130065079e-01
1.571710660115573033e+00
4.682246478159753922e-01
8.051967711834999708e-01
1.013758244103426520e+00
7.926696112198043931e-01
-4.258690426256210859e-01
1.401292146875044775e+00
6.828572205926664029e-01
7.437507360942757773e-01
-9.884058712505260358e-01
-5.363935869543945412e-02
-1.901696172772011195e+00
-2.229242041420840259e-01
8.512385375563513712e-02
6.817153404168887487e-01
1.732563025620558639e+00
1.958936731059222058e-01
2.134151977439406433e+00
2.092044336538772420e+00
4.800034729302260494e-01
1.043490767011840958e+00
1.468887835970150935e+00
2.899708277820111091e-01
5.319449464098336966e-01
-6.107543341630430334e-01
-1.971747307573598729e+00
-1.472604728302126187e+00
-5.046714298961220146e-01
-6.558530011864258658e-01
1.024319765529807746e+00
1.879731958650931345e+00
2.530900980300733405e+00
-1.234648899000557076e+00
1.204642448929698073e+00
1.823858425833009056e+00
1.797058857541413701e-01
-1.720381884959056862e-01
-8.311502857910535447e-02
5.497547380125310523e-01
1.125772629188039886e-01
1.467664783495991720e+00
1.785010417598698051e-01
1.168364224716964106e+00
9.655375762534235129e-01
2.006451670902689610e+00
1.077452644567702622e+00
-2.245282603137539468e-01
2.977043652277705510e-01
5.740417197367968516e-01
-1.890045156368407531e+00
-1.189048911875332237e+00
-9.946205559669687446e-01
-1.564374056110872546e+00
-1.116871775849201720e+00
-2.118879334262852243e+00
3.016592954716923458e-01
-2.611911385559842813e+00
-7.856705629148269532e-01
-1.963641509421149012e+00
-2.268334485078971063e+00
-1.529266216822694258e+00
-9.297667575588476341e-01
-2.276721317322206062e+00
-1.974241089571927565e-01
4.347739629897467983e-01
2.655528966890461806e+00
1.672367505257950526e+00
4.475562188197690361e-02
8.491201066410337672e-01
-2.575320800495636497e+00
-2.858747489606409120e-01
-9.945920795790358371e-01
-9.335692692896642164e-01
-2.465269920504811196e+00
-5.692632340776371258e-01
-3.652676390390912076e-01
-1.652852361616437893e+00
-1.311635861342956400e+00
-4.660907583081701500e-01
1.330482560477030729e+00
6.160280503420710874e-01
2.103299113255893360e+00
7.675061512917518147e-01
7.694669301926946314e-01
-1.346363587689911379e+00
-1.347633381313650958e+00
-1.449281205935594619e+00
-2.393605361659691955e-01
-1.153891878760957113e+00
9.539615655584550158e-01
-4.060480221776940901e-01
2.524752707762985882e+00
1.017334425635326278e+00
1.248206837139847147e+00
2.486157658447116781e+00
7.390213571572419315e-01
5.342490387590765888e-01
1.241441400026795927e+00
1.271912359785082325e+00
1.212723278115830805e+00
4.420065366729700740e-01
1.600802989295084799e+00
1.761780246504021541e+00
1.832662273346514326e+00
-1.350372606871132586e+00
-1.040055367254363983e+00
-1.154600551155609667e+00
-1.870734365859669346e+00
-1.183179953062768464e+00
-1.242577324128533833e+00
2.688473747884012610e-01
-1.697266344166795227e+00
-2.707203126570836726e+00
-5.628009711097621270e-01
-4.150726357107511477e-01
-7.355958854969404381e-01
-1.225836704236963337e+00
-2.397668756718094762e+00
-9.195774074446583235e-02
2.419772662622546644e+00
1.127105273601443081e+00
9.446946645236293794e-01
6.308082074213547941e-01
2.076412930656693856e+00
-9.280413803499820702e-02
-1.462010403398255054e+00
-1.095770891043240436e+00
-4.130389231715694276e-01
-7.621047416152568754e-01
-1.203353154140797798e+00
-5.070887811296285186e-01
-6.532000897733837297e-01
-6.954469279751059885e-01
1.445075038209400198e-01
8.456907271547269289e-01
5.073461462577343317e-01
1.951795385511024605e+00
5.347327103890394673e-01
2.461562076718413206e-01
-1.768138602699634632e+00
-1.136382929547601561e+00
-9.262570832601756399e-01
-1.045702550262411989e+00
6.306108097296188042e-01
5.420051970927163287e-01
-4.629347946995276963e-01
8.530340591145701978e-01
1.472485870094623284e+00
3.742474917841105420e-01
7.327060177792379392e-01
4.172141733977228206e-01
1.324699522346486802e+00
1.896659770224468966e+00
9.322169563124255154e-01
4.818944687439691288e-01
1.942950347593283444e+00
2.080572441118293980e+00
8.150208551640526489e-01
1.584458936469136825e+00
-1.949320526543761423e+00
-1.247392230408181701e+00
-2.372880676971897973e-01
-1.626389583030218411e+00
-1.425585947519570906e+00
-1.734971754834312208e+00
-1.054947147698343857e+00
4.467871487384100782e-02
-2.039281818780561029e+00
-6.565695812776020102e-01
-1.083392801818368945e+00
-1.714853389127244387e-01
-1.233675058171115335e+00
-3.088763755829184721e-01
-1.314844601764233012e+00
7.626820737489287128e-01
8.097273992688852617e-01
9.252874124351618823e-01
1.415558406536933989e+00
1.343728293788987838e+00
-5.745013815833210913e-01
-1.752121994566230301e+00
-6.987750247558122130e-01
-9.696254925629133048e-01
-1.921865461464384861e-01
-4.612802719300482801e-01
-5.103830854179473020e-01
-4.382303187044050974e-01
6.912937866087265348e-03
3.660660269627702412e-02
1.413989241253397200e+00
3.659164654735770350e-01
7.337637404351227133e-03
2.757451279239562236e-01
1.356444566615756964e+00
-7.040444259555341810e-01
7.159098580888847430e-01
-1.571385329582870138e+00
-1.256301309469537220e+00
-4.632705063425290870e-01
-5.400629688066084233e-01
-9.974261103076025314e-01
-1.588209626994899315e+00
-1.684305116502761601e+00
-2.549573727227365527e-01
-1.050696505013392734e+00
-2.446406980074743442e-01
-7.773921083212211869e-01
-1.805483614278808879e+00
-4.327683024951546331e-01
-4.147991988292017984e-01
-7.563487869216541926e-01
-8.014489422585469036e-02
-1.437957440215953620e+00
-1.709221016290205952e+00
1.877167537758738458e+00
-1.128102930986529806e-01
7.670299457259832643e-02
7.374192735548902311e-01
6.450562469226502893e-01
2.789457989444352748e-01
1.204183476831693245e+00
1.611245786027888593e+00
1.964948258490841315e+00
5.816958376938633490e-01
9.711842529528206258e-01
1.848611057163543236e+00
9.804354581613400343e-01
1.493223853868604012e+00
1.062417832845198529e+00
-1.106800501052204178e+00
-6.724981691637768044e-01
-1.196489620891507677e-01
-9.037956348691772446e-01
-1.280763944699947254e+00
1.076880249780662435e+00
2.017117608459098932e+00
6.461654887088427168e-01
1.722070929810100903e+00
1.936865900326476098e+00
9.475117817594551628e-01
1.855493856133642705e+00
8.071272672987881425e-01
2.296566315274113368e-01
1.141236733335000419e+00
-1.748841469905466628e+00
-1.423515492314306963e+00
-7.049989872278872305e-01
3.745083019625787824e-01
-1.775013538390085133e+00
-6.500558812180567969e-02
2.230386737892686710e-02
2.253835088739910564e-01
1.573578545756607827e+00
1.666868759076400641e+00
-4.841938106517016394e-01
2.025307008254132679e+00
5.183158205952145270e-01
9.878358143637933075e-01
-8.512700087513946912e-02
1.203745382625948324e+00
4.351229069357072099e-01
1.376607707712159678e-01
-4.798216615165102894e-01
1.006189246649412672e+00
2.934521323995352926e+00
-7.673897292381024471e-01
-2.593330277548124840e-01
1.630058725558229948e+00
8.133505017813177362e-01
-2.285456686814410165e+00
-2.722956600761832213e-01
-2.286121666222598492e+00
1.640572477683779340e-01
-1.812180332409990324e+00
-4.060557322134612512e-01
-3.900209894450727965e-01
-1.390291640736909473e+00
-8.367146963243126123e-01
-2.508877471973967932e+00
4.022930597833376254e-01
-1.672462749688405026e+00
1.797473367066337868e-01
-8.937145600603002560e-01
-8.474374614451476440e-01
8.446039777981925178e-01
9.794097257290252934e-01
1.023462944396275720e+00
1.197760711802564826e+00
1.221763617666821844e+00
-1.418075631318240326e+00
-1.993219291515948788e+00
-5.910951855805450794e-01
-1.453547018741611296e+00
-7.763630223123358931e-01
-1.023301190097477997e+00
-2.227364809069682927e+00
-6.983315236724382258e-01
-1.249227433232771745e+00
-2.713377789226487646e-01
8.466035534109848104e-01
1.418444050183858884e+00
-1.750453169783139362e-01
9.859181300290658090e-01
2.167020370717200439e+00
-4.812610910807092468e-01
-1.275699287986145958e+00
-2.239057851087521644e+00
-9.769221112492628700e-01
-1.067784227751944703e+00
5.128454702469881221e-01
1.831794012236645397e+00
1.471428679712758925e+00
5.181019948031845290e-01
2.558688565692583516e+00
-2.399821367378451864e-01
7.376757442077035432e-01
8.268234974423713801e-01
3.913872583939445038e-01
1.310372613941459541e+00
1.794447504206706512e+00
1.640536507867591531e-01
9.363031535228297786e-01
1.815584189459522602e+00
8.459794377642904095e-01
-1.210431935010945814e+00
-4.133373268398101708e-01
-8.171486095241250469e-01
-1.175562737651406175e+00
-1.851243189524022448e+00
-2.197760094403676145e+00
-3.798935685647460980e-01
-2.646210988500423689e-01
-1.676658821285909484e+00
-8.693788138614899630e-01
-1.028790434670694864e+00
-8.758553105423269036e-01
-1.829379747080896790e+00
-2.051892752668392106e+00
-2.461248352247313420e+00
1.424891520967803693e+00
9.594121516686919815e-01
1.045595202840317928e+00
1.668579845874825551e+00
1.889385460976727549e+00
-3.845027956094881905e-01
-1.081711037355268523e+00
-5.470024628452730964e-01
-1.982123052076711245e+00
-1.111004132895749175e+00
-1.143044339058383096e+00
-1.871451930261415653e+00
-6.559469332583596213e-01
-1.244268870782787584e+00
-1.063607235604878465e+00
5.975327876736291621e-01
1.790077643273790375e+00
-2.353749116230272609e-01
2.117824072357262999e+00
1.441336662724568285e-01
-1.948076145562576800e+00
-5.488283507264546390e-01
-1.527275343282392006e+00
1.238122907883010271e-02
1.469338809726861150e-01
-1.267139493650937698e+00
-5.970158160111502799e-01
-4.404373014350242421e-01
-1.301749105321835520e-01
-1.312201462463235213e+00
-1.557269189898998318e+00
-3.504857041130673423e-01
-2.828448048190755237e+00
-1.967528667557779665e-01
-1.222720304837153993e+00
-8.551415273461508981e-01
-8.472071612520057915e-01
-3.074718720859801468e-01
-8.203911294911536700e-01
-8.187727591848658060e-01
2.408166243269352691e+00
1.135190520998045960e+00
-3.034683568137375165e-01
1.639725980829842111e+00
1.691320537351187925e+00
1.028137251576464184e+00
4.169645876232827009e-01
1.711172087159860800e+00
1.284066912662267690e+00
3.653133107086641296e-01
1.659522493185008774e+00
2.033639782523185335e+00
2.585144372505314703e+00
3.399163038694403838e-01
2.110962585663263447e+00
-1.284837660989968766e+00
-5.670255855292964942e-01
-2.682834757479890531e-01
-8.483077711331008519e-01
-7.080179600699216813e-01
2.481705792540200850e-01
9.437035486986005139e-01
6.784586374268890552e-01
1.002803462738196094e+00
2.064238822702121556e+00
8.483778718872645452e-01
1.539195255599205669e+00
-4.766926548423577881e-01
3.308851170249641482e-01
1.473179244413431954e+00
-1.752367339210229247e+00
-1.601155042192781375e+00
-3.319797068962038189e-01
1.343608263720950102e-01
-2.230137349718915196e+00
9.705205171219652982e-01
2.190347415312329904e+00
2.036850350053798220e-01
3.850603715563127860e-01
1.450269350555335901e+00
-1.555199066648154327e+00
-1.315399690367416774e+00
-1.303839078245619953e+00
-7.193335902975501739e-01
-1.068657745096992739e+00
-3.267699577229176811e+00
-1.571295922601066986e+00
-2.548512901386762231e+00
-1.640137971050375398e+00
-1.240123757269591342e+00
-2.399206310555016763e+00
-2.272986862542881070e+00
-5.413945794537535772e-01
-5.502252592382388396e-01
-1.404363420008594154e-01
1.769238362592739700e+00
3.947638114229837791e-01
2.243970086129966734e+00
1.182582499982299806e+00
9.676460741599316462e-01
6.270053521080793946e-01
8.891386634742670658e-01
1.340296469922148237e+00
7.998232958821975824e-01
-1.697820447059896765e-01
1.637109623537539971e+00
-2.624885704654023044e-02
1.406854643638475455e-01
1.137396125287889914e+00
1.752246192672997971e+00
-5.492481176112393726e-01
-1.698486026397200366e+00
-1.493510616558688220e+00
-9.155221165015743345e-01
-2.022912922043583528e+00
4.801307768646234653e-01
5.930652191793468475e-01
1.349832359623852174e+00
8.648644258078412861e-01
4.405599494083429768e-01
1.220122607600524045e+00
1.400553596630148556e-01
1.641807391649305004e+00
2.127489474249927959e+00
1.106339898904496799e+00
-8.363328462183927670e-01
-2.332786834093043549e-01
-2.367002910056712484e+00
-1.476752505867031662e+00
-4.478556415549350689e-02
5.207087706247062187e-01
1.817758035260530924e+00
1.173508407144771670e+00
1.258699801079381508e+00
-3.636548020069509946e-01
1.764805250430536043e+00
9.222657886779401792e-01
-2.194532649549203462e-01
-5.265297770490957596e-01
4.312766703764507881e-01
2.873659003539548173e-01
7.154853584144718059e-01
4.498127107045624129e-01
6.023672904868428990e-01
-4.776906510541527595e-01
1.349484553030381617e+00
2.635648065750225477e+00
8.003962480218942410e-01
1.335107436024463023e+00
5.375773137129788992e-01
1.110010124809130971e+00
-2.255367606142224535e+00
-1.529474226741942555e+00
-9.492096022730206473e-01
-1.105087228307747083e+00
-1.701268236785193011e+00
-2.413989497170045517e+00
-1.753612474937071397e+00
-1.045496785952500174e+00
-1.614512503785186848e+00
-7.811393444385184015e-01
-4.591363925569790227e-01
-1.187750263568911224e+00
-3.558333128733668360e-01
-5.348789394850689272e-01
1.357809974453596302e+00
9.217889962204867116e-01
1.408365122345382359e+00
1.234392859499350514e+00
2.054845281018665704e-01
-1.554886864879982067e+00
-3.182096690652296278e-01
-2.411985746148224141e+00
-9.381944107598776394e-01
-5.754599004779367144e-01
-1.574348034182120104e+00
-4.448076452462021990e-01
-1.448479670356068061e+00
-1.324499203602410580e+00
-7.130757880895994827e-01
1.806539934125401370e+00
1.177184894501757340e+00
1.405677904410807866e+00
7.354119760547217499e-01
1.290182348809662649e+00
-1.076553576778532140e+00
-1.037491611856133256e+00
7.288379061898297984e-02
-6.034023272904932567e-01
-1.362575864970292372e-01
1.819315535331883060e+00
6.906163123119501979e-01
9.982814398953930857e-01
1.137364315375029467e+00
7.680533737471301192e-01
1.641262113323582739e+00
1.234996056549213073e+00
7.976927848806705246e-01
6.981393795262809121e-01
1.216094809291478285e+00
1.509082151176275088e+00
1.056992051843880676e+00
1.757310563875250864e+00
1.376089316050698397e+00
1.173123682891086039e+00
-1.131177178041063769e+00
-6.608378082663408648e-01
-8.496429573650786660e-01
-2.186899933459941714e+00
-1.041489797014428120e+00
-1.667631718446222155e+00
-5.434573315465669463e-01
-1.225548863807601974e+00
-4.449039237297204297e-01
7.722266854820043491e-01
-2.205324959598701007e+00
-9.443835770806400243e-01
-1.279855169012401372e+00
-2.597082204887686707e+00
-1.284762618399008627e+00
3.283802555830707126e-01
2.313183657422218431e+00
4.513408740094655425e-01
2.313407328216163794e+00
2.120088448310210261e+00
-1.285960430254213138e+00
1.462312033573498482e-01
-5.635207614741957194e-01
-1.225749004341904591e+00
-1.553241123246406064e+00
-9.465688735691651923e-01
-1.520181136674004563e+00
-1.611597881516896535e+00
-3.053037404218593931e+00
-2.048356122940266033e+00
3.130511160868341136e-01
1.308162803655326112e+00
7.843453200245390500e-01
1.258575000138749012e+00
7.288252019335241805e-01
-9.320179586609321776e-01
-2.132516351093015849e+00
-4.750734531989802001e-01
-4.346574509375031869e-01
-6.019741251112671332e-01
1.457574530098062926e+00
1.119855216613868887e+00
2.663215212551464539e+00
1.136484188367109738e+00
1.797113244852714509e+00
1.039264778198949024e+00
1.687708306463763908e+00
8.015820818791810076e-01
6.894652019534865950e-01
5.695981254271562655e-01
1.903561679931481843e+00
8.624669964386735277e-01
1.531351911027377666e+00
9.946600102902002360e-01
8.719267379912993832e-01
-9.864521307203939493e-01
-1.236402330697278229e+00
-9.297780986059150932e-01
-2.493418803919745130e+00
-3.269020404395563961e-01
-9.111331500059320909e-01
-1.025546779734262337e+00
-1.086657984900156748e+00
-2.257529754279693490e-01
-1.079649943916889177e+00
-6.249218986112192731e-02
-1.103620343268010728e+00
-1.754102905638542653e-01
-1.065321921013639539e+00
-2.041720116737280932e+00
1.425525138433487715e+00
1.579858241992005752e+00
1.285243496042776101e+00
1.340714216643090095e+00
8.066071014586888577e-01
-5.954793526314543506e-01
-4.034490050534657035e-01
-6.823331803879106872e-01
-1.771565135673747182e-01
-2.793668628068335380e+00
-8.140984434459985764e-02
-1.162102159819321745e+00
-9.113573622042028255e-01
-8.752006966235634788e-01
-3.657375970426887113e-01
-1.001124709836800353e+00
1.581701140005133954e+00
1.828565110360758084e-02
7.755065007590219439e-01
1.620566112583398333e+00
-1.150760296732615817e+00
-1.361751175691232607e-01
-1.243789875685719526e+00
-1.360153208120973733e+00
5.912875493649139003e-01
-9.130205539903981649e-01
-1.381809014220528820e+00
6.259286127017364976e-01
-1.066735248055846297e+00
-1.495482579943656631e+00
-2.449150641634981973e+00
-8.958805060577801349e-01
-1.088328035291606488e+00
-1.174545538221273722e+00
-1.546963775250144391e+00
-2.393920545025163715e+00
-9.555601341623500833e-01
-1.569486981575071161e-01
-1.186680687468531836e+00
-9.751518448722904520e-01
9.294147530718958050e-01
1.398922595503267363e+00
9.725226208622468338e-01
3.203638528788257389e-01
-4.460092488095357410e-02
1.119094549378085279e+00
1.826869783110732559e+00
3.309768924677777280e-01
9.693808595152594298e-01
5.389819314651663751e-01
1.107207075262867102e-01
1.161778894690206565e+00
1.326355827202053028e+00
1.531296460721825792e+00
1.802980364154136428e-01
-4.114822788056825553e-01
-5.409758169452507648e-01
2.258154813133308458e-01
9.449474702775133572e-01
-1.089021052451406346e+00
1.163965358414905449e+00
-1.193693715712595971e-01
5.546746136937563687e-01
2.298412317158188500e+00
1.896230885131901633e+00
1.575074697188518114e+00
8.765002488838322670e-01
8.613610386601926461e-01
1.297342918697994563e-01
9.012938729718729114e-01
-1.466268438650654371e+00
-6.536984523363738031e-01
4.569574220423966437e-02
-1.525513760917331485e+00
-5.776617358859122975e-01
1.107474293424737688e+00
8.850985899229253384e-01
8.697744397128326366e-01
5.997982909502410642e-01
2.227916688412619806e+00
-6.892810779207230176e-01
1.466593021597617508e+00
6.322177656211499519e-01
1.861121473967500828e+00
6.570429397857133758e-01
1.538762888925621741e+00
1.490240445250988977e+00
1.485752991428138436e+00
9.449662688427128421e-01
1.886457557610563107e+00
1.274894582408475863e+00
5.856087300681650509e-01
2.157183806042950458e-01
1.240340668129285673e+00
1.409283681465827609e+00
-1.452566713822682321e+00
-2.240572472799161829e+00
-5.639366978796843677e-01
-7.753345181932077557e-01
-1.651560248478406212e+00
-1.016188095412226655e+00
3.699038934729776962e-01
-1.965020223852788295e+00
-1.571556037273447171e-02
-6.889029254435772298e-01
1.014221004779602975e-01
-2.607695609839718598e-01
-1.336471564319992256e+00
-1.976989662210455689e+00
-2.051980949269442078e+00
1.923452868267640170e+00
1.362842310896080544e+00
1.058084840973783969e+00
1.160710792236762989e+00
9.700539126429804648e-01
-1.995472929277066321e+00
-1.038679081872947885e+00
-1.216119639498105309e+00
-1.043586241301045048e+00
-1.441821505227292910e+00
-1.125535090285422424e+00
-1.294127014659292030e-01
3.630123257869055653e-01
-2.000089577704647681e+00
-2.631783395000877324e-01
2.169205261229528947e+00
1.453574419005137175e+00
1.814162869780643339e+00
1.809307218714216070e+00
-2.956016125329097299e-02
-9.555782573978729433e-01
-8.304369293170141830e-01
-7.101479556110030789e-01
-8.004118948517540133e-01
-1.648965301187783172e+00
-4.704035366752478131e-01
-2.961814544659208126e-01
-7.993643729169270795e-01
-8.873666388392938975e-01
-1.399128378278398088e-01
-1.742530565492892869e+00
-3.320804851445775530e-01
-6.012610075559710054e-02
-9.998307099734379255e-01
-6.880014860185870162e-01
-2.477729508284194360e+00
-1.596147455745647870e+00
-9.425663052230507377e-01
4.301855838428523260e-01
-6.400361142933570502e-01
1.062854587284984831e+00
5.387826668975917999e-01
6.633013787595347655e-01
3.949507897623203423e-01
9.427237021361060121e-01
4.971525806933365654e-01
1.412271003962068949e+00
2.142393249283471413e+00
-7.105942465912518102e-02
-1.203717986838133136e-01
7.890681984249220404e-01
9.362092984355043779e-01
1.990746580582190894e+00
-2.499004413910719258e-01
8.932849672245097850e-01
-1.735321879272246015e+00
-1.224332750258220193e+00
6.665688884110747559e-01
-3.074013694461169344e+00
-2.343256559824529628e+00
3.399893229192125776e-01
1.841382751077835112e+00
5.218774694325699626e-01
1.093188950122499836e+00
1.474389857506752444e+00
6.823720673960089744e-01
-8.120115926829278852e-01
1.830652082353831922e-01
2.038142744334874745e+00
1.242759966399851868e+00
-1.631786028710490166e+00
-7.035599339790099549e-01
7.879024507979837111e-02
-9.528186032754364376e-01
-2.537435611328938023e+00
1.771562826322038431e-01
1.117719804122546234e+00
2.295385243211043758e+00
-5.275141720025189329e-02
2.009238156454632218e+00
-1.549080210072367736e+00
-2.277696282233732106e-01
1.793053500191232885e-02
-7.880206731996507452e-01
-9.200489633079104168e-01
-1.916248750610215934e+00
-1.731865714364226649e+00
-9.517373684825263247e-01
3.620472460820198801e-01
-1.642424459831567374e+00
-2.918572952559134848e+00
-1.250071824762957640e+00
-1.299123972039974539e+00
-1.903148444601682865e+00
-2.826109820343991608e-02
1.062497547106160845e+00
1.905397257405990530e+00
-1.465230387263829481e-01
7.963998142497007438e-01
6.741971160127029350e-01
6.619972973928072157e-01
2.035834190823963219e+00
-7.019315565008048541e-01
5.106114371578374111e-03
5.213453971059915926e-01
1.845459487083772832e+00
1.203785977772461546e+00
4.535949437013213625e-01
1.506632207699266424e+00
1.392033328419004956e+00
-6.293875176980374686e-01
-1.711972472680542090e+00
1.560923357765884312e-01
-2.163646904448287778e+00
4.591493893133105075e-01
1.164594003087543461e+00
6.376404171067417970e-01
6.317951590750814361e-01
7.547475866642096021e-01
4.958913481252467115e-01
1.265897868436268947e+00
1.351576522857264706e+00
9.136718977929656482e-01
1.042292474086963683e+00
-2.439923109532360357e-02
-6.913291778581032165e-01
-5.489939268482748602e-01
-1.531538845085119505e+00
-1.334320103460273632e+00
-1.163844929459610711e+00
-4.055216172861417778e-01
6.317573818520937357e-01
1.396917049781559061e+00
1.331062909033314146e+00
2.445307967574615216e+00
-1.418940704261462127e+00
-9.260038179517473544e-01
-9.691177530067898171e-01
1.736124056002408267e-02
-7.618960513836823267e-01
-1.080067290072200148e+00
-6.766734690038114231e-01
-4.772722707339931425e-01
-1.309809970453366335e+00
-1.349914996560496849e+00
-1.531226262264600901e+00
-2.924247524420918731e-01
-1.445257457086297492e+00
-7.801902113581682396e-01
-2.142027970571754203e+00
1.902832652036975603e+00
1.953031292422293674e-01
1.131786529228136162e+00
5.986997449813116212e-01
8.547119825694255990e-01
8.210609420950192305e-01
7.130784077616321159e-01
1.265178496692097809e+00
9.249892172528019207e-01
1.474650637528704067e+00
8.641508558305182053e-01
1.586577198243362075e+00
8.023920451809294363e-01
2.793281009589587693e-01
2.267127543070255324e+00
9.392452220426505960e-03
-1.036336331834119884e+00
-1.506839410245833566e+00
-1.668383283004156503e+00
-8.317681670650928227e-01
9.561189868404323944e-01
1.144006820818567638e+00
1.549903138823080173e+00
7.793121222927048564e-01
1.021382251138101216e+00
2.251284117034495935e+00
1.371119586077631514e+00
6.795930361497954930e-01
1.506938347681294754e+00
6.161252020451639666e-01
-1.612630129772033794e+00
-5.696589925212577343e-01
-1.188078551465761024e+00
-1.836578754715412876e+00
-5.222627401693169524e-01
1.128997190639490000e+00
1.867310026096104192e+00
1.390806681517117838e+00
3.824122274236485541e-01
1.107185502787061626e+00
2.722233016305202202e-01
1.484258314045209470e+00
7.884391997712808520e-01
1.111973567481169711e+00
1.077155456769935737e+00
1.807789054515158922e+00
5.926715909308237773e-01
1.736434102936526003e+00
1.751152719708097383e+00
9.448789445406790000e-01
1.529717833219559342e-01
1.396541650549729452e+00
1.100651483043914469e+00
4.526286209172681874e-01
1.941923286495817802e+00
-1.713601428364260881e-01
-1.370906269371439778e+00
-1.834777379852710943e+00
3.492031087411229251e-01
-2.170484239373290158e+00
-1.314802166008492312e+00
-2.681849578809007539e+00
-1.848616358835974083e+00
-5.739113481516298076e-01
-4.630620598662533727e-01
-9.415460567423736826e-01
-1.040674487694392525e+00
-1.094694126172150561e+00
-1.703143735889868893e+00
-1.014204683143087538e+00
2.076450163374135904e+00
7.946960512625038664e-01
1.070026232880950001e+00
9.878968494147009061e-01
5.416862653934138017e-01
-1.191617390398066689e+00
-3.341030540656464431e-01
-1.871111784762681030e+00
-2.190360246380087528e-01
-1.320157628966924346e+00
-3.964716702060876452e-01
-1.285284004194888086e+00
1.376271112899476456e-01
-3.468809697509503964e-01
-3.854806658856113621e-01
1.600729665668545465e+00
2.319494760324702920e-01
1.390818706085891865e+00
8.802525991916605452e-01
7.362766364629547144e-02
1.301680716689170847e-01
-1.224866636972388845e+00
-1.265140599133843802e+00
-1.648628691943762270e+00
-2.535107366253557259e-01
-6.494387494688638185e-01
-1.686378595710571915e+00
-2.595143067558464134e-01
7.941708168326346851e-01
-1.551809778694042796e+00
-9.840804871222049721e-01
-8.834502497890299733e-01
-2.517442276938675061e-01
-1.170803375315281780e+00
-1.327977912190382970e+00
-2.086411964896092375e+00
-8.585558354062114983e-01
-1.515585482319079969e+00
-8.792495522492853599e-01
-1.717741087047574888e+00
6.462011319320463132e-01
2.182656638759771894e+00
1.538967199981584821e+00
-3.498519963605579708e-01
7.254978772904705497e-01
8.207348739916051628e-01
1.279022311216456487e+00
1.062796110695168661e+00
5.928436306959772306e-01
2.545513188762211332e+00
1.872972405072503843e+00
3.800330729373622152e-01
1.707838489400590465e+00
6.933701303059238708e-01
2.274080402810656487e-01
-8.243772625154011102e-01
-6.449175142046411624e-01
-5.647430788492657783e-02
-5.244651800335371483e-01
-1.405989466669480326e+00
1.726649704653799633e+00
-2.776942608951440405e-01
4.025463190023331750e-01
-8.915703581893863472e-02
4.643752909782938865e-02
1.142431881080102629e+00
4.750510864940656885e-01
8.528814887841240644e-01
6.168305068177797335e-01
7.109948686558171804e-01
-1.349904310209905089e-01
-1.351407939817303117e+00
-1.618127110601945917e+00
-1.653754708392839223e+00
-2.051358421277337030e+00
1.156524229103956136e+00
8.637916874062698813e-01
1.661866493856885230e+00
1.569074553504982816e+00
1.784814481904872796e-01
-7.005752849966178086e-01
-4.441920139370587606e-01
4.113500257156486040e-01
-1.130732977137013817e+00
-8.925247096076094344e-02
-1.129008939663540989e+00
-8.442696630027302085e-01
-1.360769771357261737e+00
3.345438814237731151e-01
-1.407149388120409128e+00
-5.511135342014158445e-01
-1.640304919523226435e+00
-5.679678330802151454e-01
-2.259499362827040336e+00
-6.938384335609724118e-01
2.211787898701838451e+00
2.019213505529913633e+00
4.883403416180931433e-02
2.435334086010845223e+00
1.272851306324379372e+00
1.489483875352683562e+00
1.052021560708999992e+00
1.267298427461540200e+00
1.067564913123972614e+00
1.074393292911677067e+00
1.601134227409565902e+00
1.879504301172276071e+00
7.571454518819129564e-01
2.080416339093552835e+00
1.575822221716092431e+00
-1.569838144547855086e+00
-9.249985833309034566e-01
-2.237999934409124592e+00
-1.268517299063053105e+00
-2.288275819552687551e+00
1.200076762154423049e+00
7.593599101029551157e-01
9.146685223038130141e-01
7.850143187476286144e-01
1.289372774724058646e+00
-3.420630299181759426e-02
4.257749094409788437e-01
8.628089887618648479e-01
1.568287130639831606e+00
1.542341006771428935e+00
-1.315939159889876198e+00
-2.207530828640163811e+00
-1.322913067102214457e+00
-6.889234532783161669e-02
-9.240465933418209321e-01
1.213914252575390762e+00
1.647664285952832763e+00
9.334845421562029122e-01
6.204965147623983102e-01
2.824314842368410350e+00
2.521184254569828198e+00
1.304699011317709711e+00
7.808417269540171013e-01
2.527156962002436114e+00
1.556469549927829821e+00
1.198073625994719116e+00
1.471378110551619489e+00
8.742245397720749267e-02
-3.334981353695076756e-01
1.347855347269977244e+00
1.958581888806460114e+00
8.187592418972071684e-01
1.378004670318549785e+00
-5.429215581329027707e-02
1.032871206490728833e+00
-5.956453862640792574e-01
-1.963286934496876190e+00
-6.476174939702579181e-01
-8.298760267549829539e-01
-6.024709186288811358e-01
-7.017542837402139799e-01
-1.022935004775078482e+00
-8.961746456863264321e-01
-2.161311514555676272e+00
-1.719552587648095709e+00
-4.894215651558316837e-01
-1.740671349839841842e+00
-1.183729893742302863e+00
-1.061283945901418280e+00
-1.545959962527064580e+00
6.734313262193137861e-01
2.684314381505770175e-01
1.647754746170975171e+00
1.717331552315177756e+00
4.851376322047671330e-01
-1.421320163836341077e+00
-1.792916137418615330e-01
-1.303893796111021963e+00
-1.759631787387365920e+00
-1.556636390447195151e+00
-9.856805327737103717e-01
-1.017093882678988370e+00
-1.625972606037499046e+00
-9.498766588983234005e-01
-6.040108103841799192e-01
7.224541577518055480e-01
5.903824649657576362e-01
2.729933666293083760e+00
-9.220191960719088531e-01
1.418130546034245265e-01
-2.751595397410430133e-01
-2.290425465302197150e+00
-1.709909480778672997e+00
-4.537211680449328988e-01
-1.414744998086368444e+00
1.085996148803331396e+00
1.225104985532848412e+00
6.416261712891764279e-01
1.476796350683613479e+00
2.077760244059509986e+00
1.781621943946857023e+00
7.499690317174738663e-01
1.259661621644984297e+00
3.449178347376745002e+00
1.202664360892875983e+00
1.203580369836561248e+00
8.347843844015647718e-01
6.188888537127551492e-01
2.156214781272868475e+00
7.613469661977599889e-01
-2.351722273458201506e+00
1.542175108171919273e-01
-1.029803586456846221e+00
-1.207750998558554834e+00
-1.128321859146707462e+00
-4.816990038266154572e-01
-7.596669035678895732e-01
-1.202309996842181317e-01
-9.722831917100474008e-01
-9.065421786405246651e-01
-7.039531764139036474e-01
-1.408636106325081183e+00
-3.146465922095600387e-01
-1.019974617911552306e+00
-8.432670099000471042e-01
8.191464137432300507e-01
6.087356079552503907e-01
1.384322659559302560e+00
7.118908601065034869e-01
1.780036081490472544e+00
-1.596383662814631066e+00
-1.453621233841389193e+00
-1.941896980826157026e+00
-1.592631930495630233e+00
-1.728066015001230360e+00
-1.141104358289179110e+00
-2.238557282100006596e+00
2.402191649193516909e-01
-1.349538353896498455e+00
-1.256667133402592951e+00
5.188911736539046915e-01
8.034416789871132725e-01
1.185775036631053103e+00
-2.976766142865536757e-01
8.826277637330407488e-01
-7.670514240644481507e-01
-1.842716777245462678e+00
-3.275643954031044469e-01
-2.779055553922437305e+00
-1.720389707285849834e+00
1.335304598191167313e+00
3.829529227259600432e-01
2.212225806715110377e+00
-6.521074191134657028e-02
-4.866053750062593330e-02
9.313285625789795574e-01
8.909660139078152685e-01
-3.884737179242259142e-01
1.516251093041964815e+00
1.388495567716604651e+00
3.240338165350729493e+00
1.478494944686129298e+00
4.073065464427236826e-01
2.207850288086888213e+00
1.063793854712877796e+00
-9.371882480214581701e-01
-1.697316819816862665e+00
-1.309036381166834406e+00
-6.138894701524381103e-01
-1.809465743300771923e+00
-1.355747314723585450e+00
-8.478390117426329864e-01
-2.420429808478233635e+00
3.872828371648091572e-01
-1.955853059166221541e+00
7.008435352161892506e-01
-1.305959277418182740e+00
-7.716333219039950286e-02
-2.944876020831132646e+00
-6.014318596716585752e-01
1.212103946754225836e+00
2.480997579817667997e+00
1.906400762989604702e+00
2.377023134257606252e+00
9.138390295010030417e-01
-4.540249242296489074e-01
1.806665863627725521e-01
-3.437343632703031560e-01
-1.129245930524793273e+00
-1.893789146188117112e+00
-6.837459421348552890e-01
-7.451019008123518361e-01
2.006630569592480207e-01
-2.487386953897820163e+00
-1.150270406443937521e+00
1.081596241451528329e+00
5.477652604847993434e-02
1.175204675452180991e+00
1.538189224728796933e+00
6.288071964622486965e-01
-3.534145922144055207e-01
-5.003997155569727129e-01
-8.463222278578310664e-01
-7.608449529144006851e-01
-5.883163112349433232e-01
-2.527157825544291914e+00
-6.888726065625394579e-01
2.313555723923992336e-01
-1.500888285470086903e+00
-9.083130674350530231e-01
5.830317019010800017e-01
-1.593209368030447770e+00
-2.205618610499415766e+00
-6.855761634894859125e-01
-1.011947301565943924e+00
-1.149224085419495944e+00
-2.705500642135635347e-01
-1.155058751259506078e+00
3.479633072713130826e-01
-1.047723811802506955e+00
4.668043102326034921e-01
-5.246088740580745480e-02
9.297324845435190888e-01
-3.019243401185267572e-01
-3.434099363832650020e-01
-1.965613807322523776e-01
4.483021414776366953e-01
1.756141715569617956e-01
7.960328509759669879e-01
1.638990254224628185e+00
6.137828804969250873e-01
1.690591300347266790e+00
1.743486226854146226e+00
1.610217059098944636e+00
1.352017153068563848e+00
-9.545261608498674111e-01
-8.753113084129915400e-02
-6.108050444600383599e-01
-1.598922462313693726e+00
-1.163211347272795182e+00
1.403233664518621193e+00
2.311437546225305617e+00
1.452198319440753949e+00
1.474894048757250165e+00
1.417816589783545744e+00
1.510994520466146351e+00
-1.013237439083449765e+00
-8.424998090992508182e-01
1.085966466285432253e+00
1.303540663663814492e+00
-1.097289080143340145e+00
-7.024582240603545191e-01
-2.682556806957957729e+00
-9.626550635500009667e-01
-1.347436441291065545e+00
6.313767384039992159e-01
5.033869123323606587e-01
1.064496263192488357e+00
2.151350116278820224e+00
1.453795916713542802e-01
-1.797669896294544989e+00
-5.062978619222794352e-01
-1.224094893629369185e+00
-5.046711221428952232e-01
-6.761092301455005060e-01
-8.537096410818074688e-01
-1.246300437243608172e+00
-1.045670703254396816e+00
-1.104842136299652555e+00
-7.078088374206232825e-01
-6.573869421333524699e-01
-1.010315739320321038e+00
-8.418843727902258767e-02
6.906068338946338425e-01
-1.522941878432790386e+00
4.607555858419640771e-01
-1.059659318047532217e-01
4.728871243895658161e-01
4.417462417746111925e-01
1.226763450312860826e+00
-8.840836375370519917e-02
5.475887189727099980e-01
4.025872392538397682e-01
1.414091201411796561e+00
-2.075337751559036548e-01
-1.494675642402643057e-02
8.030205084700017260e-01
1.344409681147565649e+00
-2.580275630782469243e-02
4.057078487349892182e-01
-5.671841663218581964e-01
-5.912305083700244435e-01
-7.883390030411526750e-01
-8.763960455932662263e-02
-1.378629999304428644e+00
9.751278047742752975e-01
6.697317317213244969e-01
1.591712186673170937e+00
1.515420669130927322e+00
1.077242331623328164e+00
3.651380887572174272e-01
6.818887560328936726e-01
1.847810116652075507e+00
1.057031599430054314e+00
2.042498510125162703e+00
-8.156063206857691039e-01
-9.627945112943127048e-01
-1.230895819358239773e+00
1.222023150337925301e-03
-4.826017868290810586e-01
8.180695690891713889e-01
1.984150825800041762e-01
1.401741849770887782e+00
1.943373623493256375e+00
9.348955598376805787e-01
1.877294831810511377e+00
1.744506178859540180e+00
9.798646248081174237e-01
5.396648264820650409e-01
1.491266872916970243e+00
2.227308034078296473e+00
1.207565793085616512e+00
1.557510666236989749e+00
2.411870233063500901e+00
-1.586408599119528695e-01
1.430830725111418733e+00
1.106270328984393148e+00
1.024301826926921066e+00
7.445762506417152871e-01
1.339701641907192542e+00
-1.270397648167745919e+00
1.493951043525654221e-01
-1.129906869009833503e+00
9.150404503761921937e-01
-2.017053648399529830e+00
-1.097130698089915368e+00
4.277507590092666234e-02
-1.135439235573467265e+00
-1.242984189199111800e+00
-9.597514008793812668e-01
-2.015359703244359757e+00
-2.121726177855065565e+00
-5.868075964486880736e-01
-8.146067297951513630e-01
-2.430413834060946687e+00
1.660256370960643491e+00
1.893805343885220260e+00
8.877089051824316179e-01
2.958346539236073269e+00
2.452220279109147860e+00
-1.402243955481602633e+00
-2.485266079455833665e+00
-4.159828641573738439e-01
-2.931633366503173521e-01
-1.402268906651596980e+00
-1.916726174494711277e+00
-2.249197631813073528e+00
-4.359831928337370988e-01
-1.384091249320391181e+00
-1.692977771511538831e+00
2.273535579829253361e+00
8.156250772890407674e-01
2.741770461127048364e+00
1.033314059338199975e+00
7.519931276511875318e-01
-1.089846488120802537e+00
-4.641285169496790486e-01
-2.320683401007239244e+00
1.332406638718559577e-01
-1.216268856050058300e+00
8.400719599576200736e-01
2.482624505413677962e+00
-1.249632644653342339e-02
9.674643300584924166e-01
1.708609996079674342e+00
5.782791113623813040e-01
6.847271730739020734e-01
9.139153253410845501e-01
1.265945048891875757e+00
-1.342558284262681312e+00
6.222358190118481014e-01
1.400783664409603668e+00
1.799679714907309602e+00
1.311447197162872724e+00
1.074903416680675461e+00
-4.048616571137171327e-01
-6.014022781483268076e-01
-6.422894567711028291e-01
-1.382335648580896192e+00
-1.484664791373792259e+00
-3.209507316630477725e-01
-2.040028755210300027e+00
-1.094071958064803507e+00
-1.129506562459377417e+00
-1.429531881382277492e+00
-1.713624942608424462e+00
-1.163914579530974436e+00
-1.104127022189786977e+00
-5.070315945926461287e-01
-4.610785811567601478e-01
3.725771930315062708e-01
1.040441071700062725e+00
7.966253041840862803e-01
6.306183072552090652e-01
8.115082332141027033e-01
-9.480640650607409237e-01
-6.394439772037550096e-01
-1.481076020174191932e+00
-1.662396648012738565e+00
-9.676205680884505389e-01
-1.256422535475423707e+00
-6.041652881710078971e-01
-1.762121436139569841e-01
-1.011833811250783199e+00
-1.739891215595986473e+00
9.815647344805332741e-01
6.979565451310073554e-01
9.985510675421638283e-02
-3.137148283047004327e-01
7.658390626442271865e-01
-5.445679014251796346e-01
-2.026775299074454750e-01
2.148113063660810340e-01
-9.086103319250558030e-01
-1.017540793198304705e+00
-1.202486561914388741e+00
-1.287281082501734009e+00
-5.004143619755982986e-01
-1.429753493855035362e+00
5.282717275881196883e-01
-9.521382093946229030e-01
-3.538242648652751843e-01
-1.614754501618114402e+00
-2.040518819875215772e+00
-9.781458756312286784e-01
-1.989019604702413124e+00
-1.944084161530115651e+00
-1.700875267976874383e+00
-3.442573638409529568e-01
-7.118892084990136038e-01
1.504510958096851869e-01
9.594333900998419651e-02
6.375884627621426493e-01
7.327951478149041797e-01
1.450979165896240541e+00
1.435476169510101485e-01
4.814817544415046502e-01
2.132640336257813907e-01
-8.101586275018313188e-02
1.317925474111643958e+00
5.856808933681433293e-01
6.659323829838325048e-01
1.652594266348420993e+00
-7.468708285626179944e-03
6.949079914951470371e-01
-1.310243560362313042e-01
-1.675018694957504994e+00
1.047004488849367920e-01
-6.235702510500422679e-01
-7.201439563966602897e-01
9.693783887171021352e-01
5.212513522504225172e-01
7.718700543785749213e-01
6.940684178595430964e-01
1.290415228667892711e+00
2.945704469655536784e-01
8.389189711080223821e-01
3.853335809741437190e-01
1.046823143607346740e+00
-7.506863210626812943e-02
-2.058503647002385417e+00
-6.634063832426322360e-01
-6.292423829206317265e-01
-1.604020708505374371e+00
-4.340738549163118964e-01
-2.890521976469844212e-01
1.891265502934301290e+00
-1.258040861827165457e-01
1.198956417071080027e+00
2.143343886716462698e+00
-1.795460417943874232e+00
4.072237336441499878e-01
5.053740231567593888e-02
-2.334722722065392553e+00
-3.215613922967376359e-01
-2.354723076888324051e+00
-9.888588504697625181e-01
-1.954390538512970954e+00
-1.303000932609663431e+00
-4.272059088817949934e-01
-1.160286626714856162e+00
-4.160018422380871161e-01
-1.840263404095024535e+00
-1.127163070048369242e-01
9.696572844686035531e-02
8.155696680134136844e-01
1.341892557980623790e+00
1.330381339053005263e+00
1.179616610938978960e+00
3.346975121407644860e-01
3.472432372907297005e-02
9.026550369107126937e-01
1.616423224396080771e+00
-4.582288258898024047e-01
7.487532140194521624e-01
6.440601884725845050e-01
3.628979082340384466e-01
3.081135607223207673e-01
6.953904949840244987e-01
-3.875137129929815405e-01
-6.135571665102026451e-01
1.068397803261680323e-01
-1.187695064607327877e+00
-1.477587248453242630e+00
-1.287397058651845061e+00
2.124362420634459347e+00
1.453798710536746253e+00
-2.862801823794460798e-01
2.054575671245970625e-01
2.395634020025021460e+00
1.320944657522584276e+00
2.862196964278973521e-02
1.521898105999783812e+00
2.603826657200338346e+00
2.327009150480556787e-01
6.876071202476241595e-03
-9.119709063315967201e-01
-1.108699126217771447e+00
-1.220066994398326887e+00
-1.817111728760968603e+00
6.285453151048792098e-01
1.343628895427732894e+00
7.423827435820612441e-01
3.873630770919361810e-01
6.164866600595779733e-01
1.884939865568655559e+00
8.003739730953269849e-01
1.864592134375191002e+00
6.504894982108709867e-01
7.694898624289914224e-01
-2.681260572030907952e-01
3.271155680037107771e-03
5.107610496964283264e-01
1.370944803513439947e+00
1.340489280462331179e+00
7.360090780279060496e-02
1.022959343400127619e+00
1.276006667372065584e+00
1.917770492480075362e+00
1.922432975204339867e+00
-1.340499036263102850e+00
-1.511007405240452295e+00
-2.619570821202427124e-01
-1.805899854959525985e+00
-9.923820414497490638e-01
-1.450773666764662018e+00
-3.130553390277287518e-01
-1.297623582902398320e+00
-1.071817306457499175e+00
-9.671827652534310538e-01
-8.305512941161237173e-01
-2.015275557941204720e+00
-6.179329117724058351e-01
-9.342471815608410779e-02
-8.533678574155483254e-01
8.323786555353640537e-01
1.664925766513809524e+00
6.021193575801065956e-01
1.056338033556037059e+00
-8.054152498032740581e-02
-3.634409536373521821e-01
-2.591663690370034079e+00
2.369818803243606276e-02
-9.197906850803952983e-01
-5.539181100370779154e-01
-3.792473455401309534e-01
-4.673915441430438467e-01
-3.524966537816356382e-01
1.952449180741679946e-01
-1.870596053081861054e-01
6.974394394423421017e-01
1.392352166988075179e+00
1.803339106564175731e+00
5.593745661232243371e-01
1.403764507509109638e+00
-4.469343562688360416e-01
-1.287033929117975983e+00
-1.017746644267560230e+00
-6.291534773781450873e-01
-2.103749615928371064e+00
-1.217893106359811739e+00
-1.072680819930728058e+00
1.589489407421842415e-01
-2.296734624566857619e+00
-1.567688334925172899e+00
-5.991081424906478103e-01
-1.599356393961267608e+00
-1.160161516164625706e+00
-1.392915363755717895e+00
-1.868427001499010309e+00
3.441188694751540211e-02
-6.592495344070836705e-01
-1.065775149918320341e+00
-9.814599723160221112e-01
-1.341716849097435604e+00
9.902762104023037359e-01
-1.968827110021029725e-01
1.206292774700075121e-01
7.298364156245620293e-01
4.454847861278152799e-01
1.206656815036767361e+00
1.325532192264648579e+00
1.771484650049079512e+00
1.931034893035570743e+00
2.739565609900314058e-01
1.160898759321888685e+00
8.683170549245453618e-01
1.917229477241444879e+00
1.499911468800886327e+00
4.548419749321378491e-01
-6.459160781747657065e-01
-2.005680846588079325e-01
3.760609931393201766e-01
-2.629141781001127498e-01
-2.672191661947720398e-02
9.044826521973438060e-01
1.625335431553603049e+00
7.314534708617277392e-01
1.022001726366686514e+00
4.547374133196127044e-01
4.971111366754336069e-01
6.562279384648542768e-01
2.163917744580825531e-01
1.941606153320519557e+00
1.368169578879137926e+00
2.235080820647068478e-01
-1.364591047856483996e+00
-1.614247136937437821e+00
-9.993095432425157520e-01
-1.952630334271668433e+00
1.656418923849130476e+00
1.158623217364250779e+00
8.104581516322675316e-01
1.499128886284238682e+00
1.059292428682543141e+00
2.030383424104195145e-01
1.911234569497517910e+00
9.322068292878877838e-01
3.893559408598352700e-01
1.783589472877872062e+00
1.184409523857419932e+00
1.370088577945935970e+00
4.266109991363776777e-01
8.389847053205448102e-01
4.653154187032895184e-01
1.526084890478652589e+00
2.045646318502485350e+00
1.543821671868801593e+00
4.391430218807022001e-01
5.022513368675660672e-01
-2.903029363556884901e-01
-2.097947614322600351e+00
-1.954154109563726038e+00
-1.218975039333387800e+00
-1.235673987294285681e+00
-1.049110571724556129e+00
-5.699673298120561116e-01
-1.166093956350868099e+00
-1.497979313995728479e+00
-1.547243654698497117e+00
-1.876819633920838282e+00
-1.136731072500070550e+00
-6.048638773537355906e-01
-7.753895213243483520e-01
-9.425102879078827156e-01
1.060864570766576920e+00
1.608343756319404072e+00
5.536328258985052653e-01
1.998573219457958627e+00
6.330889761518314618e-01
-1.373728168373416603e+00
-1.177137096320117093e+00
-1.957106244450442345e+00
-6.906037357389656073e-01
-1.142680404271827266e+00
-7.290275518038058511e-01
-1.024396532374885593e+00
-6.871757217651993654e-01
-1.409355080854334030e+00
-2.401639648791389359e+00
1.213834451997549024e+00
1.678034881670704248e+00
5.286286377890412336e-01
1.270868046993497646e+00
1.349129396224102884e+00
-1.247722440521040754e+00
-1.405059877704518234e+00
-1.835123482862595079e-01
-1.633848747038911364e+00
-6.233047638258177869e-01
-1.709321548263512014e+00
-2.551347639528560585e-01
-5.011104016209655398e-02
-7.176536780131779203e-01
-5.997306357464833315e-01
-1.467446771546862427e+00
-4.004994338385059471e-02
3.623876042639648798e-01
-1.028649944667180849e+00
-1.427660065225850206e+00
-2.409998625952060713e+00
-9.190611480565218372e-01
-1.792692404101840831e+00
-1.278026878141964140e+00
-1.450905490272531573e-01
7.587786213968727989e-02
-4.353847528956866775e-02
-2.820781666684628597e-01
8.677768085276301724e-01
1.944926838909043054e+00
4.905004090790204829e-01
1.973196808450350392e-01
9.466262703974022141e-01
9.232636621063724514e-01
5.493241149840931703e-01
1.339687303544955910e+00
1.035176300692336682e+00
9.466875594839609942e-01
7.428159750285091567e-01
4.908558785351733178e-01
-7.492386529011145768e-01
-3.473674743364010276e-01
2.743994563908107587e-01
1.779560464194320790e-01
3.603117708399783403e-01
7.482695478860386107e-01
2.056993480668971586e+00
2.131497077691168585e+00
2.767036219732754709e-01
1.821626614481318018e+00
8.648774505615105523e-01
4.592226911140151469e-01
6.512277506810247862e-01
1.159449412569470983e+00
1.601714543706254545e+00
-1.038102212980689609e+00
-1.424740547362683074e+00
-7.388397852296202384e-02
-2.067386003205683442e-01
-1.015405670914215630e+00
1.970833596571229362e+00
7.658747145558243430e-01
1.259778082169946689e+00
9.366049650940400095e-01
2.851209015088722598e-01
1.019547370390992969e+00
2.697877055978659122e+00
1.679476255539326113e+00
3.179473485440633684e+00
6.702225071067122730e-01
1.209642855540760120e-01
8.126857071843243130e-01
5.303158023660757836e-01
1.895718615190641110e+00
1.060395199012713618e-01
1.282536472238899883e+00
1.096504915430431382e+00
1.313161649432659450e+00
9.636162885915854348e-01
2.163343088694600347e+00
-1.045763156224854384e+00
-1.352245331720958621e+00
8.537215791776064933e-02
-1.657908150631712818e+00
-9.956145285500715980e-01
-5.449698098494102361e-01
-1.135896960575950354e+00
-2.722595667015395016e-01
-4.660746058010616366e-01
-3.897630184884390836e-01
-2.001688672988038764e+00
-1.340944385076812129e+00
-2.586192967580129398e+00
-8.372280620549599206e-02
-2.291887988325237435e-01
1.707533518141588491e+00
-2.507080301089237295e-02
2.722758680672646037e+00
1.932821311338357662e+00
4.743501396286687877e-01
-1.776898509843528151e+00
-1.166283896642935414e+00
-1.162448016811675977e+00
-1.422288001761932819e+00
-7.833839947044783925e-01
-9.118897433135290109e-01
-8.597612508840604129e-01
-1.249797099564940339e+00
-6.921110051448073897e-01
-1.064563226289640285e+00
2.025630495343220705e+00
1.991617333118433697e+00
2.150253039102887787e+00
-2.986783094800136151e-01
1.787141122156772344e-01
-1.623053555252533364e+00
-5.175482857605686604e-01
-1.159676734484604177e+00
-5.290306145406922234e-01
-1.218127786723221861e+00
1.423252484133244788e+00
1.126622621087285614e+00
7.877444294235402822e-02
7.779323995945854886e-01
2.158292985132840958e+00
8.298765058129525807e-01
1.100585353452104842e+00
-1.016769379161348574e+00
8.364028119944311168e-01
-2.039196387995101389e-02
-8.892732644445797696e-01
5.908552397683459745e-01
7.375837743692891246e-01
9.626824645853977458e-01
1.131364290819068641e+00
-7.461744995520018797e-01
-1.211330117283597074e+00
-1.853061694502987411e+00
-3.154792349664919948e-01
-1.937387735376364439e+00
-1.149454256660428664e+00
-1.510837178552763671e+00
-1.616403379624079761e+00
5.563415384364973626e-01
7.845273907076277808e-02
-2.196510238560668959e+00
-8.275625943785995808e-01
-2.021468735115541371e-01
-1.533499859383707031e+00
-1.186392549192591517e+00
1.567046958493588438e+00
-7.933150653729019730e-01
1.802038280794486580e+00
5.308029140495946763e-01
7.491413015200019121e-01
-2.844949889298977741e-01
-1.325266185485792336e+00
-2.253652341286920713e+00
-2.382814932254021523e-01
-2.852164110822636989e-01
-1.272143335065925918e+00
-6.490076035266888477e-01
-1.871947719109954278e-01
-1.173266007874142813e+00
-1.211578359158044682e+00
1.730219350571283954e+00
2.779443887822231618e-01
1.820015690180535994e+00
1.536016202624448601e+00
-3.937190027961876559e-01
-1.727489971220848908e+00
-3.572196481465457207e-01
-8.755764613516350270e-01
-1.361626543316477145e+00
-9.814798539364666397e-01
-2.251856132681317568e+00
4.329635387450807560e-01
-1.679808073545598024e+00
-8.226161883790741314e-01
-4.396175132157787990e-01
-5.478153273548425073e-01
-2.268944696980275566e+00
-2.135903932963244323e+00
-2.250188384537763042e+00
-1.105394338029033641e+00
-1.182215621054342414e+00
-1.790904637015332312e+00
-1.865356372658296902e+00
-3.258143093062637607e-01
3.859229043285608007e-01
2.804647287059234273e-01
7.924159272838455781e-01
1.635108055777759306e+00
2.248033332984094912e+00
2.656588964326419777e+00
7.559601681619242397e-01
9.221998106817002050e-01
2.980871763459502777e+00
-3.002625036196879815e-01
1.198975622124434759e+00
1.327967150649475903e+00
2.377864030765554748e+00
2.482028498817314244e+00
4.903597839316058415e-01
7.628604513956960265e-02
-1.623802367470238428e-01
-1.100743730275959953e+00
3.705875705681787036e-01
-7.798176381405466095e-01
-2.059738824773243770e+00
6.508309407120447254e-01
1.332883160089256336e+00
1.252593365128269909e+00
2.157657836979875565e+00
2.131074758729366803e+00
1.356499606752558984e+00
9.444214123475818123e-01
3.086754524523330767e-01
9.018915506735573073e-01
1.432877888093436525e+00
-2.637962364209128774e-01
-1.435511248855967148e+00
-1.218066892225966313e+00
-6.835777867504868599e-01
-1.529783909583029233e+00
2.717305412019594968e-01
1.175391852553913097e+00
8.121364853916541726e-01
3.648758790087218706e-01
6.039204831905411464e-01
-7.567076490689521595e-01
-1.110425876943679224e-01
-8.498502962659817417e-01
-7.630430534017405009e-01
-9.180955276347644300e-01
-5.264986488924749963e-01
1.346934771510066575e-02
-1.180530471314739094e+00
-2.482601610215247057e-01
-1.747360927730183366e+00
-1.233775649815509912e+00
-1.192824030304850291e+00
6.173297785778526503e-01
-5.805956056974178603e-01
-7.877610143734405934e-01
2.623499463497570794e+00
7.679497136650813571e-01
1.553790403883808402e+00
-2.225138630659366790e-01
1.390658945775288924e+00
1.338142481270464534e+00
1.697343119343901918e+00
1.940266356400060843e+00
1.255820781817555520e+00
1.555590799328116614e+00
7.264175757416169166e-01
-4.517409834753240983e-01
1.426638272286709697e+00
7.655199675629640321e-01
1.473818204592350689e+00
-1.447593021599920426e+00
-3.347206052469772208e-01
-1.256041811671863462e+00
-1.197201003290587540e+00
-1.948889443761597118e+00
9.512175969739939951e-01
1.450464257933370860e+00
2.855120366378838703e+00
2.336581698289293740e+00
7.234027482092846295e-01
3.989957040033287328e-02
1.653867021051185660e+00
3.517818372820323169e+00
1.503749376603610965e+00
2.221892562853546416e+00
5.667466937035592345e-01
7.886062028365201648e-01
-3.320395660210617717e-02
-2.077034910605576545e+00
-4.933362702358355945e-01
-6.785250755141807311e-01
1.266990881446079742e+00
1.171813775665139667e+00
2.426559879995064950e-01
1.926705294393714851e+00
1.180840990713955874e+00
1.521405117681691621e+00
1.291586190062702144e+00
1.918501938260295026e+00
2.096277321319038656e+00
1.974352957261159114e+00
2.025020468306834243e+00
1.490234306466981629e+00
1.546036560850897690e+00
6.916628148724799363e-01
6.874472967339309015e-01
1.252203557684132385e+00
1.742296144764083010e+00
1.821095515008158250e+00
1.284184202416611242e+00
-7.489492105893402751e-01
-1.589480512151660196e+00
-1.964608800741274308e-02
-2.831663821863437125e-01
-1.276759759247844128e+00
-3.437312490923776220e-01
-1.402636726995510230e+00
5.525415621370259878e-01
-5.694576804583892926e-01
-7.947654661615310978e-01
-9.061284620024354641e-01
-1.723255085348224025e+00
8.883119624047863816e-02
2.913818020026570643e-01
-1.120260455194507454e+00
7.039805058961824402e-01
1.677852183260322372e+00
1.041865872391355641e+00
5.429308245985127179e-01
1.583923397902103680e+00
-1.938607060429467399e+00
-4.834397589605510248e-01
-7.678901805875406605e-01
-6.820536854287256867e-01
-1.598594554450394334e-02
-4.790720292619055076e-01
-3.510219754749399623e-02
-8.881594433543381628e-01
-2.493666224405885590e+00
-4.950864104212346906e-01
1.428320597682223747e+00
1.658464255711985968e+00
6.661260008882443628e-01
8.785350674836313045e-01
7.706998402818159288e-01
-7.654251266507228202e-01
-7.547027501801881755e-01
-7.676205993701341601e-01
-1.160351267704765155e+00
-1.098256135095468711e+00
-4.278269596769974648e-01
-2.867928494215887802e+00
-7.901973500730331557e-01
-2.389935517169624823e+00
-9.821014356036252835e-01
-1.545024565160970864e+00
-5.125831583468518637e-01
-1.152850031769509620e+00
-1.263852947173599084e+00
-8.314409603775874125e-01
-6.054838215955737901e-01
-1.000137770526957182e+00
-1.059274236228734845e+00
-1.350178674850124327e+00
-1.512836315438324197e+00
-4.206801749674942137e-01
2.242835751686757639e+00
1.847994980435734291e+00
1.151887296363698132e+00
1.418326217469352502e+00
8.634491146452597521e-01
5.229276170940172497e-01
9.182620862569220721e-01
3.387649761592954611e-01
-1.786043369022867200e-01
5.243746499910348913e-01
6.594897197737876748e-01
1.580266282585946147e+00
1.453836572678238515e+00
1.409388706772444211e+00
-1.336132239110430220e-01
-7.616999879219807923e-01
-8.018316378114336285e-01
-2.492987478102598242e+00
-7.561183534008666385e-01
1.242830856370749082e+00
8.681671235872490122e-01
8.842386365550557459e-01
-3.188289945105060585e-01
7.231719870382948834e-01
1.361365291459361693e+00
1.628732868264617828e+00
1.027948832990690509e+00
1.984816739703045840e+00
9.525522390561494968e-01
-1.475313617593883020e+00
-2.161571958977623886e+00
-1.249261669351642956e+00
-1.314379742259670136e+00
-1.341876048657881793e-01
1.723514121021041623e+00
6.109407242222612000e-01
1.687710152163295785e+00
8.086888460292509517e-01
7.319920440183151911e-01
5.215518128934300002e-01
6.286415648521224142e-01
1.189015008442119825e+00
4.517585083772026611e-01
1.427433625966928243e+00
8.887523948514270966e-01
4.267590872673812097e-01
5.480669180836335030e-01
7.588699657796589282e-01
1.050380596009201639e+00
1.897113789800564998e+00
1.438673045830420438e+00
1.858524448736884160e+00
1.076115921681887189e-01
-3.354582450062311150e-01
-3.294203388065193305e-01
-1.172353950769238207e+00
-5.087835560560851622e-01
-6.715726227616183319e-01
-3.493254097013792636e-01
-7.838401937181408430e-01
-5.713717374523562542e-01
-1.422768962767017253e+00
-1.461688728177219510e+00
-9.079060596822657869e-01
-2.173514947224161720e+00
-4.076859608892646758e-02
-2.834516123275871546e+00
-1.149444881298923971e+00
-6.139744177521666568e-01
9.699730797280605721e-01
6.820395361637410225e-01
1.550682313132557999e+00
1.415002584257975871e+00
1.100008717465777108e+00
-1.228024580644384578e+00
-1.225844872760563309e+00
-1.011175726976516254e+00
-2.759369635279475208e+00
-1.451670382576134344e+00
-1.277066565424529898e+00
-4.048646391945173173e-01
-1.468489062034181725e+00
-6.938243089442135414e-01
-1.579155984036309635e+00
6.113781442677290734e-01
1.507601478599885025e+00
1.528830729247479425e+00
1.668508187277248478e+00
1.596178973008600455e+00
-8.735788096426320148e-01
-1.120902966520185950e+00
-3.652713794376233336e-01
-6.263428974713505237e-01
-2.208467237709788478e+00
