-3.008251692321095572e-02
-1.138586996201038648e-01
-1.085277247135931988e+00
2.240871719309156518e-01
-1.521331836857688247e+00
-1.380750902268397473e+00
-1.018498361389342799e+00
1.628799512994261178e-02
-1.537992699309183919e+00
-2.179394338963168476e+00
-9.188526807238230898e-01
-1.394132188086620872e-01
-1.707533570997294303e+00
7.674889058512162077e-01
-1.901362901424087370e+00
6.433774734153884234e-01
1.408850957238651835e+00
1.745766627183142017e+00
2.051167311260206905e+00
1.130308944233044066e+00
3.105560275586487506e-01
1.320081047037363620e+00
9.503500378298557205e-01
7.227465798274952391e-01
1.044328767167268079e+00
2.453500822973351259e-01
3.694463344417187045e-01
1.260829763196332776e+00
1.323464805734087868e+00
1.447073127340742671e+00
-1.489279385087669771e+00
-1.032163305297014722e+00
-1.520464485739958072e+00
-6.041021227297176388e-01
4.037961110222143546e-03
9.126283662828639232e-01
9.052322139861834760e-01
4.866506453668715260e-01
7.633188875110752392e-01
5.636912731425101075e-01
1.667577245977491351e+00
2.303498909927592209e+00
7.868419059231438473e-01
-2.351268346588182290e-01
2.073283864767329732e+00
-9.038925994266577835e-02
-8.338989918777702792e-01
-1.248614163266804855e+00
-1.393849104207974365e+00
1.899861011664774058e-01
1.788881640807595153e+00
-8.594933819033521161e-01
8.762945373298882679e-01
7.163075599759761714e-01
1.870194159524513289e+00
-2.491424201626557533e-02
5.268012434101285724e-01
1.043375217818587108e+00
1.171978136854230801e+00
6.619104092717791321e-01
8.789848624457030635e-01
1.651041591484550430e+00
5.329616307504408956e-01
1.704028352694113124e+00
1.601032073071422701e+00
7.725074434026495407e-01
1.196499660821650712e+00
5.266901037734489366e-01
1.271531070958214160e+00
1.186796470400209857e+00
-8.829553496920322653e-01
-2.155546067329210835e+00
-1.786128663660156102e+00
-1.042659009798286407e+00
-3.341603433796472844e-01
2.703045297256492230e-01
-1.455754831228329937e+00
-1.969041228863113169e-01
-1.321022632475848502e+00
-1.537295173234992873e+00
-3.666644895647294122e-01
-1.344298827643663152e+00
-4.390530386487305758e-01
-1.529721973905480148e+00
-1.585400758038130631e+00
2.263594909457852467e+00
7.187221206559487596e-01
1.824089813654349745e+00
9.293618651138227937e-01
1.937870961425145477e-01
-6.733620687740320410e-01
-1.423198032923722600e-02
-9.525612193237944503e-01
-5.821674422361411416e-01
-2.027493899848222370e+00
-1.195088992578848153e+00
-4.225742866043821211e-01
-7.130356908559509765e-01
8.283727299166510072e-02
-4.800070009839869645e-01
-1.645216162821283579e-01
-3.046733168385593604e-01
2.016880607311705376e+00
6.278538105809634562e-01
1.922813434367046881e+00
-1.942252335851268885e+00
-4.962081053585408741e-01
-2.021496172730688379e+00
-5.601452297968333438e-01
-1.979968519221174894e+00
1.576821921231094326e+00
1.625294229364866894e+00
6.087390027234441670e-01
3.044408219594316289e+00
9.649016564357747461e-01
1.420938237752736422e+00
-1.911409365963769869e-01
2.481779028502900886e+00
6.482673994695433706e-01
3.542212051100781522e-01
-2.972662889159689570e-01
8.842347333586655367e-01
9.872947251624061282e-01
8.736292385166827268e-01
-3.085122326461342546e-02
-8.720526848399163811e-01
-1.207724070894120150e+00
-4.576959827947841841e-01
-4.848922053379058905e-01
4.900689527225214892e-01
-1.921585014961596505e+00
-1.130560619482694706e+00
-2.543788399843616155e-02
-1.359588026332479771e+00
-9.768353510652789673e-01
-7.668322716058473265e-02
-1.327565749418417429e+00
-1.376407072665722708e+00
-8.239702577028167330e-01
-7.435466046401094653e-01
1.706657863190699675e+00
-5.335759483901805211e-01
2.646151810170453089e+00
1.343978758663230799e+00
1.289140940402471625e+00
-4.873948468942838064e-01
-1.664847409913424059e+00
-1.598620309751543678e+00
3.144450444043180859e-01
-4.817914654394723772e-01
-9.292261088062183649e-01
-2.922908342450534214e-01
-2.084431074266660744e+00
-6.553761325814397853e-01
-1.121242216968600713e+00
1.456997655846673290e+00
4.174326809216486467e-01
1.612213971752336938e+00
2.237698756711329118e+00
1.479679689257805242e+00
-1.615724221958491302e+00
-4.668978650427855204e-01
-9.123322188281700607e-01
-6.991815707722153217e-01
-2.973486928332858881e+00
-1.113071372110239432e+00
-1.418116171777168866e+00
-5.766032077355468521e-01
-1.189660188128943252e+00
-1.607891668574713995e+00
-9.247172388579839586e-01
-1.710702905789520667e+00
-7.674640606520248820e-01
-1.789231739695397838e+00
-1.098473521499400807e+00
-8.229186743751053523e-01
-9.733290278984750854e-01
-1.832829745110020170e+00
-1.069861553165682766e+00
-1.706794508546745526e+00
4.722257686625204176e-01
-1.236649608362005992e-01
4.298676176155264983e-01
-2.084726140533976757e-01
2.104974318473794792e+00
2.733112396696819602e-01
1.365370080253339724e+00
2.229701881571336752e+00
1.361959318840166855e+00
1.034168494452307074e+00
1.053499098609963713e+00
5.432983403611297835e-01
1.061194167471023242e+00
5.560703642397771818e-01
1.518304096979042006e+00
-7.560431400479998842e-01
-1.764396227741420242e+00
7.269241732244857701e-01
-3.505396574611467919e-01
-8.893615173317102052e-01
-6.736742996938405170e-02
-1.589677713262880321e-01
5.449251662862188983e-01
1.456348093028994484e+00
7.317162718118769282e-01
1.004094114021390372e+00
5.064561219533963987e-01
6.682331894296480446e-01
4.632017411951367958e-01
1.619153473680593258e+00
-2.212937628351653530e+00
-1.501702609857181514e+00
-4.032197699396266044e-01
-1.136903780150321008e+00
-1.336347736912816275e+00
1.399436121391664622e+00
1.855084361821902394e+00
2.406209259283137669e+00
9.599074818076690496e-01
3.070891745866028977e-01
1.086773602661825766e+00
2.334324881952356101e+00
8.391312372249273288e-01
8.448067486664323500e-01
7.891571791176610340e-01
1.690200191412692066e+00
1.487867929098311670e+00
1.106793104812391793e+00
1.839041940147085885e-01
1.853201767947990630e-01
1.127658374777428252e+00
1.794642363943270924e+00
1.276135676653591844e+00
2.753559104261515955e+00
6.257370573016722837e-01
9.066022881965714042e-01
3.312823086207434820e-01
-1.758401498234936966e+00
-1.773605021770948031e+00
-1.502319203293604133e+00
-2.391660187096304568e+00
-9.699466118610500232e-01
-1.608525858605781567e-01
-1.421023446744125396e+00
-7.139879266359911991e-01
-1.601082081395996948e+00
-2.008268330834521720e+00
-1.221762530180573014e+00
-1.234645613275576315e+00
-1.521858979058813288e-01
5.374656139509987884e-01
1.040426661773998340e+00
7.164055828768018941e-01
7.372078043683416571e-01
8.160289899113888357e-01
-5.861619428441307011e-01
-8.873916391120952873e-01
4.133623938022421562e-01
-1.711391777504708722e+00
-1.863998151832888528e+00
-6.904239542879802016e-01
-1.255421202604472208e+00
-1.532951860026823931e+00
-1.314711081214107846e+00
-3.392421158749034937e-01
1.513326660880715213e+00
-2.314478699519102456e-01
1.228789269993284972e+00
-3.022588716170144796e-01
2.821011297467619361e-01
-1.802079108214969860e+00
-9.964947236591519264e-01
1.065222933248124448e-01
5.027965840531223307e-02
-5.061023209320448801e-01
7.137595157555596259e-01
-8.613250666246985432e-01
9.890082098548151901e-01
3.881511407966331539e-01
4.023641625059177773e-01
9.400261894019318332e-01
8.685035858411576104e-01
2.042544056728305080e+00
3.892108021202772550e-01
2.267022994607711173e+00
1.315579361235488909e+00
2.606348721177134120e-01
1.928960745448111691e+00
2.758479716564601336e-01
1.279095675659773113e+00
-2.507899308046088294e+00
-1.396951454067914433e+00
-1.277562797941592443e+00
-8.429994727701763946e-01
7.129329080489705817e-01
-1.830010289561093462e+00
-1.710707790797148187e+00
-1.791580542364994200e+00
-9.191830885502972892e-01
-3.615749669415493361e-01
-6.708575769014031298e-01
-4.650082673671314115e-01
-6.033897222087107881e-01
-1.573878233298944940e+00
-9.575726256789027779e-01
1.013662080897981488e+00
8.097565965004026589e-01
9.098843839082735307e-01
-3.860106593491798854e-01
2.207481586733315293e+00
-5.009195184906584108e-01
-8.246582674518541101e-01
-1.541813832082222335e+00
-1.136630786867329324e+00
-4.702718696938381626e-01
-6.354751199387425054e-01
-1.930570391593077417e+00
-5.146596459621318731e-01
-2.296461461477294463e+00
-1.501424944868376965e-01
1.169857912540060552e+00
1.687578059380916651e+00
1.005083808825387059e+00
1.344942566319226707e+00
7.511660419861934113e-01
-3.303147626299925976e-01
-2.188615189917938464e-01
-2.208466057000115335e+00
-1.472487215191494947e+00
-9.620124000947857246e-01
-8.793170795111659999e-02
9.059872545986342729e-01
1.703235180372940194e+00
1.537183573795772862e-01
1.555868242165318716e+00
1.821031406038885470e+00
7.345973176903957125e-01
1.299382613874951131e+00
1.869498516258748966e+00
-1.504634275281657718e-01
1.414024863078888306e+00
-5.586866023987724361e-05
1.746754388405495240e+00
4.609898626777531039e-01
8.032274311863026872e-01
-4.952671671115659313e-01
-1.324778116890177770e+00
-1.522975325760612453e+00
-3.085727441954577710e-01
-1.074555513623040914e+00
-1.260623650099430559e+00
-1.247814147640815108e+00
-1.148608120285021128e+00
-1.724344257831143867e+00
-1.661026606475968670e+00
-4.084633483923757469e-01
-1.665412269320529548e+00
-2.384590297649924473e-01
-6.947397191397168825e-01
-3.766149338061488550e-01
3.892927058860395917e-02
1.004082000014491660e+00
1.462122595015288962e+00
1.500484254707149967e+00
1.341864449678060955e+00
-9.229596535109687583e-01
-9.157096608377169877e-01
-1.348936111607482724e+00
-9.416846935024664189e-01
-4.194640084682761394e-01
-5.268438698234776396e-01
-2.758350984227829983e+00
-2.326295569871914992e+00
-4.987665321098806448e-01
-9.306800921695572715e-01
-1.605772121148463238e-01
1.520952235069164216e+00
1.262177899622722199e+00
1.156383584476772253e-01
2.665514227588674512e-01
-1.813048646105139161e+00
-2.945972245894823427e-01
-2.185703814088387986e+00
-1.269455576662631868e+00
-1.604908190415396785e+00
7.936723095290150187e-01
1.022243675310210209e+00
2.453780416555604749e+00
1.292076073129225788e+00
2.009492037291726430e+00
1.286863909932352001e-01
1.980492102362207962e-01
1.047534565336821322e+00
2.269511161603293470e+00
8.627924311604854291e-01
-9.444585735572252894e-02
1.178732080798405413e+00
3.654756730431265588e-01
1.807338253371184589e+00
6.714003389286107293e-01
6.965410488681764711e-01
-1.180606669343823079e+00
-1.795827651615815590e-01
-2.037827544530020241e+00
-2.721516423032437348e-01
-8.007450812359477865e-01
-1.495658402350820149e+00
-9.167235214827861300e-01
-9.388423679685919954e-01
-7.987410358974107449e-01
-1.403571890101916075e+00
-4.534258436832890871e-01
-6.410099878750867841e-01
-8.208434070684342831e-01
-2.131637783603339997e+00
1.027463119261671221e+00
-1.797392548666549850e-01
1.040959596804700515e+00
-1.308075625579665502e-01
1.083027283576275535e+00
-1.816568271130754475e+00
-1.462747649354355195e+00
-1.298047025957813849e+00
-3.445990141110923943e-01
-9.567998848090796260e-01
-1.771062541983157601e+00
-9.674862947228147769e-01
7.788606228878580673e-02
-9.418843382150656751e-01
-4.921727942551537005e-01
8.737306203943414618e-01
7.632390697219183506e-01
7.208786378424911767e-01
8.333199986294912431e-01
4.267326429139821631e-01
-1.376413876287423399e+00
-1.467603276455668349e+00
-1.039219716797900706e+00
-6.155128339363903356e-01
-1.279804891020644320e+00
-6.790509379337019702e-01
-2.675636320982506255e+00
-1.543516679656107060e+00
-1.427265458972162060e+00
-1.831526552993864243e+00
-1.302188061245116657e+00
-2.963151299615353063e-01
-1.427762876695507277e+00
-8.906695260243345791e-01
-1.204749820003244709e+00
-6.479469463177676136e-01
-6.515612570912365786e-01
-3.598829282889709491e-01
-8.779336525971384031e-01
-1.354742939443760896e+00
1.495285861009849171e+00
9.942016200732473052e-01
1.829410963565683002e-01
2.751750785110967934e-01
2.141688739713869527e+00
1.438357425103834686e+00
1.349518703412187381e+00
1.465939909760549220e+00
6.485230480400183684e-01
1.181963521636420378e+00
9.298186998738494635e-01
1.905636594345687662e+00
-2.144698163951428427e-01
8.399827821789099813e-01
9.509880545380057226e-01
-3.653208445145015304e-01
-1.387893643334596083e+00
-8.062849391594054671e-01
-8.226144498135619099e-01
-4.645873801035618200e-01
1.913123903797944392e+00
1.598664573435483405e+00
1.088412513471307852e+00
1.636753783874985935e+00
2.242224789512086591e+00
5.741032595530599636e-01
3.391593751043413540e-01
6.709409801132624196e-01
2.777255794216316076e+00
1.956098839107295095e+00
-1.433121758159920933e+00
-3.031056552894912937e-01
-1.850177899840678597e+00
-1.006557279651291603e+00
-1.029222626718943712e+00
3.441943876972626271e-01
-2.711434159966599200e-01
1.966715476589960820e+00
1.568458336566966871e+00
9.248417158369629520e-01
2.088753425198779379e+00
6.764958788866928252e-01
1.463187668468762137e+00
9.917879667521245501e-02
8.584084579357609268e-01
4.914439967939907561e-01
-3.140373179391398040e-02
1.260275940136238892e+00
1.601955699119923082e+00
2.005238371804694886e+00
-4.210589840037068932e-01
9.824293803052350782e-01
6.455948941743765435e-01
5.907356622496466869e-01
6.910123537573822361e-01
-8.242388593782987716e-01
-1.042613113214682308e+00
-1.382284223661949252e+00
-1.388793101053853007e+00
-1.203552121708605593e+00
-2.998415443567080674e-01
-1.642486726793925822e+00
-1.457305185656869728e+00
-1.265646114852253978e+00
-5.829439970169355556e-01
-1.438055698115472847e+00
-1.756319347167676570e+00
-5.148754273136566528e-01
-1.291293145782944851e+00
-8.930024184590695802e-01
9.857495568436298594e-01
8.726069460518328658e-01
1.596244683091677663e+00
8.802534768527479070e-01
2.189933638574323993e+00
-1.404032006328723936e+00
-2.389398548764712915e-01
2.806329211576574778e-02
-1.045831551959560679e+00
3.379656237060348900e-01
-1.378232054391276495e+00
-1.774284919304869312e-03
-1.541993754331594246e+00
-8.387359121667855577e-01
-9.592935872644685613e-01
8.776387433924827119e-01
1.435877083118883846e+00
1.324889920201705706e+00
1.913098288507718792e+00
-1.903354557572960459e-01
-1.305147291504050733e+00
-3.273258915216169740e+00
-1.596378120808656931e+00
-2.351633408769065348e+00
-1.311670324290509004e+00
1.487831800234477697e+00
1.527829484851523700e+00
7.035341598796218676e-01
2.082085834606399732e-01
-1.079968510479434762e+00
1.546607933168574700e+00
1.154784829904226040e+00
6.431688695714066206e-02
1.706508017421955570e+00
2.252492107916499009e+00
9.530598494712092528e-01
1.153019255439340363e+00
2.588712122318194364e+00
4.645319176878639489e-01
2.241158920675198729e+00
-1.426885203914835643e+00
-9.196332604927025534e-01
-2.116069860415993098e+00
-2.089642424646924290e+00
-1.400622693489741000e+00
-1.339566954616408845e+00
-7.721033144368654177e-01
-1.349280995999424082e+00
-1.876426005651031126e+00
2.207873328758085396e-01
-4.171100016765264540e-01
-1.260310047899574570e+00
-2.534843819089284134e-01
-5.396114286103783630e-01
-1.025827883088791470e+00
1.247661150944528341e+00
1.436455339867865000e+00
1.093141300598079013e+00
2.531737747457950549e-01
2.889289962542106460e-01
-1.747921102776495150e+00
-7.031264761953543996e-01
-2.261520785425556124e+00
-4.723295775365367044e-01
-4.769666257976771240e-01
-4.470522948839372734e-01
-1.366244370031705069e-01
-1.026081537653518172e+00
-1.241263215430550071e+00
-7.719134427959382094e-01
1.975367010148590285e+00
7.345650727180401685e-01
2.989714572917867574e-01
8.819511374690169880e-01
5.047662611488024087e-01
-5.103199509887692553e-01
-8.237294218827719838e-01
-1.913669591076528009e+00
-7.406731541238881222e-01
-2.952547193345702592e-01
-6.294025265555101001e-01
-1.797881522200914794e+00
-1.792637173431694375e+00
-4.325014338914885403e-01
-1.387758713715268488e+00
-1.968385582171185533e+00
3.702838122567770895e-01
-2.559352178301203651e+00
-2.131570288163018301e-01
-1.166184133224507757e+00
1.606953923706875287e-01
5.796120487270663979e-01
-2.022040498834532407e+00
-9.666958543121930703e-01
-2.080206233601487043e-01
4.873064004653342440e-01
9.831460375900489268e-01
1.154840923579171896e+00
1.348461551655009139e+00
1.404392238592162556e-01
2.025030999057719328e+00
7.958669015018806636e-01
8.706446201759444614e-01
7.185964200004194558e-01
3.575050220235946874e-01
1.645248245761989470e+00
2.525269357598425302e-02
2.529801744656324125e+00
6.181360467214913612e-02
1.441104092176379137e+00
-1.156639439917183099e+00
-2.122025083474943230e+00
-1.084735067810549847e+00
-9.996047662313004567e-01
-8.942221927697372452e-01
1.847213693127287337e+00
1.092303955279595451e+00
6.739478768837401379e-01
2.054932676865712349e+00
1.464156448280281353e+00
1.763724008094740947e+00
1.038114518075243131e+00
1.591058250924640927e+00
1.823338090187442528e+00
1.008263567005101224e+00
-1.373216769031599505e+00
1.293809214842860378e-01
-8.632934828153604467e-02
-5.501945655385398481e-02
-3.539952108659893959e-01
1.057777362019904466e+00
8.094456490086633371e-01
1.664708329346403559e+00
7.444737246973491818e-01
5.322940697696354473e-02
-1.324304671980115700e+00
-1.497541600843975695e+00
-1.287042063154753446e+00
-9.927204254973790443e-01
-1.323882555511841419e+00
-5.977673130456948591e-01
-1.189990357888446315e+00
-1.737015253466797748e+00
-1.478025134401000251e+00
-2.805840235865263432e-01
-9.269683584459129655e-01
3.430720269444684778e-01
-1.493747257086996072e+00
-6.914337234292379231e-01
-1.789197408216268048e+00
1.799292042997981067e+00
1.742083963550386416e+00
1.646838296893593068e+00
3.761542929569152705e-01
7.666838683914669605e-01
7.458500634128522044e-01
4.812047916647377299e-01
4.140135011655553532e-01
8.878691313130011586e-01
2.172579662271886036e+00
3.073051304889243829e-01
-1.851797419969254399e-01
5.357532780171019304e-01
2.539071696205491335e+00
1.285196038781028616e+00
-9.034633747200987441e-01
-3.742148924926259612e-01
-1.633628238616749329e+00
-7.121406491093557056e-01
-1.169232181822272176e+00
1.314668363346334079e+00
3.114218516952896199e+00
9.682522071072151570e-01
3.428009827072708848e-01
1.227921279356870343e+00
-1.556559825995404989e-01
1.372955433710381090e+00
2.012471071420858237e+00
1.613907799460059689e+00
1.504611218479514623e-01
-2.292571516114179531e+00
-1.411697204540454109e-01
-1.615980723962775922e+00
-7.184699373279530565e-01
4.728565016310297686e-01
3.386790851922815149e-01
-3.796286037536833469e-01
1.212791903093284551e+00
1.331317383314488456e+00
8.564319713189834093e-01
-2.107744794850533676e+00
-5.190085258354218967e-01
-9.768647993754626668e-01
-2.802605193563081354e-01
-2.127160130088200374e-01
-1.987046743835553464e+00
-6.221298361063192228e-01
-1.227557326449458364e+00
-3.385024933076386855e+00
-1.569859250704156661e+00
-2.112877128858969833e+00
-2.406514535548773370e+00
1.534851815794371355e-01
-1.813694681787331175e+00
-3.725577207669605873e-01
5.428333079850358178e-01
-6.598387814490935810e-02
3.228197231657177202e-01
-6.263893645742713012e-02
1.243362731954651412e-01
-3.481370217289965208e-01
1.550006411992758792e+00
1.610606253613855454e+00
4.753192337650604671e-01
1.644707819009137983e+00
5.761486385218975714e-01
1.382873008354707167e+00
7.596528135155815598e-01
-1.249921156547602052e-01
-1.204248450500422507e-02
-1.135554373972844200e+00
-2.149620499666973217e+00
-1.437775447355512881e+00
-1.380912525916579092e+00
4.143468252213471370e-01
2.420619929175261476e+00
4.293369103747080029e-01
2.131102411941631303e+00
7.048341822714938587e-01
4.284136214607588977e-01
1.231058736326256398e+00
2.175002980151151455e+00
1.107332041443510162e+00
3.594486146486453038e-02
9.262159371309208744e-01
-2.525746822972901207e+00
-2.675135262004006975e-01
-1.587384904212886472e+00
-1.224080188283873660e+00
-1.359294715532897602e+00
-1.269397012952857562e-01
1.170906998151768130e+00
6.101271513706342242e-01
1.223958022533175427e+00
1.277814533546375975e+00
-1.668718881201401549e+00
4.241853691758556977e-03
-9.815825370461983557e-02
-2.222268361117319291e+00
-9.769482712481334374e-01
-1.800508274593938252e+00
2.970492760082104056e-01
-8.868388226238044236e-01
-9.527740815936673879e-01
-8.837438803843941093e-01
-7.429665205122382154e-02
4.035868487325284804e-01
-4.102084556342251442e-01
-2.744917491205089988e+00
-2.054621613679894487e-01
1.366622483352626594e+00
6.086903997441259762e-01
1.069960859738415371e+00
4.452436001119365327e-01
6.425318008563591921e-01
4.984163966789694200e-01
1.217455318765085392e+00
1.174567422983859188e+00
7.300065786179067429e-01
1.361484453013436235e+00
9.374358042811045122e-01
1.621002236327019341e+00
1.793970295680746618e+00
2.549506471111732342e+00
9.808939274423444932e-01
-1.393572080444067218e+00
4.759106376358752666e-01
-4.648912139839185276e-01
-9.981650649204089065e-01
-1.555853543393652672e-01
-2.915143129142445666e-01
2.417874114638139282e+00
1.674845849475083970e+00
7.104334564112502193e-01
-2.685482891500612368e-01
-3.815885557491673907e-01
1.878837498465789846e+00
3.908632744967858175e-01
2.264191267705400801e+00
1.785004492495763762e+00
-1.262449395349339198e+00
-2.304706627967878063e+00
2.754721184829178604e-01
-4.692603271968257550e-01
-1.203341112968077553e+00
-6.490066923582737957e-01
2.278373455196951447e-01
1.057366464582525145e+00
1.165051646449084322e+00
7.795661687868687961e-01
-2.892740853734248052e-01
8.894547761245675810e-01
1.101978370029004228e+00
9.482622383312393488e-01
7.571757125211028283e-01
1.506438319915713864e+00
8.423151145609766299e-01
-8.749055824584406338e-02
7.751234876668628981e-01
1.047322256812572627e+00
4.275467728726021210e-01
1.981929999083632099e+00
2.898340272385537819e-01
1.728523398895966734e+00
6.120775353605402147e-01
-9.404127682427231294e-01
-2.104065709596481870e+00
-6.870878586931528087e-01
-3.549993096136273563e-01
-2.037756418703149386e+00
-7.687100184301272066e-01
-1.191457908209583083e+00
-1.314318610101576468e+00
-8.892809053280442688e-01
-1.399991411626923421e+00
-1.636975064886366571e+00
-1.680871044689484561e+00
-5.037049800088495566e-01
-5.363783851280267134e-01
-1.180036309968461206e+00
8.062554671843952248e-01
-8.223207142514898926e-02
3.837572980766240649e-01
2.128925053443768700e+00
1.258103504232319647e+00
-2.723739851319261440e+00
-1.129274375015718146e+00
-1.113928611173959693e+00
-4.192972653983373377e-02
6.578094919094494841e-01
-5.173174127622531815e-01
-2.554027187693649559e+00
-1.210676239416296207e+00
-1.492604915678061639e+00
-7.424148766932514576e-01
2.395706796264962080e+00
-2.417824327911495264e-01
1.445908877320781549e+00
2.150818002152896646e+00
2.253430940487363365e+00
-7.008209552005795206e-01
-8.152498710403490723e-01
-6.907309719412761950e-01
-9.544922877854818966e-01
-4.232204561179189195e-01
-1.015020739677809258e+00
-1.186404482789808812e+00
-6.223599028246429299e-03
-1.492222933037673060e+00
-1.712082267482831321e+00
-1.684351006369883441e+00
-1.125643406086636933e+00
-3.695929601227518901e-01
-5.725189476400258659e-01
-4.446706319659262663e-01
-8.645808758073000311e-01
3.487892274603290321e-01
-1.722358319186077402e+00
1.359774234486925693e+00
-5.868839588197340973e-01
1.383447395729187068e-01
3.508840254594425279e-01
1.566875982033781423e+00
4.483873931127845269e-01
1.111751245717659931e+00
1.757758829187983096e-02
8.661870526612909238e-01
1.065123254604713354e+00
1.603601579114136699e+00
-6.543314025349633578e-01
1.027025140658788249e+00
1.467806430140782492e+00
8.495945777557230016e-01
2.516179877549618027e-02
1.184821187602361103e+00
-9.137706394064194493e-01
-1.716603092002191522e+00
-2.939515284323425126e-01
-1.317009399854357499e+00
-1.189335646375446753e+00
7.486210782001927466e-01
1.331461356750707203e+00
4.171735430305251180e-01
1.810984857925892477e+00
1.049200791847979097e+00
2.735060469895461921e+00
8.341098890632689944e-01
1.337398692470618489e+00
2.096889929518721551e+00
6.339657135521147291e-01
-1.173442423398960655e+00
-2.099723129685076017e-01
-1.209470564712481933e+00
-2.117072989578700160e+00
-1.668167328977045782e+00
1.492640143316453116e+00
5.900461759571247189e-01
-1.031336417211270451e-02
9.875769706046677587e-01
6.601933377434977546e-01
4.771202153520243128e-01
1.016994257366977683e-01
-7.860730261607762337e-02
8.790298866626136132e-01
4.404682582359986664e-01
1.580923081554834742e+00
1.493591114015970778e+00
1.551199367679975127e+00
3.202578314204094223e+00
-1.230192844103517036e-01
1.100014418640410163e+00
3.111814343883128053e-01
8.312285361684133012e-01
5.392715981804713232e-01
5.829090693672926982e-01
-1.545315585690199889e+00
-1.836086532965425899e+00
-5.975910283179763915e-01
-1.723336805862985877e+00
-1.332791053939413883e+00
-6.135150865657028607e-01
-9.776125486052203994e-01
-8.071526501705061918e-01
-2.586617901512084927e-01
-8.505381123832300716e-02
-2.087099473813356809e+00
-5.675562638123188286e-03
-8.930423607617864468e-01
-1.637475038008881389e+00
-1.644727685695463126e+00
-5.784110033625451397e-01
6.916523266251419777e-01
-2.092360035793414674e-01
-4.666840321911434053e-01
2.067861957599126832e+00
-8.068990107908817766e-01
-1.896505433434272803e+00
1.351790456416981367e-01
-1.725486016556102786e+00
-1.292454409822547223e+00
-1.261817272428320091e+00
-7.941227598331610515e-01
-7.684981256356266943e-01
-4.519650247886116690e-01
-2.356492301118722210e+00
1.811381507727689577e+00
2.027574615937721259e+00
1.810944872134880868e-01
1.436055127362892758e+00
7.124612122628809496e-01
-3.586573946406129698e-01
-1.332840900107293614e+00
-1.794366091108710037e-01
-5.725634501086915851e-01
-1.351443537382268190e+00
1.635884629800343104e+00
-3.754237666204569557e-01
6.701069085415938265e-01
2.156366340099332035e+00
1.311204358325569697e+00
1.048518376193549484e+00
-2.955829003575700664e-01
-2.209582643853096329e-01
3.848882197398775240e-01
4.879467071747545237e-01
1.460224892470987745e+00
1.119466313955713943e+00
2.159648682047059953e+00
1.670623747154921901e+00
1.131167182402065263e+00
-2.106980737766767753e+00
-1.141049482320455777e+00
-8.349298092662789106e-01
-1.850042806193839207e+00
-1.259182471049686391e+00
-2.241457899154135625e-01
-6.521517708812598624e-01
-1.732554490979020256e+00
-1.001167107011279311e+00
-1.576935690939695878e+00
-8.941700307170293849e-01
-1.577854121521626185e+00
-1.622497893050218742e-01
-1.635054926498687333e+00
-1.225463377216328364e+00
8.427201926615506267e-01
-1.151662886372855077e-01
1.712547982101279676e+00
2.143581875884557064e+00
1.579961830154498648e+00
-2.105708798558370010e-01
-1.143493523993734495e+00
-1.032075154549250806e+00
-5.261718696035637688e-01
-6.755621538097098533e-01
-1.041953176510182377e+00
-1.123035701745013437e+00
-1.419149365950833186e+00
-1.739171493336872043e+00
-1.794030085366270288e+00
1.224044127635708357e+00
8.871311610727139474e-01
8.214631252073617551e-01
4.762871582107998103e-01
1.140404678508069702e+00
1.128090876297411782e-01
-6.852730519437866263e-01
-1.255288777062911754e+00
-5.326406478421332746e-01
-1.420048547372932735e+00
-1.029516657390559420e+00
3.043129428938902148e-01
6.801019565078911810e-01
-7.610624188295831427e-01
-5.241433261074828209e-01
-1.474506058178488122e+00
-1.096710268421012380e+00
-1.711023571267404897e-01
-1.839679365967700209e+00
-4.793251398925220119e-01
-4.908968364123295069e-01
-3.487647305753150961e-01
-7.297308244619122863e-01
-9.780419251657228585e-01
-5.980750604311400043e-01
8.959736541106414487e-01
5.794224194581467646e-01
1.664453414936384767e+00
1.592617664664413457e+00
5.961406098224113492e-01
1.936805480621834885e+00
1.265453647746845434e+00
-3.251658473655825166e-01
1.007397053952819865e+00
4.664714129248564989e-01
2.096886107114122932e+00
2.146237934613325571e+00
1.610207199615809825e+00
1.032310148212855383e+00
1.244931700278814946e+00
3.088825552490561677e-01
1.519086437514496346e-01
-6.600839647096419238e-01
-4.070430249999877903e-01
-1.607574701330754419e+00
1.046643257749117373e+00
1.475576954031628363e+00
6.991239335932124543e-01
1.417605568880901945e+00
9.334685226930350410e-01
1.427407696975149687e+00
2.057195483208797526e+00
1.295859806848393081e+00
1.831046986482927075e+00
9.842771985117204636e-02
-1.770647220440523029e+00
-1.053575004627798073e+00
1.731378926670381624e-01
-1.086854027929885724e+00
-7.276925197619501517e-01
5.348022337632367673e-01
1.234114323271836788e+00
6.063768758264934666e-01
1.305215204541998464e+00
6.716223368468877686e-01
6.867225029801162783e-01
-1.916514305323570477e+00
-4.113615783492217126e-01
-8.465815389631773380e-01
-1.636884606020246657e+00
1.823168867605859944e-01
-9.535737171431931669e-01
-1.488117714022970883e+00
-3.039413682993332699e-01
-4.139553437595144825e-01
-1.898462246471293469e+00
-4.152146286562449218e-01
-1.006291958594213831e+00
-1.129991064831600056e+00
-1.961239174259499451e+00
1.207577913868286057e+00
3.293292021934994818e-01
6.752297965243202471e-01
1.715276214224993767e+00
5.402032643535590317e-01
-3.332671876805743949e-01
7.522901163503483701e-01
2.161701276367082869e+00
5.655899027954442992e-01
1.331597630975737578e+00
1.600931130512078138e+00
1.338468769894704202e+00
5.923687761939497864e-01
5.457092742689573228e-03
1.142393184053535293e+00
2.886627550254159402e-01
-1.900122531396704950e+00
-9.722943044828609160e-01
-1.430818826050455073e+00
-6.605719172274254758e-01
-2.875272118314082803e-01
9.686035976945961412e-01
3.222991800203733881e-01
1.412438236294431437e+00
5.427817135765595769e-01
1.193427276675065318e+00
1.525644243934493716e+00
-3.783022209471786912e-01
1.222864200760185760e+00
1.205458179828480247e-01
-2.824546606154286543e+00
-1.370069237188077382e+00
-2.339500485855072753e-01
-7.692648628572112957e-01
-4.029372222180895857e-01
2.654102369800976913e-01
1.507426004548765519e+00
1.538466437656845542e+00
6.783203962343722360e-01
1.860235620691922165e+00
1.819645545643036044e+00
8.027169757283901808e-01
1.499799430437636083e+00
1.329536956961817618e+00
4.210221144074849375e-01
7.475142053406931275e-01
3.980372745340542417e-01
2.797914343883491917e-01
3.621992405246532432e-01
1.093149597361263714e+00
1.825033244730711601e-02
2.967340747473317109e-01
7.058875213392157288e-02
1.584163545387823113e+00
1.312148400315450658e+00
-9.928558401976497194e-01
-3.158532640400145697e-01
-2.241813231693392972e+00
-5.053455111376294884e-01
-1.373921783809045394e+00
-1.883886161675927262e-01
-5.081560912945569664e-01
-1.787860247766115407e-01
1.367062650415404867e-01
-1.185540048843107375e+00
3.834276909253473420e-01
-1.741046719215431082e+00
-1.879177579950886745e+00
-2.432282779740537304e+00
-1.191110226103391012e+00
5.245910773836528485e-01
2.497134952359528537e+00
6.913906131339173644e-01
1.624142951953373437e+00
4.747333710275432050e-01
-9.494487627514459627e-01
-9.545453257367879640e-01
-1.086606929174708469e+00
-1.464923636673420404e+00
-1.041374653726937494e+00
-1.539683924327035047e+00
-7.048781511125625787e-01
-1.260340885331238781e+00
-1.472259537089439796e+00
-5.057674605709434612e-01
-4.674086398000523168e-01
1.326096872003513116e+00
2.697266761076285713e-01
5.173353634867023931e-01
1.315984041094737655e+00
-1.208459725448862709e+00
-2.478705646310696675e+00
-1.805462020943316981e+00
-1.136848348832426137e+00
-4.908626626038843366e-01
-4.516427341499706927e-03
4.790096733753759217e-01
-2.027468728865262637e-01
-8.317608604309395526e-01
-2.366594476979831718e+00
-1.668655269813392295e+00
-1.042167583437695111e+00
-1.323385725472299601e+00
1.639714594206977516e+00
-2.672871543093446878e-01
-3.807294620297871912e-01
7.967198456133572915e-01
-4.002925580693083019e-01
-1.108500257499843267e+00
-9.023222254650486995e-01
6.264972700869928524e-01
1.816169922176605001e+00
1.582003765523434913e+00
4.792153098015417001e-01
3.647007596115972028e-01
1.491271685414718773e+00
5.800836694831303930e-01
1.068722405439822554e+00
1.238325598446383236e+00
1.459103465296618385e-02
7.161221954780947474e-01
1.302512071350627743e+00
1.305545913700905558e+00
8.845785255354159382e-01
8.242246040315266420e-01
-1.265202044222931033e+00
-9.302370866751705769e-01
-5.543988122580141287e-01
-1.715706460047285997e-01
-1.351895619340246046e+00
2.297413546570112430e+00
1.109221278368486052e+00
-7.523096189235274345e-01
1.542998191035808375e+00
-7.395382496982971787e-02
2.838624313651043618e-01
2.306358542651703925e+00
2.489659996692306088e-01
9.818299627307708333e-01
2.143228181991729819e-01
-6.624336579212897202e-01
4.733353729798612797e-01
-5.037328618036573946e-01
-1.717473187673185686e+00
-1.542575506981450406e+00
1.174333966697929998e+00
1.609797571593539089e+00
1.582049102833102072e+00
1.408787317505160619e+00
-3.947924981203614347e-01
1.134741387920429112e+00
4.198015325296852174e-01
3.197009687767027319e-01
-5.510929111618292353e-01
1.584209838624318634e+00
1.129146564162765154e+00
1.131521966256658240e+00
8.072966772605044694e-01
1.056443891034816396e+00
1.366292183517025860e+00
4.432299017061677171e-01
1.345931188232166509e+00
6.473309861763331119e-01
9.146741029854055238e-01
7.213181257142489144e-01
-1.814876744557936572e+00
-6.678389409793967779e-01
2.234703673153348724e-01
-2.518037036294915598e-01
-1.436045125336407935e+00
-2.614000818287277372e+00
-8.661570521851340576e-01
-8.924138248572368592e-01
-3.772019014048293428e-01
-1.391459887169421483e+00
-1.096199500850977282e+00
3.306860628332326524e-01
-6.621779277618879966e-01
-1.287324863348582316e+00
-8.218572257395883041e-01
6.517197357349631126e-01
7.704791265038781756e-01
1.443246896462918594e+00
5.137389599398556328e-01
1.477485753608090313e+00
5.108063843085093314e-01
-2.131923903917619434e+00
-8.061789247206094799e-01
-1.287058266293068520e+00
-5.872574683609556034e-01
-2.141612533077609459e+00
-8.347804774879061807e-01
-5.931253908987006440e-01
-1.092799895204031202e+00
7.626049291227188220e-02
1.657153621411033617e+00
6.939656408585508363e-01
1.163651959375215927e+00
1.422849688206281771e+00
1.260749321254254873e+00
6.184104905202594260e-01
-1.051167022243287175e+00
-1.674277007980211174e+00
-1.143886742320915362e+00
-1.779314052634842991e+00
2.334241075234446683e-01
-4.464212191219107950e-02
-3.754298632036221051e+00
-4.722918258186716844e-01
-6.470744674388908546e-01
-1.955189590832409507e+00
-1.809337571459093130e-01
-1.611247908169199494e+00
-1.853514214017475847e+00
-3.276559354930834722e-01
1.295099935199632846e-01
-5.642599753764765413e-01
-9.111743373974459104e-01
-1.340109790991839134e+00
-1.723099012233642480e+00
1.013595218882130000e+00
9.446725170763601298e-01
1.376077478075109939e+00
9.529841538168926096e-01
3.413960718000265349e+00
9.412333998076732877e-01
6.769936241929450649e-01
2.106199395815302466e+00
1.606184456966341711e+00
1.068634809765685034e+00
5.189945266829816273e-01
1.026086651213830692e+00
1.491886112568898248e+00
2.188817194518867471e+00
1.510461505238769986e+00
-1.426733559924404204e+00
-2.640171446167096647e-01
-6.873898905454723929e-01
-1.488138500580150625e+00
-8.892801550508359076e-01
3.741198489474710787e-01
1.333264195150811959e+00
5.253548746152658655e-01
2.012781988930573362e+00
-1.309867395448538474e-02
1.504227966405033090e+00
9.693893242567639401e-01
-2.564016793385781590e-02
1.655327934249145372e+00
5.937908216083220836e-01
-1.017393876580563461e+00
-1.525613820384413177e+00
-2.429793412516030759e+00
-6.681174123259131514e-01
-1.481213460726098496e+00
1.274949154827961895e+00
2.172684897011780691e-01
1.434659436672932387e+00
4.698865646688386022e-01
4.899262692995629553e-01
1.471270870721479440e+00
1.519220881501821996e+00
1.026889450033522833e+00
1.261315897331024782e+00
1.124432507056355446e+00
4.022405596586451360e-01
1.398953277620020419e+00
1.538604825679536381e+00
5.330289635179743524e-01
1.740189671485377065e-01
6.457026394593949892e-01
1.096546540702542982e+00
1.505363699761148366e+00
8.413782007411070296e-01
1.634713008815526170e+00
-1.373223260182497629e+00
-1.540604423771068987e+00
-6.041625918167582432e-01
-8.938185847745246937e-01
1.805642495918911017e-01
-9.207958415935834084e-01
-1.990170508524433668e-01
1.550855594272226856e-01
-9.773513309144961081e-01
-9.551716073143957653e-01
-1.087528538325336358e+00
-1.018120640185072867e+00
-1.928056977331949806e+00
-1.694219284080938692e+00
-2.327069238228104631e+00
1.157266840812487763e+00
1.140829225558848581e+00
1.072414409278298786e+00
2.134092041765726311e+00
8.397118655063077197e-01
-1.803636352666401654e+00
-7.313892827672178187e-01
-9.010854150523904815e-01
-1.023424577423065251e+00
-1.167330258223034711e+00
-2.752553456835466594e+00
-5.507706096462885448e-01
-6.456052055955754376e-01
-1.847510233639294119e+00
-1.711762408476101172e+00
2.420101931779188753e+00
1.579678883069707496e+00
2.359405294684386867e+00
1.719748547405742345e+00
9.109596038662828299e-01
-7.435109693590959967e-01
-1.770477089752956923e+00
-1.217162259491419540e+00
-2.453673550807673465e+00
-1.593909625741445346e+00
1.754521575544440992e-01
-6.719796293230841933e-01
6.827717758562216188e-01
9.523339355055897570e-01
5.186446212551311108e-01
8.162266242826531348e-01
1.701808179455457593e+00
7.376993529314033182e-01
-2.404563661588847712e-01
2.479624785360490691e+00
1.294412021892301201e+00
1.664130483761057100e-01
2.232690109902729647e-01
1.070591790838790525e+00
2.411826418575450326e+00
-1.423303599417988341e+00
-4.361788408407746287e-01
-3.129032915574108564e+00
-5.775474038062847759e-01
-3.492924937946774167e-01
1.789624500680631058e-02
-1.094918829910426661e+00
-5.602035312722729588e-01
-5.767571688736554680e-01
-7.352245435011305341e-01
-8.591757530672821108e-01
-3.462455366931783685e-01
-1.591533974892192171e+00
-1.673614730317685151e+00
-1.489015749557717871e+00
1.507421474735956668e+00
6.939803799648680549e-01
8.861457633914334719e-01
1.185405799506837443e+00
1.077986052241797221e-01
-8.339747247906685867e-01
-1.148420960575853522e+00
-2.326798241943297096e+00
-1.646791198400063827e-01
-6.239676261683131386e-01
-8.720869617145368125e-01
-7.439783310094427726e-01
4.954071565112070363e-01
-7.327630934490296788e-01
-2.090213575807836843e+00
9.009462192936531499e-01
3.320405826942686156e-01
3.678420505899916426e-01
1.155468395070185839e+00
3.705569032584465905e-02
-5.439826107082219586e-01
-6.407812708843740879e-02
-2.471840401513106800e-01
-4.249971943071439995e-01
-1.256890563363523228e+00
-2.006288418923233063e+00
-6.555025798749885002e-01
-8.485225180012703206e-01
-1.679558189906461774e+00
-1.756514857458080225e-01
1.628563025294322841e-01
-6.976183335247774231e-01
-3.369643286334956800e-01
-8.801180555820866669e-01
-4.185205528441983125e-01
-2.775284268776617935e+00
-9.317112850449804640e-01
-3.730543327017007416e-01
-6.370676323114780049e-01
-1.664521902640726969e+00
1.619946362438687171e+00
-1.719346810198709719e-01
2.258925796107786432e+00
9.810829821484329250e-01
1.507052146511511204e+00
9.462636337177244839e-01
2.655556362892123268e+00
7.914495716021441307e-01
4.801308110666612228e-01
1.211975772793861594e+00
9.867208075053346406e-01
1.439581920525796477e+00
-8.844834729137396323e-02
1.209496755952297553e+00
1.485425843873186214e+00
-3.265220964007022886e-01
-1.850823333866769893e+00
1.979199843863344022e-01
-8.781422878524323128e-01
-1.531765855670427889e+00
1.237137365677429823e-01
8.488129366267562759e-01
1.996160163173237301e-01
7.160048143787947073e-01
1.358486176825136393e+00
6.618386025625857538e-01
1.407735306910562922e+00
7.759401182005287723e-01
1.228067944311591830e+00
1.686028465433816237e+00
-7.695139571181404126e-01
-7.984559019114987333e-01
-1.704497395812862415e+00
-1.559024647587003987e+00
-8.870764029594637723e-01
7.484475758748471153e-01
1.747833713113331910e+00
8.020654271890023113e-01
1.288913952828474319e+00
-5.523600486951099064e-01
1.718785988623643846e+00
1.880214764911281922e+00
1.623244173712721228e-01
1.301518847886762309e+00
1.821687213750099676e+00
6.870377451040918793e-01
8.125015269641731042e-01
4.502574243179799929e-01
1.349251874338006196e+00
1.174758210370119293e-02
1.574305368814557182e+00
9.440072429937753640e-01
2.205852962113161730e+00
1.209676516982800321e+00
1.021009234223858364e+00
-1.946295586522183152e+00
-7.597583306400284009e-01
-1.751950096443093408e+00
-1.297300760868909775e+00
-1.681991703573072039e+00
-1.292435301919054202e+00
-1.943721990913982456e-02
-4.882633344034561507e-01
-1.848405099109363015e+00
-1.610343506765019139e+00
-1.791393408465878245e+00
-1.181965172862509350e+00
-1.604847668762125590e+00
-6.397688284013713922e-01
-2.391577566574617286e+00
5.478211832281030258e-01
4.343061820089948455e-01
8.876480427900313996e-01
9.394268985905214198e-01
1.026440375917123005e+00
-2.524894502269935614e+00
-8.795000890563469120e-01
-1.057691025330743884e+00
-5.012348748163273360e-01
-2.208091107502359485e+00
-8.544820229940456313e-01
-1.087871703521680722e+00
-6.241619565190332786e-01
-2.261410631381033376e+00
-1.317378130890928922e+00
1.789513230218787943e+00
1.385229197216808705e+00
1.115799558264674696e+00
8.148215720676321716e-01
3.955709604285311265e-01
-1.024625098686415603e+00
-8.242270369789806983e-01
-1.658811631209302195e+00
-1.323154985465992306e+00
-1.480211178906951641e+00
-4.558200819475752841e-01
-1.177423042547776522e+00
-5.455250504143971391e-01
-6.912666976451040668e-01
4.684410183426690466e-02
-7.852410122787594204e-01
-1.206093579504311508e+00
-8.345673517598908298e-01
-2.177873099814158664e+00
-1.160364996659881687e+00
-1.122332449569168444e+00
-1.497995046222475368e+00
-9.615611409550819388e-01
-1.131386463787132701e+00
-5.084690504081019746e-01
1.966079725641954212e+00
1.269292517046491042e+00
1.791069093764247944e+00
6.873312582287045558e-01
9.092924595804372512e-01
8.798907526158689096e-01
1.222548869509671121e+00
2.907634896303674665e-01
6.924553829492970936e-01
1.514519802882330346e-01
1.587930746051028574e+00
1.773854314635918472e+00
2.969717517461933909e+00
1.467456696163528918e+00
9.742860770909560486e-01
-8.770617950896545389e-01
3.829409143356454770e-01
-5.138482623440284724e-01
-7.480821123640403192e-01
-1.919461199515019922e+00
1.547023290705468401e+00
1.356757741343049162e+00
-4.792395443248818054e-01
7.089094052808294633e-01
5.283697119277500631e-01
1.295182660612896441e+00
1.249506143684931514e+00
1.219330286091863780e+00
1.340759086014155166e+00
2.211988627060925694e+00
-1.567225071211839182e+00
-5.783194934687654332e-01
-4.469231438009444446e-01
2.027089463467657282e-02
-2.113113131431741731e+00
1.629700846583638452e+00
1.030421206210291540e+00
1.025902993397246776e+00
8.250555921576283591e-01
1.290366215591859156e+00
8.516152725708185933e-01
1.202173591990135959e+00
1.633592711053533320e+00
1.982557740289569548e+00
8.547595346591374543e-01
-1.529034601590373299e-01
2.283568210413816857e+00
2.464045658967095598e-01
-3.913558692362206770e-03
1.369760181988081804e+00
1.628522128959563275e+00
2.393333521404858999e+00
8.269140009564636129e-01
1.535823135377468951e+00
1.158897410727975696e+00
-1.308277425097807534e+00
-1.451865320908814372e+00
-1.086370799103830498e+00
9.104919347288653597e-02
-7.378753247523218706e-01
-3.474047842733931635e-01
-1.233007270941717692e+00
-2.610331575510976165e+00
-1.259321407968994277e+00
-2.320898605857172114e+00
-1.347704066377274579e+00
-1.123077000375490631e+00
8.712811506300326414e-01
-6.769701555942033711e-01
-3.611946425463797850e-01
1.598630552730238463e+00
2.003703621438659432e-01
8.925497559222259625e-01
9.580840442039654237e-01
7.990870181200027123e-01
-1.294657626017444496e+00
-1.526729441501117002e+00
-8.323586760668175710e-01
-8.435126450257710573e-01
-2.235097914351893422e+00
-1.245964902760093640e+00
-2.869076467825200094e-01
-9.121569491614083258e-01
-1.641928820181912441e+00
-1.327818628977410320e+00
1.281413841899553541e+00
1.279266384036231496e+00
1.849743853623548429e+00
7.184398300279807303e-01
1.512357475781052951e+00
-2.206282561541061060e+00
-1.634509367715328843e-01
-7.567584811703997882e-01
-2.230628354612468556e+00
-2.194703013946883718e-01
1.824832150218282933e-01
1.848552472974518857e+00
6.562813527266857516e-01
1.383456131009278778e+00
9.253617170518741997e-01
1.434728732545739849e+00
1.760532871767955809e+00
3.060736497186637095e+00
1.355698618202965333e+00
3.595919372684374116e-01
1.876054408564331588e-02
1.493000399468256578e+00
7.273387108788009758e-01
9.007964920070485881e-01
1.072566447627153696e+00
6.763690390242966810e-01
-1.980053843585618534e+00
-1.105365304585732789e+00
-1.369388132582684214e+00
-2.288998756255764100e+00
-1.393738451251128829e+00
-6.461462429030787602e-01
-2.384740594282003912e+00
-5.285682650042806685e-01
-5.112929370299450493e-01
-1.192444349238590995e+00
-9.883414281942770607e-02
-8.069963570622963323e-01
1.705140859424911781e-01
-9.163685137195104469e-01
1.280353519802495343e+00
1.382589729555858682e+00
2.208604155638426381e+00
4.943806064683974322e-01
2.332015757800856015e+00
-1.807005983996875731e+00
-3.019877371054138226e-01
2.623257556801616985e-02
-5.492425605270608857e-01
-1.734486176093031462e+00
-8.891323819612115820e-01
-1.065317840751815570e+00
-6.567246133273467734e-01
-1.732509342942106789e+00
-4.226413993906312783e-01
1.412545906824620889e+00
7.626692316191537868e-01
1.472604141911527220e+00
4.264159859150428167e-01
1.168812331690492590e+00
-9.344060781063248111e-01
-1.512964702822190421e+00
-4.166529270969174803e-01
-1.900496959036227063e+00
-1.936636781684606401e-01
2.956430853410043635e-01
-2.358787226194203335e-02
-6.736892487735979262e-01
-1.448869425916459841e+00
-1.507031604444625916e+00
-3.990688372099939762e-01
-9.042724482923675255e-01
-7.791849725885405809e-01
-1.605831987817753381e+00
-1.355970671640476244e+00
-2.256731721941496627e+00
-1.124647028816595506e+00
2.454338400489799454e-01
-4.602961532817659851e-01
-1.321721769477322672e+00
2.298769217569043288e+00
1.967034588773528547e+00
6.123850876831192780e-01
6.963366348537411987e-01
4.686791710249107457e-01
1.239591729449581070e+00
1.016620361624768654e+00
1.803535935855263395e+00
4.011191863753604814e-02
1.030854554051837235e+00
-9.288212469132628435e-02
1.278426687482776103e+00
1.857719727851737890e+00
1.047280598650882855e+00
1.826644014109017888e-01
-2.420471987534859259e+00
-1.386677470633966180e+00
1.330672331970161881e-01
-1.454475161254633608e+00
-5.161261546900565156e-01
-2.176822235996711541e-01
1.780630441556145804e+00
-1.778594477790085282e-01
-4.299674518293510328e-01
6.330571892746096330e-01
1.281026369846356872e+00
2.276177172083313938e+00
1.192095460039040322e+00
4.620159807277719466e-01
1.117400117176443164e+00
9.694063358515223605e-01
-1.272698009325770263e+00
1.693756076259683940e+00
-1.470457442742639120e+00
4.061508897170806875e-02
8.172310020281270404e-02
6.261055229003673617e-01
1.018835673828304200e+00
-1.327335300379945959e-01
-3.569976094495319607e-01
-1.414037287938538778e-01
1.438461494337819335e+00
2.317182506108662610e-01
-5.975109302184220539e-01
9.424413864387433115e-01
8.499915727345304095e-01
1.111972564091660898e+00
1.193120059526543875e+00
1.151798758076873597e+00
1.676526757099033205e+00
2.037712010894911607e+00
4.445814958125434702e-01
4.602529240993122883e-01
-7.668883207927945644e-01
1.273650366924893307e+00
-1.149969915547668364e+00
-1.968932545661457478e+00
-2.173879230614583768e-01
-1.629348552401837402e+00
-8.820104074807497696e-01
-1.330727716329261234e+00
-1.403668564365396776e+00
-1.370442208108979543e-02
-9.293364912500227115e-01
-1.657482559400406341e+00
-7.521873384511075233e-01
-1.370478800358116978e+00
-4.988876318809160049e-01
3.556854868036001260e-01
-5.463096366129158721e-01
2.998061080786879273e+00
7.209674644527261922e-01
7.422052969804949774e-01
2.384901719358338834e-01
3.341617552703084471e-01
-2.103838578199173082e+00
1.417925262146129128e-01
-6.449652770805526236e-01
-3.800600711519384056e-01
-1.981195689356576528e+00
-1.968021626846890415e+00
-2.574950809675827124e+00
-8.408491672341922296e-02
-5.396568719115151236e-01
-2.234006642354825267e+00
1.199297461283832966e+00
1.567436945458068109e+00
4.963933597240532958e-01
4.625533785519271301e-01
1.242986071423580086e+00
-1.433079641236106871e+00
-2.914589046791888904e-01
-2.399040726336609808e+00
-1.035358620299566379e+00
-2.443945824591496896e-01
4.535668111350135145e-01
1.035387974679011558e+00
7.277566989384645080e-01
6.089772084338522795e-01
1.397630278170070239e+00
1.968652528651480882e+00
4.335189495558324779e-01
1.110353780862582518e+00
-4.308223263568886630e-01
1.778403264069680301e+00
1.764348950611517974e+00
6.211481062075272508e-01
-1.560903940398814527e-01
2.376862853555614663e+00
9.594216125672659912e-01
-1.375098188272038557e+00
-1.664611145855953378e+00
2.392659863280552912e-01
-1.063852392611511988e+00
-4.381495605761642764e-01
-1.284738177913264057e+00
4.346000217875818361e-01
7.594605414866895110e-01
-7.157645021783657358e-01
-4.728970558717080497e-01
-1.136103739509856103e-01
-1.652474593774997835e+00
1.253246017757070341e-01
-1.208745026370142028e+00
-1.316711330766431320e-01
9.900998942938219471e-01
1.377581975532442771e+00
1.988020487518770363e+00
1.718247076966908482e+00
1.866594916110054792e-01
-6.040326694174735778e-01
-8.721777958988389257e-01
-1.929960208532830457e+00
-1.037829381598759815e+00
-6.080827613644703700e-01
1.004814682644310508e-01
-1.920107262834070516e+00
-1.555363537618501546e+00
-1.835281785660807241e-01
-1.071532588915127926e+00
5.338968609563184975e-01
5.608726889645645475e-01
9.107114199815722344e-01
6.743937465794740405e-01
8.453746057393349833e-01
-1.232850139093044417e+00
-5.383071089304428680e-01
-6.846199126784326960e-01
-9.756378071065197055e-02
-2.244802805393730782e-02
-4.271933774138858553e-02
-5.763464113849461334e-01
-5.303163085251813014e-01
-7.580376720194751394e-01
2.222794132699101866e-02
-1.882864803832285938e+00
-5.870042368369718933e-01
-9.626697303100477665e-01
-1.842490757258803846e+00
-1.152151019220355010e+00
-7.830046792966632863e-01
-1.328844009896460454e+00
2.159393030106384614e-01
-4.377642333476944314e-01
1.575555883596058138e-01
9.657014281781609588e-01
-7.654668447315766677e-01
1.708809720795223086e+00
9.486340886661454030e-01
1.175174312476182203e+00
1.158477466555343893e+00
3.630508233387179651e-01
2.442400530195800723e-01
1.149667426410875493e+00
1.609793161813695139e-01
1.453325373846958701e+00
9.044918290526021698e-01
5.132001499524913024e-01
-2.038067698263168470e-01
-2.040442960999861999e-01
-4.359290461442293374e-01
-1.620129517875699587e+00
-2.157470517308683000e+00
-7.924120207804872251e-01
-1.856831210164672452e+00
9.987468871794575875e-01
1.828643682770688672e-01
5.170867274712953598e-01
6.546592312750491027e-01
1.101354902987225159e+00
-7.470002723495738906e-03
1.792055022701480205e+00
2.519289330481293554e-01
9.645881298596948872e-01
1.040011544032900526e+00
-6.826710889317341158e-01
-1.392176170951367364e+00
-9.589374235365533128e-01
-5.319192434044073270e-01
-2.230958339920927624e+00
2.082278384322204801e+00
1.138728451781600537e+00
1.299269397170421891e+00
2.276575109728491420e+00
-3.774413443312147898e-01
-1.542954923523066402e+00
-2.490927186620318645e-01
-3.880368921876813371e-01
-1.227429111493081315e+00
-2.450474808361120971e+00
-1.262587630421956764e+00
-1.331087802579153045e+00
-3.435335566406386709e-01
-7.574112651810821495e-01
-8.570921569284597474e-01
-2.111714119630740072e+00
2.227540692053684435e-01
-9.059189425453006983e-02
-1.247071832627421273e+00
-9.451615439581837474e-01
1.154519248706602053e+00
-6.720952236443631378e-01
9.802258691397913726e-01
6.626421685883385759e-01
9.878227019921377305e-01
1.412724315726517688e+00
1.119892189614464906e+00
1.152021810863466778e+00
1.157985968497920792e+00
9.982236274688449651e-01
-1.624038392780802198e-01
8.937089606269494890e-01
1.210640205437744976e+00
2.309532430951670268e+00
8.415322855521650824e-01
-1.745992206284368242e+00
-1.372200280701850739e+00
-3.285794941013866488e-01
-9.612861456559282924e-01
-1.328057073334052429e+00
2.298924813493430364e+00
1.859450601822362437e+00
1.348222995711318539e+00
1.591854965547715217e+00
1.651324105639746520e-01
1.990492108146090677e+00
8.225050337511641274e-02
2.488174615141204082e+00
1.799990847324939303e-01
1.615478208196817311e+00
-9.137209792461817859e-01
-1.707995524153560263e+00
-4.192925946656761438e-01
-2.473640014334409498e-01
-1.605808973720208144e+00
5.570008177670531246e-01
2.402798296789624644e+00
2.162552853554740029e-01
1.597362688811697851e+00
8.077322396267720972e-01
-8.494523754968433815e-01
1.184720278005380045e-01
-1.473365536503705053e+00
-5.454206805593133645e-01
-8.960929971307772801e-01
1.615123216457130528e-01
-8.905709328799467084e-01
-4.495723182739842505e-01
-8.714183651804091602e-01
-1.215279106193301262e+00
-1.471941383162352901e-01
-9.752149028327031788e-01
-1.453347138989978582e+00
-1.536381516768160038e+00
-2.334658066210781868e-01
-3.007992474264236105e-01
1.991064504403768254e+00
1.607577091445208994e+00
2.353238047622411955e+00
4.070280030413148120e-01
1.080239608899773440e+00
1.020541697033595652e-01
4.103172167396618164e-01
6.309441788663205930e-01
1.574027546750235595e+00
3.955030845215681268e-01
4.979159956063152759e-01
7.370714163615519343e-01
1.992924728693338476e+00
5.245159080606741631e-01
1.512226357650416908e-01
-2.253905211039033851e+00
-5.715467786839132369e-01
-1.868986518103808114e+00
-4.693771928461221155e-01
2.721077583931957866e-01
-2.600510057502156691e-01
9.246130340406418791e-01
2.036881078986876759e+00
2.448500079982386168e+00
-5.864087348275464073e-01
4.786802501259561637e-01
9.500738951715552716e-01
1.690666385024861551e+00
-3.878416777092397183e-01
-6.752242402829705670e-01
-1.820934906432906786e+00
4.998307776464867569e-01
5.378939975930800976e-01
-1.528024416883344561e+00
2.344577223473661931e+00
-1.743667999657310119e-01
2.754554656216982700e+00
7.042500851495641090e-01
1.835563278183762748e-01
-4.017390714588324752e-01
-3.283617689092082070e-01
-1.177008208535851086e+00
-2.352322281879158261e+00
1.228021581443572430e-02
-1.479884762029004097e+00
3.415402126622901768e-02
-2.510140857109624868e+00
-5.738835759007731019e-01
-1.848318334523190387e+00
-4.540830394924146862e-01
-8.036763535560060845e-01
-8.234602713074291591e-01
-1.981707947966005356e+00
-1.181350991815637519e+00
4.074053849784546877e-01
2.193921428728977663e-01
5.497127879071377343e-01
6.709647832403483614e-01
1.151171530614479632e+00
1.013193756497930087e+00
1.321198190868458244e+00
9.787644423099847169e-01
4.663773884664718095e-01
7.387104695530458676e-01
9.557878557728991531e-01
4.572587539442841686e-01
-3.814612274229385314e-01
9.403190934437948290e-01
-5.337589950341747880e-01
-7.806494603412001965e-01
3.844583145642928024e-01
-8.110369344981680495e-01
2.144906346468289371e-02
-2.130060815063658630e+00
2.388345250940199449e+00
1.903332771875010376e+00
-3.739995743207358281e-01
1.196720788072810127e+00
8.266690779131478095e-01
2.096988625763311909e-01
1.599675774025779873e+00
-7.728191939362827334e-02
-7.401678812442500366e-01
6.088906679856473936e-01
-8.992239936144732493e-01
2.150650808876459763e-01
-2.567880138939970802e-01
-6.163872378175102584e-01
-7.616884392126574976e-01
1.668506022200440864e+00
1.040814581599343258e+00
-2.770104047031418659e-02
-6.174324717517598593e-02
1.760626960895930626e+00
1.016918606884120946e+00
1.706032539265993631e-01
2.006578138792145971e+00
1.396671322823022976e+00
3.593020359412616438e-01
1.858947539221217138e+00
3.980745502132529978e-01
1.790069389399284283e+00
1.413206724700415862e+00
1.679645808317897560e+00
1.854633942176677097e+00
-2.541403409736036068e-01
1.103226755591719677e+00
9.437954923025086984e-01
1.387206622399169254e+00
-9.413505501870227388e-01
5.327971846114181176e-01
-1.070439449181715519e+00
-2.698053737292826160e+00
-1.635950289856072715e+00
-1.859888270399512322e-01
-1.093498138348032889e+00
-1.553250006900758429e+00
-1.713623016534524091e+00
-1.650587168473492738e+00
-9.821938166177412999e-01
-9.337784242830203807e-01
-9.307112089401877730e-01
-2.512008873987208624e+00
-1.765571990837124572e+00
7.420220256624049382e-01
8.121629406434802689e-01
4.880393141412142644e-01
1.425990689609023088e+00
1.477839710075768753e+00
-3.780081200364915350e-01
-8.621597304987668187e-01
-7.220102376814951928e-01
-9.865184206910426745e-01
-2.410047878849713054e+00
-9.280056655888425654e-01
-2.056273482815989873e+00
-1.884923650215953428e+00
-2.302878203782453781e+00
-1.021639896883539622e+00
1.718076041889151861e+00
1.281474789043361318e+00
1.429632290024617003e+00
1.962901162282653322e+00
1.057049028442687666e+00
-4.810405483726457598e-01
-1.703410890617687246e+00
9.535105276627149351e-01
-1.014139659653738201e+00
-1.128325338824898161e+00
-3.716199881673998284e-02
-1.556113294231824762e+00
-9.826364186607670081e-01
-8.491394965335924416e-01
-1.004309142884602268e+00
-2.438512657102531733e-02
-1.541932926835091422e+00
-7.420993622946768786e-01
-1.369853192238861928e+00
-1.253638689988651356e+00
-1.219178658462822806e+00
-1.293866040288928154e+00
-1.450264525345076327e+00
-2.120739704776113399e+00
-2.551517119865978067e-01
-2.842014425721677284e-01
8.915840074760064127e-01
1.692986542433401631e+00
-1.938897136394182041e-01
2.933188527290597758e-02
1.456117825240649033e+00
1.185072804742461905e+00
1.805035844994875571e-01
1.526707911546765217e+00
8.026827144343504639e-01
1.083686817037504913e+00
5.576308467504493827e-01
2.040450819482847677e+00
1.410556295681874017e+00
8.079696905070403723e-01
-5.968777019631104075e-01
-1.021421061384744977e+00
9.136100064219707662e-01
-1.318219179626144211e+00
1.193542006658265819e-02
1.355081918764614368e+00
-6.188877805976589208e-02
1.437159893188553195e+00
1.914595042740682151e+00
5.680222119083488952e-01
9.841493913495003021e-01
1.223485407751544907e+00
1.427362599365724849e+00
5.272098277055825566e-01
1.869296480286275486e+00
-1.176021498948383259e+00
-2.758035934701941194e-01
-8.075457601949140862e-01
-6.547701132551335679e-01
-7.376909620097904519e-01
9.715722129997875767e-01
6.902775852274005697e-01
-3.291904365759201756e-01
2.173844862515716958e-01
5.854543651640767843e-01
1.083425752185651181e+00
1.324448821047314873e+00
4.002899089097899932e-02
5.863774250141284838e-01
1.082215959490980817e+00
1.251582241788804506e+00
2.108373622028476113e+00
9.338178468085565065e-01
5.988330236225413161e-01
-1.937905034450837505e-02
2.576786311379907213e-01
1.245830339557145727e-01
1.434190626862764883e+00
7.828668983202762277e-01
1.196355595572127006e+00
-9.167755999967308611e-01
-1.272190626382398992e+00
-5.041180550433116414e-01
-1.025574146331662773e+00
-1.473387912753549411e+00
-1.169042022117801061e+00
-2.304843765445891535e+00
-1.296534275888282517e+00
-1.202396760023453304e+00
-4.698920468366014624e-01
2.251701004997075373e-01
-1.967183952185903140e+00
-1.897259484044859779e+00
4.409224090656407302e-01
-6.283411596728740722e-01
9.404179166209608587e-01
9.372866540877238251e-01
1.639544065407623430e+00
-4.883362134635165219e-01
4.962967111112845942e-01
-1.084218294383673342e+00
-8.410660318068290398e-01
-9.609992848313164693e-01
-5.070587305144880208e-02
-2.176541381471841508e+00
1.571585832639490476e-01
-9.760981635309167181e-01
-1.081147460775678359e+00
2.917423341767830802e-01
-1.074988212850577218e+00
6.358446811853816216e-01
-7.957027899623381195e-02
2.165766186519135772e-01
3.961469948602145408e-01
2.184802390918551218e+00
-2.244593069013217645e-01
-1.156187973555536042e+00
-1.101493546911885835e+00
-6.737638582061800108e-01
-1.739743137154826425e+00
1.999254127518084623e+00
1.707409145099672454e+00
6.575725147455278030e-01
-2.692233237243955024e-01
1.514505753615225103e-02
7.752347514609618795e-01
2.222992526966617532e+00
1.131344450091600118e+00
6.093506976175083745e-01
1.033500083829488325e+00
1.213466546697717918e+00
1.620776683478235780e+00
8.749958768653735008e-01
1.802466598124537134e+00
1.047103027160108724e+00
-1.286267429366469983e+00
-2.032544498267135902e-01
-8.085180611899425163e-01
-1.505296212358007590e+00
-1.040347073155180935e+00
-7.006490385528449938e-01
-7.829812367329253009e-01
-1.033284593754493663e+00
-1.371326285322129079e+00
-1.570812097187043399e+00
-1.635889352017690479e+00
-2.723023431921352877e+00
-1.362148460095595093e+00
-2.410801807054202328e+00
-2.144693833164168506e+00
-1.475931148659237468e-01
8.498343040917026858e-01
6.787702807698989815e-01
1.409093810781591793e+00
1.150456926395859281e+00
7.121307498327378305e-01
-1.460181606580934321e+00
5.336941643464756524e-01
-5.716430298620797101e-01
-2.466774337144426177e-01
-1.619050955875151354e+00
-7.906705601378367643e-01
-3.907669331530668755e-01
-8.392041932400264859e-01
-1.898823213675332022e+00
5.839411311524017600e-01
1.415126799109356348e-02
1.284933740363348731e+00
9.741766179665262149e-01
9.889946174218341435e-01
1.275428207095973931e+00
-7.249835723422548561e-01
-4.274103321890876384e-01
-2.641744875789665548e-01
-1.831966290085113025e+00
7.872738168031914174e-01
-1.821962989247605691e+00
9.811544451414485613e-01
4.209680512736154734e-01
1.181314070557717644e+00
1.241889657230393462e+00
1.531399837277450438e+00
3.717271204515996130e-01
-7.165118416645164245e-01
-3.793710193407988651e-01
1.710924279409019810e+00
1.478772247056342470e+00
1.351281062667588406e+00
1.863458575215713786e+00
1.069803224103016426e+00
-1.323455896877504756e+00
-2.287619275033928368e+00
-2.339693456614964084e-01
-8.661114866266375056e-01
-6.210191197183587697e-01
-4.038165813350128586e-01
-1.586996475580564336e-01
-1.268150158801983229e+00
-5.753889011718872348e-01
-9.300178281998581209e-01
-1.039637079022915023e+00
-9.705573659983159907e-01
-1.483278775921542447e+00
-8.695129243928335638e-01
1.406499045876545839e-01
5.639294464172033283e-01
2.229414193317957871e-01
2.208897091153947390e-01
-1.725076507875564769e-01
6.038061047205183218e-01
-2.103000328816416076e+00
-1.726428822382512829e+00
-1.374963958807346120e+00
-6.630101116262377969e-01
-6.373121684473614934e-01
-1.564590086266285596e+00
-1.054093923419960888e+00
-2.735455644649966711e-01
-1.226340517530933205e+00
-1.648692924245721558e+00
2.817703828969991831e-01
1.232888931271114208e+00
1.173629231092944813e+00
1.202289346654388691e+00
-8.918327111674497765e-01
-7.515842351068962035e-01
-1.701559591809042260e+00
-2.745457747306643270e-01
-1.326592359815731870e+00
-1.691803472194831182e+00
1.331523143179014212e-02
-1.288389712182059998e+00
-1.617854617704384435e+00
-1.415777986917292175e+00
-1.798729070288785037e+00
-6.605252767302549621e-01
-2.345643845381054859e+00
-1.553994827556348657e-01
-1.093867430843532329e+00
-7.652709333946661197e-01
-1.896775456726687015e+00
-8.275711215959773437e-01
-1.557100507157496816e+00
-1.492174198180264089e+00
2.047709357518188167e-01
6.924299536246670828e-01
1.935638399561478762e+00
1.316538101062696864e+00
2.303127043661652440e+00
3.738633501947858928e-01
1.683651774918897281e+00
1.716458126531078321e+00
1.640886762575722191e+00
2.178311111100137865e+00
3.656061608720659883e-01
7.845146649045660059e-01
3.712867595392461695e-01
1.570547803194269010e+00
-1.796348020809825918e-01
2.025204759037894320e+00
4.839828933171008707e-02
-2.163566498396981785e+00
-9.726476920524450565e-01
-1.869125788492698170e-01
-4.959383256990170796e-01
1.901310367794484257e+00
7.138328598159664473e-01
1.101854495860046468e+00
9.393024316273479446e-01
-7.211300863159770813e-01
4.699311516399485855e-01
6.184203055565278273e-01
6.898337371689224895e-01
3.798951525354447023e-01
1.083750445696885389e+00
9.636498074446908646e-02
-1.439112369828340121e+00
-9.851543615910124396e-01
-1.397684527282268441e+00
-8.259954929336017493e-01
2.490572880668489031e+00
1.724800292747398434e+00
1.187780242932718666e+00
1.669792899600757163e+00
1.697364425984132952e+00
3.209384576719011006e-01
2.782476869722128043e-02
1.308059126509246717e-01
2.451578708883856095e+00
7.035818637033877110e-01
1.214697456734644909e+00
1.674778069047087925e+00
2.699493676569213019e+00
8.995036710839255933e-01
1.577687096629976971e+00
2.358232478409727495e+00
9.018615251461419291e-01
2.404108648787787406e+00
1.023343588750937228e+00
2.084091186292495124e+00
-1.063751660352532991e+00
-1.203856356391244997e+00
-5.430302608541410780e-01
-7.874863391691463432e-01
-1.212888289764242566e+00
-1.054574626826901618e+00
-2.400296566608127513e+00
-2.409849796020068879e+00
-4.876481424973958534e-01
-1.034375786974935929e+00
-1.044376129572368139e+00
-1.257521581186632265e+00
-1.638355065649673925e+00
-1.371793984801912947e+00
-4.991675917828486408e-01
1.529995682991619921e+00
6.631020110372842780e-01
1.870060806950476495e+00
5.541812952949092264e-01
1.749667866240337322e+00
-4.531550721949375582e-01
-1.783830577393768380e+00
-1.609750827599925938e+00
-1.418703540080844760e+00
-1.797907901310402679e-01
-1.896729606679226965e+00
4.370488942351635764e-02
-2.031276332498408888e+00
-1.528435977692067960e+00
-8.512952054180285000e-01
9.742175787737444859e-01
1.451672808558464034e+00
-5.364642040643923249e-01
5.819466754829694111e-03
1.130646587550220739e+00
-1.264251745723782516e+00
-8.426440031026197763e-01
-2.972354422838155763e+00
-1.186181330407188650e+00
-1.077374288078997377e+00
1.146125236742451259e+00
2.233323164338208988e-01
1.034380239936886214e+00
7.756019240668343695e-01
1.597707995781979307e+00
5.615300342927549426e-01
-1.416248986184580616e-01
1.175204590093048340e+00
1.088914114664448984e+00
1.361338571398444941e+00
1.406470334022374757e+00
4.622171036952049672e-01
1.238127752092246014e+00
3.727447230526903521e-01
1.215999924317901382e+00
-1.952957614980910250e+00
-4.598343975546632656e-01
-7.970700783200387329e-01
-1.264356713237007934e+00
-3.211568493634133770e-01
-4.814599295881273333e-01
-1.773335876782177634e+00
-8.920546215361003783e-01
-1.781910469179186940e+00
-9.909970024705881952e-01
-1.646845035647883426e+00
-6.493013269160787804e-01
-1.234611174438642989e+00
-9.912056327468746764e-01
-2.352702132260552359e-01
1.180543167143710770e+00
8.589333967511298962e-01
1.284276882958416577e+00
1.113571694623152641e+00
2.109721173308184428e-01
-2.207004599097047937e+00
-1.002301678103244553e+00
-1.463818569824091309e+00
-1.442212635879740912e+00
3.786211414547491216e-01
-1.247876399087706645e+00
-1.553177053806763741e+00
-9.534452024507836798e-01
-2.462455029047406541e+00
-2.563149444517206277e+00
1.480032597712911624e+00
-4.879942957559446626e-02
2.415976572255419619e+00
9.953068989840151426e-01
2.071278277377247790e+00
-1.471983122885662798e+00
-1.455436741077748231e+00
7.789946245877925612e-01
-6.011886781602258090e-01
4.095829419948167072e-01
-2.075700302872078851e+00
-7.518258354787734632e-01
-7.328349646106222526e-01
-1.252489834178141859e+00
-1.624436715299876433e+00
-5.584129762980005740e-01
-1.354266777240205943e+00
-3.744387209566346630e-01
-8.918007427144123422e-01
2.328765687956289021e-01
-2.076684479919267634e+00
-7.933281350518723851e-01
-1.070074441971376800e+00
-1.078459979113358669e+00
-1.590087056470826266e+00
1.669882977515664058e+00
6.728006786884306312e-01
1.986658836202872536e+00
4.660263834232498681e-01
1.621755797186045012e+00
6.453441184684374221e-01
1.183087230736616258e+00
3.317402639709179368e-01
1.148705048182862454e+00
-5.888094329801425442e-01
8.776701047960974167e-01
1.528884083125461091e+00
4.086014045209850343e-01
1.240070298837070428e+00
7.357992486247502129e-01
-1.787247190347397208e+00
-1.396420060356517334e+00
-2.768696190213043806e+00
-8.889805314553933524e-01
-9.537107198554036769e-01
1.650667792796076006e+00
1.587764019684267280e+00
4.910943589795302433e-01
1.509555210291786187e+00
-5.349171083059387488e-01
2.157380067362559384e+00
1.384957247387487600e+00
5.818778913529280006e-01
-5.710079891772368299e-02
7.482035846721224459e-01
-1.226372857604280497e+00
-3.269810747974981613e-01
-1.204713019897956539e+00
-1.180524789069482550e+00
-4.764848486334610778e-01
1.077710289376223374e+00
1.042195216789979728e+00
8.447996328307731950e-01
1.467935207554163402e+00
8.499057778439483846e-01
-1.600672259882530257e+00
-1.051350687793332295e+00
-1.199395559263709332e+00
-6.178799955325808835e-01
-1.629017832623546269e+00
-1.671499693633029970e+00
-1.675527548460761018e+00
-6.662814248586584887e-01
-9.754117442974427066e-01
-6.225748064999834241e-01
-2.435546053410633238e+00
-1.706371995029132727e+00
-1.188781389591871074e+00
-1.159104501244198726e+00
5.781852381220642378e-01
1.292991292755655053e+00
1.331960085802428750e+00
2.833071826959824291e-01
2.018948861755573088e+00
3.320750243790804301e-01
7.849298782909233108e-01
2.075306230091943149e+00
1.598361047394140977e+00
1.536076642519967894e+00
8.509402175363192100e-01
1.639724157593970055e+00
2.125845984290176904e+00
1.281291010119324225e+00
4.789654131943537063e-01
1.385230457822045347e+00
-1.781923250713877138e+00
-1.411250249636149201e+00
-1.890740971196401388e+00
-9.888479684888814569e-01
-1.105834785866647518e+00
2.411459195644152231e+00
-2.651299346498632303e-01
1.866400887951993104e+00
1.950018131324268378e+00
1.303534031385250369e+00
1.560131716310243277e+00
1.026563257768273285e+00
2.139584249642580538e+00
9.900611978763462773e-01
9.872030368575964721e-01
-1.176315354327801321e+00
-1.219201877497949615e+00
-1.140392302467515773e+00
-1.882590102012045907e+00
-1.587081548207939896e+00
-7.813320368757539214e-01
-2.301167386447255936e-03
2.575374223232971271e-01
2.425752277147915414e+00
1.098520299863585681e+00
5.494023194325564630e-01
1.862651069245927049e+00
1.631371355861762407e+00
2.073823428272887792e+00
1.385725799200342001e+00
2.539150965579456187e+00
8.609890951012362237e-01
1.509016668680512874e+00
4.377806937979339397e-01
1.048663921517754671e+00
1.169065478118658907e+00
9.683509281921155454e-01
1.765118889017912585e+00
1.565422034201854995e+00
2.620830610902381341e+00
-1.051734304817650401e+00
-2.100951709924503863e+00
-1.827813846381457719e+00
-6.397342030709306515e-01
1.333113326303880797e-02
-1.818438951514286916e+00
-4.200195365951842064e-02
-5.587987862274685913e-01
-1.979484712214893305e+00
-2.016732356793456304e+00
-1.419571099940278636e+00
-1.687381260384391624e+00
-1.374293848093130599e+00
-8.398676320560098940e-01
-3.961648384536351486e-01
5.770362394187042998e-01
1.406938810420320429e+00
5.880986472942271170e-01
1.034737285983403643e+00
1.722176832149097336e+00
7.853734432162973178e-01
-1.942424142048805313e+00
-7.799503522343967932e-01
-2.764365667108784841e+00
-1.404226198751212351e+00
-9.244788901645867307e-01
-2.799261187771532988e+00
-1.987059497317150703e+00
-1.608720918030008384e+00
-2.955698573817239216e-01
1.286868536429568888e+00
1.162167251325426420e+00
2.314520062633872666e+00
9.379970375590007681e-01
2.366704149463555451e-01
-7.120210010047545168e-02
-1.482186397088139707e+00
-1.918511204876177434e+00
3.000627687993762116e-01
1.410992004675141409e+00
-7.949693775014625707e-01
1.639068440177895880e+00
1.060621223574997218e+00
1.542182034752503483e+00
2.032124944690820723e-01
1.419478752215972417e+00
1.519528476673309925e+00
1.803800322067504958e+00
-4.588490484192861985e-01
1.706329077844039865e-01
4.646070425026377348e-01
-1.637899195324392654e-01
-2.922626412324635936e-01
2.227630753760769799e+00
2.001935727614584604e+00
-7.086554511569436166e-01
-1.475177075151056671e+00
-1.523583143595212075e+00
-1.296742846758622836e+00
-1.346869742025768701e+00
-5.192611858604476716e-01
-8.841380455101961466e-01
-1.995618135558928197e+00
-1.863959585266607766e+00
-3.787648593784144202e-01
-6.340618153581886185e-01
-4.583105769489874692e-01
-1.300071326561087481e+00
-2.833356889383375599e+00
-1.549204503876885575e+00
1.266186383772780477e+00
3.556997144589439941e-01
7.406977374926733138e-01
1.997697037597283121e+00
9.283597664878884270e-01
-7.183446672728961424e-01
-1.004332127212228309e+00
-5.755306426585163893e-01
-1.196153499969358602e+00
-2.613342826149106735e+00
-7.756140689550837797e-01
-6.580184247873730463e-01
-1.530436754507978225e+00
-9.462625666658432966e-01
-1.897422064164950628e+00
7.706296983862956917e-01
1.595576938549773560e+00
9.299447796915661923e-01
1.651814957763633185e+00
1.729755261371990427e+00
-1.147799857902743526e+00
-9.212861218625061355e-01
-1.817312746304775795e+00
-8.603127106328193330e-01
-5.537236474495432770e-01
-1.056213074491324067e+00
-6.214378498396639916e-01
-1.707117862446032142e+00
-1.455538351600011104e+00
-1.980273248184543311e+00
-1.649509303637930024e+00
-1.165055155313247326e+00
-1.651772951363889685e+00
-1.106752673320890779e+00
-3.721691218688671920e-01
-5.355694417897398640e-01
-1.305250540235776135e+00
-7.693573406327238740e-01
-1.190859358974481363e+00
-8.430670443712279249e-01
9.032505199260780770e-01
-3.884954770679160951e-01
6.792132213535839735e-02
9.874288518438182338e-01
2.172107858329566099e-01
1.192246630241504235e+00
1.738184595801759214e+00
7.444889690714029395e-02
2.292516004640059890e+00
1.402943624467717809e+00
7.049890880440512486e-01
1.823657679528009945e+00
2.540104266065895455e+00
1.004780046324035947e+00
2.320398923072326092e+00
-6.829258987047243101e-01
-1.324409128441920824e+00
-8.314014233764084327e-01
-1.130405671493084574e+00
-3.610837193677959300e-01
6.208042258028978466e-01
8.628180726726886185e-01
1.109453935863431884e+00
1.160741617187193819e+00
-5.387319594846298187e-01
8.170602123314427701e-01
6.509789922873157053e-01
-7.891571994068353746e-01
1.171854936808115255e+00
1.399637914662199556e-01
-9.396537912592606290e-01
-5.305697174040729935e-01
-1.070243068454360236e+00
-1.880909056784775935e+00
-1.502861240853983649e+00
5.848638436603516011e-01
5.463161703064867147e-01
1.542376211090475069e+00
1.385645688250588980e+00
6.249405291868478374e-01
5.173292538595872792e-01
5.933125190314839648e-01
1.507999050133975949e+00
2.058040130144810131e+00
-1.304983283145595419e+00
8.019127851860079481e-01
2.529347205030596069e+00
9.050852140583451888e-01
1.095080304787238390e+00
1.486928192580657893e+00
7.846464097318981423e-01
-4.364346563477286001e-01
1.083268601734795000e+00
2.221691369806723770e+00
-7.375878821213461833e-01
-4.071255778001408032e-01
-2.322986724905637068e+00
-1.619015750971086742e-01
-1.212918372590026994e+00
-9.039650198231281575e-01
-1.045309415425855759e+00
-1.947146090934497309e+00
8.833155203130105271e-02
5.128702194781498136e-02
-7.029363559491921265e-01
-2.044370535358472019e+00
-1.721352528888510536e+00
-1.008939230317188684e+00
-4.382156476409404533e-02
-2.057760119913888630e+00
8.219546565191695464e-01
8.584388549031096716e-01
5.262777639572444599e-01
1.959735079191084806e+00
1.831429156211920706e+00
-6.968799485068732924e-01
-1.822126042777782562e+00
-1.346283129010865665e-01
-2.003731609899447985e+00
-9.452890087815352116e-01
-1.963792205054984308e+00
-3.311895174974930356e-01
-6.044388728202411132e-01
-2.929190826190711805e-01
-3.203266386004093746e+00
8.715114805447513602e-01
-1.415296058926145406e-01
8.158444888507654369e-01
8.107211919271305467e-01
9.009292096984407028e-01
-1.296230118772941697e+00
-1.388515211560101603e+00
-1.460508763966477774e+00
-8.895963703165002956e-01
-2.030903927188542291e+00
1.598455533536548234e+00
1.296309005562141348e+00
-1.246531582208052491e-01
1.699865709437646810e+00
1.966923937371102715e+00
1.428041397485554587e+00
1.712406102547184172e+00
7.162612171216788948e-01
1.701397706100880036e-01
1.537650379364311259e+00
5.687045672619486236e-01
8.551293138394333582e-02
2.490372511495815289e-01
2.626407415169762505e+00
1.625637011823399813e-01
-1.677468949537663123e+00
2.906969360472624331e-01
-5.471313734352044600e-01
-1.350717211177149712e+00
-5.324851224547186845e-01
-3.397483380154859844e-01
-1.054588148448533325e+00
-1.794469419545555056e+00
1.364892409889690850e-01
-8.755592959001341491e-01
-1.037747013166753662e+00
-1.742588517145813309e+00
7.495529960947222570e-02
-9.718775980530879322e-01
-1.165029593281278864e+00
1.946051048994513977e+00
2.262765850390924260e-01
1.129802694723886392e+00
3.315481230940393598e+00
4.764812447730242262e-01
-1.764623512991230214e-01
-1.107270065494585509e+00
-7.010142520835598301e-01
-1.404432469895301683e+00
-2.419872824310874471e+00
-1.278045781175024764e+00
-5.031398123189505522e-01
-2.925349137384208875e-01
-2.165227435372945042e+00
-8.111416425876601943e-01
3.889642637862152919e-01
9.880780971384403033e-01
1.222552538502376329e+00
1.243619127026611260e+00
9.303273263122258108e-01
-9.348838648023343190e-01
-1.294004694786691001e+00
5.275274982790900680e-01
-4.420975155747967067e-01
-9.697075478826012729e-01
6.053873722535330071e-02
1.266722259283455276e+00
1.717576111098755964e+00
1.442903654922119028e+00
2.222333257232349979e+00
3.637369496312343742e-01
1.392993788078180639e+00
1.119292375685660978e-01
1.173558421681648811e+00
5.242852659351238120e-01
1.372077579426567828e+00
-9.017526862149263245e-01
1.227413363541900226e+00
2.047014454096126368e+00
7.032815342598981445e-01
-2.316836056450028991e+00
-1.724725694901132256e+00
-1.356989741959741202e+00
-1.910303469397856890e+00
-4.136656082462704109e-01
-1.590530889474565335e+00
-6.590742491522643132e-01
-1.252753242767328912e+00
-8.369901276739570850e-01
-1.297198615346617512e+00
-1.792387442273594367e+00
-2.467732633348540539e-01
7.854120505330941526e-02
-7.344299987370933591e-01
-1.097937416625322848e+00
1.411543349404967840e+00
7.792322383642964478e-01
1.119062018973262518e-01
9.352374105815026706e-01
-8.741945358071245842e-02
9.789083741878852329e-01
-1.865718802549859667e+00
-7.432376389110736392e-01
-3.514805988418103766e-01
-1.304900570525765024e+00
-7.992660681925580768e-01
-2.532712709971151055e-01
-1.212553237587378652e+00
-3.952799593969145153e-01
-1.361090523277290298e+00
1.278490758035053299e+00
1.938256158031215204e+00
1.722981747734228630e+00
5.970001039434584822e-01
1.804210298551351288e+00
-1.008793280818630622e+00
-1.701126988052989564e+00
1.006720870681987456e-01
-5.792220446695139913e-01
-1.720415848505794543e+00
-8.432819477688013876e-02
-1.151431312335546631e+00
-1.547870004513913322e+00
-1.125903955369949028e+00
-6.534119559791241594e-01
-1.627987232193189859e+00
-5.100396794097488140e-01
3.363757493193730852e-02
-1.074164123887139555e+00
-4.336461571217441469e-01
-1.504979682588458489e+00
-3.831323936125571317e-01
-9.220064075813330096e-01
-1.118289883078860791e+00
-2.219417609911892519e+00
1.101030917378889029e+00
1.493853188841170798e+00
1.293782040489046992e+00
1.082370808893256653e+00
2.969358259764780517e-01
7.892012300877798703e-01
6.999825965147310480e-01
7.479066508524523371e-02
2.371390442661735598e+00
-1.825996943133425532e-01
8.053262830544111184e-01
2.338273812800529594e+00
5.481556514111280975e-01
9.630011608656431354e-01
1.342780346935996683e+00
-2.565545462395403931e+00
-8.289610099023934087e-01
-2.253376848959846246e+00
-7.264347638707988608e-01
-2.145485855231978878e+00
8.433172686331134038e-01
1.639079260607209099e-01
1.715573054383442209e+00
5.257756271437680207e-01
4.794251329857640576e-01
-8.696624911133679081e-01
3.831227162818393595e-01
1.226325334719193805e+00
1.061552367213658865e+00
3.582254781965943380e-01
-5.044842968344398493e-01
-7.062036204307102771e-01
-1.749969838114120657e+00
-1.462417223959330492e+00
-6.580377840691515878e-01
1.270718093821088246e+00
-1.041531990237490213e+00
3.291346542379833817e-01
1.406799183037400036e+00
6.715340160140762515e-01
3.728167968345417194e-01
-1.475102197708298535e+00
-7.342950185382552952e-01
3.444806687390009614e-01
-1.077093642405958285e+00
-6.577711404573979292e-01
-8.764325592039912127e-01
-6.606101212687049973e-01
-1.444782954015209953e+00
-8.127348094694062386e-01
-1.439375725091575298e+00
-1.523483393827122168e+00
-1.692735006453128577e+00
-4.094661547291960080e-01
-1.756687170887301308e+00
7.347842557667915164e-01
6.480259052568122513e-01
3.893261792169817603e-01
4.788463908481483955e-01
7.298495828415255682e-01
1.338796853339600634e+00
8.839306410276405179e-01
7.044988994511400815e-01
1.242304974721278876e+00
5.056671495106221936e-01
1.333111656330273398e+00
5.010185526498706077e-01
6.536412912422669974e-01
6.444781302650561816e-01
1.181632786094369170e+00
1.918107975881588878e-02
-2.301349288126393056e+00
-9.686936746226366690e-01
-9.467166200503832618e-01
-1.001790340489470799e+00
1.636328665692847295e+00
3.112985285709065630e-01
1.088495769321748297e+00
2.326122954146887967e+00
1.335437807737246629e+00
1.276364808474065304e+00
7.135897583425825363e-01
1.610007353996799617e+00
1.464145670618741679e-01
1.221521346119776030e+00
-1.226464040816963141e+00
-1.572912756197530681e+00
-1.162419663454482777e+00
5.012922530218384409e-01
-8.123713176451081708e-01
1.095341952771817340e+00
5.843959737421557943e-01
1.072709748114170303e+00
1.338377528661816918e+00
1.031638572074322635e+00
4.337995345699028338e-01
1.519590393209047541e+00
7.415703670161838401e-01
1.209877531572346454e+00
1.663568159505097732e+00
4.689378344347652217e-01
1.602740338706136303e+00
1.623261926600084726e+00
1.432731834961391559e+00
7.262859962374890177e-01
1.483914518959321693e+00
2.284358633036458919e+00
-1.172895637436095484e-01
1.891271546830725736e+00
1.222699890107332044e+00
-1.055171407261491057e+00
4.891139021891974803e-01
-2.097737967533637615e+00
-1.675884651801153424e+00
-1.229348429379844232e+00
-5.326083203826468271e-01
-2.370089815174657666e+00
-9.000317424900603491e-01
-1.622977458380304716e+00
-1.828101064739598103e+00
-1.595434202328588125e+00
-1.872282332950925499e+00
-1.685924058296280670e+00
-1.653449861608636606e+00
-2.072277388480606941e+00
1.588942501216524805e+00
2.021615380713295274e-01
1.555164218231942730e+00
7.937917224555746110e-01
1.910437383500312558e+00
-4.980423129059219356e-01
-8.697059372721402948e-01
-3.619047025377656324e-01
-1.115837237688319661e+00
-9.379483226990078526e-01
-8.711748797588050319e-01
-1.733530992304771701e+00
-1.850808214714303901e+00
-1.283119108225289295e+00
-2.156748571500955336e+00
6.701018028749414768e-01
1.071246510313415223e+00
-5.648143069316642340e-01
9.296268664281660543e-01
2.994257620426123978e-01
-7.694239216146896432e-01
-1.319012042523068029e+00
-1.456094135721158978e+00
-1.279746182023852930e+00
-6.219284293401323715e-01
-1.186916229383378596e+00
-7.489561648948878103e-01
-4.972857189189324734e-01
-2.126200072417892439e+00
-7.053631563953556283e-01
-6.505231396150970014e-01
7.933107100510272680e-02
-1.506048627797587081e+00
-1.017701224668128956e+00
-1.128601081716461119e+00
-1.075141864214116172e+00
-8.554838002349598458e-01
-3.893166712634676951e-01
-1.750080613761263004e+00
-1.536090167757771852e+00
2.501112358700827265e+00
6.466029481804411727e-01
-3.228138722447855269e-01
5.051319302269128286e-01
1.331695589153824466e+00
2.052176719649147163e+00
2.052480476644835683e-01
1.275047712177473258e+00
6.744359978589211657e-01
3.907837796704083377e-02
1.299961121057472413e+00
4.870013148080620802e-02
1.049123394208531179e+00
2.158425920701331435e+00
-3.183849450762836764e-01
-8.339327704738251912e-01
-3.617146763736069914e-01
-2.515792552200074583e-01
-9.257859081548545088e-01
1.038914741098051486e-02
1.036910950472838433e+00
-3.870290146430668266e-01
4.045571527244415933e-01
1.777299151469528438e+00
4.365236346987148019e-01
1.409390947576445008e+00
7.328095821032534207e-01
9.560283359300030259e-01
7.872895858304232997e-01
2.489083733659920306e-01
-9.976614445546494458e-02
-2.869193199026376373e-02
-1.569458728238797729e+00
-1.297813697528363841e+00
-1.765729948191107068e+00
-1.029287616350509360e-01
1.058039315083315168e+00
4.361386301530554288e-01
-1.437775715114026909e+00
5.373675490451448322e-01
-1.397364384115970637e+00
-9.580621143034052656e-01
-6.829643462515404551e-01
-7.726021234170138419e-01
-1.877448235431722345e-02
-1.490662219137380173e+00
1.537150941200406074e+00
-5.141453962756707963e-01
1.086880715162645838e-01
-1.397385163366625438e+00
-1.583359470297380778e+00
-1.214597881770891341e+00
-2.376738504525457429e+00
-2.011250098536837783e+00
-1.623458835255258137e+00
1.193376300448291127e+00
1.473064826193047683e+00
6.791057721317466100e-01
1.456502670143304812e-01
1.135346902698366467e+00
1.553213195295234161e+00
1.810811951639176076e+00
-3.948765006997927429e-01
1.490100704921244024e+00
8.228009604887148720e-01
1.679963539731391453e+00
8.165217508545268288e-01
8.262241324976669077e-01
4.481656800410049879e-01
1.139117850584754787e+00
-1.209073728626222533e+00
-4.841475815266709226e-01
-1.300306285391422012e+00
-7.340356304956277000e-01
-2.017041067379857999e+00
-3.722446643006476208e-01
1.330974248312035479e+00
6.910471819820953598e-01
1.710834670165546356e-01
2.281682200918629277e+00
1.018604073054702353e+00
1.085393776829660206e+00
1.489312776243384429e+00
1.174205434095348943e+00
1.218918545348682603e+00
-1.821482969430774146e+00
4.294715738610459521e-01
-4.000342736501594221e-01
-2.001380465885933102e+00
-1.262630112598162269e+00
-3.567407065517436138e-02
-4.688764123227451286e-01
1.018570764424628905e-01
6.856574924711499319e-01
1.749229630326935014e+00
1.537492361212193792e+00
1.100346399140608611e+00
1.899813689037238351e+00
-6.913087325331281896e-01
1.000395455536119638e+00
2.102504407466824432e+00
1.080156052409758871e+00
1.442249504324921938e+00
5.271828265514788558e-01
1.579078053763372402e+00
1.728769718720656101e+00
1.408526894367056137e+00
7.751697719533097164e-01
2.420795815244187743e+00
1.156384634499262765e+00
-1.097261490825919727e+00
3.240518088394095386e-01
-1.578615899178761328e-01
-7.440357540500036615e-01
-2.339211002624110414e+00
-1.938635939652933349e+00
-9.963027171681219096e-01
-1.731799585614164361e-01
-1.922894105910156970e+00
-1.616412143524944556e+00
-1.382644324636900901e+00
-8.836895854315066634e-01
-1.494992152091296322e+00
-1.047618364692700421e+00
-9.682004421122950566e-01
1.061665285922872570e-01
1.497732603833876297e+00
7.120720774496820393e-01
4.665152331989543821e-01
1.646652711054372720e-01
1.728112049086858448e-01
-1.528326206571329893e+00
-3.728875730559565449e-01
4.718133039997107758e-01
-3.345565464748914142e-01
-6.001976237400957759e-01
-1.524767675611922835e+00
-9.397120885242729038e-01
-9.818341440498058459e-01
-7.984034867952778391e-01
3.742306418380081379e-01
2.513392281673153761e+00
1.179108958361593462e+00
6.172563340337211546e-01
1.019325062165460372e+00
-5.012958143550299006e-01
-1.525035325605294201e+00
-8.848286433343611757e-01
-1.440983530067841745e+00
-9.059859378783342576e-01
-1.694352047687242013e-01
1.842331403658298061e+00
7.705570587309233943e-01
1.779317032646917207e+00
1.263734669791618748e+00
1.817677554854911781e+00
1.442084309015519317e+00
9.878599661137411614e-01
1.583808425924847718e+00
1.248226093358610456e+00
9.058587913958819904e-01
1.020448862370178622e+00
1.812850947814440561e+00
4.044621325397672607e-01
1.934657912476055230e+00
-7.216706719054934993e-01
-1.634832036686726386e+00
-9.086621129813956532e-01
-1.683274098865133572e+00
-9.805952164908764424e-01
-1.758557831837022301e+00
-4.934945174575395832e-01
-3.247052581401619342e-01
-2.027724208807765383e+00
-1.503489885371906976e+00
-6.575158444312805273e-01
-3.473790250729256179e-01
-9.819033135506209931e-01
-2.186186557385298102e+00
-1.539257452801912951e+00
4.958583279442249081e-01
-1.497877280451027637e-01
4.987359447971019266e-01
8.192917342092507216e-01
8.286829301445539642e-01
-7.667269128529365929e-01
-1.232866870819860239e+00
-1.441487348685905889e+00
-1.630766794855497359e+00
-3.471336785309883100e-01
-1.081330426806258238e+00
-1.127568597400385286e+00
-2.255913957137574144e+00
-1.094367515077008690e+00
-1.077666657626904279e+00
1.319207409904842532e+00
7.294115072636373487e-01
1.547623708712909663e+00
3.206037694765526691e-01
1.092830566907917245e+00
-9.547158945058028534e-01
-7.625277487035588830e-01
-2.519658326827797223e-01
-3.939042428822439046e-01
-2.139573043577245315e+00
1.203134444112521351e-01
4.471824007749225505e-01
1.899057915210015768e+00
-2.543975269403020434e-01
4.903706984376062783e-01
2.767764476926351858e+00
9.183048599930005995e-01
1.744221391196215443e+00
8.739744920436908204e-01
1.661187463214730986e+00
2.371897675474976541e-01
7.364113473323025127e-01
1.260138658167782477e+00
3.153490879363525234e-01
-3.807609661345385810e-01
-1.520442077150486515e+00
-4.871744985469765865e-01
-4.273200342623837411e-01
-2.218833171846390506e+00
-1.730117685047124487e+00
-1.316831286510866672e+00
-6.375641036379393611e-01
-9.270134420820144161e-01
-1.992703211639628824e+00
-5.314512814594661849e-01
-5.821865219225217380e-01
-1.153629841156893487e+00
-1.563388316936747069e+00
-1.599072021828612300e+00
-1.476183778148747017e+00
-8.278524255786567920e-02
9.707401290143842232e-01
2.003843127320303452e+00
1.774710254197207959e+00
2.023536247665291388e+00
-1.367357204293059958e+00
-1.906570701417845903e+00
-2.181387114511926129e+00
-2.049884181356723900e+00
-5.318670610265135990e-01
-1.296274686373429796e+00
-6.075223647560867857e-01
-1.530368690860938630e+00
-1.526489822325986179e+00
5.946033009089122245e-01
2.268867626539349480e+00
4.696938073088834376e-01
1.518023897682236445e+00
7.706302519344873092e-01
6.977913665196425752e-01
-9.138044677860773790e-01
-7.599438913488554270e-01
-4.177045643343373360e-01
-6.825602649794586529e-01
-1.500670482514061099e+00
1.873325501328217735e+00
6.868478417599560570e-01
1.364179151647101351e+00
6.211130068399141058e-01
1.630074376168790584e+00
1.571476040437256305e+00
1.717108236455402004e+00
1.263417182826263474e+00
1.139243585540786308e+00
7.050101854941726032e-02
2.157958092064545585e+00
9.978304862136041509e-01
7.272531015356241690e-01
1.020816974749289230e+00
1.869248924759773667e+00
2.222045470681921486e-02
-6.070077449986113205e-01
-6.735262527929390952e-01
8.311812481111657824e-02
-1.441263128765130075e-01
1.342410250101027103e-01
-4.031622917651657145e-01
-1.227038099841520680e+00
-1.491183664134877018e+00
-3.002865688997909954e-01
-1.045856053552156606e+00
6.197727143480880052e-01
-6.320597708513894242e-01
-9.599467417577155492e-01
-1.828860056043950522e-01
1.187236319068925683e+00
9.172309066543293810e-01
1.451314471611367285e+00
8.771017673797941727e-01
-4.451642980563175200e-02
-3.565066940948620200e-01
-6.888152013842595567e-01
-5.280428290865263330e-01
-4.535501227265026358e-01
-1.079127227521869958e+00
-1.628657011837628454e+00
1.175601929817400304e-01
-1.067535007297710781e+00
-2.802316257115321507e-01
-1.013794712156263378e+00
3.218668445408203294e+00
7.385806115537346672e-01
1.072667866740014242e+00
1.701336864065994936e+00
-4.292207374088450322e-01
-4.497238887599965818e-01
-1.176637135327370132e+00
-6.591695799389686306e-01
-2.500334884749602082e-01
-5.290600921811239310e-01
