-1.331267227911590023e+00
-4.678556610040621733e-01
-7.447589020144803618e-01
-5.626198351403146614e-01
-1.185165227895903062e+00
5.020516318415266799e-01
-5.598347122704497858e-01
-1.304148272477687609e-01
-1.880436724176771435e+00
-2.436573589293198339e+00
-1.382038079059233482e+00
-2.521093414841172331e-01
-6.542832046109604560e-01
-1.554695096002348453e+00
-1.149093367820070766e+00
8.732876362417182348e-01
1.747902656379307640e+00
-3.833771303457669255e-01
-4.232567092751178262e-01
1.943212114481973174e+00
1.933866242052762585e+00
1.293415409918527770e+00
1.400277823662815058e+00
9.050438151899229400e-01
8.934122932421110219e-01
1.252463207920563093e+00
8.324711307333991783e-01
1.004359793520349875e+00
-1.215357929056182229e-02
1.248315503648791402e-01
6.568852922912591374e-01
1.317547602095959114e+00
-8.827186062935377109e-01
-1.225248060408048678e+00
-1.542959414121101602e+00
2.000355190976379482e+00
1.423908483945268255e+00
1.633817217873089200e+00
1.145101644380221106e+00
2.363608665770370543e+00
6.278366637855226084e-02
2.423178887054703523e+00
1.184598834428579162e+00
1.307807279697684955e+00
1.404177169847076190e-01
-1.514003203473277548e+00
4.116019139218067835e-01
4.022609970082393627e-01
-5.559578211688350757e-01
-1.179249504566910911e+00
1.691165320052564036e+00
7.569570528756327521e-01
4.823553229159325273e-01
5.756421861897905723e-01
1.985121655741977742e+00
4.946653291771726524e-01
4.436844630005307710e-01
2.221789657383424377e+00
1.408656884084425576e+00
1.418410371790547408e+00
7.756015286332418324e-01
1.714862141679105889e+00
1.919821937172581983e+00
-2.810661386305752796e-01
4.946219270724866446e-01
1.554402151915809993e+00
3.626508127821286287e-01
2.303009528666301264e+00
3.496332991288029213e-01
1.194503700599264251e-01
-1.802392687746328104e+00
-7.002029012674049202e-01
-1.301167274613073799e+00
-8.126985912695307013e-01
-4.012875471782078041e-01
-1.164906162260418210e+00
-1.887879409511711515e+00
-1.819344369121973948e+00
-2.061397159751419128e-01
-5.558383278701864993e-01
-2.158129315496489120e+00
-4.090887532344666955e-01
-1.427341342971510274e+00
-1.903337166207588416e+00
-6.793180712133584098e-02
1.642468942524062170e+00
9.300331144300405528e-01
1.332808241641021407e+00
1.424301995135703880e-01
1.509359477745242373e+00
-1.184292986470237397e+00
-3.961418985676610216e-01
-2.053845483223537549e+00
-7.271521573389589932e-01
1.456413414381163562e-01
-9.877675371560082906e-01
-1.264120725982874616e+00
-1.235166771771495808e+00
-1.063888473599905460e+00
-8.711711801451127446e-01
5.693876871938742257e-01
1.670726683402001811e-02
7.900650743675406984e-01
8.735028283369792312e-01
4.133853209207558610e-01
-1.432261021544580792e+00
-2.088963291837636405e+00
-1.103570545118049306e+00
4.121722223066615065e-01
9.676110473812604695e-02
1.530285432631434128e-01
6.310199267898781716e-01
6.136778319599276443e-01
5.415677346103991985e-01
2.011858129860677025e+00
-4.482809035861814451e-01
1.160440294638848568e+00
9.723069805153720102e-01
9.155879055734003069e-01
3.874346336239302691e-01
2.645818904333579802e+00
8.491495807110511773e-01
1.293740189808212371e+00
8.444632426229441435e-01
-1.400296302969533890e+00
-1.857496429105838232e-01
-8.436976079390028360e-01
-1.192019534481362664e+00
-2.449079875293568298e-01
-6.949700648545701354e-01
-1.104083398942743655e+00
-1.195465082034290916e+00
-4.661690016091120103e-01
-1.494567403294855490e+00
-6.662193518392187652e-01
-5.391022562943237340e-02
-1.600499455761379863e+00
-1.077205041689317078e+00
-9.246354391619151514e-01
-1.172043258944918120e+00
1.316678836021037746e+00
-1.050592547052201731e+00
2.606773166254797935e+00
8.614326919429102780e-01
2.736231068487009477e-01
1.778465562993434279e-01
-1.504409969841151273e+00
-9.189074588850756342e-01
-7.692617280142087788e-01
-1.203432365174363694e+00
-1.467567794340916887e+00
-2.091404005782271369e-01
-2.147957838188253810e+00
-1.320961072143808979e+00
-7.783311060090687405e-01
4.958709169781365667e-01
1.631381139733297569e+00
8.664094435457487808e-01
2.128351074205611315e+00
1.435495985974170718e+00
-1.636426324709187696e+00
-8.374235197797408325e-02
-1.206988355130805379e+00
-4.168774473510552525e-01
-9.936607011918118237e-01
-1.543165110604122425e+00
-1.125737558801440885e+00
-8.407109286777125767e-02
1.281642129819609011e-01
-6.698517648039882255e-01
-1.531689953260553683e+00
-1.322648733069376803e+00
-1.405741850062345089e+00
-1.534091254250053549e+00
-7.417458698705587938e-01
-4.941639797401304879e-01
-1.382641111179703231e+00
-8.135840006673548119e-01
-2.468124237574291779e-01
-1.146156508359557291e+00
5.795552820978019382e-01
2.141265330315778037e+00
1.964783101881567573e+00
-9.064822731689841095e-01
1.379484382269916543e+00
1.536792499346076202e+00
3.177376271221701298e-01
1.778717832809354915e+00
1.554444974614973995e+00
8.386408131927736154e-01
2.031773233574033721e+00
2.526597614932616365e-01
1.242069729767957043e+00
8.786726025817492847e-01
1.476228464099726967e+00
-4.686259945317060582e-01
-1.297827998346094081e+00
-3.576907974558669601e-01
-5.477921479762978274e-01
3.111271899934053842e-02
-4.738731770841253521e-02
1.335325090741741993e+00
2.084799327106494626e+00
-2.861364893027351641e-02
1.837027639210594865e+00
5.997351597186393324e-01
9.573472827359202908e-01
-8.761816516075948691e-02
1.332846444565647381e-01
1.900048143185862459e+00
-1.101760958246941868e+00
-1.118155423739847443e+00
-3.949848535065709765e-01
-3.587085570550219149e-02
-9.054371494830391054e-01
9.472557005977347844e-01
7.955160219973359537e-01
8.966339185610188167e-01
1.466438483383424307e+00
8.573390636330366910e-01
-1.411087699164283782e+00
-1.542349614101872657e+00
-9.822042440824051424e-01
-8.005400960558612944e-01
-5.124355651790287736e-01
-8.340259913699934469e-01
-1.032299488473882754e+00
-1.474567727746814771e+00
-1.758432352489273320e+00
-1.794568243831775600e+00
-5.759824322241482442e-01
-5.126862186763087026e-01
-7.870483569769489707e-01
-1.125380852909422469e+00
-1.124427579855152182e+00
1.371570674422712965e+00
6.730815027453673771e-02
1.226331411715491537e+00
3.455156536180594706e-01
2.401456014125713523e+00
3.889699893475805359e-01
1.298482815754978592e+00
1.007774669320809835e+00
2.918374156762290283e+00
9.477851159295090921e-01
5.029552221330608752e-01
1.748309004988054527e+00
1.257623038204310761e+00
6.064638291861403907e-01
8.547452668450166158e-01
-8.134390291922735106e-01
-7.374592695000821152e-01
-1.178987717539958346e+00
-6.005258306439822391e-01
-1.788027148671099242e+00
1.609192951461115850e-01
9.804648855743053337e-01
9.321590729469965142e-01
1.607810134502723143e+00
1.263938786864957642e+00
4.585842093211697224e-01
1.121152058907436411e+00
7.082923820908848533e-01
-9.934414000768403419e-01
3.037483001711245301e-01
-2.165557760304633206e+00
-9.421289745071208532e-01
-2.062897332419235674e+00
-4.406720844444070861e-01
-1.821719197748375318e+00
7.874171974271129137e-01
1.463981673028422081e+00
6.903820354223612066e-01
1.086767580321892357e+00
1.602746132049387207e+00
-8.939291087252412282e-01
-8.350647506549601085e-01
-4.001624421219237560e-01
-1.668721107835884565e+00
-1.059726440802991387e+00
-7.820485089472496432e-01
-9.781021987310781762e-01
-1.845571252664675033e-01
-2.458771414942857447e-01
-2.430607942854699388e+00
-1.992652484774813715e+00
-2.705549289106095046e-01
-1.297581884497526872e+00
-1.981594173220189381e+00
-6.704969499591755255e-01
1.726130216812766127e+00
-1.290501047060659268e-01
2.660289251951825307e+00
4.138848065236983009e-01
1.848316385169330722e+00
8.923410532231592640e-01
-1.704190948450872156e-01
1.157262630439398254e+00
3.948748723162295304e-01
4.229952147514282057e-02
6.118674843335309976e-01
1.728481759360587233e+00
-4.850610333164651067e-01
1.133925719304698543e+00
2.327669233055854603e-01
-1.147739132614109536e+00
-1.910100844799733188e+00
-7.064166334245712831e-01
-9.078460018741184578e-01
-1.711807425631078239e+00
5.963603936677713824e-01
4.174002472728954860e-01
1.795428090940873744e-01
9.732343608973706983e-01
1.270258957268854516e+00
1.243703001081881698e+00
1.221870672777040756e+00
1.010160853235757106e+00
2.643809167063870369e+00
2.477197221136602234e+00
-8.515054377260660168e-01
-2.047500391557947275e+00
-8.292189797638030990e-01
-2.198536711660401544e-01
-5.666300913497073211e-01
2.456153600831352701e+00
1.517470216676332084e+00
8.075670107969712408e-01
-9.994803012784623242e-01
2.045627784899742174e+00
-1.305142125226122385e+00
-1.331313428391026177e+00
-6.340755503373394220e-01
-8.687529170740860840e-01
-1.718020425372228654e+00
-2.120622809344762771e+00
-9.698709649212107209e-01
-4.028053115673028151e-01
-4.733563266195711661e-01
-1.537531284306502544e+00
-3.922300209999572962e-01
-4.948146272575247862e-01
4.366472891004840040e-01
-2.098243175323315501e+00
-9.938071753093788985e-01
7.965001500770854115e-01
4.322986645398843031e-01
4.762101912436226270e-01
-8.681471094048818227e-01
1.451344055602422412e+00
9.311023296165288343e-03
1.875831980575117353e+00
1.571172786376323849e+00
1.677273009454102848e+00
1.022506916640260277e+00
7.543338172067859393e-01
2.005057105037963083e+00
2.198326979355801347e-01
8.223288031345450388e-01
5.505915390701000556e-01
-1.566385577453263789e+00
6.829101090939611041e-01
-1.287111667641232859e+00
-3.135061858073775465e-01
-2.198272331442319150e+00
1.047666280326960964e+00
3.886283263540020183e-01
5.637243261921581761e-01
6.367426703069704041e-01
3.786161521710980082e-01
2.294287250602569106e-01
1.009410911412752299e+00
6.648445562850542334e-01
6.530581516118436625e-01
5.165964414315915576e-01
-7.081058458178104420e-01
-1.721445864831981476e+00
-7.589089761256377908e-01
-1.780470416932893096e+00
-6.168542053878439679e-01
1.648077399477380300e+00
9.720290833355005322e-01
1.153159491147040860e+00
-1.155158243322773615e-01
1.588657183967743247e+00
1.538389618946951476e+00
1.062111348765394148e+00
1.097809547758190618e+00
1.781083838456459789e+00
1.269077480871331431e+00
1.878020987333434144e+00
7.728089920054157513e-01
8.944692597939507550e-03
1.424669750529954815e+00
-3.470236625452505219e-01
1.208936835832015833e+00
6.560573710239547829e-02
9.107554696736483990e-01
1.116752493170809934e+00
1.077850584554033375e+00
-1.649973232900674436e-01
-2.124619516460431790e+00
-2.286466214822362009e+00
-7.302562769887153138e-01
-1.162098066783213479e+00
-1.329927508666898461e+00
-9.030888140649188101e-01
-4.714649149331172628e-01
-4.103382769856266377e-01
-3.626978685284143022e+00
-1.753243943520534254e+00
-8.606979158549588060e-02
-1.401159835910449569e+00
-1.161547803567701598e+00
-2.170565614687465228e+00
1.271668966922234745e-02
1.042612024001298598e+00
1.141873800598458999e+00
1.995518512746584650e-01
4.926558080749903201e-01
-5.541644366426790036e-01
-1.406518701888376244e+00
-1.811909699611403468e+00
-1.606173778793793305e+00
-1.276042975521665568e+00
-1.504074483046808908e-01
7.172856734550416835e-01
-1.758501934236920361e+00
7.384545565250053567e-01
-1.726370398061058742e+00
7.930611310885091747e-01
1.791732306649428619e+00
1.740684917974264501e+00
9.050884261744709391e-01
2.039002285028273853e+00
-5.094864548425288575e-01
6.737963786331113702e-02
-9.199787667497189014e-01
-2.312747893342956829e+00
3.880544943238715128e-01
-5.147006175787516291e-01
-9.190732009834641225e-01
-1.206154969684838374e+00
-1.885272877029619654e+00
-5.215224135266702810e-01
-9.348538425564475451e-01
-7.395882980017708386e-01
-7.699064060868012760e-01
-4.342211471425118097e-01
-1.088873361156636355e+00
-3.493536866264356222e-01
-1.440745273530636084e+00
1.287599808849257066e+00
-8.120327309205277455e-01
-5.869020080925493321e-01
1.713721797166856353e+00
2.205785157094366511e-01
8.274162115901828596e-01
2.045276119603522957e+00
1.623341179117107291e+00
1.341716428959197849e+00
-5.851410463920658778e-02
5.422469528947503337e-01
2.358287176748804725e+00
2.631531120964717196e+00
5.642056860553845699e-01
8.105303915485359001e-01
1.693992918832767813e+00
7.349730681067904170e-01
1.142914791813979702e+00
-8.087977697979912284e-01
-1.054891157767120280e+00
-1.486731580873628111e+00
-1.209227070647541868e+00
-5.538299227004203074e-01
6.830096002132115540e-01
1.151695264475987468e+00
9.252844649318190395e-01
9.591284912002947527e-01
9.617101609552168862e-01
2.200163150996714556e-02
1.379291578763488513e+00
9.169030283850267971e-01
2.065813000516340203e+00
5.606114129659122147e-01
-4.757597898495988797e-01
-9.797675507882148693e-01
-1.236230931980753178e+00
-4.484692457202351656e-01
-1.541179911071173247e+00
7.744481222558092792e-01
2.642817969129434008e-01
-9.595650150950874036e-02
1.172346759599948385e+00
1.323592916059922464e-01
4.738148286538422793e-01
4.635123888056220665e-01
8.297891512272205228e-01
2.388917662080565218e-01
1.296666002091533709e+00
1.594665406982346267e+00
3.631271943417562209e-01
1.543315514903718544e+00
3.683234898988968498e-01
5.244855452795066375e-01
1.499472676026851747e+00
3.862168440619718757e-01
1.292137219584948316e+00
2.856898464380952518e-01
9.477144419453186197e-01
-5.794510539251955805e-01
-5.114953407926403628e-01
-1.274789119504414092e+00
-5.173283783814097703e-02
-1.271331118797912607e-01
-1.462276707484462923e+00
-1.626523894690133920e+00
-6.214170856745866445e-01
-4.563207442633372413e-01
-1.233494765000340943e+00
-6.809791790878414464e-01
-1.528190648626256642e+00
-1.833286282198685058e-01
5.867263845575505510e-01
-1.051815547168476916e+00
1.139043892040916273e+00
-5.328666494318201607e-01
7.404132176375921581e-01
1.125207754375789904e-01
2.699835637344327743e+00
-1.564976301431243222e+00
-1.903581160718065490e+00
-1.835533251375580432e+00
-3.310297499400074450e-01
-4.828519438844045553e-01
-1.919260940506293922e+00
-9.927521813350700386e-01
-2.194872751451352189e-01
-9.161131900636447778e-01
-1.115049500694331952e+00
1.020198439273579227e+00
5.286954962310416173e-01
6.693118886474700435e-01
1.987946903373750240e+00
1.071415549440055237e+00
4.751317208953942384e-02
-8.764691526979271341e-01
-2.550637381530070691e+00
-1.295812220519608982e+00
-1.433992735774872296e+00
1.089136972921724844e-01
2.155028757859880351e+00
-7.078757930543957411e-01
6.791493337069325342e-01
6.559344426792801386e-01
1.210248903582160640e+00
-4.946246095808339849e-01
8.426520179840177871e-01
1.122107648954608461e+00
1.212601435939183903e+00
1.442674418523919755e+00
1.063398577165294956e+00
1.516048075969085307e-01
1.742710613773097883e+00
3.148526976732040961e+00
4.116349569188959556e-01
-8.694458752278163560e-01
-2.971348918564159503e-01
-8.855064072209795079e-02
-1.153264331732106740e+00
-2.239929284780961538e-01
-1.321872095152758497e+00
-1.445974588982835929e+00
-1.325212344847090051e+00
3.173490955487643372e-01
3.395421523416903842e-01
-1.670554537058758671e+00
-1.318220620510997199e+00
-7.082374199820045124e-01
1.072975238620594851e+00
2.086259261343478943e+00
6.770130792929394126e-01
6.747431113094186639e-01
8.480605047680650488e-01
9.756030857050531635e-01
1.067162054017389838e-01
-1.406799605062977854e+00
-6.822215098325494775e-01
5.637153830214431949e-01
-1.157845861952539135e+00
-1.163463880324854482e+00
-1.616500407076333357e+00
-1.141049197384377711e+00
-1.880431538610472408e+00
-5.487868418971069140e-01
1.397538728013594245e+00
1.553166377603924397e+00
1.269998516068389982e+00
3.533070814531447112e-02
2.621196805201608804e-02
-1.331027801134109456e+00
-8.271330676195276510e-02
-8.901633364587361319e-01
-5.655995913857909674e-01
-1.449047259647300745e+00
1.140835332850917538e+00
1.755311087108576418e+00
9.180441550303091169e-01
5.986057619082225667e-01
4.548316802853501484e-01
8.127752167939306105e-02
9.500197289703127268e-02
8.293445057071571203e-01
2.907990353932960126e+00
9.056855662654305084e-01
1.577542941746528982e+00
1.965290802650259350e+00
6.848823087699940082e-02
2.025895921600198157e+00
1.470693785402708009e+00
-1.085965642256889740e+00
-3.173342277587257954e+00
-7.121033879475526795e-01
3.727738558199749086e-01
-1.434917386110979187e+00
-6.347986525513662492e-01
-2.221123998613399486e+00
-1.164787694081652614e+00
-8.362508248434342706e-01
-7.946627157792688356e-01
-3.427991033303976032e+00
-7.341276979599644648e-01
-7.322643583868557737e-01
-1.455206063273249972e-01
-6.189157223447732115e-01
4.595270641517466004e-01
1.483425597680044117e+00
1.412097721771615744e+00
5.975094629832630178e-01
1.932118687332298856e+00
-1.370389996705777769e+00
-1.279823322529042517e+00
-6.178349962546385576e-01
-1.432373256064465750e+00
-6.686329569419280361e-03
-6.427949471936728054e-01
-1.787625933153837554e+00
-1.297481328198041295e-01
-4.792167591881666411e-01
-6.997733584129199880e-01
6.150484716172524013e-01
6.476060079529297742e-01
5.324430658010264050e-01
3.047001906203784527e-01
1.061177458993471268e+00
-8.179647922930742832e-01
-1.363623269639595348e+00
-1.120992869240824641e+00
-1.742021268681855473e+00
-2.476167908464824707e-01
-6.875384991206028307e-01
5.802476240807439289e-01
-2.874520628642228681e-01
9.210689989476161799e-03
-1.766751016537207786e+00
-6.852582743116709674e-01
-6.744765392803473425e-01
-2.171401682601622696e+00
-1.336412161073653238e+00
3.654169287457280646e-01
-2.295566943847624497e+00
-1.049633461693037839e+00
-9.617294681012564794e-01
-2.339333837700123819e-01
-1.551185963708689552e+00
2.839457973815053826e-01
1.649178316699124291e+00
1.587965924917391414e+00
1.108146638610159718e+00
1.015261994537709933e+00
1.884745131872564317e+00
1.049491158757600129e+00
-2.461112439493056137e-01
8.282781248294623921e-02
7.501013252000486853e-01
3.482833203771714681e-01
8.622369852342304242e-02
1.109420300718882535e+00
4.451178707793861378e-01
1.135370790346915459e+00
-1.137882544151360698e-01
1.153875069428964117e+00
-3.349236392970085241e-01
-2.451829640145441580e+00
-6.418748633376465396e-01
7.123613864095195147e-01
1.262604579783396685e+00
2.189898634880477424e+00
3.580277989625509916e-01
1.195123575810693062e+00
5.790252222567011664e-01
4.185011577492780965e-01
8.307274296724519447e-01
2.587470148950751891e+00
-1.207257349956560866e-01
-2.224195046517829066e+00
-1.939299886201469869e+00
-3.619417601629664194e-01
-5.573600400946849831e-01
-5.238699602615253248e-01
4.796118558336600612e-01
-3.681750712380607027e-01
2.633159354734061708e+00
4.783968042445027047e-01
-4.088362554928797188e-01
-1.627275211002667810e-01
-1.523300202523817148e+00
-9.787339602932298988e-01
-1.370919607244909688e+00
-7.179421512849134546e-01
-1.323685165394814289e+00
-3.862570381858430046e-01
-1.396353786417714460e+00
-1.221660169161402854e+00
-1.980560549673978210e+00
-8.054830271070524406e-01
-7.129038151991790029e-01
-1.190366705902087485e+00
-4.285305334296685142e-01
-1.720377713520475638e+00
3.124026935443131592e-01
-8.293404880546018099e-01
8.013787358792441307e-01
2.483262874590900227e-01
1.936817081624033765e+00
8.417448791086025173e-01
-1.961747566179270486e-01
-3.459717688384236212e-01
9.686182136246708207e-01
7.532681005823653742e-01
1.064580370098678674e+00
4.475929336828291527e-01
5.010298777198474163e-02
4.234040113107646608e-01
1.410330598055035134e-01
-8.733685998178200016e-01
-1.665605158943344488e+00
-1.043620640109955700e+00
-2.006888055998465425e+00
-8.183872971465376844e-01
1.314693453703196457e+00
1.741468010563609337e-01
-2.890022588695986272e-01
8.816910898041193656e-01
1.800918878223945363e+00
9.859680858962738270e-01
2.127179525602966415e+00
1.778109648494444528e+00
1.066308736038493077e+00
9.444612489286431378e-01
-1.061148535298911399e+00
-1.556790366726817698e+00
-1.238824526507462442e+00
-1.423059659697891721e+00
-7.527997191042832270e-01
7.689188281959846716e-01
1.312173974110667274e+00
-2.079167646066732988e-01
1.616127559707912775e+00
1.396182850866948044e+00
1.243953337531489067e+00
1.363233249546991654e+00
7.789976382995990045e-01
7.980836919771214788e-01
1.285720754043172542e-01
1.068340851441316186e+00
2.092793687209300924e+00
2.091313708685025752e+00
1.675025741753173758e+00
7.783586104122763860e-01
5.952311930941953655e-01
-1.613509107189661229e-01
2.122527649272115902e+00
9.746459641129245899e-02
1.114143638217067744e+00
-4.071889761875178149e-01
-3.591897387285705179e-01
-1.315621603637179948e+00
-1.251914821667807320e+00
-1.094906027943087334e+00
-6.885498560126437351e-01
-3.788089461561668925e-01
-1.241296136849468823e+00
-9.968084040948521629e-01
-8.989367796835405766e-01
-3.009378925677120842e-01
-1.285397127724523525e+00
-1.169976215196920188e+00
-1.170377506843510496e+00
-2.089939640680269495e+00
1.697049774181908166e+00
9.370975661156586423e-01
7.407689174501486118e-01
1.264031601020594531e+00
6.855151171469022753e-01
-4.766978917151332151e-01
-1.982223077048422377e+00
-1.967597966260679510e+00
-8.483496404438457539e-01
-8.777716545721192531e-02
-4.571669718227698853e-01
-1.346373727958185995e+00
-8.138284716541777097e-01
-5.750335360443739052e-01
-8.959882908684645431e-01
1.365799782704350651e+00
1.022840922795166918e+00
4.632941046171330512e-01
2.174833562701361078e+00
9.231966764960948257e-01
-5.724340719147669176e-02
-1.526892902988920664e+00
-1.053493883595413294e+00
-5.205195426347550836e-01
2.859941081600543278e-01
2.270743897020982338e+00
-1.249314335417983646e-01
1.519765116588386311e+00
1.268181272134334847e+00
1.133690165846210851e+00
1.702113153433088888e+00
1.117731404351852031e+00
1.129392324367640255e+00
1.948318828278112536e+00
6.865672110428032715e-01
2.530084379054052812e-01
1.168775717027693783e+00
5.844869428704647651e-01
7.965984693086485269e-01
7.280443382771073502e-01
4.425954539494594275e-01
-1.671553275007982009e+00
1.156720046155961246e-01
-1.150005297744600252e+00
4.128759833146076197e-01
-8.850457892933152326e-01
1.536474789366129023e-01
-1.007977558343292612e+00
-1.307725960362909667e+00
-1.462016582941755072e+00
-4.406115511569170806e-01
-1.392488676116860891e+00
-3.082159288155073007e-02
-2.309743122138620208e+00
-6.782510831988378674e-01
1.017919161511353643e-01
1.425641795229324105e+00
7.923810378883224814e-01
1.400180806271415612e+00
1.253759152210009997e+00
-1.965564221267114053e+00
-3.157174422429885885e-01
-1.514926730256017429e+00
-2.157418711128262778e-01
6.208539820243059726e-01
-8.213770457853591944e-01
-6.535640516238334641e-01
-1.550586431953222544e-01
-1.118471060058102706e+00
-9.724627499567519706e-01
2.481196328610471014e-01
9.916594003195053908e-01
1.304821015366350201e+00
2.158353547921083582e+00
-4.202090266025226839e-02
-1.171346755469443668e+00
-9.144347473349931921e-01
-7.844673547940678171e-01
-8.564185108372377453e-01
-1.399139641543786228e+00
-1.132814615275976378e+00
-1.623612149334337174e+00
-1.626232344388681472e+00
-7.634714203677480659e-01
-1.038762281955604605e+00
-2.268586422831668337e+00
-1.118541641146242327e+00
-3.319212975467982663e+00
-1.227871342131256149e+00
-9.866468829249418482e-01
-2.536127515731715132e+00
-1.388104192268915238e+00
-2.368229837410514627e+00
-5.353660891909345354e-01
-8.316125045116458114e-01
4.343447391206975983e-01
1.845258178025916962e+00
1.301061939001780798e+00
1.054262899321800839e+00
8.119883834468243355e-01
1.719368630829914757e+00
2.000333698019165496e+00
3.024606350561973578e-01
2.021363482680373025e+00
1.589925556665401363e-01
6.788494856910718411e-01
1.686811691474357389e+00
2.848269595938647925e+00
2.953505666233083637e+00
3.367098833329097651e+00
-5.194343775877715563e-01
-2.146265360735649885e+00
-1.176563080307130527e+00
-1.240864605979887125e+00
-1.348352880633911788e-01
9.144700928054017020e-01
1.045840365478252876e+00
1.095991205152086589e+00
6.605888325151966223e-01
1.531794777316555667e+00
1.558319181433410083e+00
2.049066077179042988e+00
6.226873561326929929e-01
1.626496138972248762e+00
1.779481397905705364e+00
-9.354721454492056498e-01
-1.286000349108451513e+00
-2.053667879132674123e+00
-2.011776652977776081e+00
-1.305632423879208748e+00
1.545302140439350769e+00
1.436876885709979401e+00
1.977694874860562502e+00
5.621425049157365850e-01
1.188175913504961656e+00
9.893046534713682005e-01
2.489676237982867413e+00
3.888566229911261107e-01
-1.973973784066274106e-02
7.653172956994379605e-01
1.439468383293060372e+00
1.366508068131382592e+00
3.016902988464631452e-02
1.279016669244724014e+00
-2.061925730856948302e-01
8.450711784135922500e-02
5.819577329634142426e-01
2.463685996660851529e-01
1.447850053664960779e-01
1.866287257637959662e+00
-1.532895071194198211e+00
-4.529131999860127600e-01
-4.764282797142779247e-01
2.302658370161303480e-04
-1.055720652860340669e+00
-9.307096373090466557e-01
-1.087113723676331745e+00
-9.597393266728015959e-01
-1.432666904026233201e+00
7.637974315519491242e-02
-1.904518028425562282e+00
-3.910576183732774602e-01
-1.166138057401046702e+00
-1.893239179146410933e-02
-3.239996608079387386e-01
1.442236498818398438e+00
1.096804023585100651e-01
2.157058468527811357e+00
1.268298520325961576e+00
9.994388699849772184e-01
-5.455523713482074433e-01
-3.670157457241334242e-01
-2.522405218056265053e-01
-1.239169328738203291e+00
1.056850729517073706e-01
5.446362166983371722e-01
-4.775324391964943516e-01
-1.651933330394327548e+00
-5.555488872168081738e-01
-1.305168688049582304e+00
1.159550560244060780e+00
-1.999623082287362852e-01
3.514999191113803434e-01
1.697241285919687703e+00
9.534430902093713467e-01
7.675543288475046300e-01
-9.057711106600443429e-01
3.908137998179861405e-01
-9.112400762080175021e-01
-9.174383513538509893e-01
9.435191382248452330e-01
-7.017001759059118271e-01
3.715041818648041616e-01
-1.155869222959056142e-01
6.553252093867523165e-02
1.905782906324045234e+00
3.536099051902956703e-01
1.285393370079744857e+00
1.889983099259994415e+00
-2.812918947345464105e-01
6.569356385666468290e-01
2.044528119847720538e-01
-2.026798587604736746e-01
5.376233163210742960e-01
1.257389699511397119e+00
-8.223221349967745342e-01
-5.976157088347472390e-01
-8.509559761358596042e-01
-7.736528688159882705e-01
-1.254323808543781338e+00
-1.626207036485038726e+00
-2.780740723167227646e-01
-1.422188630529606534e+00
-1.251676473099745834e+00
-2.044957592924951495e+00
-4.075393923862594692e-01
-1.480915596462954120e+00
-1.639553011988192921e+00
1.575160697311399627e-01
-7.063232146872806538e-01
9.429543372836275417e-01
1.521466895192000957e+00
2.340131521431509043e+00
5.601538199666671325e-01
-4.601155358084358937e-01
-1.665456077813808333e+00
-6.473398630178011093e-01
-7.653625388918418038e-01
3.814109339983371427e-01
-8.492974543259108611e-01
-1.010955900312424882e+00
-7.278151609943273037e-03
-1.069061023191765436e+00
-9.377929974037020333e-01
-2.388134562050543863e+00
1.546179085600935865e+00
1.018754084066735288e+00
1.790532812704918930e+00
1.008424333417587526e+00
5.119110992095536883e-01
-1.240800822784144497e+00
3.656709773883421999e-01
-1.174115721095715159e+00
-1.135586958736459984e+00
-4.266068016586279654e-01
-1.166339279041252786e+00
-7.588451264831557186e-01
-8.519747369363440681e-01
-5.223240903444278382e-01
-9.117562353854543611e-01
-8.923721135792554993e-01
-1.301004372183065527e-01
7.963890196360168261e-02
-5.474906840379430983e-01
-1.280446414771968966e+00
-9.199162931203080928e-01
-2.349458360080926678e+00
-5.627447095535631494e-01
-1.654621808603604638e+00
-1.635874370014448242e+00
3.236556324353314196e+00
7.582446803003932700e-01
2.643039408647160027e+00
-7.666800596887630714e-01
5.872536403790352688e-01
8.308111110197236027e-02
-6.742119946701392585e-01
1.579011433976254875e+00
1.479786359667154994e+00
1.879212399595638239e+00
1.027773531978451560e+00
5.220642414638181350e-01
1.586568915658075118e+00
-8.240248450324005880e-02
6.661288281942481238e-01
-3.833063114581289899e-01
-1.832072269343196336e+00
-1.387160850516582444e+00
-7.773128129379771600e-01
-2.041336206734694070e+00
2.529705449248815796e+00
6.920665785733287612e-01
1.171741986359979615e+00
2.122187699555414309e+00
2.057874457248243250e+00
3.349715311703087561e+00
1.230834993508018060e+00
1.570061695971012972e+00
2.295797296561059575e-01
4.188042313069146871e-01
-8.519398354751223090e-01
-1.079163557562239140e+00
-4.999505017748722135e-01
-7.001744150346568274e-01
-1.707270405782803646e+00
3.523573922511074041e-01
-2.321413163638510468e-01
4.134246419138004613e-01
-6.114518201380261253e-01
1.794455213962740325e+00
1.447569684941919732e+00
4.960732630917944475e-01
1.523135477822749273e+00
5.297128970296043349e-01
1.100689011098745507e-01
2.320910240063675190e+00
1.165542336891624231e+00
6.647328943574108973e-01
1.354369847968774909e+00
1.150817117457154426e+00
1.419917497008757579e+00
8.126721829703631439e-01
-9.940624790082481788e-01
2.416124520764735273e+00
7.521355847214893364e-01
-1.735201893142166885e+00
-1.727627955579246866e+00
-1.908179476426746790e+00
-4.265901127451188213e-01
-1.927836568241346971e+00
-2.928133648073396600e+00
-1.307987464336020533e+00
-8.097831277656863946e-01
-2.619064651063489180e+00
-9.658284612034926386e-01
-9.993768978197635766e-01
-1.120078283306318534e+00
-1.349851014981363839e+00
-1.982551369762936222e+00
-2.149375149644357386e+00
1.656746299494056496e+00
3.987717370131262928e-01
-8.192191364590135638e-01
8.057615448041298700e-01
1.150271125714558806e+00
-2.106466713536873758e+00
-1.504605293249545950e+00
-1.066379681768272913e+00
6.311316738016297112e-01
-1.149086866630425696e+00
-3.080360211660019054e+00
-1.877325092151557184e-01
-1.492696115060372364e+00
-5.336919981211507569e-01
-1.885763121412474375e+00
7.852526542709290513e-01
1.882287516709290065e+00
3.024433414245085716e-01
8.060172095734038367e-01
3.573692750244700234e-01
-7.724807414648071635e-02
-4.810168630082278796e-02
-8.233507434601292641e-01
5.625345780436128429e-01
-1.051639860679396854e+00
-4.750927299111340485e-01
-1.660118210262491178e+00
-1.023291034418751355e+00
-1.038668481393034471e+00
-1.773322216994473788e+00
-1.044465228172181570e+00
-1.004482862305294821e-01
-1.929271588967961026e+00
-1.595544160965102654e+00
-9.289545129781352495e-01
-3.978363109126140662e-01
-8.471979217067870938e-01
-1.077724661698445940e+00
7.689213364954041730e-01
2.210910998189898891e-01
-8.027425472521265704e-02
7.370098576730484963e-01
1.368384408935168661e+00
1.013489423536976908e+00
-6.128648522957271805e-01
1.672435865507548192e+00
7.253686195378989954e-01
9.421747664492274854e-01
1.415105566197435660e+00
1.204438113288587298e+00
1.176166851884134168e+00
2.515955451414936928e+00
2.968894700314416157e-01
-1.984920923850248542e-01
9.687791671284173844e-01
-1.600887389953245199e+00
-5.926291496374307410e-01
-1.711055211881383764e-01
-1.870841854333942234e-01
-1.769354557747998546e-01
1.908674058550384300e+00
9.074353697433831245e-01
8.265320545077977643e-01
8.715248409830986809e-01
4.541604439195106035e-01
3.930989117952778944e-01
1.283098419410771296e+00
1.752274132216045333e+00
1.132207787215106620e+00
1.420079980996847180e+00
3.806391725642055412e-02
-6.558940594602220564e-01
-2.517133789135019839e-01
-9.678365703269469211e-01
-1.642184814667216664e+00
1.310321509600794077e+00
1.322340747691865603e+00
7.300480863240380591e-01
2.715824895042114218e+00
6.286900934754872106e-01
7.383439501698108032e-02
6.811280834413764307e-01
-6.342976814460263846e-01
-1.109480925133203177e+00
-4.397389981077231003e-01
-2.407918410430838208e-01
-1.075988947890631042e+00
-1.087399218407327561e+00
-1.153355516191828967e+00
-9.717230097326970961e-01
-1.113963503944013000e+00
-1.186874601257713158e+00
-1.627764038476025465e+00
5.632945144043406405e-01
-1.289756672161021633e+00
6.400951454724100875e-01
2.357284029310549922e+00
1.428533559954351606e+00
1.023251008397391137e+00
1.043169476312859834e+00
9.468072579474882122e-01
1.037564766007565975e+00
1.490382006258421654e+00
-3.432346767162337553e-01
1.499725236661750394e+00
4.906903753204649998e-01
1.520761333407393945e+00
9.562918315477325626e-01
6.891916776803306277e-01
7.564988894695749977e-01
-1.806155781470476729e+00
-1.226935248364205311e+00
1.004447556292393795e-01
-1.561096428092656474e-01
-1.536148625521354116e+00
-2.779170590378758909e-01
2.381690222685004521e+00
2.207761638815624039e+00
-7.243124944962531231e-02
6.600511017815070547e-01
4.301925069750685005e-01
2.416399429669564558e+00
1.369603911592930379e+00
1.370422766069819609e+00
-4.484276507530915445e-02
-1.645713180335002246e+00
-2.253066133270690274e-01
-3.275959252737862260e-01
9.585406504020432816e-01
-2.841576447693787699e-01
1.999894621841961317e+00
-4.888186247883514746e-01
7.859262317527475616e-01
1.852376097808993816e+00
1.029877554142022422e-01
5.659864631366546828e-01
7.430958660651464376e-01
-1.234203899462138487e+00
1.011537503779702751e+00
9.666814213582121118e-01
1.068356425304450630e+00
-8.155745691672056097e-01
2.215569425129293446e-02
1.373976364862315114e+00
1.373660704278211853e+00
5.527714407542672070e-02
8.830042386196377269e-01
3.989356922807283379e-01
1.953413112677551577e+00
1.297524512663979612e+00
-1.765159738907502440e-01
-9.860304723493225065e-01
-1.162847046137532869e+00
-1.596582624892099789e+00
-2.648578184531990010e-01
-8.794003929661858843e-01
-1.578799061396054526e+00
-1.121505811689952115e+00
-1.398138961235508848e-01
-8.743834624249117171e-01
-1.451165330001921827e+00
-2.476818333253024029e+00
-1.077811722355129564e+00
-2.754264931584886611e+00
-1.004809160699293935e+00
3.239400778906789125e-01
6.662423364824952010e-01
1.550823668219830420e+00
1.136943098353594639e+00
-1.133691393350289012e-01
-5.745817398200820936e-01
-6.557762159470186258e-01
-8.254427045621341996e-01
-2.219817630671330200e-01
-6.994811466296890767e-01
-7.723162653558419688e-01
-1.283345638315554149e+00
-1.998574350185078785e+00
-1.118165059735216404e+00
-1.683239007464719883e+00
5.447333618063994187e-01
9.255322239491495795e-01
8.133178922455648330e-01
1.676045999629422356e+00
6.752176765007966708e-01
1.861315982270050906e-01
-9.875117548786594979e-01
-1.813590083761263294e+00
-9.466901879728342184e-01
-1.677559342540457354e+00
-9.161392001021506637e-02
-2.514762548675496756e+00
-1.180057437703823542e+00
-5.435184193809083908e-01
-1.404405808768375952e+00
-1.763330788242563063e+00
-1.269627128440817376e+00
-1.644784891888661171e+00
-1.258383233145818902e-01
2.317882526383776565e-01
-1.354810326225653228e+00
-3.726451278092018926e-01
-1.890211231521625734e+00
-9.462910518938014715e-01
-1.312704881585285310e+00
1.203769715799204443e-01
8.952258632484466627e-01
2.853198905703938637e-01
6.662537048690310160e-01
-2.960766424062857283e-01
5.501961169687844544e-01
-3.000627842176304405e-01
6.399543669370758581e-01
-3.061358726144944864e-01
2.129719341399345822e+00
1.799934466502454811e+00
1.806298793831889959e+00
1.226887196353522391e+00
9.082354592499641832e-01
9.109436699825768091e-01
-7.188371771222751283e-01
-8.764551547270835741e-01
2.176660863064268092e-01
7.547259771737879763e-01
-7.384864134041673189e-01
1.896773534518844562e+00
1.455607753363575174e+00
2.355444737142488698e+00
6.856546338370723692e-01
7.914965038361281291e-01
1.036650542203642500e+00
1.478943840718382585e+00
-6.480790932864313181e-01
3.385887167324742597e-01
-7.599596378623836301e-01
-5.805695574755422861e-01
7.191174396578536854e-01
-1.356507952233586112e+00
-3.810978677323622055e-01
-1.441583481131990085e+00
5.619534404434516350e-01
2.183054337032807268e+00
1.521782128558333724e+00
4.649776484728249670e-01
4.767674399352674897e-01
1.074991225365339975e+00
-6.653714044033192110e-01
1.485160220312613522e+00
-1.379213239569585525e-01
6.369093425877172532e-01
2.303099353587359843e+00
-3.426743296240273295e-01
1.494335096522302564e+00
-1.910332434234345289e-01
9.780076588693698003e-02
2.541791043216280466e-01
1.921867901254547872e+00
7.804725402548563506e-01
1.696825729722074572e+00
2.082834390515996947e+00
-3.949566224927094638e-01
-1.205334331752200949e+00
-2.193375992108706818e+00
-1.912228868446604224e+00
-1.571556565560877861e+00
-1.642649616351282926e+00
-6.980469286068007317e-01
-1.012762346567658067e+00
-6.045858081132271522e-02
-1.565959669383155228e+00
-1.078418651783374704e+00
-5.855908027275984473e-01
1.573400108423776977e-01
-1.127749785300295793e+00
-3.499006670282669429e-01
6.123600071298775926e-01
1.329848175449473979e+00
1.718461631123790578e+00
6.547398368819372649e-01
6.841491169355320423e-01
-1.330961917096180169e+00
-7.583064965376220545e-01
-1.611245024220651301e+00
-1.504453857289334451e+00
-1.800814662418963596e+00
-1.723371659200301664e+00
-7.051390898567275745e-01
-1.331479229343751847e+00
-1.552876358735229445e+00
-6.933437395442906270e-01
4.011605285299640888e-01
1.589476761203885147e-01
1.613046399454234336e+00
1.745258562299341287e+00
2.386702386694109723e+00
-1.037531193728566281e+00
-1.419929420471597759e+00
-1.749866641933424560e+00
2.098587735757724282e-01
-1.075050730750311212e+00
9.049732042058564740e-01
1.138899265553600326e+00
6.520091775200995698e-01
4.640827001236753624e-01
2.175112443039593835e+00
8.469487051123880672e-01
3.361965528592975039e-01
2.020690940572889893e+00
1.316208991731897759e+00
1.245496624776170735e+00
5.372068516843864217e-02
1.227277779820568959e+00
6.276091438968161018e-01
1.338942762977831435e+00
8.106453405349574037e-01
-6.226060456200490645e-01
-1.714806118171728899e+00
-7.300331505835777612e-01
-9.092259534711895075e-01
-9.526033440895586013e-01
-1.383837397725331764e+00
-3.351888080316705043e-01
3.737667548580416721e-01
-9.095686207025521774e-01
-8.798477169622765937e-01
-9.230853001312970818e-01
-9.970643771157230439e-01
-9.099283794382697632e-01
-4.003493567522748986e-01
-6.863203020967741930e-01
1.349673752496005408e+00
1.246698882171866529e+00
1.105918016952800897e+00
8.289642570552102629e-01
2.034231186786771062e+00
-1.978796456912817137e+00
-5.850102426309282677e-01
-9.854001151797951996e-01
-5.164124807902327197e-01
-4.379710025040646215e-01
-4.258726633243407056e-01
-5.553411880270585632e-01
-1.008323067994287836e+00
-1.258699064499281484e+00
-1.868009308938139101e+00
-4.106759093225031965e-01
7.030391004333426119e-01
-4.306130440268893800e-01
-4.814853279288580090e-01
1.337110925856535015e+00
-1.708608809650491667e+00
-1.278263923262091817e+00
-8.603706590459335724e-01
-1.300115094628017776e+00
-1.132904705730435335e+00
-3.858010132614082544e-01
-1.358244399008800007e-01
2.204125495772000232e-01
-4.586438801251319086e-01
4.440420350701916874e-01
-8.992981108297851689e-01
-8.808994120108688541e-01
-1.302783768260030950e+00
-1.683563285293624867e+00
-9.455779666513798309e-01
5.214298764714691004e-01
-7.898551321757305566e-01
-9.020140851602903576e-01
-1.772971380401195063e+00
-1.028591650317372208e+00
2.193188060044870547e+00
9.494798189522494214e-01
5.209575098993146636e-01
2.869762653400500518e-01
8.833754901000099302e-01
2.567476835202359364e+00
9.677746933720328126e-01
2.673836860117828618e-01
1.979548569569539396e+00
1.184816087801340068e+00
1.694554360651732372e+00
2.440634480259883610e+00
1.321640626684641884e+00
7.197335532373982936e-01
1.134865982507489157e+00
6.244792243876768900e-01
-1.418331038274721401e+00
-1.310784826554469706e+00
-2.500413889656741828e-01
-2.304999783328204321e-01
6.499722894654920147e-01
7.866705880839974796e-01
1.464230579124188747e+00
8.532086896045976143e-01
1.546765693406450648e+00
1.040298762325567283e+00
1.103603519074750405e+00
-3.566926116760038568e-01
7.714580650733209310e-01
1.329575077469451028e+00
-6.171682708179002663e-01
-1.321252468791235035e+00
-1.213699408971936844e+00
-8.104737661889569456e-01
5.554104969831308303e-01
1.094218763507594394e+00
2.389440518871843722e+00
1.066766249135029154e+00
7.140724746367510534e-02
4.905751851413764353e-01
1.596733721711158571e+00
1.225307704021937338e+00
1.929054762379734722e+00
6.405834899551299255e-01
1.233385579942325450e+00
5.132301540183448196e-02
1.405884096398705818e+00
1.245407236366516290e+00
8.610686544858607849e-01
2.093550613405339433e+00
1.881185777450425478e+00
2.310859099188520727e+00
1.327457770486965227e+00
2.752322792852579525e-02
1.273929569795289929e+00
-1.453365207920645386e+00
-1.199430730841339443e+00
-1.712234074419185959e+00
3.206975811527490450e-02
-4.516563138614678730e-01
-5.527865311812617533e-01
-1.045928875063715235e+00
-1.639163499284276737e+00
-8.334429136989158771e-01
-1.893989919155992574e+00
-5.190377608434771917e-01
-3.777021663758157732e-01
-1.571482182957611329e+00
-1.628898372559822949e+00
-2.909628435465386964e+00
1.278628820740717043e+00
1.685624219422918291e+00
5.159280185347587810e-01
9.333072575753520450e-01
1.212398401016179905e+00
-6.391890965163118388e-01
-1.084215591918892940e+00
-1.173296698037241903e+00
-1.527648017139612069e+00
1.997393157631144334e-02
-4.897892660380183116e-01
-2.314513100473476470e-01
-9.867054468296553305e-01
-6.499615684726828269e-01
-1.938194212183453891e-01
2.463586503793281146e+00
3.352086339550587990e+00
4.271166417195209064e-01
2.357098856432331413e+00
4.085951560568457097e-02
-2.334815631042043371e+00
-2.071259207611174880e+00
-1.712817747445185335e+00
-6.274854498436860384e-01
-1.085503771519684690e+00
1.310805943430343179e+00
1.624783464483501305e+00
2.553653340234514957e+00
1.123683274937580023e+00
1.707656870598217136e+00
8.231006018804168933e-01
7.494051256322178389e-01
3.577106366969923235e-01
-8.104999433400679187e-01
1.264183022267335366e+00
2.152784790246515811e+00
6.701555400020449138e-01
1.515283115822918969e+00
1.721237801931569722e+00
8.064585850906804687e-01
-2.474253290873513755e-01
-1.137811295843683679e+00
-3.306176503179877324e-01
-2.607143724645991645e-01
2.946920576654021851e-02
-1.186027366341677824e+00
-1.557812938328049679e+00
-2.029602555993386126e+00
-3.212421178143416434e-01
-1.037144888241525287e+00
-6.957636153986518357e-01
-1.931781956799759614e+00
1.171596833308108376e-01
-1.035416183460728723e+00
-1.730571087527754681e+00
9.742686065324239753e-01
3.422331461100697192e-01
5.675548123445109949e-01
2.005698707598855712e+00
1.899863269327852544e+00
-3.637991304191483533e-01
-7.127281241369527454e-01
-9.374326131830379438e-01
2.089423493591888725e-01
-5.082484060583088992e-01
-1.440600414377578353e+00
-1.078758162845981028e+00
-7.024538893283100993e-01
-1.011147167118037871e+00
-1.782840830468743309e+00
7.460802696084144481e-01
-3.866432070021970091e-01
2.744104867008272386e+00
6.205204994442073962e-01
1.438516155263314555e+00
-7.119794616575914059e-01
-7.992469963683457301e-02
-7.385754782475609792e-01
-9.017733735070714296e-01
-5.018631181124133533e-01
2.086304802467677355e+00
8.684929662772757908e-01
8.179300939230729206e-01
9.797707946152927061e-01
1.467619343364528595e+00
1.357861324965077943e+00
1.005312559839941056e+00
1.456122660866357554e+00
3.929496122834178484e-01
4.116374983760204831e-01
1.204720338800440604e+00
7.550026806702825333e-01
-3.650695897443587690e-01
1.341228881792697170e+00
8.170134939341746616e-01
-2.214875750800942011e-01
-3.555761935357839576e-01
-1.002404970810938822e+00
-1.743749049711356802e+00
-1.085412134045240951e+00
-8.578308328399941729e-01
-4.047632030367829259e-01
-2.222837852172852902e+00
-2.051886483249058202e+00
-1.052742698287606249e+00
-4.801982876900734443e-02
-9.107890123286355166e-01
-2.312981743795552880e+00
1.129046462742049339e-01
-8.828983507866189351e-01
4.372863517987131132e-01
1.920893404940310578e+00
2.407511310463803511e+00
1.576266860270219228e+00
5.286195031367727504e-01
-8.918413218550175214e-01
-1.367720414041078358e+00
-1.893420284237080642e+00
-2.379344314840339702e+00
-1.727017147123834251e+00
-1.012631802326535713e+00
-3.613107442508310951e-01
-3.310003263619356595e-01
-8.254240346114413152e-01
-2.281700439589249285e+00
1.669577174449375256e+00
1.748598275057601015e+00
3.592070904131166031e-01
8.517355145672731442e-01
1.503108513684379144e+00
-1.478515513424028871e+00
-6.266296987940958019e-01
-1.133343965985778246e+00
5.567180034134526778e-01
-2.256683363756029070e-02
6.256832999863208844e-01
2.000278214219863848e-02
1.040903739928002780e+00
1.274498129625235343e+00
9.548168000078155471e-01
8.837242588175393543e-01
2.327273959328599595e-01
1.408393747784942862e+00
1.265915197963110694e+00
1.848826692123626048e+00
5.909019324672142304e-01
6.492051265308438346e-01
3.044736878566960403e-01
1.359094465033030552e+00
4.973962240973455184e-01
-1.716413906396933031e+00
-1.031113231124890728e+00
-7.245127922871904547e-01
-1.779486971088714675e+00
-7.881395952670988692e-01
-1.602069282926495530e+00
-8.013600449180982022e-01
-2.565568298419335314e+00
-9.452402940568034317e-01
-2.394399283794698796e+00
-5.078553573417898814e-01
-1.666997541099457525e-01
-5.127270872737188512e-01
-2.631194661020121561e+00
-6.162167533133395825e-01
9.190110800045301342e-01
1.122928429410023021e+00
1.435543602493613236e+00
1.508681703998611789e+00
1.236113141256588221e+00
-2.171405028271820470e+00
-1.222359944829240819e+00
6.023759398626848949e-01
-2.577116304502605537e+00
-5.640113423163308770e-01
-2.684950226257794004e-01
-7.970929422376389351e-01
-6.398338156720829728e-01
3.160898530904976411e-02
-1.892516531643900102e+00
3.467883501893240794e-01
7.421500994810803498e-02
4.872780831839319537e-01
1.390193469711973107e+00
8.513486561321044199e-01
-1.354643966148517453e+00
-2.893304688590698781e-01
2.155025510424994906e-01
-3.323377064813037407e+00
-2.412366200504638680e+00
-9.021362256067539942e-01
-2.963133811844306242e-01
-7.893306657467756837e-01
-5.547522004025484677e-02
-9.308131684634139980e-01
-3.117423041246617510e-01
-1.853027693833533274e+00
-6.320037655740550209e-01
-1.333042011554470330e+00
-1.251687578937036527e+00
-6.902884470194433630e-01
-1.597086631397004020e+00
-1.058360860671260451e+00
-5.772559210233145777e-01
-1.270277281156141358e+00
1.140618466530324060e+00
5.740553898018205814e-01
5.898287382366836917e-01
3.037945436859822435e-01
1.238410656856146375e+00
1.690473493153167084e+00
2.007491908210170983e+00
1.578248466291493957e+00
1.903701502722746408e+00
1.910468203916285912e+00
1.160073030348143241e+00
1.275228788120088108e+00
2.804537016392322890e+00
1.056548576784950955e+00
1.436196399737704743e+00
4.502322211837683774e-02
-1.205360205106954963e+00
-1.419647172064866680e+00
-1.620017875427552045e+00
-1.453205808575910307e-01
1.459764589492533071e+00
-1.054626697555392401e+00
9.744324362167759990e-01
3.260309325432548810e-01
-1.063967306669235668e-01
1.278081596351752891e+00
1.280786082781746993e+00
5.547470127173204091e-02
2.462619994384367406e+00
2.475463495473486208e+00
-1.543646042826942066e+00
-4.926200171648751347e-01
-1.634319129637758827e+00
-9.315796194109944306e-01
8.243021280416540364e-03
9.690043513247583729e-01
1.850683025064999043e+00
1.583092420057090610e+00
2.082063914690733597e+00
4.284529940043968477e-01
1.347502315055072675e+00
5.248715058419908264e-01
9.989368929882157522e-01
6.166549397730299864e-01
3.482564206554639163e-02
3.597754355085853728e-01
5.003342983083335360e-01
4.277752734265258816e-01
1.044861285158828368e+00
1.353387972637375425e+00
9.771387902787919133e-01
2.309371105478740027e+00
9.820645718612748265e-01
4.855640079450905811e-01
1.589772021330646545e+00
4.429587706660051971e-01
1.118579697806976192e+00
-1.038437681277610602e+00
-1.365207278283482095e+00
-1.048844583160905009e+00
-1.450292134335219085e+00
-2.402431347698133379e+00
-7.157733519425810709e-01
-1.261460122330252620e+00
-1.898065467865421851e+00
-1.375025689736792955e+00
-1.173672708543231691e+00
-9.762780034098382798e-01
-9.917632936260735166e-01
-1.347015884216482773e+00
7.281032246269580899e-02
1.365751040499280089e+00
1.855071715396941823e+00
1.257218966846822994e+00
4.215881051085688114e-01
-1.139786526917674570e+00
-5.811379147396855682e-01
-7.348967176887888364e-01
-1.057744588491504878e+00
-8.277997572421780248e-01
-3.493402419466991038e-01
4.467001881370611382e-01
-1.921068139602264413e+00
-4.723643067692885333e-01
-1.562940332565599277e+00
2.532875457317029788e-01
1.299546632347526431e+00
2.124981087422619375e+00
7.724723443078576057e-01
2.275833513479337711e+00
-1.458885680619716130e+00
-1.452447569887011625e+00
-9.483509008888754144e-01
-1.001583420610805186e+00
-5.839429628597404554e-01
1.291957206451828544e+00
1.073573754314464557e+00
1.208372045736981315e+00
9.709259202312502390e-01
1.338000757158797516e+00
2.058501162371723314e+00
5.368945915268050761e-01
6.306189268925956881e-01
1.681588787886920677e+00
1.517379551561110818e+00
7.692018634289463641e-01
1.834726607869841430e+00
1.655903871231802160e+00
1.457219163802504047e+00
5.220152519818600512e-01
-9.042352205814367938e-01
-1.595853904287194425e+00
-5.515020567943706986e-02
-5.407081479867640317e-01
-2.001497656741213493e+00
-1.099260304077655181e+00
-4.798189118086969573e-01
-8.703183208186588971e-01
-7.509471833259085960e-01
6.457705103628303966e-01
-1.385928631963933899e+00
-1.951491027010245016e+00
-1.136843393451291151e+00
-3.842674691946190713e-02
-3.034664078888154037e-01
3.567557604500604107e-01
1.447948815304155534e+00
2.492985625940906669e-01
1.030810481230924891e+00
1.302575995705387957e+00
-5.069212507248213040e-01
-1.398008064979763931e+00
-1.375154398377703702e+00
-1.878851406890413855e-01
-8.668729269029804563e-01
9.602267881853805420e-01
1.148565178487177096e+00
-1.150468672567825923e+00
-8.925905302456215162e-01
-2.059916080306607000e+00
2.306783714564762278e+00
1.172176470990414554e+00
1.169842954020433590e+00
1.151383299274577388e+00
1.042077668522932488e+00
-4.397394129739304880e-01
-3.495420939176421271e-01
-9.984285175840823534e-01
-1.591012832071137639e+00
-9.148160777404601429e-01
2.039588678144843570e-02
2.153264660591211133e+00
1.612505456527087766e+00
1.421992242497631231e+00
1.321769412656737863e+00
1.732737244517050579e+00
9.894718287078420049e-01
7.104164277362997604e-01
1.304260676678427933e+00
6.441578855902118095e-01
1.052980121634277566e+00
6.349998353506771664e-01
9.440943307862958989e-02
1.271034338331423319e+00
7.031626801693049433e-01
-7.868208500545190720e-01
-1.018287302760988444e-01
-1.305632499336759844e+00
-2.010595954255155249e+00
-4.792350003877303699e-01
-1.051177780251461691e+00
-4.522223183615546871e-01
-1.643272198463271216e+00
-1.243983948792933614e+00
-9.393499224665993186e-01
-1.411540063592418015e+00
-6.196061187027358530e-01
-1.753521473968338906e+00
-5.188148121855529205e-01
-5.610820613940646906e-01
1.578270038572891831e+00
6.819962351513964016e-01
9.916439544862171163e-01
8.208449766992053087e-01
2.133920610347196156e+00
-1.918204127793294855e+00
-1.478884770098052748e+00
-7.770964882419100217e-01
-1.297568571304064111e+00
-6.108816384277482303e-01
-8.991669823639764081e-01
-2.254462525870065459e+00
-1.303728461280134088e+00
-1.216013089375361567e+00
1.218835075941897550e-01
1.127368732390438000e+00
8.964069397802707506e-01
1.687069110961772145e+00
1.387516218905219922e+00
-2.904303910860439597e-01
-1.618330979234243516e+00
-9.366911429053522697e-01
3.499732360610217086e-01
-1.492092879959327600e+00
-1.201504285800886418e+00
-1.184184916594484882e+00
-1.210075561133817867e+00
-2.382738941511982844e+00
-5.205948951918489831e-01
-4.545084848375573472e-01
-3.841879796163735206e-01
-1.310639891382446631e+00
-1.835563946738643981e+00
-1.586104269857760318e+00
-7.086067355624192654e-01
-2.144220982005198284e+00
-1.073158519553474965e+00
-1.345849225211561029e+00
-1.837620706216581468e+00
-1.299800910196905690e+00
5.976832716720621441e-01
1.239403341151791516e+00
2.525771881126058105e+00
6.841871897360634058e-01
9.749876731888008630e-01
1.284914583612874139e+00
7.661307129894323609e-01
1.191160789474921655e+00
1.009860268200372335e+00
2.139522748951525166e+00
-3.831185910084227153e-01
1.107606687551291991e+00
9.813016269397051294e-01
9.868012257429148448e-01
2.761211572797043212e-01
-9.744461134063429064e-01
-1.282882997258168345e+00
-1.726946907506438311e+00
1.826592956071184659e-01
-5.041958202114216192e-01
9.938721949539234268e-01
9.318114726188799768e-01
-6.151078455458454108e-01
1.287741436978607990e+00
1.978803293249113748e+00
1.027673085111886930e+00
2.837556566275123426e-01
2.037751921579754821e+00
1.221278327494133009e-01
1.956511096054268872e+00
2.487426042535649806e-01
-3.235360790293380084e-01
-2.051437031880452899e+00
-1.506707362883836554e+00
-1.464012468978942660e+00
6.341192452288055836e-01
1.248959111406127143e+00
-2.272795810349728107e-01
2.476687474686944945e-02
1.303372964596971828e+00
-2.761281601462134638e+00
-4.160057400310946951e-01
-1.675831672856082921e+00
-6.357214977535319278e-01
-8.971995089164861437e-01
-9.274306604203359505e-01
-1.198265285928783230e+00
-1.553956904326851962e+00
-7.696458563113900420e-01
-1.748149362272895857e+00
-2.204256320559998539e+00
-1.245196072420660771e+00
-1.694168972003522677e+00
1.818781595920129224e-01
-2.733284960853262113e+00
4.918902135678024923e-01
7.257858700843919930e-01
-4.257020598159035885e-01
2.530332339377580730e+00
1.175675400654630831e+00
2.166083747825364725e-01
1.042384968077971097e+00
1.092565661445619618e+00
1.775421419816710422e+00
7.939409257700997813e-01
9.739736928652144021e-01
-1.062653923961720537e-02
1.136289868610491638e+00
5.353097859326949592e-01
-5.362212900528140480e-02
-1.657082310052575114e+00
-1.520155485800222195e+00
4.060367832370017638e-01
-8.770240292741300348e-01
-1.098572849944944751e+00
4.922170806892856021e-01
1.106645026007288646e+00
1.150838507091808127e+00
1.440707203501417233e+00
8.481966712898975080e-01
1.707577139359977014e+00
4.877440444398074559e-01
4.514588915573476413e-01
1.640234292565800445e+00
9.143058322138806204e-01
-1.162254218369046299e+00
6.098785299208131505e-02
-9.334800183729009548e-01
-1.421874993024881073e+00
-1.350388632889069518e+00
4.848960497248127055e-01
1.512654952337388004e+00
5.801007863791776131e-01
4.593916143765113258e-01
2.588133965453902618e-01
-1.002062057354814906e+00
3.019624675368794975e-01
1.939194737171701099e-01
-1.345406172452242588e-01
-7.390390881351123209e-01
-2.133129813652153928e+00
-1.267807390991657401e+00
-1.850022378000976131e+00
-5.089217754739949751e-01
-1.584979762363961875e+00
-1.813377271710982619e+00
-1.091198137653052624e+00
-1.278182909270890288e+00
-4.440173856357024773e-01
-1.795006912865483972e+00
1.398495764765818716e+00
3.173210937085123584e-01
7.797475655511598713e-01
2.048571320012436026e+00
2.874896255570302372e+00
1.111818350969205227e+00
2.168795241896342318e+00
-6.992863402518914029e-01
4.760837877246170136e-01
1.163631795671182578e+00
2.655606452253399530e-01
2.419732549708639713e+00
7.663608755217538038e-01
1.242033356772902053e+00
5.856280521141956630e-01
-1.430414714204602422e+00
-1.921941851347067409e+00
-1.503996977019882886e+00
-8.739407185842094083e-01
-8.654666495488672062e-01
1.100750011821008734e+00
2.465913089280618475e+00
1.426587805643898754e+00
1.360086912866331987e+00
1.011726451003180038e+00
6.327369017458952527e-01
-2.577967885035090667e-01
7.319203002961333082e-01
1.242370095088696225e+00
1.515177342475835243e-01
-1.830729356927359053e+00
-2.042504321109674947e+00
-1.509479163341226560e+00
3.134473435937208396e-01
-1.788284416769493568e+00
-7.088352749069981584e-02
8.629594740993684621e-02
-5.739813201531505094e-01
1.661427409277570266e+00
-4.889238068678407600e-01
-1.889488223098829245e+00
-7.757670389255084675e-01
-1.131988681783892892e+00
-1.271513692681175645e+00
-7.151529162309109289e-01
-1.887889423943002631e+00
-2.240643769384704775e+00
-7.139170012017823641e-01
-1.598783937849525438e+00
3.002934885010022370e-01
-1.145233213961254215e+00
4.613113419783863023e-01
-1.245943981741361783e+00
-5.587124388562221267e-01
-1.259464656642862890e+00
8.658618641227575630e-01
1.432189633629761261e+00
8.397528555829458785e-01
1.250772479630245737e+00
-1.938363860981007214e-01
9.098224477063011628e-01
1.832777031519818856e+00
8.041658556697202087e-01
2.425432079186109480e+00
1.840001235816919989e+00
2.355638815589961244e+00
1.672196026393302004e+00
4.169718679022179630e-01
1.430072649407811536e+00
1.868505254491279688e+00
-1.365682300406375616e-01
-9.207614743648903088e-01
-1.927538723199487825e+00
-5.817502418603268666e-01
-9.780348544845629544e-01
2.203300399491543438e+00
1.552975611063549977e+00
1.438009178684387823e+00
8.193277149324051933e-01
2.617716742296716248e-01
6.537092823820619403e-01
1.853906064784087260e+00
-5.164769522192862450e-01
1.218376619961446083e+00
7.924567966539909358e-01
-1.690104753396880932e+00
-1.141499903940981886e+00
2.076560171381949260e-01
-2.527127236760027706e+00
-6.915769077162599032e-01
1.418752510825643576e+00
1.830629948009288244e+00
1.120165528752818940e-01
6.708834622437971351e-01
4.974611281711279753e-01
-5.439594506909626315e-01
-1.689716240236316169e+00
-1.278021846737169120e+00
-1.196408466164242679e+00
-1.896116719493659231e+00
-1.740663334797695638e+00
8.401395228544450422e-01
-1.569243912603135227e+00
-8.186880927012010201e-01
-1.719039681430801103e+00
-9.451087073781964110e-01
-2.763034051546545022e+00
-1.886109727932421709e+00
-1.216617888910126677e+00
-1.043650024429914724e+00
-7.451296779649130286e-01
8.185770847787252613e-01
1.383117136483143383e+00
2.243005079823994663e+00
4.830063014661760690e-01
2.367116861509825476e+00
2.347516129247419592e+00
9.527813989831205310e-01
1.454760972344697034e+00
2.303139271259008858e+00
1.424456105561385577e+00
6.254678910628086452e-01
2.405087462910881158e+00
7.392657164528850799e-01
6.375197570404613767e-01
-1.067241856554352886e+00
-1.616170585808651250e+00
-1.519637735811258050e+00
-1.722362844390450398e-01
-6.140196366873691414e-01
5.643720154245228660e-01
2.076163723824363760e+00
1.852828787538784550e+00
-6.811827311036837695e-01
2.102714487956412803e+00
-6.638455112626950871e-02
1.741783485734477388e+00
1.919288426355096888e-01
7.673818333534792036e-01
1.270552918195426262e+00
8.246171154824732952e-03
-1.192909993797226287e+00
-1.154646788729487783e+00
-7.543684330168014540e-01
-2.154325680258046383e+00
1.241324705865098021e+00
1.462424587099320217e-01
1.310781360321617406e+00
1.072074677783126040e+00
1.164920128385076303e-01
1.758663484355875051e+00
-2.702026735687792502e-01
7.354331495143466846e-01
1.332526192573096457e+00
8.413569194932087880e-01
1.345605792261802103e+00
9.754593699807275753e-01
2.610139468946734986e+00
1.111014257469820743e+00
2.340620096832411345e+00
1.558256841364771939e+00
9.949562865093720676e-01
9.279472946970432901e-01
1.097347203674616800e+00
1.081387337973035656e+00
-4.873077338625426691e-01
-1.354983073283721140e+00
-1.854286468141884248e+00
-1.382673777174052265e+00
-1.991221763460493399e-01
-1.608479668639142712e+00
-4.349727933133338276e-01
-2.436078246015323856e+00
-6.611670577272853455e-01
-1.230527524177658094e+00
-7.083871760932928252e-01
-1.092986718359980625e-01
-5.162110341647181411e-01
-4.861912911329488995e-01
2.550455232344224221e-01
1.164791233660231073e+00
7.748660816099108839e-01
6.006919337695508787e-01
1.647104365987523966e+00
1.127809465833467417e+00
-9.655859837958282732e-01
-1.527597712957817544e+00
-2.054848992318758505e+00
-1.113697028172414782e+00
-9.348514837616488382e-01
-1.434578009981539726e+00
-2.278173661045155285e-01
-3.572007613331129594e-01
-4.651224643043265772e-01
-5.431847603165607108e-01
-3.245083299365458807e-02
2.391742375417063027e-01
1.854558745857979529e+00
-7.032725147306795321e-02
1.243032554795434841e+00
8.326830088130365848e-01
-1.869504782413670796e+00
-1.477636264299082125e+00
-1.142011405443455585e+00
-6.149303919223116921e-01
-6.922609392024006159e-01
-9.071665445650649584e-01
-8.175682902859434664e-01
-1.265294783233986919e+00
1.799465745421890972e-02
-1.541414473791715700e+00
-1.357785881854584487e+00
-1.470082265271836164e+00
-9.535690881095029159e-01
1.897158000952248180e-02
-9.231448562305721861e-01
-8.690009914239662514e-01
-1.896974478421889376e+00
-9.350262972770279069e-01
1.783901536721974601e-01
8.866643267410609930e-01
5.130771791426713690e-02
1.160459254740252355e+00
1.204167612274308352e+00
7.027991382296256972e-01
6.915243336447021161e-01
7.506364017972246838e-01
-1.971762530579741490e-01
1.765608910739101312e+00
1.638564235376148259e+00
7.977242278335345826e-01
3.909613263954792028e-01
1.478105645042526728e-02
7.703212220471700178e-01
3.687080929384066730e-01
-1.382142512824675595e+00
-2.659069548025042806e+00
-6.365343938416065939e-01
-4.893107531321212456e-01
-1.017949278348554421e+00
1.347766577344719607e+00
1.799339151401493808e+00
2.261648709555021952e+00
-4.484905560541840863e-02
7.992514628406669486e-01
-3.434489505946383137e-01
8.327421322733192799e-01
2.098823428812532477e+00
1.111400973047866225e+00
6.621592480383390322e-01
-1.609253111235213751e-01
-1.361164276710361776e+00
-5.696010752467113303e-01
-1.650902861837203695e+00
-1.712069803317775252e+00
1.047760316783994172e+00
1.740240826967161203e+00
7.906868489222315111e-01
1.671277865109300542e+00
3.082639824952721597e+00
-1.686211968993138743e+00
-1.430978342111214552e+00
-1.790941991869460459e+00
-1.982751701566751956e+00
-2.178089708846047579e+00
-2.285059201659962902e+00
-1.516094385016860890e+00
-1.636917143621088977e+00
-4.215616382243080551e+00
8.074194805994627799e-02
-4.059631420698779358e-01
-9.517068151179974844e-01
-1.239468821915836738e+00
-1.820776888425922335e-01
-4.739253395957032655e-01
1.247011843296987221e+00
2.237793696734827531e+00
5.797762647010462622e-01
1.424547105486271059e+00
7.827221618755101362e-01
2.055308698511978394e-01
1.621937224109466502e+00
7.783363913704031134e-01
1.326251908861764583e+00
1.215893273238085159e+00
-2.950679061571475081e-01
1.320104110934542163e+00
2.013039838425657813e+00
7.818907560801159340e-01
-4.351158757359807616e-02
-6.521262287952392933e-01
-4.720488237816340416e-01
-5.489258315023141099e-01
-1.298102056268845672e+00
-1.802561477065915740e+00
-7.382366350627300733e-02
3.429944864122058679e-01
-2.918986363416202767e-01
1.029870375432480500e+00
-7.021226680952707966e-01
1.247907978552222019e+00
1.124536981246033740e+00
2.024247598025905592e+00
1.258390019341704802e+00
5.466148443839249360e-01
-1.169297608763541163e+00
-1.731646058814062972e+00
-1.773568945916632167e+00
-4.078915062782040302e-01
-1.892977788613105838e+00
2.335780413855019333e+00
1.293957027114741809e+00
5.308914711667419573e-01
-1.156235572231814057e-01
1.366319520781574370e+00
2.403562731343688252e+00
1.415568783153071664e+00
7.620558852972685315e-01
-3.408747355272221391e-01
-3.366299023537500101e-01
-1.913238546622353375e-01
9.649636252491942123e-01
-1.382346519700905496e-02
6.728984750169892948e-01
2.639553212128611381e-01
2.030024151322564752e-01
9.283723892595345806e-01
2.726891067437919869e-01
8.661638783926618457e-01
6.216902657652065844e-01
-3.100379026063473376e-01
-1.615324646138737386e+00
-6.146277517398226475e-01
-1.149126697717242074e+00
-1.615567050404719485e+00
-7.197461604414170377e-01
-2.194169121473679152e-01
-6.115056817651719490e-01
-4.055953562785812316e-01
-7.014687915946883345e-01
2.632760036749035581e-01
-1.495086776509094939e+00
-4.104872661697811509e-01
-2.314311295076122654e+00
4.136409591531367003e-01
6.764764713165499765e-01
1.454364996518878073e+00
1.020020781350633232e+00
1.310213757726342632e+00
2.191556891665225049e+00
-4.795312177548817223e-01
-1.515969741400534865e+00
3.666785025524321728e-01
-1.300894245253115145e+00
-5.434755946856844044e-01
-5.844222117633018909e-01
-1.136150020606729649e+00
1.336691940855785354e-01
-2.011868346792694773e+00
-1.968155922887768750e+00
3.084869103245857502e-01
7.573060284344688142e-01
8.894891893505858516e-01
5.681573781939479595e-01
1.519580711819352503e+00
-1.366831910981815223e+00
-2.001603088737535785e-01
-1.445314434836455941e+00
-1.689341441783617892e+00
-1.319170261924180743e+00
-6.682318380270042546e-01
3.605774671550574517e-01
4.142703549594850543e-02
3.294711351647988673e-01
1.148783090631444459e+00
1.090015327041099935e+00
1.751980191375267726e+00
-3.694885459783823212e-01
1.904751067461868175e+00
1.083677765091814349e+00
1.604694749850005486e+00
1.474129358310820592e+00
1.476959083197808775e+00
1.979334970790376902e+00
1.761073369657502274e+00
-1.743248106757433025e+00
-1.506309897640775164e-01
-1.989359370176962072e+00
-2.623283256579699296e-01
-2.014926610848282174e+00
-6.537418784801620752e-01
-1.644710656171529006e+00
-1.272096887279958288e+00
-5.593219052450356665e-01
-1.359317276271250652e+00
-2.191972366192260768e+00
-8.735650635228904282e-01
-1.006475068555823915e+00
-1.424999902142203734e+00
-1.500733124503365490e+00
1.108043540691876716e+00
1.637774764102502889e+00
3.948498114562133399e-01
6.974841228923633896e-02
1.218530118433383436e+00
-1.785557439787416323e+00
-4.687142688066777696e-01
-9.353024506149552053e-01
-6.641401880255082268e-01
6.957751701050636228e-01
-7.192473638874984365e-01
-1.038685343979786957e+00
-2.743733519784914421e-01
-1.045851884146391297e+00
-1.034738574358250229e+00
2.149841362213292584e+00
1.138244262192033673e+00
9.329698786119510201e-01
4.593907081280299565e-01
2.276827396432752337e+00
-1.822444531665403655e+00
-1.847197339416228656e+00
-9.324019881528220477e-01
-1.241253305305075383e+00
-4.045938606569828844e-01
9.414097381318554669e-01
1.834567334482287038e+00
6.636162281958732923e-01
2.402366684103263594e+00
8.283740138659154706e-01
1.367868534058358509e-02
1.734328611693433553e+00
-2.469812277220839736e-01
1.245064011293711692e+00
7.461278303993867933e-01
1.187219209139901199e+00
1.510779744918346434e+00
6.188943817466274755e-01
-3.408561554688640527e-01
2.330166124526074967e+00
3.333112004928493466e-01
-8.164615735693223630e-01
-5.294732174150817983e-02
-1.826328016061807169e+00
-1.962753164813419327e+00
-1.476172637341542693e+00
-1.396213027888501657e+00
-9.208256803967744819e-01
-9.806308717993401647e-01
-1.548603896172371375e-01
-9.492241174687936489e-01
-1.248343960000261710e+00
-1.475114917380284663e+00
1.076798056487346944e-01
-1.317645834170847685e+00
7.990483667182665117e-01
-4.604631051763696803e-01
-5.538366343602814101e-01
1.903583997492952484e-01
1.558042568978079911e+00
-3.718256169724021287e-01
-6.783464663954409390e-01
-2.132969593339637093e+00
-3.557943090442916567e-02
-5.660733081449335069e-01
-1.615762758331678040e+00
-1.332375486630170691e+00
-1.251728182778966136e-01
-8.221128831861697073e-01
5.438514560078213655e-01
5.250933505906996146e-01
1.693683667575875296e+00
5.322922515060305448e-01
1.021330396027650522e+00
-1.985858744146518085e-02
-2.057016334980438010e+00
-5.073541314625467091e-01
-3.404558275788696076e-01
-1.537792511992621236e+00
2.593333918512386038e-01
-1.378690314805759431e-01
2.312471654869703741e+00
1.206967461345360704e+00
9.076837599588188921e-01
4.047367926137290794e-01
6.763933083784223754e-01
1.263232101585630707e-01
5.395611018885300147e-01
8.347103539309714826e-01
1.785592080897995260e+00
8.921012857183674427e-02
6.634533476843567090e-01
2.284247303249345773e+00
1.459858188939751500e+00
1.937380254281556580e+00
-1.595677368593896972e+00
4.103334191970733347e-01
6.373969180836192017e-02
-1.201632800832409753e+00
-1.035214308958107843e-01
-1.705822529005143640e+00
-1.040312755251860288e+00
-1.178808448188145563e+00
-1.342144376987568721e+00
4.409463313942985074e-02
-1.059318029767065683e+00
-1.153773335108087217e+00
-2.177895595621673230e+00
-1.875333806739183373e+00
-6.967938759926194381e-01
6.905598743843885945e-01
4.243822432266073363e-01
8.049723012117946386e-01
1.477400937380157098e+00
-1.461938718350046962e+00
-1.365584139188086965e+00
-1.866914600775163580e+00
-3.373208047231424089e-01
-7.797715587482783040e-01
4.572016960001086261e-01
-9.354799557204172000e-01
-8.636364558113558410e-01
-2.206108671159551005e+00
3.235425583235247426e-01
-7.997926428317347902e-01
4.879135185108585127e-02
-3.814999502245042251e-02
1.409808188251272743e+00
1.249866464187433079e+00
1.030612795353474720e+00
-1.600040484133049556e+00
-1.181116898825843808e+00
-1.103378171390433593e+00
-1.480331531437368398e+00
-1.491930185241854945e+00
-3.546634594431676835e-01
-1.173517420469583739e+00
-8.861669646033061287e-01
-2.268084518154474871e+00
-2.273569966675630383e-01
-1.022100951047019146e+00
-1.391673939062450627e+00
-1.096082407947986948e+00
-1.010406299411463982e+00
-1.226906151751019358e+00
-1.753134293953231948e+00
-3.197127154704417773e-01
-1.847117252998289327e+00
6.029793807517780380e-02
-1.656852809136433624e+00
9.507450778224353360e-01
1.454921401638296530e+00
1.440069580991954590e+00
1.375602613687007869e+00
7.301598826793556096e-01
-7.595146621548498622e-02
2.195881108188650899e-01
1.136269609609643627e+00
5.564679699715484595e-01
7.963158980464197789e-01
1.565868419208411355e+00
1.130613485740853408e+00
1.185241426585398550e+00
3.255293160825047938e-01
2.899815922069573837e+00
-9.499171284474827726e-01
-2.051154666071862032e+00
-6.312738472272616530e-01
-8.501696522949369061e-01
-3.523479295804061717e-01
1.823385345197531482e+00
1.956602954389701665e+00
1.338173774992685860e+00
1.962976706677806327e+00
5.924892512745515427e-01
2.405258845373895227e+00
1.692334766194670159e+00
1.105456574166626016e+00
3.330969121677593847e-01
1.256836274667155084e+00
-1.207209374132606206e+00
4.808076847781741492e-01
-1.534937712244542674e+00
-1.007346801655748747e+00
-5.071506259245113224e-01
3.594426323022181791e-02
1.070572726802578201e+00
1.446680082203660733e+00
1.968585324105862622e+00
1.267284238125417239e+00
1.122987358016831250e+00
6.567999124096486341e-01
1.565069552500142347e+00
2.100712529070387635e-01
1.412065363265249340e+00
1.438818594352596847e+00
5.819338881729404500e-01
2.185515105433116112e+00
1.102587956333334063e+00
8.524372033660663206e-01
-1.407637202193106063e-01
1.042665550283641940e+00
3.965792044532912008e-02
6.034203789732449641e-01
1.501069981323294389e+00
-6.155750724015386366e-01
-2.001226670554125064e+00
-7.466661035346129349e-01
-5.406586530154393611e-01
-1.970876105333095651e+00
-1.988902058982509269e+00
-9.119195888064925981e-01
-3.598733389875888866e-01
-4.373048970579900274e-01
-1.449469112122974135e+00
-1.555317970605436972e+00
-5.163060024183430130e-02
-7.534305088948881624e-01
-2.304387265292034748e+00
-1.224179809641441352e-01
-4.784422972018402831e-01
1.152894417449382702e-01
5.395853904980399962e-01
1.067920035263345779e+00
9.199111370110196750e-01
-1.152833853070794223e+00
3.585841332511068291e-01
-1.538647875638615714e+00
-3.089722630954183646e-01
-4.774599269990017492e-01
-9.070532154146109249e-01
-6.994539582247588649e-01
-1.158227151377897890e+00
-1.600518601822885634e+00
-2.428362623903349338e+00
6.441290979968087305e-01
1.476624536552302969e+00
9.627259299986531405e-01
-3.252409843189907335e-02
1.690633715461681286e+00
-1.673720118627184172e+00
-8.915099113473929915e-01
-5.022629171092035660e-01
-1.324062282487987074e+00
-7.757453640074756240e-01
8.070882109332262466e-01
1.340086784249074681e+00
9.487590459448710378e-01
2.728768423846213986e-01
2.344064037577583193e+00
5.742441183507258629e-01
-6.181176053545760496e-01
2.740209883613687225e+00
1.153572579269031895e+00
1.031569535924110603e+00
1.320905566407589271e+00
8.270404344341980574e-01
1.085145312346821322e+00
1.574804070814444845e+00
-1.789852889050469464e-02
-2.150185900885376533e+00
-4.780434652029186271e-01
-2.627945304280403516e+00
-7.248721257199810530e-01
-2.036702702582901647e+00
-2.969588312571553868e-01
-1.749396550568448561e+00
-1.264231415428283878e+00
-9.780431010245300705e-01
-1.376871623642978770e+00
5.784492752639063262e-01
-1.642256097113212965e+00
-1.344227470372798550e+00
-9.975586696205968051e-01
-9.268980260863197707e-01
1.225386486332063596e+00
-7.194418443471684022e-02
1.615874767345010898e+00
-1.200491398361471784e-01
1.626357261593102788e+00
-9.103722201577846285e-01
-1.160731039109516249e+00
1.252791783474922482e-01
-2.090947198006618546e+00
-3.531042116126582586e-01
-2.634783673624035316e+00
-1.111139351022310429e+00
-1.702455234226597280e+00
-1.229978353230422483e+00
-7.259256358955257227e-01
9.427073141915228716e-01
1.804715894545444677e+00
-6.466493452400801090e-02
2.324306320963995809e+00
1.672304147876984226e+00
-1.004837189095968641e+00
-7.096916702824803691e-01
-1.710316387420034889e+00
-1.871885684362773361e+00
4.163617007044337903e-01
7.285423294778164971e-01
1.901080520279823549e+00
6.035638621708746543e-01
1.167540931791583692e+00
7.893180733253506443e-01
1.564849782374291287e+00
1.684563238778071348e+00
1.367447153254912395e+00
7.565942727625707409e-01
1.658478679635023489e+00
5.773693204208611984e-01
3.291422228990781296e-01
6.521662887405768050e-01
1.275342101771692604e-02
1.066259691513876673e+00
-5.746828268489161395e-01
-1.781908360540377156e+00
-1.234695141018498088e+00
-1.080801452417438746e+00
-4.398810450921460946e-01
-1.217098034850222721e+00
-6.964076369830903834e-01
-2.091630763320032838e+00
-1.288428912503549295e+00
-1.020870788817603181e+00
-7.503610796107672565e-01
-7.037810111180728967e-01
-7.257991614103320721e-01
-4.614878192555024183e-01
-1.334713549906416663e-01
5.945517773234264558e-01
-7.481993867312841662e-01
1.712839084350067376e+00
2.690540130824503162e+00
1.462146575353513223e+00
-1.559586079216202181e+00
-1.283878207513996728e+00
-1.534965863443681133e+00
-2.835494385473997792e-01
-5.001706049219063477e-01
-2.052597123743896468e+00
-1.815616353132425420e+00
-1.289253408714681637e+00
1.330338644889542010e+00
1.290585569400426458e-02
1.628927106841624228e+00
1.291699429331000459e+00
1.240591395865794810e+00
1.631351885497196452e+00
1.317156666866551973e+00
-2.281756537738284241e+00
-5.741203232854240612e-01
-2.824116896623927619e+00
-1.309431316883338692e+00
-1.506021747916976850e+00
-1.185802780832106551e+00
-1.288204000443925024e+00
-1.822660327017530335e+00
-1.320365174881572345e+00
-9.938268262209353221e-01
2.998940688887627992e-01
-9.636659916925323088e-01
-7.048030394465808479e-01
-1.944780131408624380e+00
-1.752189791048340828e+00
-1.482702791285932520e+00
-8.974558085135594387e-01
-6.142998872187093173e-01
-1.283348538235852265e+00
-7.498960545231764252e-01
2.275797483821299316e+00
1.416552899549834876e+00
8.711197835313798654e-01
7.630967125656638039e-01
2.317075776421207989e-01
9.815292774854667002e-01
2.116589256643825578e+00
1.215305240981112700e-02
6.798329584483122634e-01
2.306043000809365751e+00
2.040382524788386220e+00
6.054628936468499090e-01
8.955704511102391407e-01
4.072615472369425227e-01
1.499571482844089143e+00
-1.323854261451101966e+00
-1.738062221465288104e+00
-3.155124582215843576e-01
-9.590192158920360921e-01
-1.273915520471581964e+00
1.913451956555405786e+00
1.094815173696884081e+00
4.218197346272385406e-01
1.223635286217926277e+00
-5.984212460393600885e-02
1.117219242180151451e+00
1.031518406580709257e+00
1.293751261895285332e+00
1.161100182119583213e+00
1.516521710770316611e+00
-7.642441879407722016e-01
2.759637078457206627e-01
-2.593478148777285108e-01
-1.296283803424174152e+00
-2.008274450253925814e+00
1.359757990656823345e+00
-5.347585838672528347e-01
2.726492846156089556e+00
5.043758532702029562e-01
1.573083450411945527e+00
-2.219793373795249103e-01
2.379495236447624507e+00
1.218680215055770288e+00
7.126282158441173964e-01
2.535779298408732396e-01
1.298382900514863714e+00
8.708574288969950228e-01
1.311853571535320118e+00
1.368469991503510563e+00
7.185615296672811514e-01
-9.236355320681481906e-01
7.754525545422905619e-01
1.116253138885025642e+00
1.693277296087742023e+00
-1.339961249577288349e-01
1.096717017571062769e-01
-1.538228768564469995e+00
-1.663373912877705640e+00
-1.965886666839808949e+00
-1.461141266919141257e+00
-7.926885683412139283e-01
3.154578862207326750e-01
-9.565907423430439760e-01
-4.842352935287399518e-01
-9.237796302766601020e-01
-1.716762200743771061e-02
-3.528561546271591354e-02
-4.894082240694437314e-01
-2.641528945666850703e+00
-2.015525801897667613e+00
1.447727959811753173e+00
-2.428356806700713300e-01
1.121065846157303092e+00
1.973355746937605737e+00
6.429566689948641445e-01
-6.169373159592387301e-01
-1.963864591617129562e+00
-1.512056931058088693e+00
-1.023040734221092984e+00
-2.288634161838240644e+00
-1.379237508332369799e+00
-1.111376423743008379e+00
-1.713769842773063656e+00
-1.992463464629438352e+00
-1.190905971438444011e+00
5.437364274271261344e-02
3.827784556040575437e-01
1.304028809816413892e+00
1.260176766074327270e+00
2.067856373489929123e-02
3.465646973803528930e-01
-3.700826393531627678e-01
-1.475039431977435145e+00
-8.347689032832494860e-01
-1.525099193843119316e+00
1.066419679202467385e+00
2.059673678211047410e+00
2.807492493371094078e+00
1.058727455409779861e+00
1.844518814376403748e+00
1.040036059778555844e+00
1.298961099188441271e+00
6.825255425757493777e-01
1.076620260664345352e+00
2.354160315718389462e+00
-2.706295166160503918e-01
9.512597096451076428e-01
-5.727205603351936958e-03
1.157652816052373801e+00
2.215336016377045247e+00
-3.865210237526826020e-01
-9.422463025975180706e-02
-1.204323752942106474e+00
-8.781303890731656514e-01
-3.961448143076736761e-01
-7.226646241473647647e-01
-1.302003822397729271e+00
-2.448426273438267131e+00
-1.154453149708158710e+00
-9.003574424130533771e-02
-7.299988078467734010e-01
-2.124892234376742017e+00
-1.341441349627312096e+00
-3.301579374389426169e-01
-9.050881244947762694e-01
6.588479763700623160e-01
1.743693037873105478e+00
7.232342998176275461e-01
4.843150224837255990e-01
2.435625974839197294e+00
-8.668481708865651836e-01
-6.210972418882013679e-01
1.813308627333298784e-01
5.618461171886828254e-01
-1.092398867489182024e+00
-1.793688049579161836e+00
-1.053409167028054760e+00
-2.138659622592601117e+00
-1.319335391208487751e+00
-1.799328093285599284e+00
6.857243283560333635e-01
1.448110108958338138e-01
1.481774266014534103e+00
5.247890308152606265e-01
7.192475752862321769e-01
-1.580649940263832764e+00
-1.790676458663854387e+00
-2.148102986251887447e+00
-1.607495354565309675e+00
-1.574485466013633150e+00
-5.824804058719703637e-01
-1.413402697181212364e+00
3.131931614363425709e-02
-9.336199572069378005e-01
-1.086182946572296970e+00
-1.156654090318318229e+00
1.089262206370690045e+00
-1.502640098621806031e+00
-8.448759525466431608e-01
9.421035268416977360e-03
-2.592608817928657716e-01
-2.493251941022522900e-02
-1.888818879816701379e+00
-2.462871269046319700e+00
-1.306141310160255919e+00
1.546191205464828577e+00
1.274958909562588616e+00
1.248926387150886885e+00
1.007801742998688299e+00
4.638930112311920873e-01
1.294237614069007281e+00
6.432691435101502986e-01
1.497937470874366017e+00
1.603808472295866538e+00
2.140910188689745919e+00
1.657919618062585476e+00
1.231841431867731540e+00
1.313349719651191627e+00
3.510689253377230479e-02
-9.865667254719556745e-01
-1.916952656695606549e+00
-6.253670551481563811e-01
-6.749403175103486641e-01
-1.644746499405862927e+00
-2.071085677576513184e+00
5.595727037662137082e-01
1.093040338836698488e+00
1.474459660074768363e+00
5.899567411973583031e-01
1.263913323527110943e+00
3.743011902101701649e-01
-5.028558836354477535e-01
2.117745073564949010e+00
1.456710640220437725e+00
9.766490872925412958e-01
-2.433612091066393646e+00
-2.136135116113091037e+00
-1.308451198259122261e+00
-1.431847233421642329e+00
-2.296731501512688567e+00
-5.642706619530146739e-01
4.676188041107772753e-01
1.254714153207035165e+00
2.515989896013448579e+00
4.101776737169069431e-01
