-4.523596607288832283e-01
-3.716775801846154970e-01
-1.000867298213401257e+00
-1.663462877065728929e-01
-1.380926743136124735e+00
1.608278238374865055e-01
-7.928240903927502581e-01
-7.745475637406160629e-01
-3.683765913954326621e-01
-2.646596453617247047e-01
6.854382200832951355e-01
-1.417996177315512751e+00
-1.348166293683750405e+00
-1.051790786025646129e+00
-4.627932144810772419e-01
1.256620718451031404e+00
3.092921091387741406e-01
3.913088544931241364e-01
-2.450328624939470679e-01
1.691079226111983802e+00
3.780388143669043410e-01
3.446151217709543246e-01
4.748279304926710243e-01
-1.396892979202781770e-01
9.429014998756938271e-01
1.650124386226875073e+00
7.116239845109157969e-01
1.824875919218163611e+00
8.386404431655387626e-01
9.680865124051059034e-01
3.554117771321754216e-01
-9.122972060766121327e-01
-9.848369749301028042e-01
-7.975734588732321662e-01
-2.600372180429198821e+00
1.840170155897850268e+00
2.652402044159309469e+00
1.117393507633976713e+00
8.127021368049300865e-01
2.766395699960333410e+00
4.791749446210850083e-01
7.495827412676994150e-01
1.430625315118097429e+00
7.403582845508969168e-01
1.696903633889585539e+00
-8.178688363920051385e-01
-1.171544753647600245e+00
-1.527596272846210468e+00
-1.560448697827518938e+00
-1.502202514289791901e+00
5.464138520908825569e-01
1.465679995069146813e-02
2.331217256970987695e-01
1.188426985778653355e+00
1.153305883774525364e+00
4.641240044649511676e-01
1.287265518586777624e-01
8.305552777741104231e-01
9.659520720068611732e-01
1.412329190836285608e-01
3.251503490483655945e-01
3.054690778400207529e-01
2.515313838603405294e+00
7.863111462889085246e-01
3.857047282909914498e-01
1.138132737757334034e+00
-9.326517461979433321e-03
1.356391759458321467e+00
8.635103655501847886e-01
9.290233081960767025e-01
-1.621299234349141916e+00
-8.630555914474260515e-01
-7.407263336997208514e-01
-1.833435874585878311e+00
-2.129407090205749586e+00
2.222245005806098295e-01
-7.205978939839655650e-01
-2.272108201193443922e+00
-1.579332441597093739e+00
-1.292236580661834333e+00
5.374873737677177132e-02
-3.402240743499075348e-01
-1.351020005336261320e+00
-1.262229094959285591e+00
-1.671706691155459445e+00
1.100387822343208422e+00
-3.418093064844218709e-02
9.353169523658959594e-01
2.864711199900711769e+00
8.744535279349372470e-01
-1.482801779416216936e+00
-1.836934939244022846e+00
-1.523858224228755276e+00
-8.505005679777718486e-01
-1.622647103275243419e+00
-1.688507747147919513e+00
-5.206752752543793994e-01
-1.182672037488714523e+00
-1.607781315191673999e+00
-5.998441845009285789e-01
2.131562375683247801e+00
-2.883422561473136803e-02
1.214979605124062445e+00
2.349707360282395019e+00
4.873843519219109854e-01
-6.407714591918809433e-01
-1.559283906189323776e-01
-1.205195708480731209e+00
-1.707243885859865973e+00
2.157231492772526682e-01
3.988463850133294741e-01
1.332306772085274815e+00
8.845641466221895177e-01
9.578501025757245602e-01
9.011704097893744603e-01
1.279123087744610032e+00
5.234448451257649459e-01
2.562258332419362628e+00
2.861175979833306293e+00
2.123959079833309893e+00
1.379847215166667640e+00
1.892447329573553327e-01
1.577930311709699884e-01
1.546919221432925262e+00
1.061687776275968664e+00
-1.053812680039724059e+00
-9.826074531101703924e-01
-1.923000805227110810e-01
-4.154980824548699658e-01
-4.550608321775905241e-01
-2.065220968648657784e+00
-1.364741408715938409e+00
-6.121377144818673788e-01
-1.934436564628867705e+00
-1.095631384265183250e-01
-1.037533281212316361e+00
-1.376834823036156230e+00
-5.950048580978403168e-01
-1.194151588125995644e-01
-1.505038510931847151e+00
1.425439730839538122e+00
7.643227689283215165e-01
-6.581119494356140187e-01
1.404563822223449776e+00
6.949803264252727431e-01
-3.387719278726861738e-01
-1.465222756991830577e+00
-9.540273963488422604e-01
-6.336756091596333906e-01
-1.601193575014949300e+00
-7.593723234905146446e-01
-8.280734998398857627e-01
-1.195040970554330340e+00
-1.925310805322036023e+00
-2.075302569500704131e+00
6.492686951601980283e-01
-1.758928303126587878e-01
-2.012560420998981137e-01
-4.938591319340801533e-02
2.274763167162898725e+00
-7.179603600205288760e-01
-1.880323314400159873e+00
-2.572679185469073371e-01
-1.742056058412441377e+00
1.503529898227664585e-01
-1.005883235720577806e+00
-1.367594076913219769e+00
-1.499291330026834679e+00
-1.172595111646452803e-01
-1.720235678293669190e+00
-9.677110322411803800e-01
-1.898932239642801445e+00
-4.987193095868130976e-01
-1.339486932784929696e+00
-5.993664245315996064e-01
-1.204452347882091434e+00
-7.759282032492987868e-01
-8.949762934504870149e-01
-1.098249030645809476e+00
-7.518515475491667210e-01
-6.503675412885994156e-01
1.788558464682768800e+00
1.811267540790182151e+00
1.412319315820306231e+00
4.415800618920158183e-01
1.741558341493808282e+00
2.009505363165296821e+00
1.442425917002017055e+00
4.806217850527538804e-01
8.561126788707718038e-02
9.264318559591551150e-01
1.180507768768880750e+00
1.126002658983581650e+00
-1.713731692611730750e-02
1.314362350139289815e+00
-8.043588925294027359e-01
-7.021629176492547586e-01
-5.870760703189157326e-01
-2.122600260619763368e+00
-1.344021809858941374e+00
1.458648588625272247e+00
4.022729946261887068e-01
1.322317937707478519e+00
5.643902678091119451e-01
4.906139167250311850e-01
6.493883911255396990e-01
3.504001230070560524e+00
2.269658069121725852e+00
1.987770472097219354e+00
1.357722234220954505e+00
-8.588290981481535580e-01
2.253009116868338602e-01
-1.269472383613697186e+00
-2.086795239134278113e-01
2.014055121914104518e-01
2.731108400208019926e+00
-5.996979261465027466e-01
3.040484258228888237e-01
1.853585940274886656e+00
1.413576856835895290e+00
1.327799932731411392e+00
-1.300203106158710487e-01
7.127224603208006659e-01
-2.474323892734728858e-01
1.448642093562588329e+00
2.190125387323243356e+00
2.920971495137036911e-02
-3.622806069382411565e-02
8.512702911661471639e-01
3.221629731093755833e-01
6.937486738975628953e-02
1.780673087471880134e-01
2.945466779418444148e-01
7.020313452949190625e-01
1.287356347488967767e+00
8.795283228030621459e-01
-1.338374486027462673e+00
-1.297624363183552010e+00
-1.591828236913435335e+00
3.370724960623561195e-02
2.522047774673001896e-01
-4.956180468484675528e-01
-6.889396705382191399e-01
-5.402600779488683225e-01
-3.857777375638562489e-01
-1.152642642299027687e-01
-9.000210944205616626e-01
-1.438448364311497807e+00
-8.257776776595904256e-01
6.256336723999684768e-01
1.273307588504929200e+00
1.214878265065618912e+00
1.224474713824367234e+00
2.363473705753849963e+00
9.598408731711515207e-01
-5.110973292509346511e-02
-1.780084997217675769e+00
-2.553134348048206714e+00
-1.474574617137778043e+00
-1.300973319401800055e+00
-1.969683512936681868e+00
-2.476672805391099352e+00
-8.134649708773773469e-01
-1.070639753785149750e+00
-3.492834563027960026e-01
1.432552277398622120e+00
2.980569802111501687e+00
1.287736409229383261e+00
-7.974206186089594084e-02
-6.611762971791845800e-02
-7.907828393801461520e-01
-2.202092284594562077e+00
-1.891932399878739846e+00
-1.299386344544266381e+00
-1.423994174377420041e+00
1.607668434181712236e+00
1.036912359541325213e+00
4.103050749633014860e-01
1.434561222102490374e+00
1.124964995666689171e+00
7.326579427944643896e-01
8.266775078084418471e-01
1.771475180815350603e+00
1.328804792286377934e+00
-4.285144004354717318e-01
1.525689150598426913e+00
9.370884001349827352e-01
7.845585725291700507e-01
7.842881356143889260e-01
6.869770932467277325e-01
-1.614997243513353498e+00
-2.677439026240298059e-01
-1.331566392367459883e+00
-1.422976004515636550e+00
-1.851384923295531060e+00
-6.032932922150903154e-01
-1.631999369845328562e+00
-9.727129523264023137e-01
-1.635436865067386281e+00
-1.038583524533108315e+00
-1.692851280417810411e+00
-1.232966290018311817e+00
-2.152753392735678339e+00
-7.320702685953506261e-02
-4.955371249255051680e-01
1.047794714220848578e+00
2.619147595128970440e+00
1.558846842640248198e+00
1.841210081164222689e+00
3.286917037522800733e-01
-6.643447657333465539e-01
-1.099573082505606259e+00
2.390870529971704794e-01
-1.321645476922362672e+00
-1.503265489085740425e+00
-7.548583934684298669e-01
-1.800743778947279772e+00
-6.358998953907579743e-01
-9.440954392270408668e-01
-5.228625665937889355e-01
1.364301562326031281e-01
2.427236455876649934e+00
1.407200753041214725e+00
1.635738663051543362e+00
2.285662053678167105e+00
-2.232814581184085156e+00
-8.224572760975042973e-01
-2.460724493429506055e+00
-1.835417665926501130e+00
-1.958904289611089311e+00
9.925968624103151949e-01
2.959176368596547757e-01
1.458192053258600573e+00
8.224453412864104473e-01
1.331310577128180572e+00
-1.022222760779796236e-01
1.608144045638095765e+00
1.034854557805708453e+00
4.646928646543410091e-01
-1.019823475849723771e+00
6.962854010003283189e-02
9.622943446385059385e-01
4.081507581770730253e-01
6.762583022681597500e-01
8.906976584895960336e-01
-1.191253099666768955e+00
-6.364355676779280824e-01
-7.333933550433525683e-01
-1.928880928179819376e+00
-1.081216664799346638e+00
-1.847524441193342692e+00
-2.146057131144205599e-01
6.096668869095740462e-01
-5.637229116865102307e-01
5.214730905440889686e-02
-9.843551646742746408e-01
-1.125216221324977228e+00
-5.822329175191749417e-01
-1.199695058965982719e+00
-1.420888580237406273e+00
6.090932322073540073e-01
1.223650137922663195e+00
1.262844456145273631e+00
4.541893721719469923e-02
3.313703641556714485e-01
-8.607009943027301713e-01
-1.256829006969310214e+00
-6.683868271954488405e-01
-1.324832230096729235e+00
-1.272254223738806145e+00
-4.616931404440290931e-01
-2.143047336407442494e+00
-1.709240386148723090e+00
-6.771226094936511064e-01
-1.739438340994912569e+00
1.078411372108585509e+00
1.023149357035423090e+00
8.317232765348924195e-01
9.253133882571618063e-01
1.417323614786837993e+00
-4.261986037410181449e-02
-2.368021692868564898e+00
-1.736706410840527015e+00
-1.080354852202477955e+00
-1.840376624062008082e+00
-1.579309945920064351e+00
-1.761179570277722428e+00
-1.257373473791177698e+00
-9.957027853650127769e-01
-1.565981274419011582e+00
-1.313732104313131144e+00
-4.020601921886689523e-01
-5.780734965980791618e-01
2.458383056858941540e-01
-3.934011418906880886e-01
-8.660132296394019713e-01
-8.140481755849964252e-01
-1.828453447845310054e+00
-1.554880292151906707e-01
-1.227746331998212037e+00
1.255493734573603248e+00
4.435957770858502958e-01
1.914873886217665744e+00
1.423198308507616083e+00
1.689685912951898183e+00
5.572340074847766944e-01
1.116900047993570677e+00
1.675168630579721540e+00
1.165570626889437245e+00
2.007721946670143698e+00
7.438685095868936559e-01
1.325884901680878469e+00
1.209706743966784792e+00
-1.196182308678930273e-01
2.857255803706022501e-01
-1.704378980121167508e+00
-1.081115307818809823e+00
-1.545124408274173522e+00
2.039455186436129885e-01
-8.360542673790694046e-01
1.893070201844387679e+00
7.177705023186011779e-01
1.854927553597922607e+00
1.472533535772943658e+00
-7.143580888730172163e-02
2.441091728250276205e+00
-7.377114576595285023e-01
1.763475815949188785e+00
4.483093470904727651e-01
1.518397287158915976e+00
-8.627477442802299334e-01
-1.399639936904990778e+00
4.242881613801774421e-01
-1.368588998393315270e+00
-9.964853842913459214e-01
1.391071008774678042e+00
1.504842084180674444e+00
3.404601360305490321e-01
1.125759605875654490e+00
1.106957792886675396e+00
-6.056668079992686415e-01
-1.774409175499877422e+00
-4.924803932170214171e-01
-1.471309188092400522e+00
-1.266560847326041239e+00
-2.389214502815964369e+00
-6.358980060529082490e-01
-4.592341825805674738e-01
-3.372742523282489246e-01
-4.649481790008522797e-01
1.654169587658955720e-01
-1.915464661674115110e+00
-1.408374267197322283e+00
-2.764804171525400811e+00
-1.073551129665524462e+00
2.036569320626246959e-01
2.006909314548066536e-01
1.386373044627386308e+00
7.308696205831630710e-01
1.473291139340420886e+00
1.112444137267087907e+00
1.011493422014819510e+00
1.195197292370289155e+00
-2.243959863169777691e-01
1.181295174712362561e+00
9.334708652773852089e-01
1.955611557634406861e-02
1.390010327723388173e+00
2.752630739323077336e+00
-3.691555683507030672e-02
-1.032253022019209876e+00
-2.179690149220203654e+00
-7.851633152576449337e-01
-3.286689806995143570e+00
-1.732454592162559370e+00
9.009685669626661397e-01
-3.052090235504556492e-01
1.990945690128435253e+00
4.143214472016574224e-01
7.435390274549533718e-01
2.098859954665334371e+00
9.300623670687807598e-01
6.554971529078323922e-01
6.763975535576108866e-01
1.078988138579810574e+00
-1.316425028525683771e+00
-1.015645115999913362e+00
-1.178521676245901872e+00
-5.670906639895453294e-01
-1.859898754326565706e+00
1.048633008077219264e+00
1.529471018088858658e+00
7.718988206720647227e-01
3.255551016645229501e-01
6.878308949209044343e-03
1.687714501211331264e+00
1.678700569563321254e+00
1.159033993709241983e+00
9.669890112764005785e-01
2.542139860339510449e+00
2.814034388537112186e+00
1.692448101680330996e+00
-1.115958523084858545e+00
8.982324673013909466e-01
1.131198035488012676e+00
1.313876093088070185e+00
8.914192534990991179e-01
-6.616742590171931226e-02
2.221265611408641760e+00
1.542690986750716586e+00
-1.152150044558427844e+00
-7.712121960744415805e-01
-3.791988482809328653e-01
-1.418649900315988033e+00
-2.537445729524157034e-01
-7.798680717793258221e-01
-5.220941554481136615e-01
-7.930925669545502155e-01
-1.325767096926885769e+00
-8.796630262416362811e-01
-9.200369672916565156e-01
-1.510902794099946433e-01
-1.793304037721795252e+00
-5.152302245519913004e-01
-1.565396280464510514e+00
1.126595540183640498e+00
2.088827427340272713e+00
8.755621203838088729e-01
1.744760697199739363e+00
1.253520829486294952e+00
-8.709500038237483199e-01
-1.927214851180867772e+00
-2.401937025593328112e-01
-1.000077654644955016e+00
-2.094035593562899145e+00
-1.949185479721568415e+00
-1.053778812932855580e+00
-1.188072317714679249e+00
-1.010889456723271795e-01
-2.562433017663179324e-02
1.482114434317495011e+00
1.457350285173553583e+00
1.167245389611706319e-01
1.507694771061212080e+00
-4.292469118453112742e-02
-1.354015326841871092e+00
-1.067466132383170230e-01
-1.890819862621093472e+00
-7.097761473405768129e-01
-1.065642843632374159e+00
-5.716899221220441696e-01
1.463138633709759828e+00
7.477350110008431638e-01
2.307421844271597244e+00
1.299482717746166305e+00
1.096181132025654481e+00
1.782369655540704922e+00
9.546675883858007916e-01
7.025563189770406280e-01
-4.479303525707400979e-02
4.651760016052053359e-02
3.508661940664883350e-01
1.242111186588950034e-01
8.874624675625434334e-01
1.381530334102084812e+00
-8.123013328412568290e-01
-2.494408865364495576e+00
-7.502319663580544473e-01
-2.511233421650289621e+00
-1.653373962503423167e+00
-1.031459681928536432e+00
-1.588071038060121287e+00
-1.917746194285368855e+00
-1.763339898798301331e+00
-6.959322437001864703e-01
-1.323399583723916528e-02
-9.991793612036732330e-01
-1.349802466143362523e+00
-3.371492102119120204e-01
-3.335048969736456037e-01
1.897436607581395984e+00
9.128616289921254179e-02
7.292796372319307885e-01
2.138555843575665527e+00
1.314521597099277184e+00
-2.055151830702203419e+00
-1.486715392579598394e+00
-1.538409374432204491e+00
-1.508741834996787823e+00
-1.188627697769526925e+00
-3.544691039584725312e-01
-6.230497098591250005e-01
-7.402407674511356506e-01
-1.262333502085741355e+00
-4.586162639460227286e-01
1.746547219950710605e+00
1.414495152824133850e+00
1.602040042619201188e+00
4.369792829424882230e-01
1.037801053651288719e+00
-1.373951034238000135e+00
-1.097343382267937040e+00
-9.733102513233276021e-01
-1.990441468745369091e+00
-8.522060572854968097e-01
-7.870899145709344680e-01
-2.186560585441892801e+00
-9.825281629451028120e-01
9.650709924542897333e-01
-8.653610078940192629e-01
2.702501487850357265e-01
-5.542481802669207980e-01
-1.826492506559877382e+00
-4.662927975010096038e-01
-1.199448260149911905e+00
-6.758313187017166435e-01
-4.520421453204275242e-01
-7.862940917078524716e-01
-1.609367970404674608e+00
-1.873900481225664549e+00
8.996988771679423902e-01
2.009135492261919342e+00
-5.248757717146927959e-01
1.522514596898490558e+00
1.132992713194070022e+00
1.304816202454002649e+00
1.152239629397541654e+00
5.152060162822680311e-02
1.474700698472918070e+00
9.961895581321793536e-01
1.559055467909321369e+00
2.428363631712269211e+00
3.920601802769423383e-01
3.497247881293632510e-01
1.279718002765844354e+00
-6.134990139720095659e-01
5.216355446487872527e-01
-1.228618785650521739e+00
-1.127539934837915592e-01
-1.665543556399396774e+00
5.668641105655322088e-01
6.366697157736339596e-01
4.011192765396676130e-02
1.468908837987287219e+00
1.168572153601521446e+00
1.174251527515975058e+00
1.372593345352864258e+00
6.479828178394858584e-01
1.798269263935748707e+00
8.744873437846463204e-01
-1.976883422605782537e+00
-5.307971050565606363e-01
-9.783902735885983137e-01
-6.820427415543108829e-01
-9.228773543090142972e-01
9.500309832578085478e-01
1.456658455801572272e+00
1.435655331050450512e+00
-2.234996105583677561e-01
1.678436782778652603e+00
-1.388938961529161631e+00
-1.799056433541387667e+00
-1.074656388811288554e+00
-7.279970249619753808e-01
-8.127990053654317038e-01
-1.989138990735611623e+00
-1.884474168783375925e+00
-4.588207094696572508e-01
-1.818716458268523350e+00
2.696924141936700714e-01
-2.328726045950344492e+00
1.934416422975271388e-02
-1.275357682552994421e+00
-1.859213581992980036e-01
-4.445901810574265367e-01
2.514916603455993327e-01
-4.892039771352487687e-01
1.784403352488235228e+00
6.433978861768222535e-01
1.571980474640470415e+00
7.085906047006060859e-01
1.335651558593438093e+00
1.056627542239501949e+00
2.544076105969663715e+00
1.706954534520332079e+00
1.609659178016149328e+00
1.313360881209681530e+00
1.323164425356269547e+00
9.907895902393597520e-01
2.043382105322186781e+00
-8.732368373927064109e-01
-7.345925549216463235e-01
-5.721220128838647723e-01
-1.568435827054013298e+00
-5.742385373696535789e-01
1.323499569714746693e+00
1.727908257473329545e+00
-4.577831467689748024e-01
1.623704385028676755e+00
3.045640772981631494e-01
1.654391207374686701e+00
7.565717551950805753e-01
2.052253354818446951e+00
1.652486869441097461e+00
1.315672288157206271e+00
1.070100143256471625e-01
-7.920553003170480721e-01
2.457651553007578205e-01
-1.097499954447568982e+00
-1.879733882296619640e+00
1.358065335837249865e+00
8.134068642357217271e-01
4.753751960571972468e-01
1.087107885983156441e+00
1.317133172649789241e+00
6.661881679654706456e-01
1.057358476952260595e+00
8.528960321882730344e-01
2.067786832203907466e+00
9.075112657187103249e-01
8.276232772281614247e-01
2.019656990781935502e+00
3.667552845117292293e-01
1.346484783288149689e+00
-6.034329451533679833e-01
1.212887462092896662e+00
3.975527340559841250e-01
1.389664870040764777e+00
1.611539116876169686e+00
1.381592660399546535e+00
-1.311205111625030950e+00
-3.486369868858307797e-01
9.541963686830179370e-02
-2.858393802538795603e-01
-1.577486923610031955e+00
-9.189616764949334327e-01
-1.184851597980230542e+00
4.378142501234034700e-01
-1.056071700482749343e+00
3.631380273206488152e-01
-7.363671742930733011e-01
-1.464428320588951227e+00
-4.121910509277013634e-01
-1.027940950074555770e+00
-1.044914830496374680e+00
1.205014563651174431e+00
1.015021639487915461e+00
8.013152995064141138e-01
1.109891749281366691e+00
1.409846982624825662e+00
-1.126826036466688885e+00
-1.968900799247737643e+00
-1.078122888897080411e+00
-1.034840515495375479e+00
-1.589476360636691066e+00
-3.352251805135586515e-02
4.404361408789450039e-01
-1.647578727546510136e+00
-1.008248888491597439e-01
-1.357890127367912481e+00
1.082895037279841155e+00
2.191379664030729035e+00
1.623215564592340288e+00
7.321007677168153149e-01
7.926663776268405570e-02
-1.539935508509278295e+00
-8.599203218184766628e-01
-1.456126461995148169e+00
4.455411735922516492e-01
-1.278304325365549055e-01
1.182860796089950650e+00
1.176237967481790214e-01
1.104072446880657088e+00
3.657835433782947732e-01
1.424060534192568950e+00
2.032510143448606588e+00
2.349355470065531026e+00
9.143202663581915246e-01
2.096083806513131975e+00
6.491989345783222287e-01
1.357743402352646900e+00
5.492423116728375465e-01
6.642365389501276862e-01
1.111129415490121009e+00
1.286606816029936651e+00
-2.469633000622962093e+00
-1.609163523112514760e+00
-7.944923062841617867e-01
-1.859028371874504870e+00
-2.085110637358813523e+00
-1.004380635489485751e-01
-5.097478608214266460e-01
-8.759557248429511445e-01
-5.016144586341113598e-01
-1.897424141453424973e+00
-6.172164090924862068e-01
-1.587632875342236183e+00
-1.007862853255101054e+00
-5.804663641161964538e-01
-5.556434071606372038e-01
1.519015259067415302e+00
1.636912786014292465e+00
9.914323054749761832e-01
7.137220712386900257e-01
9.769679539578979277e-01
-2.318776178898167117e+00
-4.768949517152906159e-01
-1.871561132335113564e+00
-4.834392425827254147e-01
-7.542577356208107764e-01
-5.460220388630798727e-01
-7.654731732598113458e-01
-3.548730020718295908e-01
-1.575627895945813872e+00
-4.687587171777307660e-02
1.178344766415937439e+00
1.044667853067448915e+00
9.141462172408956199e-01
-2.737552048132410043e-01
1.425221996396899282e+00
-1.871495547846901975e+00
-1.209692167472890434e+00
-1.835040149147817434e+00
-8.409459549159585823e-01
-1.726693465608880818e+00
-6.407659150146713944e-01
4.134388451508184126e-01
9.043693344138570289e-02
6.255115234931651891e-02
-4.781458537202365466e-01
-1.825575239180379228e+00
-1.332281420420046825e+00
-1.840052608743597773e+00
-5.663346655067238444e-01
1.294021853931561772e-01
3.261052358942297946e-01
-1.623576730024813397e+00
-2.327012074104346517e+00
-1.924667648675206788e-01
-1.408772914770278550e+00
1.721525705307626497e+00
1.396950170502942790e+00
1.147660691705861602e+00
1.580976931256727003e+00
7.612020753544712637e-02
1.182873022643245564e+00
1.038264974271512431e+00
2.243800208233095006e+00
-2.493237338694955785e-01
9.478582405085723694e-01
2.068512116242093857e-01
2.420834561372474436e+00
2.746232060624413052e+00
1.909941509733704912e+00
2.097280753837281075e+00
-1.641419439276362802e+00
-4.154855074241692314e-01
-4.415942562766514978e-01
-1.199672528626847701e+00
-6.746434270557061241e-01
2.136975954692431845e+00
2.743355241822285961e+00
2.745955163437772129e+00
1.344779713549802747e+00
1.387207478091887491e-01
3.068039381206848493e-01
9.966635446088938366e-01
9.354577531218496445e-01
1.772998870782890313e+00
3.694737553995487422e-01
-8.831227235023864086e-01
-1.289359840343825558e-01
-1.988127012631642820e+00
-8.728010964224213186e-01
-7.051077872398110458e-01
6.172878878325613883e-01
1.972216434438786248e+00
1.247618818637775906e+00
6.253854397141904720e-01
1.815493330734167188e+00
-1.183506198299553835e+00
-8.357808617040940469e-03
-8.733509994572432600e-01
-1.706191944227195556e+00
2.138881970321426795e-01
-1.694708382918317158e+00
-7.301299892104464728e-01
3.027776509247979142e-01
-1.415742114500161852e+00
-2.026868236982267923e+00
-9.833151934713078024e-01
-2.332473548059446067e+00
-8.268787136249668990e-01
1.998370475883359809e-01
-1.239429351467775886e+00
1.704873685167120678e+00
1.274698870651949978e+00
1.429605317632643979e+00
4.984589392532645657e-02
5.040341811352700985e-01
8.428501567334163447e-01
-3.319896026111330833e-01
2.100699860378941075e+00
1.366731120754522744e+00
5.334911541860887230e-02
3.009750048132533884e+00
1.270153691224351622e+00
2.039176486217811224e+00
1.171260997293075645e+00
8.761029132192108548e-01
-2.301595750574192856e+00
-1.535875480728430276e+00
4.365770399252257850e-01
-9.076406396163123613e-01
-9.434140112658467858e-01
3.024148275263400798e-01
8.157158193564042481e-01
1.294991258202683682e+00
-6.430574680083354089e-01
2.648796410393313705e-01
3.122216985593296856e-01
9.520114565431063713e-01
1.177725456682001015e+00
1.570844994488493018e+00
4.647312204870358565e-01
-2.119268549760582765e+00
-6.044987356935059841e-01
-5.261426619799425275e-01
-2.784329064937604015e-01
-1.836565837188587569e+00
6.802665260545344150e-01
-6.741877277025365434e-01
8.009767105346705662e-01
6.543044622625741047e-01
1.326635477285680764e+00
1.434334389035744284e+00
1.098370668236961167e+00
2.201978758548928106e-01
9.430079778028510606e-01
3.162813818616798667e-01
1.752810678934403343e+00
1.480083338333099130e+00
-4.132942942645256856e-02
-1.543832182423976462e-01
2.018104654681811994e+00
1.286502399289751963e+00
1.099226658201362117e+00
1.652447937677243406e+00
4.710563360618884587e-01
2.134681023178711889e+00
-2.535476752650815957e-01
-6.168246146606070068e-01
-1.444505353928613456e+00
-7.991897670080260196e-01
-5.465038748494430720e-01
5.189244638265617660e-01
-2.363909369611651101e+00
-1.046582056577300079e+00
-1.129660520521387879e+00
9.653994660009379558e-02
-1.473523196753169007e+00
-1.509044148114952799e+00
-1.537210215669092994e+00
-1.886172760742643284e+00
-1.363661062671818636e+00
9.688198807497777620e-01
5.944772785479693900e-01
1.247934573398944647e+00
-3.797421859679657175e-01
1.012081894663113824e+00
-1.263687863083587715e+00
3.127299646563725943e-01
-4.617072198031872965e-01
-3.833218119669827839e-01
-1.447499953864241906e+00
-1.683516110246332742e+00
-1.449671267577066214e-01
-2.380657246348619083e+00
-1.907058046853974398e+00
-2.262462024442472242e+00
1.080953855846445766e+00
6.926116261890404857e-01
-1.158339036065787475e-01
1.369698745763137104e+00
1.256869865606155656e+00
-6.554892464085184667e-01
-1.213039717899426329e+00
-5.018292272865094716e-01
-1.104838076470387342e+00
8.927977490919625225e-02
1.494459245871594621e+00
1.134803723135429543e+00
1.882790509503527776e+00
1.763286388892131074e+00
-1.480719594205939238e-01
8.896079974104785792e-01
8.551544181043306825e-01
1.402536677660773723e+00
6.255098165117758402e-01
1.711401679839422041e+00
1.532819237453793892e+00
1.271773259128950118e+00
1.646147080741696023e+00
1.232787248728418161e+00
1.643675364878539380e+00
5.867687330552273650e-01
-3.309002127660631842e-02
-1.273056373639449568e+00
-5.891835502087348075e-01
4.438410450374730143e-01
3.005764923857512372e-02
-2.434004551047881382e-01
-1.029497694585492340e+00
-1.952661702087483908e+00
-8.908220722046946705e-01
-1.349203475374146199e+00
-1.010999892031264391e+00
-9.764880895989508369e-01
-1.862249700740401082e+00
-6.249150047977733990e-01
1.344098805339344338e+00
-4.957304624113598734e-01
1.156730046681919699e-01
1.025788167191446831e+00
1.182032744164502436e+00
-1.004551242194760885e+00
-4.295273436489103203e-01
-7.478387066680450834e-01
-7.369533446435425628e-01
2.844666793196877208e-01
-8.048228184702108656e-01
-1.401494547525377499e+00
-1.531200115352901125e+00
-1.891324343683896902e+00
-7.521154657333521953e-01
1.085011170559831761e+00
1.099112079990886226e+00
1.291916318705828015e+00
-9.134612203352996396e-01
1.414928344452068831e+00
-4.977699370988084571e-01
-3.843375876341619257e-01
-4.858267318791524847e-01
-2.297823259772120430e-01
-4.521112666699400595e-02
-4.906238113407335177e-01
-1.988156500549629113e+00
-2.147440150321523245e+00
-1.127488909485269142e+00
-1.134361768894544653e+00
-5.886991447889841078e-01
-2.256539502970762889e+00
-2.261751104668878298e+00
-1.114757299784855160e+00
-9.319078990726241685e-01
-1.549546340656717813e+00
-7.217964023813272512e-01
-2.863043397434116510e+00
-1.691222338786377621e+00
-1.673541997352957944e+00
1.162584349197144373e+00
1.278021698637484382e+00
5.656253772900096122e-01
-5.407893298186370323e-01
1.563843006678469427e+00
-6.773667314503826198e-01
3.137188966127858469e-01
7.187112602723219057e-01
8.273266175430871172e-02
1.093924911607085715e+00
1.282755113242086020e+00
-1.721580683782572674e+00
9.507550107469452394e-01
2.550612414721397325e+00
1.604138722061261735e+00
5.972748609529765496e-02
-9.717557042266589118e-01
-7.490685509660406360e-01
-6.464040716436403322e-02
-7.185523712668908658e-01
2.869721539278302647e-01
5.097096358735144772e-01
1.368353948859069913e+00
4.800897392180092371e-02
4.773351491163798643e-01
1.974671856032448991e+00
1.615327615573253883e+00
2.929398631386943563e-01
1.425301359908165644e+00
1.020543725736621887e+00
-1.664764518541725469e+00
-2.349407028788135232e-01
-8.322299019685459598e-01
-1.152344470975489088e+00
-1.345202413924639906e+00
6.611112888189254466e-01
2.333429162450174843e+00
1.368953616890273839e+00
1.512422009635067788e+00
1.078660546935034326e+00
-1.066020333045930135e+00
-1.056282423932629833e+00
-1.013003313313826315e+00
-2.789904361482079320e+00
-2.940190344465684058e-01
-1.299566630073390350e+00
-1.472128748957552968e+00
-6.879493720541581814e-01
-3.986533714780036153e-01
-2.101279606905144703e+00
6.175959947442513087e-01
-1.454679623591029092e+00
-1.565847736976095250e+00
-1.515445915019286716e-02
-9.776205547959252451e-01
1.100173277065908728e+00
2.464075925329565653e+00
1.719451220589826246e+00
8.744879776380449776e-01
1.674240890691902184e+00
8.445354579821564567e-01
1.298238876867481295e+00
1.513033884115693173e+00
1.389371412190405053e+00
1.140807288566784150e+00
-1.474600462608144369e-02
8.265829192435110162e-01
1.653067241988343650e+00
1.118326482134091249e+00
8.934510226581591219e-01
-1.852068856606050584e+00
4.433812543183690558e-01
4.787432888722045199e-01
-1.504777951499674638e+00
-1.401473705350753107e-01
1.612428123474772823e-01
1.142894124721960836e+00
1.586718622886197583e+00
1.787415042188764680e-01
-3.958200573503356523e-02
1.797685147961832763e-01
1.043244641971852182e-02
2.321129723077262064e-01
6.407815926753265279e-01
1.206682136141274952e-01
-1.430544500326454971e-01
-6.986614433167263050e-01
-9.210545435545978155e-01
-5.049616383546624565e-01
-5.185557841129352363e-01
1.397808997213690674e+00
1.169099686658510828e+00
1.466779091113364686e+00
2.307196071681117733e+00
1.877397411648688230e+00
-2.368240148841706638e+00
-2.524481502539663857e+00
-2.209411659672384509e+00
-1.036947229762676725e+00
-2.185366562305060434e+00
-7.127775627996175700e-01
-9.299980808824667156e-01
-1.090694005998491978e+00
-6.057856660252014525e-01
-1.561847125592856766e+00
-1.706481449555873109e+00
-1.677870212552652118e+00
-2.286177687679350701e+00
-1.450717109303556462e+00
-5.182364399192527227e-01
1.380097908536173090e-01
6.427505774741728573e-01
1.012071476821230220e-01
2.316271237574793584e+00
1.955810494525678456e+00
2.692403949236350957e+00
1.733330198096658892e+00
1.721975574778240814e+00
1.146287852050639655e+00
8.112042253311444462e-01
8.805460490792254014e-01
1.027025140550205329e+00
1.318907951955054392e+00
5.245870579179437998e-01
9.779393474442200640e-01
-2.150469892074928335e+00
3.775069675016018422e-02
-1.314093390256890981e+00
-3.145003814225644234e-01
-6.416761072082185491e-01
4.685044710114997235e-01
8.617166964080811287e-01
1.239561870096638208e-01
1.165103189768332825e+00
1.387631963463322293e+00
1.153168524651487115e+00
1.728232873569645278e+00
1.454818740843153657e+00
1.782969265946912740e+00
1.078223168565135337e+00
-1.300949799012478980e+00
-1.670806699704913356e+00
-1.175204257573083666e+00
3.046907429008260948e-03
-2.376585614145605430e+00
2.057779228253054260e+00
2.584458281692526782e+00
7.739399008952002612e-01
1.338896035250093153e+00
-7.929986436338225531e-01
-5.764433765490695194e-02
-7.935350216362752063e-01
-2.004333979028346313e+00
-8.019431908098719752e-01
-2.425211290572240053e-01
-3.532564479053886819e-01
-1.544088543509401390e+00
-1.134491938207186523e+00
-1.071180812415510886e+00
-1.495089310756951839e-01
-1.110182472630698136e+00
1.223115856257823708e-01
1.996688653686691239e-01
-8.402001099376379400e-01
-1.189650972728449441e+00
1.073862490851103857e+00
9.949502822489415532e-01
8.741222514485881279e-01
9.800514357606456839e-01
1.585999841912420827e+00
8.534908209686031810e-02
1.315947332863688368e+00
1.224173713065651370e+00
7.125055679570886369e-01
1.746166126371431204e+00
1.748109577449340923e+00
-5.799448219440301866e-01
4.384767898602885960e-01
9.598945229484339148e-01
5.568811124583191718e-01
-4.623912889735368736e-01
-9.597621267734250949e-01
-1.544580942274075497e+00
-5.685049141567733999e-01
-1.312723652887355374e+00
1.636670467773675863e+00
7.015028587150596850e-01
2.164055808295395344e+00
-4.578340620987413345e-01
7.696328827860525745e-01
1.779388045025915188e+00
1.025424300790280130e+00
-4.113299078944487874e-02
3.749870683788165682e-01
2.165334099965205983e+00
-1.667849206003033879e+00
-1.389086686093859324e+00
-4.252484990136250476e-01
-9.050658266249117512e-01
-7.458311672771943401e-01
5.839189681539187493e-01
8.920020557268150130e-01
7.597287176657507857e-02
7.380690980831112746e-01
7.138214083709318869e-01
5.972358307882293937e-01
1.690165949972213033e+00
1.315706365501673858e+00
1.281516911690701699e+00
2.660901475914037917e+00
1.230900939162754781e+00
-4.636932405758675824e-01
1.102484957242087393e+00
7.744140135442307837e-01
1.958741779872528843e+00
5.692540142381802282e-01
1.411059706661967450e+00
5.838926668955127797e-01
8.463613376797880505e-01
1.093436546107447782e+00
-8.918581601891398813e-01
-1.226664809011835056e+00
-9.745810826177597752e-01
-2.153251657150271114e+00
-7.537182865893780059e-01
-1.374555564191243029e+00
-1.753437428614454507e+00
-8.323026539341630281e-01
-1.841921199123646602e+00
1.172271256826320496e+00
5.303633585713241061e-02
-2.876335368473186271e-01
-1.415429904828550800e+00
-9.539868482369880942e-01
-3.989035125180977470e-01
8.274577707822957651e-01
5.893449736071734169e-01
7.638182520923803009e-01
1.070601391744838260e+00
7.987072920690435618e-01
-9.692375337273384517e-01
-5.161982180193134262e-01
-4.156429155793950336e-01
-1.237857810695405680e+00
-9.961721899622723031e-01
-8.582529755859639176e-01
-1.420533126025806725e+00
-1.090729531323789692e+00
-8.170955100796957193e-01
-8.461938803704224243e-01
2.416114142843968082e-01
6.126535622283663107e-01
-1.277145306648562961e+00
7.962284345022065946e-01
-1.063114292098588098e-01
-1.040520773324762782e+00
-5.767119007057450730e-01
-6.927928560209895004e-02
-9.305705806145734282e-01
-2.294172556901848292e+00
-3.382909547567309883e-01
-3.248965482030820029e-01
-2.194005722948464854e+00
-1.952133262109805312e-01
-8.581869358249337720e-01
-1.989435016129732947e+00
-7.115071014361691315e-01
-1.035906329112773472e+00
-1.562315247246757632e+00
-2.141950168477020355e-01
-1.455568849677070453e+00
-1.165492242347232255e+00
-7.613078574025824441e-01
1.092545220388840832e-02
4.214137410329832356e-01
1.100445269395997405e+00
2.562952099612819001e+00
-3.918640870739986681e-02
1.431537411004093707e+00
1.166014732753035243e+00
1.396740486856206775e+00
1.607621610853056104e+00
9.437048581447842199e-01
1.964355599029497634e+00
9.458011902211742594e-01
2.136446016825667815e+00
4.437502118593494860e-01
1.380173734402895924e+00
1.840609423740576567e+00
1.979960600023563222e+00
-6.657297995997315532e-01
-1.330972813237615737e+00
-1.481891601619976129e+00
-1.940580555208855307e+00
4.495069380351321975e-01
1.722000062881212656e+00
-1.899607145924466778e-01
8.456918221758169540e-01
2.262990100962258389e+00
2.058438016728673103e-01
1.814785091943835749e-01
2.127093821771823379e+00
5.095914912431471766e-01
1.046024652011527722e+00
4.875185341222957325e-01
-3.057760887836283192e+00
-1.735270476214779478e+00
-9.404979428872425329e-01
-3.072406765597905931e-01
-3.825719810197523163e-01
9.801735633603135822e-01
9.228797179326397870e-01
1.417489278169543621e+00
8.696020935256459916e-01
1.695646784993341871e+00
1.373266027926562272e+00
3.500470956483868745e-01
9.950521038846730226e-01
9.977534067872415591e-01
8.798138360990301887e-01
1.231067779238520732e+00
1.353703217624792066e+00
8.203944096052935286e-01
2.177366434382967952e+00
1.386074057182295149e+00
7.279202501768934352e-01
5.808682626282984929e-01
3.646438419665337660e-01
-8.225997701583320776e-02
2.486786158815390557e-01
-8.852709784847715424e-01
-1.978058763928186803e+00
-1.976499962853780490e+00
-2.853958835706675856e-01
-8.825872598198150065e-01
-1.542472535759092933e+00
-2.092217849703090327e+00
-1.577999222277731928e+00
-1.166521615582967408e+00
-6.719098910303169525e-01
-1.248541171842247000e+00
3.585478505704189356e-01
-5.147006536114502318e-01
-3.964864345483251062e-01
4.358770440642700805e-03
1.320475716267821786e+00
1.467587988158713497e+00
9.037098028440432307e-01
1.988629509427032094e+00
1.279525809911841616e+00
-9.615160865517542454e-01
-1.242270721277968670e+00
-5.705036086855651556e-01
-1.094852092529309706e+00
-8.430288385928188521e-01
-9.393348151028305670e-01
-9.932956351104038628e-01
-6.462206148665086136e-01
-1.596425208614749014e+00
-1.527560835632665093e+00
2.095502524407220957e+00
6.567893541573140981e-01
1.314769148274545163e+00
3.752253960296290103e-01
7.254647215641472080e-01
-9.029992724396963544e-01
-1.080312077648660329e+00
-1.610565759819399645e+00
-1.891649995833981635e-01
-1.201395160906866932e+00
-1.977268825860773349e+00
-6.687299796953295461e-01
4.318281226770288583e-01
-7.818795384735250931e-01
-7.285645075235391843e-01
-3.588992025482304893e-01
-1.799481432974971540e+00
4.088762524676603505e-02
1.307067431605992258e+00
-1.613729782474815355e-02
-1.451433216025590500e-01
-9.487239065364105883e-01
2.010134966531591516e-01
-9.357325456430242161e-01
-8.722557698440887020e-01
7.763550697495229524e-01
4.565461544064042254e-01
1.000799602153255252e+00
1.959258893260875434e+00
1.626218928351646831e+00
1.556810287009985139e+00
7.090124470088343678e-01
1.232653717391970050e+00
7.691636935009513731e-01
5.489517900656457616e-01
1.375491678241204774e+00
-1.245932842957466757e-01
2.108260777313932355e+00
9.951143762064308396e-01
3.200477433899691082e-01
-1.746459391288131435e+00
-1.066854235213335444e+00
-1.271484375674778455e-01
-8.064651057207291585e-01
-4.656973475377090832e-02
1.291763734809586062e+00
1.519510676538657457e+00
-1.192588095714973928e+00
1.208895249118482340e+00
1.115472870723153820e+00
8.386684819856672357e-01
-9.796961804685322406e-02
1.020757972291536753e+00
3.849836871285940987e-01
6.828775409290654963e-02
-6.851632545946773067e-01
-2.185501441041667547e+00
-3.628493861613089067e-01
-4.768379625622365392e-01
-1.774976640624972291e-01
8.825770516083476513e-01
8.786181238623079759e-01
2.586272589202669003e+00
2.727440103870434340e-01
1.514323213426368442e-01
-3.562300412073811096e-01
5.921091152186306328e-01
8.187560229848339644e-01
9.799147533577251545e-01
4.878620294854999484e-01
-3.770193008583182515e-01
5.618802127920126122e-01
1.604526422219912263e+00
1.137466104814582657e+00
1.785787539820860692e+00
1.587564263103498519e+00
6.007172891966210404e-01
6.189497835400002979e-01
3.163086187880743694e-01
4.743290941219024948e-01
-8.057441486079146564e-01
-2.968250051780207954e-01
-5.542175892602292375e-01
-1.595149255167561231e+00
7.616607723521306994e-02
-1.994201182507526759e-02
-4.362696136611725617e-01
-8.110648994850125915e-01
-1.940095910966515014e+00
-1.360297123085090654e+00
-1.466155727238456441e+00
-1.214685049888027946e+00
-1.256677915422180325e+00
-9.727232751804064659e-01
-3.658774706005427646e-01
1.678650045653708123e+00
1.154550916428817242e+00
1.217521088570944654e+00
4.444394577931957135e-01
2.166233372244491306e+00
-8.059149757803574232e-01
-1.188713287049750544e+00
1.036472621683968143e-01
-1.086174729906266956e+00
-1.324810306351927425e+00
-2.371428370568533062e+00
-8.202079786621545576e-01
2.753037498112331782e-01
-1.196381218299834126e+00
-1.437869854574037154e+00
1.192925303707760509e+00
1.447567876882984717e+00
4.716016717092929023e-01
4.680363034382666321e-01
1.639557041326854980e+00
-1.139515527862224653e+00
-3.516950327471666249e-01
-1.780709091141318590e+00
-1.175242392067455288e+00
-1.637625787902105667e+00
-5.378606691652310090e-01
5.214136041679440225e-01
-2.244340219178424523e-01
-1.313819297569801092e+00
-1.491058258637325995e+00
-2.185202337627317970e+00
-1.105700273806548006e+00
5.086000870423317277e-01
-9.019059113451585175e-01
-1.647527634106488170e+00
-2.006787453191246851e+00
-9.872377006254362541e-01
-6.515140487513868539e-01
-1.313493434693321582e+00
-1.736434716600482320e+00
5.315027006668248122e-01
1.319188641675671958e+00
7.073298457127741301e-01
4.406582714413285196e-01
9.626089709665519578e-02
1.007764675876555716e+00
1.489931761037107671e-01
1.340215215997660136e+00
3.840067117165529842e-01
2.100266894918758176e+00
8.369374606285131524e-01
1.179630724078801096e+00
1.189656143572919600e+00
1.003152091913179333e+00
2.071923036573275922e+00
-2.250771807859537788e+00
-6.347226981091611542e-01
-7.882712859947488271e-01
-6.210103165308566986e-01
-1.771347751238305790e-02
-9.368745346927929152e-01
2.524587299450558930e+00
-3.925508501593699684e-02
2.121487938579547983e+00
1.557066331215883448e+00
-1.415396523678631446e+00
1.874468837366568330e+00
-7.234280835825621647e-01
-3.045649887230610364e-01
1.323871587548862472e+00
1.447832987337260846e-02
-1.485027941406746432e+00
-1.505303317820414266e+00
-8.552742143901754801e-01
-4.725644201332442895e-01
1.363396855902071270e+00
5.572735318772279456e-01
1.738819572470238661e+00
1.533794841504674711e+00
8.153742049344288034e-01
-4.045959274674815198e-01
-1.183326932542517973e+00
-4.356664827028107201e-01
-1.341546345492265147e+00
-1.542198518936447993e+00
-1.410560805788026562e+00
5.113177213695512258e-01
-5.860629030776383086e-01
-1.467962010091520275e+00
-8.660569558148704106e-01
-6.348172799477646011e-01
-1.112720346059673515e+00
-8.593106006836681576e-01
-9.284179522161952747e-01
-7.440373154670750777e-01
1.175639867593104126e+00
1.156707328702212489e+00
1.014243203444664232e+00
7.412771340652755114e-01
2.519560252576279247e+00
1.361429544759635846e-01
1.573346618307406519e+00
1.270486382208123599e+00
1.691394733419561369e+00
6.604903577979355234e-01
-3.871747018629250192e-01
1.484718855394365544e+00
1.038578647813435119e-01
4.699974910205666490e-01
2.076686621434761904e+00
-4.977709876618828799e-01
-2.365341755330177875e+00
-9.687417639301698635e-02
-1.780672468154548049e+00
-1.911836172246845322e+00
1.448894816482881209e+00
1.486611413581464980e+00
2.072468268594195084e+00
7.844535721906781278e-01
1.459595880517374544e+00
1.137773249710400281e+00
7.098186926725487123e-01
1.465340528534488707e+00
1.797684060771770564e+00
1.443986329815400538e+00
-7.284732063461585305e-01
-1.617232859638166431e+00
2.365860112316064967e-01
-1.249254184213110186e+00
-8.079789399418484397e-01
3.813389284118329225e-01
1.287926327583023500e+00
1.833076972886744427e+00
2.066917422240547308e-01
1.089497692653989880e+00
-2.036379445989528580e+00
-3.527901877356028892e-01
-1.639109814036602053e+00
-2.152182184077422455e-03
-1.511558839504829832e+00
-7.618414292722817116e-01
-8.083767262597609804e-01
-2.803608371384560538e-01
-1.835429296494461848e-01
-1.519326610050738768e+00
-4.756480545703650753e-01
-3.364965570820445118e-01
-1.405605828685466685e+00
-4.718742353156970548e-01
1.194652367183410835e-01
-4.287170938100905992e-01
8.507348371573248969e-01
7.992446364299002903e-01
2.780938249836941711e-01
8.327943683444881673e-01
1.430535526793011769e+00
1.209761112119609017e+00
1.311356361794673520e+00
-1.036900886694782642e-01
1.136778998388930484e+00
8.351960823502897480e-01
1.339781756723058770e+00
1.903102258104122591e+00
4.810640893632671666e-01
7.472161224108651023e-01
-1.126354245901559858e+00
-1.770378559716486944e+00
-3.519942344475128770e-01
-1.481443936920546101e+00
-1.260811888715722695e-01
1.302100537398235947e+00
1.041794273810102034e+00
-5.967389652488286345e-02
1.170301007119382675e+00
1.620580485638349444e+00
1.984280556024228259e+00
1.673047173181172464e+00
1.051783160490997071e+00
5.413076227412575436e-01
1.136935295231067400e-02
-7.687017165980369882e-01
-1.825187556528788502e+00
-1.741556436317291290e+00
9.398752994357764123e-01
-1.108834566353460227e+00
9.030646725995854496e-01
1.648405622224474953e+00
2.040442598986769607e+00
1.207028343460291975e+00
1.235985361914504921e+00
-8.438036829635302549e-01
-5.952742271309983124e-01
-8.273786907498187349e-01
-3.604316467815238401e-02
-1.337444980653568649e+00
-1.761373691030485800e+00
-2.908136513612291640e-01
6.850131386036562020e-02
-1.673309122575832308e+00
-2.375202946323776931e+00
-4.096167384265179123e-01
-2.985753485786821759e-01
-1.066188942373943904e+00
-9.905544432946113975e-01
-3.415568603068859233e-01
3.518812152043980790e-01
1.396694221189880736e+00
3.352082015300945628e-01
2.289181192198200598e+00
1.143341584999949756e+00
1.825669984422279013e+00
2.421879805530591234e-02
6.077262822302142986e-02
4.877238208654370855e-01
1.390849175783272162e+00
1.140217683933126613e+00
6.587847100349906171e-01
2.329057717213678380e-01
1.343385673303941541e+00
2.745966503595328234e+00
-1.151760387894025239e-01
-3.536129526144646817e-01
-1.064698169246846238e+00
-2.201085973418766439e+00
-1.964079785124260180e+00
-5.640193838529250492e-02
1.377822411084195231e+00
-3.549227860653050293e-01
-5.911003829789263087e-01
1.870013825518792139e+00
1.186285740044496606e+00
9.814883088865731242e-01
1.376438694286274966e+00
1.413732214228084816e+00
2.241134157452234987e+00
-1.894009340370104821e+00
-1.352611255745470364e+00
-1.397021624246179483e+00
-1.275746989991395353e-01
-4.687047236454541244e-01
1.578325662524791895e+00
2.558241646328240471e+00
1.849197065856186706e+00
6.492937313640569919e-01
1.244113498101850457e+00
-1.537492100186250710e+00
-1.356458147579635121e+00
-3.264554715247189876e-01
-2.492492233936502988e-01
-1.092394582688852145e+00
-1.643249179972747775e+00
-5.656781091061306999e-01
-1.101500485378053895e+00
-7.810031874475101832e-01
-1.239497285265365178e+00
-1.158428354972665275e+00
-1.096079512746088724e+00
-1.484057882510526616e+00
-1.760010977522645348e+00
-5.433533652159483474e-02
-1.117981187839222734e+00
1.107693440268164853e+00
6.981566364490174870e-01
-5.302066656463462202e-01
1.810916675811910403e+00
3.932270185337385371e-01
4.337629180698476805e-01
1.127426274737014733e+00
1.063264349598228353e+00
2.073924911317098996e+00
-1.033336685771024666e-01
1.210834729133754673e+00
1.693949146695458374e+00
1.787164505318240115e+00
1.733358391924408881e-01
-1.933888567715170037e+00
-1.604693477155909598e+00
-2.298885977758104993e-01
-1.759995613413618765e+00
-9.174347519767320769e-01
4.194942006612805141e-01
7.641747088073332916e-01
-5.696859752996807913e-02
-7.015839610746787969e-02
7.359557296798098225e-01
1.234256251891313605e+00
1.216608385970781470e+00
3.696975685083964125e-01
1.581968887645976984e+00
2.358754235792738463e+00
4.596208422920362580e-01
-5.788770107361576045e-01
-2.089501213479712405e+00
-3.246864068821602167e-01
-1.969492875842079993e+00
8.834743303137159165e-01
1.836954116560485240e-02
6.119746159903927119e-01
9.032293908871256161e-01
2.075192100845003829e+00
1.234185128076604743e+00
1.550819889550333563e+00
9.195829160340409647e-01
1.399436832201123249e+00
2.351768545227634455e+00
1.025428980135200785e+00
1.314862349749057691e+00
8.476173943479059503e-02
1.444532750708247937e+00
8.139400990663628876e-01
1.491055375391421745e+00
1.410802355843181033e+00
7.808985300185833367e-02
5.319129776334925452e-01
1.429802970727959366e+00
-1.174798136063248233e+00
-2.817127980439025903e-01
-6.391738495056611402e-01
-2.095460215798736314e+00
-2.720918944628049729e+00
-1.182275145835649299e+00
-1.105778924376515482e+00
-8.556422686854437964e-01
-7.832276995820692811e-01
-1.907159236417972359e+00
-2.683189490205442951e+00
-6.158771301082255345e-01
-2.940934182256275342e+00
-9.496578322461105559e-01
-1.059309985833399859e+00
1.443302441170918771e+00
1.198735862893816728e+00
5.075894880843350165e-01
3.051613384324374234e-01
1.232865911209919618e+00
-5.699495265670450062e-01
-1.146200749754418213e+00
-1.293298081739700844e+00
-1.095667462473412623e+00
-1.833308078679987574e+00
-4.250199372829550626e-01
-5.282106869198219812e-01
-8.405467297770188306e-01
-1.706621208829539604e+00
-7.813658918381634066e-01
1.465779374415511205e+00
6.488268564285269990e-01
1.291383977898703295e+00
1.568795973645149777e+00
1.522855578526978615e+00
-2.707241557436845802e+00
-4.975462278992859311e-01
-1.107185555908183572e+00
-5.298303371094983394e-01
-9.646962961904765876e-01
2.478317382782981859e-01
1.631840910731975791e+00
1.510914231333890356e+00
7.531222518564704149e-01
3.901565459422534632e-01
1.161978121394167340e+00
2.213175957080293799e+00
5.396584464370224321e-01
6.928421070294993322e-01
8.274442187868853438e-01
3.825006315888033193e-01
2.474382511860941491e+00
1.249714370426922905e+00
9.521299641562551708e-01
1.669333455660354737e+00
-4.955471248718057442e-01
-8.083002689906302329e-01
-2.142967589984368093e-02
-1.910770284154630350e+00
-4.875707425852249255e-02
-1.166736966100913708e+00
-8.401169603092129012e-01
5.387568596648368846e-01
1.667828848109369488e-01
3.589942918348107970e-01
-1.370119218627789293e+00
-1.287131850612991180e+00
2.980304729642648809e-01
-1.550683643317294358e+00
-6.689793131258873204e-01
6.690001346732188381e-01
-1.060479888124099990e+00
9.907933173408077776e-01
3.541793360288265635e-01
1.436719332828894302e+00
-1.271785546251756216e+00
-9.754489087575682893e-01
-5.664057476990916884e-01
-4.486098322438072383e-01
-3.923717577222535224e-01
-1.307953649092350012e+00
-2.258129424184273093e-01
-1.930595775640269185e+00
-2.089063604695991394e+00
-5.191347426299341983e-01
1.009165864093158671e+00
-2.158441925374257053e-01
8.888841598082792839e-01
8.323316269901961384e-01
1.402455593334097417e+00
-5.554278440821700524e-01
-1.696624285876437765e+00
-1.409447616345025800e+00
-1.417701461607282720e+00
-6.145566162219783246e-01
-1.782137306407440169e+00
-7.146535034857980362e-01
-1.970672534315810243e+00
3.117077976804030204e-01
-1.366995403162626799e+00
-6.336137591683663750e-01
-6.386436895124496527e-01
1.587582999124861338e-01
7.134784474629123352e-01
-8.486610306916153590e-02
-7.141596258312694623e-01
-3.138280673072918470e-01
-9.429301366701838827e-01
-2.522746085383974712e+00
-8.902628685119207130e-01
1.601224724743815830e+00
1.932832835434321606e+00
4.301672315623817910e-01
1.391730343143519733e+00
1.118801342782829611e+00
1.940686843088013758e+00
-2.864742640074708913e-01
1.284128547906381979e+00
2.384443189006183239e+00
6.474488320920215312e-01
3.093302555827381894e-02
-6.158006379594651580e-01
1.213879246640026111e+00
2.395228296157273729e+00
3.094127165673659086e-01
-6.157028164882549781e-02
-2.205273405474391879e+00
-1.707405772719765791e+00
-8.116411380867565306e-01
-1.248047806045965880e+00
2.340746196198278950e-01
2.878036191557713508e-01
1.967493313468017258e-01
5.234324472333249378e-01
4.098937963728699341e-01
7.009589991346316662e-01
-6.157620833029620044e-02
1.237137635260932012e-01
-3.512680533386260961e-01
1.696234762177484257e-02
-1.263274911403194922e-01
-1.519481058213036473e+00
-8.388970006667746393e-01
-1.923366133064208672e+00
-2.550003444573599065e+00
5.986250067568983368e-01
1.898312794605826470e+00
1.497057615524861607e+00
2.501188890442689328e-01
-1.627340319812264902e-02
-1.646566056431094660e+00
-2.144941392737877539e+00
-1.704513728935844519e+00
1.111607573263933002e-01
-8.963633342556124317e-01
-1.932869657273634578e+00
-1.021203598335794549e+00
-1.545078377567714156e+00
-7.232842371756056377e-01
-2.371720226466239811e+00
-1.929270120631957575e+00
-8.515930268982321305e-01
-5.402802834143471955e-01
-1.173192815602171368e+00
-1.629705340103943190e+00
1.551505403225639235e-01
7.907882389441958093e-01
6.107621343142816128e-01
6.395102319536258850e-01
1.558233046595598914e+00
9.131430960481167203e-01
1.026790757169957935e+00
1.769949651843798266e+00
2.156576274044639252e+00
-5.995656456820430691e-01
1.006988611239076903e-01
1.711426432198050351e+00
1.349338712386241479e+00
9.909484464386558722e-01
2.056239134283201153e+00
-4.492623114194385092e-01
-1.974129730697150142e+00
2.533637246989020042e-01
1.498718487971382185e-01
-1.033305738465609691e+00
1.468347644977487487e+00
5.751403553429002002e-02
1.827054390319704291e+00
-5.456768645909209070e-01
4.003728783588539342e-01
1.505339614602770215e+00
1.229899268026437564e+00
8.688816203011549000e-01
1.128750587764907998e+00
1.123274803190653648e+00
-4.000914739471481685e-01
-1.578548743166548807e+00
-1.904430187182922118e+00
-1.686436869096614277e+00
-2.446467001148643572e+00
1.431644336275130325e+00
9.621999222066024426e-02
1.571817487779018530e+00
8.695236394918035572e-01
3.515751556445017023e-01
8.974713204012227941e-01
1.552218643457534686e-01
2.121474643375598212e-01
1.338514591220118177e+00
6.300194141047448237e-01
2.569696096955311759e-01
5.550565703079013424e-02
1.874708363180035864e+00
1.266352745984874462e-01
9.715328026777090287e-01
-5.042361101227121889e-01
7.208876239157002708e-02
3.103826788625969613e-01
9.609817980000190385e-02
1.694131699026102389e-01
-9.303096529962722183e-01
-2.732165935253595190e+00
-5.622670486995345884e-01
-9.726751699416325003e-01
-2.991860642307889062e+00
-2.601897861100772147e+00
-1.574547839003535454e+00
-1.765652617131787672e+00
-2.293110568936028493e+00
-9.166280318080409772e-01
-4.754535746688799414e-01
-7.844744322958168148e-01
-9.983486054815597921e-01
-7.135606409601678024e-01
-1.799497720235318399e+00
2.564477186650927498e-01
1.503642422225947684e+00
1.377691224926969049e-02
1.270384968948127691e+00
3.634148151650007375e-01
-1.145230616487543873e+00
-1.189527781601987133e+00
-8.086405190127921028e-01
-1.048816728083295180e+00
-5.522625023436925629e-01
-2.542846817031034767e-01
-2.050611796878907711e+00
-8.600417671366197281e-01
-1.833524381608071963e+00
-1.409317857117867945e+00
1.630471763982542788e+00
1.236763333447000734e+00
-4.328464756690064696e-01
-3.927499649716947872e-02
8.410357159822716699e-01
-1.106131302913433645e+00
-1.285453898395754635e+00
-1.217540864344033080e+00
-5.958319677203198772e-01
8.349747625112913241e-02
-1.037732683789934995e+00
-1.037425271716367670e+00
-1.030112859955172100e+00
-1.568442107236823091e+00
-1.089746397880430706e+00
-1.931556832095399079e+00
-2.010938172925416101e+00
-2.186526316128996061e+00
-1.632739257612164208e+00
9.506157149868332823e-02
-1.945435664822233512e+00
-1.658011022082690245e+00
-3.303421304513434187e-01
-1.443363548214154246e+00
-1.199262292526429796e+00
1.247877943782534915e+00
3.331701174628263207e-01
-2.303360407052139625e-01
1.510825481114067337e+00
8.709504075598359929e-01
8.711140111816051412e-02
8.032905328297998970e-01
1.114050903988474950e-01
1.287183325701422021e+00
1.508799065978870368e+00
4.181042468860520778e-01
1.175749581030852697e+00
1.291757027463007246e+00
1.561017677068711862e+00
1.398430124687470189e+00
-1.276532497048710413e+00
-7.635972322913039401e-01
-1.167858049266365938e+00
-1.292355870877450297e+00
-9.709473298898897431e-01
1.617645938716878007e+00
6.863923418510600172e-01
1.700532684045769516e+00
8.348693160086985143e-01
4.919494258308190204e-01
1.294433709188858694e+00
1.501994321800329768e+00
1.338203390786512514e+00
2.457310998804225211e-01
1.376942445741877741e+00
-1.095821643952173075e+00
-2.682467684623444981e+00
-1.165581130235099794e+00
-9.846014668670320935e-01
-1.340815278908622510e+00
9.213168531469283495e-01
1.954933368807260985e+00
1.954825378842881101e+00
1.306286561237683941e+00
7.718949802559056383e-01
9.418138745631654540e-02
-8.025789436270147625e-01
1.311625827651309084e+00
8.350589947787976364e-01
3.643402871614371819e-01
-4.182331632793963028e-01
9.985037182812513956e-01
8.124310438344879426e-01
8.183359129678373645e-01
1.349095928808378142e+00
2.978183828662670507e-01
1.339228512896939227e+00
1.161580746798219765e+00
1.947579231608959960e+00
9.112935178873704523e-02
-1.785358540622466572e+00
-1.938965835464523391e+00
-2.248804208090706247e+00
-1.585383156213266531e+00
1.609258098030843520e-01
-9.747635571796128273e-01
-8.729729619712688349e-01
-1.939735123594213073e+00
-1.504886307425070679e+00
-8.195715502551683684e-01
-1.195588091252281604e+00
-5.835202631723066524e-01
-2.084137293615980990e+00
-1.526471657776398594e+00
-7.028635348013019257e-01
-6.416277006381099213e-02
8.941218589513054704e-01
8.344828481076809190e-01
1.469749689677200211e+00
2.511711857688221361e-01
-8.726754308112668612e-01
-1.446055407668798809e+00
-1.451874921756235892e+00
-1.816084081764527403e+00
-1.165946217950327268e+00
-4.738225540251346235e-01
-1.730225660065948023e+00
-6.951131358245762337e-01
-2.774743120746525626e-02
-1.396418466995910546e+00
1.325394455186687193e+00
6.338764661707200210e-01
2.756381822301107176e-01
1.007211874023277609e+00
5.017563271556962912e-01
-1.088206355444780060e+00
-1.098057408624357745e+00
-1.893048892386672399e+00
-2.500421137769443192e+00
-1.270473750681703873e+00
-1.305740398423856696e+00
-2.067802335792642054e+00
-1.320847276966771844e+00
-4.958964371859764242e-01
-9.407609773076845983e-01
4.602526465247860354e-01
-1.532156822229049586e+00
-8.061393303264028365e-01
-2.627685170233583278e+00
-1.367479697302713237e+00
-1.843519623994767986e+00
3.097134970210992932e-01
-1.859432278592137111e+00
-1.170098710384262830e+00
-1.318060619134389544e+00
5.630550915492450459e-01
-2.169911256734202709e-02
2.522025108217225586e+00
1.920410549953842860e+00
8.545863429008083711e-01
-5.461747890436461361e-01
1.103182281571784662e+00
4.948189489807494068e-01
1.949510810555295848e+00
1.763815400673315770e+00
6.792952867518097237e-01
1.388123729078887925e+00
3.335645736826668983e-01
5.322803505790451029e-01
1.520367700401860978e+00
-8.785570486209604013e-01
4.783212016605098427e-02
9.006821293703337616e-02
-1.548643272412285832e+00
5.892807012768739305e-01
2.553541660458157114e+00
-2.021684711251081623e-02
-1.312755412782788955e-01
1.158274958418348266e+00
1.705369648222044621e+00
1.626134611561345977e+00
2.002647428246335792e+00
9.794343073552641554e-01
5.296668756777305198e-01
1.227594418717606661e+00
-1.745707970207233117e-01
-8.472611127283707910e-01
-1.605109845619041575e+00
-2.095495135798134179e+00
-2.515699635636665210e+00
7.005833948412838463e-01
8.836847552572225650e-01
1.113941875762125111e+00
1.343184291201509950e+00
7.037465113869501021e-01
2.052697981401089500e+00
1.165463969167885860e+00
1.557863831553110145e-01
-3.808219022565706435e-01
1.287139685165651581e+00
7.663962849538704658e-01
1.274557937565489629e+00
-5.914449544794506686e-01
-4.177264799699664799e-01
1.271918583900120581e+00
7.238382394792876040e-01
1.428991490534590181e-01
2.597415918960337411e+00
-4.396602720935085529e-01
5.067028276080749460e-01
4.880492510415512797e-02
-6.866524649143399550e-01
-1.367741330292686630e+00
-1.446196494687215672e+00
-2.271924355225031444e+00
-1.978115350872227785e+00
-4.614097963217900222e-02
-3.250261677117349812e-02
-1.559157399404700328e+00
-3.495567213002916951e-01
-3.359482991096838234e-01
4.743963123530812176e-01
-1.128760194069659217e+00
-8.049610023398811043e-01
-1.850972048639165424e+00
2.525850666487981844e+00
1.294763878798348644e+00
6.681545088208693528e-01
1.791757456400826953e+00
1.493986210587891161e+00
5.497640109490933291e-01
-2.112009101169773917e-01
-1.554259678157066560e+00
-6.204389725632095676e-01
-5.149231736852581953e-01
-1.145857501589178540e+00
-1.292575314654302865e+00
-1.964161381088981972e+00
-1.881986230900087431e+00
-2.306020458989877397e+00
1.709193284829580772e+00
1.417456725154147001e+00
8.935960317690002652e-01
1.902972514777962587e+00
2.698361121919005345e+00
-3.847452011889384016e-01
-9.702559388460451073e-01
-1.168845972773752573e+00
-1.155150359240130653e+00
-1.259465015529069420e+00
2.362135586205202920e+00
1.210712677392573600e+00
4.289435779532873028e-01
2.070738839073348103e+00
1.407914409361153529e+00
1.354775280859890962e+00
4.035485631459106992e-01
1.717352325300927518e+00
8.172931372700604769e-01
1.786909949044981349e+00
1.415730492279785091e+00
3.210153497990460458e+00
1.642550660116658623e+00
7.169539400053508427e-01
2.017969860541304783e+00
-1.151428887543725299e+00
-1.123858071252775925e+00
-2.039077283018654985e+00
-3.375569768341512678e+00
-1.891648179961845644e+00
1.057101636383095400e-01
-1.437819283426395200e+00
-1.533418824982208717e+00
-9.615533085868720464e-01
8.354485464327776612e-02
-1.941009941744372691e+00
-1.068122973453036861e+00
-1.032742562016239596e+00
-7.305650509292592742e-01
-9.746414593579171282e-01
1.689807556416028866e+00
2.169143375875234980e+00
2.410550907702038170e+00
1.376100469799717452e+00
4.022444113240021268e-01
-2.085880053665207345e+00
-3.521773143020814345e-01
-2.477743621246080608e+00
-2.659414452340945978e+00
1.700193613962428518e-01
-1.295352466251375567e+00
-7.278660092120491365e-01
-1.045934123151288642e-01
-2.978739973978427713e+00
-1.416661332106683435e-02
-6.230302049942435527e-01
3.924735295750791941e-01
-7.398961928888425632e-02
6.556805662938036683e-03
1.748392514911265794e+00
-1.002492670056579271e+00
-1.896202825822502103e+00
-8.667267117826484846e-01
-6.912921583260911440e-02
-1.668444115643364256e+00
6.825666248353357002e-02
1.671205921051290844e-01
1.409326347363673237e+00
1.469279507673811214e+00
1.129037082368085088e+00
1.420697979402179456e+00
9.999397478276886853e-01
-4.102376747262010959e-01
1.239707001306887157e+00
1.654821321283450386e+00
1.272503269741828813e+00
3.134258321194607344e-01
1.535574313835764926e+00
8.783377783779500181e-02
2.512208914712643626e-01
-1.134676468442108233e+00
-2.210854911946993795e+00
-1.150990842133168712e+00
-3.191935823620210000e-01
-1.010864556695765248e+00
-1.129912440380153926e+00
-1.033064907449199099e+00
-5.666915864949847448e-01
-6.819628536762012416e-02
-7.321074946820185225e-01
3.191804744743613753e-01
-1.102247906554046031e+00
-1.810891948372264526e+00
-1.901083036252631642e+00
-1.279743963697384634e+00
1.370364129673946607e+00
1.959731028980553624e-01
1.249514655595465706e+00
-3.104160466722634126e-01
9.348306651858737659e-01
-1.351281131509671773e-01
-1.203502020605225376e+00
-2.664519442466164900e+00
-1.223558456015382712e+00
-1.928822310822900787e+00
-7.384235756216719349e-01
-1.083586222395933829e+00
-8.108546795632625148e-01
-5.499435633710811899e-01
-1.282531052235286184e+00
1.699152696414484520e+00
3.769282332390688772e-02
1.450887647912292078e+00
8.932062979553349047e-01
2.120964740465802301e+00
-6.712860407196239443e-01
-8.235745683267002848e-01
-1.386325433797215290e+00
-8.456552126748861919e-01
-6.484107774354361808e-01
-1.354247788966284061e+00
-6.726778074907353577e-01
-4.024865315045597081e-01
-1.732759358529671001e+00
-1.081438888975618351e+00
-1.368459871630169244e+00
-3.942414859981824282e-01
-1.050620769152128098e+00
-6.283146441756373157e-01
-9.347313377464221418e-01
-1.736584502530496010e+00
-1.055170488683798702e+00
-1.111689125535771483e+00
-1.445646934833204611e+00
-1.335847399200465357e+00
2.890290306053333591e-02
5.132080982755050647e-01
1.976903183137652675e+00
1.041114255535827926e+00
1.261494854383491182e+00
1.146384941452719630e+00
-9.745440076673972385e-02
1.548499262135716092e+00
1.395120361367659045e+00
2.280231955549764322e+00
8.097051326247819425e-01
1.862575817824831947e-01
-1.056883988979432587e+00
2.396070078653081747e+00
1.279523362879771087e+00
-5.985929326821691765e-01
-1.742237436463602185e+00
-2.366584035449487144e-01
-8.358780834034514884e-01
-1.976507042668190550e+00
7.159917388194054766e-01
1.345903673037758264e+00
7.068207674138894392e-01
8.625845419431983352e-01
2.081223298197452110e-01
2.934471068683275341e-02
1.456782180408544347e+00
5.032175979322557335e-01
1.337331987180548465e+00
2.090750381058363416e+00
-1.846356849955221202e+00
-1.341583776211650036e+00
-1.155243952216332914e+00
-7.245642691085665277e-01
-1.489375922674360586e+00
4.370480102856102445e-01
6.241899489579122440e-01
2.976342586380998911e-01
9.955717166883703007e-01
2.556745736725504203e-01
-1.567285407938659336e+00
-1.084388814241630472e+00
-1.234865833227734910e+00
-9.546669797557223447e-01
-3.978539755864869409e-01
-1.134522601605490122e+00
-7.574793756459917704e-01
-6.335439615779708822e-01
-6.825659543423336917e-01
-9.263104515656715998e-01
-8.846438494417521170e-01
-1.810096143279742442e+00
-2.534694274931070801e-02
8.463762344316361208e-02
-6.904278648876891467e-01
2.025630345845898628e+00
5.859424523745857538e-01
9.083310070657329982e-01
1.323237126577412548e+00
2.063407127871589974e+00
8.599424860853462915e-01
2.423560145511853836e+00
3.892900994626006250e-01
2.016808346750784686e+00
1.200926337663080767e+00
-4.579123025698259575e-01
1.250817007104333189e+00
3.531999490333666003e-01
8.360945032063936688e-01
1.294255484203393980e+00
-1.392953846249163963e+00
-6.352387353069006704e-01
-2.183676746584465533e+00
-6.032829054523118906e-01
-7.375790627669658317e-01
2.599616920263624120e+00
2.572396824411822713e+00
1.852920440705560168e+00
1.656912975613295202e+00
1.248793138328848196e+00
8.474282868096278953e-01
1.770339219841880363e+00
1.166613657792378023e-01
1.208353209919381666e+00
1.251261006380386398e+00
8.971814407809146630e-01
-1.195011451416491122e+00
-4.288773476635417969e-01
-2.079047807675100668e-01
-1.856667154899025229e+00
1.326516701528889897e+00
1.063674570070851200e+00
1.430810851166302466e+00
1.479517527054373671e-01
1.311339342214913550e+00
1.116567336694773704e+00
-6.728558966965487720e-01
3.968769431880532217e-01
1.410175882953824900e+00
5.894619851165180391e-01
-4.574063131487244860e-01
1.485151253213640166e+00
1.936012947758122049e+00
1.203722305711436125e+00
1.109364261540977115e+00
1.205520473598011622e+00
1.044088375966022886e+00
8.569359918521028963e-01
1.804255492439927444e+00
1.199266001218308064e+00
-2.132578662718300322e+00
4.181986822102583545e-01
-8.563887469166144850e-01
-1.276486043219520194e+00
-8.523412425796479397e-01
-2.623475155756420651e-01
-1.321401452138319277e+00
-2.087188916965716068e+00
-9.494196577414182325e-01
-1.446572529020919262e+00
-1.126056799398211794e-01
-1.181063685358069382e+00
-9.232544698892423130e-01
-1.278086862621208963e+00
2.172993805840863768e-01
9.746979176357192243e-01
9.032361009173129895e-01
9.681739751247852022e-01
5.762079169487224206e-01
1.163800912071307758e+00
-1.964329194012438551e-01
-1.412285984960660823e+00
-4.410467685647139202e-01
-4.411104844854126794e-01
1.765403493254562584e-01
-8.221227499541702288e-01
-3.528719917961740116e-01
-1.616631292856081092e+00
-1.969321663506979014e+00
-1.432656313437765894e+00
2.255297878448756510e-01
8.728967024401044217e-01
5.697238847077535917e-01
-6.004353600617056141e-01
3.095550646607834189e-01
-7.089859751784051145e-01
-1.136517373278272514e+00
-1.157380047890423480e+00
-1.632899046028692291e+00
-1.218957632304387806e+00
-2.188610033688914491e+00
2.862655780529039795e-01
-2.021955707845698669e+00
-2.754242192850620441e+00
-2.930094205084876613e-01
-3.370079949538715702e-01
-4.743743888334558401e-01
-1.618241059338117127e+00
-1.609977657659386718e+00
-1.481839167552364112e+00
-1.449319684301121125e+00
-8.349007413382993903e-01
-5.317295723393213880e-01
-1.754974970294666203e+00
-2.533669469771874461e+00
1.733148653414173346e+00
4.751821059442211670e-01
9.695103946703577114e-01
1.534881625278745387e+00
6.330221657090211451e-01
7.927827053012495018e-01
1.017545198475717338e+00
3.712551174542625398e-01
1.294746776895054907e-01
8.981164282756202155e-01
9.897227985317762489e-01
3.868389754432020045e-01
6.619387468407202935e-01
8.999160541416733050e-01
2.284006487515655159e-01
6.915001412820869220e-01
1.809279881869496620e-02
-5.537893891983760586e-01
-2.651532059879484926e+00
-8.908897022838798696e-01
1.276611260591788755e+00
5.264710961946977852e-01
-3.290680466480535582e-01
9.414072409972851219e-01
1.212695094782356264e+00
1.058004163800283504e-01
2.260910471613185369e+00
2.530458062676976372e+00
1.146614893382718048e+00
1.679010325979734874e+00
-1.834161742128274764e+00
-8.574731123356096330e-01
-4.581297854379386969e-01
-6.031276532460647655e-01
-4.354305924082476631e-01
2.067299280964874919e-01
1.226555979861818635e+00
-4.302185918046192992e-01
1.338014519162883609e+00
1.205728458708945183e+00
-7.005631785190944427e-01
-9.445275164603688101e-01
-4.071312295176081619e-01
-3.161210026915616256e-01
-5.478398391423724423e-01
-1.121062730121435980e+00
-1.145542708144138278e+00
-3.009528771829744098e+00
-1.786038921844318672e+00
-9.043053653453263507e-01
-4.474537763596964091e-02
-2.453216146626373551e+00
-2.562766098797853331e+00
-1.433491986243361715e+00
-1.800403555265075006e+00
-4.729456149592881076e-02
-8.153239727801628867e-01
1.410517892104607984e+00
1.013014109750552283e+00
6.507375098831524873e-01
2.135454457848371401e+00
2.934216486731067164e-02
1.039352482861433113e+00
-4.210288115175488954e-01
1.013806651018277494e+00
1.371960867769662640e+00
-1.284335369217557865e+00
7.769628312393388470e-01
1.412951374314402431e+00
1.403539321085874647e+00
-6.333290850530344240e-01
-1.769502217616995665e+00
-6.181673216179968122e-01
-9.816058600216037711e-01
-2.311140556667162560e+00
1.531308916009105570e+00
1.157608664479798488e+00
1.777480924305508747e+00
-6.519796311301400138e-01
3.168628300658682395e-01
8.916528887670351899e-01
1.001635589998555176e+00
3.215788656829934311e-01
1.977994677075268104e+00
2.896654424517848270e-01
-1.417278740707591744e+00
-8.269267557046964257e-01
-4.806206378371746801e-01
-1.352293421317589894e+00
-1.269345426940331034e+00
1.044399901176783496e+00
1.253015018045070317e+00
1.894523754222765977e+00
2.213223386902249956e+00
4.048534497495341888e-01
8.451650317890124775e-02
-3.120224388039660735e-01
1.956908088532559598e-01
1.322679578930401334e-01
7.050067921783000902e-01
1.779164425666954763e-01
1.801263001318790469e+00
-8.631140396306076212e-01
1.360176591922969802e+00
2.113269542211154484e+00
1.084930689529394421e+00
5.869687425626411992e-01
7.069233294690852043e-01
1.153021289517079273e+00
1.284191912969218752e+00
-9.769024706841941130e-01
-2.473192816728402299e+00
-1.458826988368238542e+00
-1.045406147001167074e+00
-9.683509645391236154e-01
-1.878467667755554293e+00
-1.909364402129646088e+00
-9.109489232076332099e-01
-1.666153648276412547e+00
-2.124914220823250766e-01
-8.904143308127592249e-01
-2.188017290620241084e+00
3.306810777690309955e-01
-5.825139196952152654e-01
-1.172244921762262138e-01
1.433493064937557238e+00
8.380531868744450774e-01
1.623929060209815978e+00
1.567667311267996855e+00
-9.924104478547570718e-01
-1.011285673503609095e+00
-6.812059644628410959e-01
-1.345462515328230690e+00
3.322362743231521698e-01
-1.765752486232796681e-01
-5.708165904940177837e-01
2.841264790648172500e-01
-1.305060366520953696e+00
-7.123616037933573342e-01
-1.632010953219993787e+00
9.498041058817272564e-01
7.620639282012349192e-01
1.323172128581124429e+00
2.350922047498162470e+00
8.453490112747354956e-01
-8.986756968078238872e-01
-1.719034404977477060e+00
-4.118722132762826504e-01
-1.443814375341971656e+00
-2.416141115736929912e+00
2.562425856037133798e-01
1.136837927120751601e+00
3.071873432057115050e-01
4.565858590500273539e-01
1.876009311028945969e+00
1.292265737183402319e+00
8.982408273994124670e-01
1.770863043933889935e+00
8.248133932976809968e-01
1.775893039528251727e+00
1.101860203310821795e+00
6.780821603342612747e-01
5.551029065298993537e-01
5.509691927510265153e-01
1.609358238139276587e+00
-2.181001927491390990e+00
-1.222006287295409166e+00
-4.782175148998872860e-01
5.931457747422386184e-02
-1.776471350546098282e+00
-1.233435599198197785e+00
-2.735110380104814887e-01
1.337083176632918313e-01
-7.390508901841630340e-02
-1.188455162467641824e+00
9.965781472863266544e-02
-1.335654598538362103e+00
-1.665401602546952464e+00
-1.222268773374399764e+00
-1.138141258849505455e+00
-6.022675719862302657e-02
2.246316194674129463e-01
8.139241960049887759e-01
1.785564791184472755e+00
-2.320457598117682263e-01
-1.474243473681599914e+00
-3.393305661136462037e-01
-2.009160252547481651e+00
-1.247862843259153198e-01
-8.234313776632296022e-01
-7.077598163792193642e-01
-1.157900882788148733e+00
-4.625298380129880815e-01
-2.656526424009323373e-01
-1.975279130918183190e+00
2.116928125511140735e+00
2.219045177906724398e-01
1.002876102115282553e+00
7.138547634656510210e-01
1.403331322937451109e-01
-7.846075232260397714e-01
-1.020428040245138668e+00
-5.270677128477905260e-01
-6.154209932221987867e-01
-2.243878678469227950e+00
8.692475121657181614e-01
1.493028378414114510e+00
1.297379181285031491e+00
1.654529216418988646e+00
9.052651953861134970e-02
1.360368954965516686e+00
3.747547484943725138e-01
6.666321369072965020e-01
2.118864072309953883e-01
5.554821671406597883e-01
6.512690513923127256e-01
5.395437784266648995e-01
4.503593812108594996e-01
1.603657951701020767e-01
5.199994175253235262e-01
-2.129403530823667179e+00
-1.845370530742244997e+00
-4.520463713695399566e-01
-7.597238957605986220e-01
-7.150941379042068391e-01
-1.051614823424748213e+00
-1.237350295046576454e+00
-1.289823762177380262e+00
-9.643361067076661186e-01
-1.518358301787846143e+00
9.626816917147196229e-01
-3.509507921484505966e-01
-1.053256821838162827e+00
-1.269585688350735042e+00
-3.917189935803037093e-01
9.131501107888577717e-01
1.353761400729185382e+00
4.519601020237099531e-01
3.677149278145384059e-01
1.907203120351051773e+00
-1.441970368020133897e+00
-1.202335142589487038e+00
-3.206484296492927655e+00
-6.821206370626613502e-01
-5.958797484622692098e-01
-2.331660052243885062e+00
-7.804506721848949446e-01
-3.991346509616151561e-01
-1.531641151004159429e-01
-1.024992496020171506e+00
2.860306373828886972e+00
5.535630079760567313e-01
1.597155974202490114e+00
1.013998567988190214e-01
5.877075218296430315e-01
-9.330429410638615417e-01
-1.601988468272486532e+00
-6.802251020242261470e-01
-9.903213529052212749e-04
-6.306391579912851153e-01
-6.146079663737945564e-01
-1.177537581820794488e+00
-1.284971015844852404e+00
7.697431283723732420e-02
2.238559903329413459e-01
-1.825514869147021546e+00
-1.199008268312684811e+00
-1.467066664070297621e+00
-2.390939017562796032e+00
-7.322236708116002246e-01
-1.341019465481936734e+00
-1.165660491951483468e+00
-1.275074877909139648e+00
1.071048905452511413e+00
-1.076482452663129807e+00
6.715006206580039771e-01
5.143672504268556045e-01
-1.342407353219923216e-01
1.985902818070577114e+00
1.462508151020755154e+00
2.905341727822561726e+00
1.259487288092613344e+00
5.581041019178856200e-01
4.867102674215657565e-01
1.384480020486807739e+00
1.436000318120751018e+00
5.897587884424392302e-01
1.699024427828553785e+00
1.612278892623051130e+00
3.416188590004662906e-01
-5.166989488706215106e-01
-1.941376479459294035e+00
-1.004470876069985863e+00
6.868040056582211950e-01
-1.161511069103394966e+00
1.580776148837708561e+00
8.096124552588104262e-01
-9.041056159365967737e-02
3.955763800738251179e-01
-1.751312995697906771e-02
1.612169257662354749e+00
1.594004857228302541e+00
1.580804279058396489e-01
1.033280428946081297e+00
1.503952962065886467e-01
-1.970330069452635335e+00
-2.396595972489308224e-01
-2.489004553956650767e-01
-1.542046833964148655e+00
-2.189823681018474133e+00
1.471421959641714183e+00
1.656658398330603355e+00
7.136894820468366873e-01
1.989592429874180057e+00
1.011733113181057631e+00
8.109850605094143239e-01
1.284657832407153144e+00
1.723498391086987436e+00
1.732202712309117709e+00
1.044908890600959595e+00
1.618877937235297271e+00
8.872676775883763245e-01
5.766171543107989628e-02
1.642884201279354972e+00
1.811471214746754654e+00
2.086167852927194755e+00
1.247825363915236796e+00
1.119432062341479295e+00
9.022532778587764035e-01
8.255420394288123243e-01
-1.971154846674953998e+00
-6.979442116449058320e-01
-2.140752694406471868e+00
-1.562278470450257917e+00
-8.903579610027732016e-01
-3.026656974974964776e+00
-1.262612511144961314e+00
-9.067031474268967273e-01
-7.923806734854186296e-01
-1.953347382365655527e-01
-1.021531585810641518e+00
-1.650489995638678487e+00
-2.329182138953548975e+00
-1.254532879520985800e+00
-6.099605485800642102e-01
8.864670651354156217e-01
1.695647399650658027e+00
1.274941247603662120e+00
8.400238106452273534e-01
1.727873375470779793e-01
-5.167869797153004097e-01
-8.225609127026638490e-01
-1.676117494209016234e+00
-1.123481304899751620e+00
-1.036030003454224246e+00
-1.695183885703237303e+00
-8.122114265626356744e-01
-2.146480924822566916e-01
-1.195009814432241635e+00
-2.441742458492878853e+00
1.488490689244059917e+00
1.220002333999424815e-01
9.423820742384004800e-01
1.061409491948652750e+00
2.002248599339976121e+00
-1.019496602544579300e+00
-1.476659656577485880e+00
-2.694694156692507558e-01
-6.072036783312471098e-01
-2.794606867215732038e-02
1.782139699161991775e+00
3.503668393192366226e-01
2.698687286647194927e+00
2.964436676030756779e+00
-1.508888915719839297e-01
1.618701238628060146e+00
2.164004188711786902e+00
1.642159262525724861e+00
2.812318074881947627e-01
1.853476822207024810e+00
1.263626424964754413e+00
7.072924095574842918e-01
-3.028525590405559687e-01
9.498671390017134897e-01
-1.886974247297867890e-02
-2.071025298993530050e+00
-1.840799191549817415e+00
-1.888996002258752860e+00
-2.454304997145355660e-01
-6.983370099496033490e-01
-1.071784956019046664e+00
-1.194843444995300707e+00
-1.059262303855688092e+00
-3.618315007767705094e-01
-5.241532697048024714e-01
-1.570139884036117817e+00
-2.024075250432347595e+00
-9.655265773930334916e-01
-1.498056779813682571e+00
-5.505692580661715185e-01
2.532505249255257773e+00
2.343603289799656153e+00
1.654612877782987157e-01
6.408851373144197616e-01
1.267103643380498301e+00
-7.989224593774229000e-01
-1.329954929533293972e+00
-1.272731387878494713e+00
-1.199000492810192053e+00
-1.580755169776018931e+00
-8.308063560800846847e-01
-1.809322527188800933e+00
-7.337642767521801446e-02
-1.885602898657270821e+00
-1.989768423001776254e+00
4.734589571556370169e-01
1.491385245617899979e+00
1.382147740005604142e+00
1.864907296885048638e+00
5.768338724163313280e-01
-2.022623520083604909e+00
-1.856008402984058225e+00
-5.912559753393268336e-01
-1.143339777855029382e+00
-2.484661183968294162e-01
-1.813286795732939494e+00
-1.867464243311799610e+00
-3.290395054591890300e-01
-8.582439785461072335e-01
3.646579061157848578e-01
-6.627576972623285823e-01
2.834931748223505910e-01
-1.259739755465341560e+00
4.295166520944764255e-01
-1.747386489548549804e+00
-1.030436695236764733e+00
-2.037211301720766699e+00
-5.050224870637398666e-01
9.564421806505962742e-02
-6.125245829950110021e-03
1.765430871747151187e+00
2.649516492839739668e-01
1.607026959550833523e-01
4.720935440038676045e-01
6.218290551572136504e-01
7.133959163793954783e-01
-2.438002018950058414e-02
9.501263718200955166e-01
1.296882892830924172e+00
1.881198188230444046e-01
1.340394516125047453e+00
9.965909184896247774e-01
1.668112849572367606e+00
1.503666518410886388e+00
8.430473937686391306e-01
-2.537104362018617110e+00
-8.089394601166425280e-01
-4.341623207965026321e-01
-3.945521770992403976e-01
-1.636157527796035183e+00
1.039756515093007705e-01
9.310715347056713886e-01
9.198286572109904968e-01
7.008022507369786602e-01
2.203180537841107345e+00
1.368203464236413813e+00
1.346053100467076824e+00
1.130121278410115782e+00
2.632733259535762205e-01
5.552676305703405646e-01
-2.449363882372612711e-02
1.482460348047357712e+00
-2.007338272578933047e+00
-8.698416398115131898e-01
-7.448211287724193497e-01
1.027385952197468644e+00
2.009833290554929874e+00
1.632100421889672415e+00
-5.557629090099922564e-01
1.475109323034230480e+00
1.469252083076177939e-01
-1.882516762961256251e+00
-1.120630520979297051e+00
-6.881396942122806060e-01
-1.125852419255442438e+00
-2.303386219486314168e-01
-1.178769473331646722e+00
-2.059812446731479785e+00
-1.031525468545330115e+00
-1.116025003364431667e+00
-6.586235940070355177e-01
-1.166770664901675580e+00
-1.206558806119872207e+00
-1.177959628535746983e+00
-1.326019286954856824e+00
6.909896570900706525e-01
2.282045604774984859e+00
7.779931227829491869e-01
6.968521842431232294e-01
2.296267304873133241e+00
1.035872554967627313e+00
1.500279091600891679e+00
3.402961809990182607e-01
9.715161494952978538e-01
5.291344562658202300e-01
9.053665004705919728e-01
1.174585580231412907e+00
9.212322000477540795e-01
1.583499937285098413e+00
1.877393929914310755e+00
-1.235310679312680238e+00
-2.570704033306719261e+00
-2.650782772130008347e+00
4.299496398373587880e-01
-2.794795530453876964e+00
2.324600722630509431e+00
1.545972759458983825e+00
9.755262851083769116e-01
1.191904600115107904e+00
6.772666923380888937e-01
5.895631945142322250e-01
2.570100694016002052e-01
2.578660858312993298e+00
4.757786305812889971e-01
1.344845783446072307e+00
-1.096057598226236163e+00
-1.753028363350624286e+00
-4.067594421968290241e-02
-1.503386658790863084e+00
-1.560618615574264290e+00
8.241908834967355268e-01
-2.413060265393258685e-01
2.124559539149273757e+00
1.124712372684616213e+00
9.397100339078860998e-01
-1.472169782916543657e-01
5.507975466416779042e-01
1.119062770926214867e+00
1.581997127280842408e+00
6.953361553404334705e-01
1.093661505196430683e+00
-1.082457589439123069e-01
3.624700905286990515e-01
7.843288295049551939e-01
1.572720881838985285e+00
3.056838309321106451e+00
1.516673724978384818e+00
1.723201715695689362e+00
8.988162155335593928e-01
9.984454454526989764e-01
-5.436502770859000799e-01
-3.602138494211071240e-02
-7.202586320744529536e-01
-2.174485282668891628e+00
7.980196765645519719e-02
-1.799361312855546569e+00
-1.200420762513497053e+00
-7.507543075728340121e-02
2.171562664851007796e-01
1.302490913088598656e-01
-1.355142689153345126e+00
-4.920297014739678509e-01
-1.423218113260159567e+00
-1.432133172479565619e+00
-1.505962771926627308e+00
1.073794432145783073e+00
-7.595032695857768523e-01
1.272169655875624361e+00
1.581446028361006118e+00
1.652946419704894421e+00
-1.473482909896768334e-01
-7.579460402055917534e-01
-1.505330057594243653e+00
-5.327515338701844794e-01
-1.950829550067213924e+00
-7.968066899060195496e-01
3.110796300819780313e-01
-1.486069933301900736e+00
-3.636428639295240517e-01
-6.656334123696983074e-01
2.154236325674419028e-01
1.193763234414852992e+00
4.898275386635938533e-01
-7.766590536037578651e-01
1.802718212156366295e+00
-4.898994055388166124e-01
-1.992164871259219483e+00
-4.759934097309144185e-01
-1.529258202594315996e+00
-1.177184974696060094e+00
7.303766804528578627e-01
-1.030381593762861314e-01
7.935868186465497853e-01
1.753089917731406988e+00
6.607706039750860239e-01
6.249228432548634693e-01
1.471868714155598168e+00
1.731448953523727408e+00
1.145259086659473402e+00
1.087358468598672800e+00
2.943688606464397450e-01
-7.599206006611816111e-01
4.734426884066973429e-01
7.783960553174590347e-01
6.145159039836934900e-01
-1.334972452589078262e+00
-1.974235758146839048e+00
-7.193590483725550433e-01
-9.659002006148500463e-01
-1.220372418578329343e+00
-4.235398897116191552e-01
4.665586321387713564e-01
-1.500063422410996550e-01
-1.505327309577621842e+00
-4.191993105114101281e-01
-2.126750486882037716e+00
-5.958707463527450621e-01
-1.427815045582099485e+00
-3.903843738891982218e-01
-2.356282407718812699e+00
1.475997921483988007e+00
9.040055399089560462e-01
1.007611250081386967e+00
1.501938199959830689e+00
1.096854967579830920e+00
-1.104952164463074649e+00
-9.172417883556975848e-01
-1.667486625960339142e+00
-1.300339451987263306e+00
-1.189941289764000709e+00
-1.438211521643514512e+00
-7.214305153172417828e-01
-7.939371531892517320e-01
-1.091723525118988292e+00
-5.664777652461716606e-01
5.557035343043492670e-01
1.644993884302548004e-02
1.509268412137120929e+00
9.252888508100154397e-01
3.507634172035994924e-01
-1.175665119107315748e+00
-5.778431156933351298e-01
-1.451672261945783804e+00
-3.203138198257166058e-01
-1.415480221928873572e+00
-8.965819404961047345e-01
-8.960258518445751719e-01
-2.109721986398723992e+00
-5.428095949859743641e-01
-1.074676941646490302e+00
-1.239505920322418131e+00
-6.824167545512179744e-01
-1.012976656274922949e+00
-9.465223509360833898e-01
-1.967860222825094318e+00
-1.333385153279747382e+00
-1.162975552852655747e+00
-1.783323747070941101e+00
-1.406741502840944680e+00
1.261302434423194896e-02
7.893821036898849286e-01
1.578687365004738163e+00
1.265715541710801695e+00
6.671885417650158523e-01
4.877891209656270988e-02
5.988244942512166435e-01
1.181205756347109448e+00
2.823819575950967664e-01
1.341141705683494667e+00
7.573011812966485845e-01
5.414651200135511822e-01
5.036115525419218031e-01
6.278340313944363871e-01
7.585035858096180750e-01
1.428826391464365297e+00
-1.611104014099305148e+00
-2.843501827268030802e+00
-1.917025671947202303e-01
-1.629573537855208976e+00
6.915588592923160860e-02
1.816018104392970844e+00
4.670112524335457982e-01
1.322991098175569036e+00
-2.794888394512802243e-01
1.118471886345380639e+00
8.547819683422708259e-02
6.613967697000248114e-01
8.548445663745305456e-01
1.083312485872212294e+00
9.980869615555554297e-02
-1.326861242632132232e+00
-4.399193288839827742e-01
-4.483887321309485419e-01
-2.171392191939466976e+00
-1.087149592683257060e+00
9.845772553127403182e-01
1.877326277026486023e+00
2.049558249841002766e+00
1.690688158411044695e+00
2.152894122940860022e+00
1.318407105102397558e+00
2.163933786448656083e+00
2.241212044768272182e+00
1.110989610936667704e+00
-2.875911819145984261e-01
6.636038399696614354e-01
9.768337300944756052e-01
3.250533018654485629e-01
6.827244498841328335e-01
3.292109809206715809e-01
8.622092156415470665e-01
1.583505477456964794e+00
1.812813943054158994e+00
9.264375338215489197e-01
1.329030329316458037e+00
7.679050516202501342e-02
-1.384143508603269401e+00
-1.696382445417454088e+00
-1.755950999558589132e+00
-1.056133213436972085e+00
-1.255735824489417229e+00
-1.142569846461427563e+00
-1.565743235114496201e-01
-9.813147538034117101e-01
-1.650238042509526881e+00
-1.197368934194094070e+00
-1.720513884121823045e+00
-1.018684047726588160e+00
-5.263831969692651658e-01
-8.579821140797062595e-01
4.986330127404318135e-01
1.629174070125307461e+00
1.306625822606021448e+00
2.651384987501629320e-01
2.487594642250031685e-01
-1.976621831173216659e+00
-1.619367045282825046e+00
-1.069458576831177954e+00
8.212605018039254023e-01
2.627380574322542017e-01
-3.341622150809398395e+00
-3.322342713121472002e+00
-1.224816490676633896e+00
-4.650028783981213776e-01
-4.977048359618059248e-01
-4.037108986954995871e-02
1.164872518024708370e+00
1.835041425076197497e+00
1.999991233773782850e+00
1.083628207606654792e+00
-1.677816356333708292e+00
-1.403224209236761055e+00
-4.920316837798973664e-01
-6.593539787742586089e-01
-6.241595504563556274e-01
1.819116189010235640e+00
1.243461032427489954e+00
2.177179981821025123e+00
-2.809121254292947789e-01
1.491612767201863754e+00
5.749149383833921378e-01
1.170581470134844260e+00
1.821201770369180295e+00
1.159176239853312307e-01
8.737524681514775571e-01
1.343254993914019924e+00
1.739060311762215649e+00
-7.027022426884323991e-01
-5.243141821672736569e-03
-5.489381145756899727e-02
-1.189553268098630268e+00
-2.267897959687404708e+00
-1.839193396895213217e+00
9.429770544941717958e-02
-7.651798381793921688e-01
-9.678627260410510580e-02
-7.870817239040006630e-01
-3.433351681380301113e-01
-1.241322488383775902e+00
-8.797425540535728228e-01
-8.014097210748777345e-01
3.947545115023438633e-01
-5.931611621597918660e-01
-8.101694954970179996e-01
-1.075688160715907227e+00
-6.816229658793737656e-01
1.371434251124138193e+00
1.373305581434948630e+00
1.359861685440043599e+00
1.714121674924240724e+00
-1.101677032285437452e+00
-1.712019494997957247e+00
-1.708214595579539807e+00
-1.047253294456533812e+00
-2.317188309674357072e+00
-5.014101397549410866e-01
-2.194632819033686122e+00
-1.174148123966180846e+00
-5.679403355118902708e-01
-1.587356928691527225e+00
3.275205742987358892e+00
2.176058856029090549e-01
8.241284601970395585e-01
1.210748238011882805e+00
1.239975202149355082e+00
-1.701735858988714156e+00
-1.636616321329733559e+00
-1.677910564651029279e+00
-1.053714987915317147e+00
2.036042523789489689e-01
6.338619566966015029e-01
8.509260653030328303e-01
1.429975255012845725e+00
2.325691235335195728e+00
5.895502939429575484e-02
1.369755810524576178e+00
1.472753438199710274e+00
2.196601016876786883e-01
2.384893200653628753e+00
1.958017701932950327e-01
1.258431625510661789e+00
-4.767703627290575952e-02
-8.939120798341093632e-02
5.516757032331720545e-02
-7.407968944413068080e-02
-1.819185509846478643e+00
-1.781057109337120137e+00
-7.471735225266495917e-01
-1.533189216175156355e+00
-1.713245430191151053e+00
-6.072745107829193856e-01
9.023902314988458961e-01
-4.996152100052747569e-01
-7.883822411196348412e-01
-2.055699801476198019e+00
-1.531512911017496315e+00
-1.050803325915601327e+00
-5.188642641202390049e-02
-2.681208012825740727e+00
-2.529669514712651335e-01
1.700494446687797145e+00
1.124262656952359052e+00
1.192349541205157237e+00
1.300471528779727937e+00
-7.540086852019722841e-02
-1.026012485307115085e-02
5.425187088274658898e-01
-1.102441234180232765e+00
-9.368681201051920482e-01
-1.218722335929145473e+00
-1.017025346011601883e+00
-7.862135855356129355e-01
-2.157764676553367789e+00
-1.071754853837751043e+00
-6.632031546988218507e-01
1.028729512050872819e+00
1.242577868856383549e+00
1.745393138756228479e+00
5.169238842830627956e-01
1.864378570838052251e+00
-6.712752239654751207e-02
-1.587197982789118500e+00
-1.670945728521414653e+00
-8.891831722688121609e-01
-1.930246143913647572e-01
1.270469492009045576e+00
1.847628246481899827e+00
-1.168622576623072895e-01
1.493531426064745204e+00
1.557393210104339953e+00
1.343909683643613073e+00
2.075067312668433139e+00
6.742269441709148881e-01
2.191076833247755040e+00
1.006676678877134190e+00
1.858726831418366920e-02
-1.694611148308609039e-01
6.531993693799886813e-01
1.884608967083671205e+00
1.332023341248890214e+00
-8.400302202017423392e-01
-1.875220478285823722e+00
7.219386953847846122e-01
-8.482991526274037408e-01
-1.427239258407161815e+00
-1.795428252402799352e+00
-1.754606853413026801e+00
-1.307299006427904642e+00
-7.350760898153846368e-01
-5.630117772218280470e-01
-1.869677612581760018e+00
-8.455610260793526844e-01
-2.021930511791932616e+00
-4.773267618771570575e-01
-1.640346527417066769e+00
2.096864470817987325e+00
5.647161670055040883e-01
1.944723817047480541e+00
7.673456027816210057e-01
1.377617989337493798e+00
-7.785887585741577688e-01
-2.042963479018493178e+00
-9.194944230465066370e-01
-6.024439592462860205e-01
-9.142428106280122702e-01
-2.298360915776692437e+00
-6.283444928345467417e-01
-1.142004493865452330e+00
-6.865186497201252180e-01
-6.443308790357245019e-01
1.068078453796240668e+00
1.785938548746666577e+00
9.514894331240819625e-01
-1.559250404723537820e-01
1.209850026587063532e+00
-7.227070487458275849e-01
-1.444921967551638264e+00
-1.073713369119677186e+00
-1.056844715745136831e+00
-2.428317356409701144e+00
