1.049028944115431017e+00
2.848197451021605708e-01
-6.777589959203429437e-01
-5.985615226814908763e-01
-1.814108028483434776e+00
-2.118130477131483946e+00
-8.700494276254679971e-01
-1.687975776174627240e-01
-8.223925317986305883e-01
-1.393633489945029558e+00
-1.486842950742449432e+00
-4.414040908750377357e-01
-2.038531852465739647e+00
-6.849478379088740354e-01
-1.639633283297174726e+00
1.514358797663051259e-01
2.549601382098978242e+00
1.020794227654363118e+00
9.536894286892380057e-01
1.841467149004768045e+00
1.725992494047335901e+00
1.398469405155177814e+00
2.488911310889858619e-01
1.774910216496063287e+00
-6.956146781705889737e-01
1.014957624906353439e+00
7.631120844129923864e-02
1.965968192682819193e+00
-2.148780552320856962e-01
-4.915448942041567015e-01
-1.029159988290994754e+00
-1.018751719119752153e+00
-1.329153189829660686e+00
-1.000228502343520232e+00
-1.039395255116658756e+00
1.946576739726102900e+00
7.140676780145795988e-01
8.556410745035651910e-01
1.174206920773860130e+00
9.723604494683221189e-01
1.574636999821049432e+00
1.584725432056138805e+00
1.318709191451056029e+00
1.739649053462089201e+00
-1.499387180127520480e-02
-1.629086607461342151e+00
-2.041453425690787915e-01
-9.411289442436769903e-01
-6.295213172258762313e-01
-1.001291597764368824e-01
1.623351872246113325e+00
1.209770770669016615e+00
9.652441128914763802e-01
2.315476010217120129e-01
1.835731227868892201e+00
4.705472530204805048e-01
4.241707028354579911e-02
1.537212920285029316e-01
1.167642231065116887e+00
4.542205675870034653e-01
1.248052316100880743e+00
2.991988837906053300e-01
1.450420983000822783e+00
1.697058105297798436e+00
1.449634413694425472e+00
1.033879126639032808e+00
2.251360382450772413e+00
1.104789065550912719e+00
5.974729955446125285e-01
8.329741270496301420e-01
-1.015251385858680244e+00
1.663110116115442683e-01
-1.384186827883525650e+00
-8.856075807090934005e-01
-1.092841834576387727e+00
-1.239709892183918916e-01
-7.669203372489740156e-01
-3.668598060991538068e-01
-8.326115869775203571e-01
-1.223139199857821602e+00
-5.810947204760760210e-01
-1.086500269020801213e+00
-1.411760225451182293e+00
-8.454371487698706389e-01
-1.164888292746615539e+00
5.249144176498599101e-01
2.264709258666471214e+00
1.546573860510084497e+00
-4.955679975099085421e-01
1.650525194352649994e-01
-1.402831307406827488e+00
-1.894285524084864392e+00
-9.795095750480189434e-01
-1.398194034811513387e+00
-2.916608322488498661e+00
-3.780179194835306955e-01
-1.200810980830421038e+00
2.573886616129834604e-01
-1.512383477377754915e+00
-8.310337297656040789e-01
1.232074889304804133e+00
3.447504035621037355e-01
1.922327810606705212e+00
6.507889126556424264e-01
7.600269523860884169e-01
-4.736721780606798493e-01
-9.758252689211195374e-01
-9.637186237894823648e-01
-3.509196763035554723e-01
-2.050720492542761342e+00
1.096273858964139647e+00
9.092536874297749705e-01
1.555261965524261214e+00
2.013255594282296279e+00
2.508138157856472983e+00
2.137388073674070910e+00
7.555050116194601539e-01
7.662600428142968267e-01
4.892424817484722910e-01
1.497624256057032976e-01
9.424667954538415993e-01
1.332943019566121823e+00
1.573872035151779203e+00
6.520582589351037184e-01
1.228783797554007684e+00
-2.332406744064097204e-01
-2.919187343801603607e-01
-5.744849420240044635e-01
-2.195587342397756991e+00
-4.947605990427559330e-01
-8.935461768693747642e-01
-2.388090804130686973e-01
-2.088355090518441592e+00
-1.547180386020837517e+00
-1.497169219994620271e+00
-1.609391965520202472e+00
-1.293844784933932068e+00
-8.030004361262912393e-01
-2.065686537012220825e+00
-3.435768907732996702e-01
2.134654235973787895e+00
9.460812778307681192e-02
5.032909303231924980e-01
4.425640552908225445e-01
1.513612996322832638e+00
-1.290906917690057165e+00
-1.159785112075486735e+00
-2.277810587829757871e+00
9.723940036852729563e-02
-4.942117956130506196e-01
-1.326246379457841407e+00
-1.387135044572737730e+00
-1.101855231069514440e+00
-1.992358509858878302e+00
-8.555625979988261687e-01
5.414830523676461560e-01
1.568450031645330256e+00
7.417361999738192324e-02
7.591087938662549606e-01
7.208259412991986359e-01
-2.301611136533409763e+00
-2.858611400451895435e+00
-5.729328262262138871e-01
-5.923691707274613139e-01
-1.186665862487224610e+00
1.416823948847434789e+00
5.674546275668349571e-01
1.792552346545189801e-01
1.047826801679557995e+00
1.155174814867155453e+00
2.124927708955393513e+00
1.914131820625302405e+00
3.176123781091210185e-01
1.729924485986748417e+00
6.218238098356024812e-01
3.063285055987771122e-01
6.076767165747110067e-01
1.424097135386019453e+00
1.141888683606298249e+00
1.802690043848897972e+00
-9.921753021224487545e-01
-1.018714846001938401e+00
-8.367170346359392719e-01
-7.886914677414554875e-01
-1.494751978041226836e+00
-2.407027917861182864e+00
-1.820614060459195827e+00
-1.384787232665979140e+00
-7.312438321638402572e-01
-1.848617427915764555e+00
-9.261814170000580715e-01
-7.906866746072626073e-01
-1.610573943669519892e+00
-1.463709930766659006e+00
-2.583923499215008412e-01
1.441178961608656106e+00
2.492409607295098528e-01
1.200771924519416167e+00
2.502667721871536521e-01
-3.937548505163102064e-02
-1.437847020071955972e+00
-3.611315503766132640e-01
-3.246908137127211269e-01
3.495096036873153178e-01
-1.087547448738333200e+00
-1.092735006641202489e+00
-1.095851692773618158e+00
-1.016901937913941012e+00
-1.391665854792434320e+00
-4.839930353188717227e-01
2.259204539052674932e+00
2.049489901512497880e-01
1.615820963304698932e+00
3.910440163781417899e-01
1.903074874527872051e+00
-9.318835584554803209e-01
-2.984827684048588781e-01
-8.536234848857758850e-01
-2.213140386182224084e+00
-1.052869413305052682e+00
2.542029210999957378e+00
1.225392139416067394e+00
1.296640037797424316e+00
6.900799980931877631e-01
8.553874976335326119e-01
1.162491545408324889e+00
1.676822657077376766e+00
8.158843528498906927e-01
7.826170665452585329e-01
1.332564410956233569e+00
-5.128196057491369864e-01
1.450145756552672527e+00
-3.562199473610234701e-01
2.426706947350918853e+00
3.642693330281178143e-01
-8.483033390954258790e-01
-1.143575755680979356e+00
-2.602643718522530403e-01
-2.162076933747614227e-01
-2.543178216054079677e+00
-1.785645087564418088e+00
-3.077810263881908259e-01
-3.019217560823693747e-01
1.836455615899106331e-01
-2.054256999132542560e+00
4.831823863853066392e-01
-2.130652712937976201e+00
-1.041919758242750627e+00
-1.710742646476054896e+00
-6.008166061846029748e-01
1.388606317881075913e+00
6.156422586210446024e-01
1.205940878315585829e+00
1.195940190335415654e+00
1.019420145027501112e+00
-4.159354611824500614e-01
-2.345150269066149651e+00
4.511774214493129431e-01
-1.555571846416265114e+00
-4.067501582442946129e-01
-8.327756240090331552e-01
-1.582082729792111842e+00
-7.909586306902233188e-01
5.100095202536683026e-01
-2.012906557682016206e+00
1.589799075182646959e+00
6.576481608433785153e-01
3.882131954721144140e-01
1.839060016426303790e+00
7.910939703814976465e-01
-1.205849998076839569e+00
-1.959298594760701562e+00
-1.946139748726683827e+00
-2.102055691417911154e-01
-1.028577342309282328e+00
-7.804066941896483645e-01
-2.541754108107687760e-01
3.414572826235584557e-02
-1.382258342061928991e+00
3.300156560689004870e-01
-1.154786253511554950e-01
-9.157511496053768463e-01
-1.612763702010033828e+00
2.789606860967055457e-01
-1.924633151661729435e+00
-5.911914251835959089e-01
-1.424190610215669617e+00
-9.955805377021006430e-01
-7.948035402827509088e-01
-1.346694790491407945e+00
-4.455165798971743030e-01
1.977361613701252407e+00
1.250657506633745975e+00
9.573100822406765964e-02
7.265976507375582205e-01
6.213629059304259794e-01
1.503464386807434439e+00
8.902337011335546002e-01
6.508265598286118170e-01
1.701813083358576950e+00
1.655900275230700380e+00
1.595018629986241887e+00
2.364856179907704359e+00
4.608225593320427471e-01
5.554514355155901750e-01
-2.532241193880608421e+00
1.876547151399430291e-01
-2.943462047150840810e+00
-9.587205105758758172e-01
-2.359036601490704932e-01
1.026467556893471134e+00
9.840987578302763383e-01
2.413301358648613615e+00
4.377935274719559899e-01
6.920208916309456004e-01
1.468077010583102471e+00
2.029750406223030712e+00
5.411281222640166311e-01
6.272684655508609097e-02
9.168461676842079022e-01
-8.370456435197151102e-01
-2.341014284892454445e+00
-1.415882752786256304e+00
-9.037007763233705360e-01
-1.247856250188943195e+00
9.215460740108181170e-01
1.287881110540434415e+00
1.254021119198285739e+00
5.109735258826297866e-01
4.479461119378698175e-01
-2.278064036639693590e+00
-2.099825552210508040e+00
-2.229788819258488708e+00
-1.763523674384351647e+00
-2.115167926021805478e+00
-1.580912392270130251e+00
-1.011176271067127264e+00
-1.969402561702640941e+00
1.123610272965292811e+00
-1.100482390133909361e+00
-6.713834532956308720e-01
-3.287264223023070864e-01
-1.809410505841664962e+00
-1.944400464328798206e+00
-4.853453333045777418e-01
1.090640533185059935e+00
9.319139996474024024e-01
-8.023196890184594032e-01
5.281008399005832077e-01
1.619981870104144850e+00
1.117693613229280292e+00
-7.633883290672671684e-02
1.818860695070106503e+00
1.560108929263228639e-01
4.692246168873906997e-01
9.297323128643504297e-01
5.596640499812762792e-01
-7.386643349770363187e-01
1.234226262492851278e-01
1.928380172679378113e-01
-1.737918675114960676e+00
-1.664924563795266987e+00
-1.651400260517123852e+00
-7.743818161596037752e-01
-6.050103000977172796e-01
2.770949641827309406e+00
1.906919753635395898e+00
1.813893073416908086e+00
2.987434963413762024e-01
1.401841052411816779e+00
1.239805883838152711e+00
1.086324751782480780e+00
1.257756198832655326e+00
3.468785414285038282e-01
-5.179500969985406655e-02
-1.880834237186263191e+00
-3.215450463255370428e-01
-7.112199426944223468e-01
-5.583872605971894609e-01
-5.414170850615136477e-01
9.390310231382823503e-01
1.884854997684729527e+00
2.250925648361372655e-01
4.153862573983635453e-01
-1.335372440439508424e-02
7.098589081816472079e-01
1.628521336476605352e+00
1.015930448643680428e+00
1.235543002369839716e+00
1.696210135070738811e+00
7.754881366667154552e-01
1.578577703953503164e+00
1.082005778945634322e+00
7.365855713512238223e-01
1.596305860476889382e+00
9.773238360750025056e-01
1.074685944413105831e+00
2.664252575120215072e-01
9.036920071419486389e-01
2.485092139443922932e-03
-1.084614567009380082e+00
-7.803276402773888787e-01
-1.749013411473004043e+00
1.519133282003315433e-01
-2.223975433395827039e+00
-9.504933554818344454e-01
-1.905290474545943802e+00
-1.642585288358372253e+00
-1.752587681603383851e+00
-1.907948614269972198e+00
-3.346174745888448321e-01
-2.048862521086166844e+00
6.042761378210514955e-01
-7.072629716110159226e-01
-1.240942576599046721e+00
2.507160415215436977e-02
4.649965308078772841e-01
4.292952915532219915e-01
1.647175625403078936e-01
6.265257404038663269e-01
-3.705083870889518405e-01
-3.080962102858136653e+00
-1.881950186555463311e+00
-1.249754262874371857e-01
-1.361572159085147504e+00
-2.177630877709225921e+00
-8.620060819891546267e-01
-6.779874990559591197e-01
-5.420017444849611898e-02
-7.061827044126960384e-01
1.287493742757510384e+00
1.304355705913655683e+00
-2.740137006032683509e-01
-6.180037133259741466e-02
4.463783781022653274e-01
-2.360102961870319316e+00
-9.342195344922229472e-01
-3.160122897276023135e-01
1.544090163878721889e-01
-1.123679723375013983e+00
-2.747706870507169441e+00
-4.367742339400455531e-01
-1.914366552434283442e+00
-3.048832416866009698e-01
-4.607354291393583878e-03
-4.150447814364669474e-01
-2.360459470730866371e+00
-4.525979283131986719e-01
-2.003009771705463127e+00
-1.517270550052502109e+00
-1.466498025443335962e+00
-4.678656938249804442e-01
-1.508465608699398386e+00
-6.168185106535447604e-01
-1.498513097837516295e+00
1.725016307054392461e+00
2.596347840452150058e-01
6.627613054914951451e-01
9.930180143765826584e-01
1.240275829786672501e+00
1.025125666834307836e+00
1.784419162409571769e-01
7.185314953183326026e-01
1.200138265358328349e+00
9.663691236691853703e-01
7.458457340969690819e-01
1.092643769891234795e+00
5.444516585245510187e-01
3.059511509004061658e+00
2.183168976516440374e+00
-8.965721620258733093e-01
-1.288776937131920874e+00
-2.423890851198471807e+00
-1.058802837220997439e+00
-1.065459571226899271e+00
1.856030289977926850e-01
1.089018002266514573e+00
1.090062255369681488e+00
8.876641294845596386e-01
1.537073303260185320e+00
1.431177726961588625e+00
1.371959333718867136e+00
-5.770078454328020356e-02
1.000059445672310643e+00
1.199744553882141629e+00
-7.060164361616432238e-01
-1.357031057686822084e+00
-8.797052616013868453e-01
-2.104316830370313696e+00
1.549894092109418420e-01
7.866821951691596038e-01
1.588698269976529520e+00
7.794044993483421058e-01
1.013687727260964566e+00
4.007397267165520027e-01
1.256578953509881469e+00
7.473415250796778819e-01
9.668088332012018116e-01
7.427204231803437029e-01
1.966459320189269500e+00
1.339058816504951954e+00
1.480341211869018014e+00
2.019732022652672931e+00
1.855598165567906577e-03
2.697773875853404224e-02
5.013438869850390667e-01
1.382272053830590597e+00
2.198966879573675648e+00
2.134606316565454520e+00
2.458016546690745319e+00
-5.126863617234040937e-01
-1.698780991673115581e+00
-1.094888363475639004e+00
-7.402819086974894436e-01
-6.561367889256162211e-01
-1.269961072245688216e+00
-1.808262644589560209e+00
-1.315021767033114131e+00
-8.004847231258969131e-01
-1.155870543208691981e+00
-1.108618532849526161e+00
-1.250106814436665825e+00
-1.526531734290984765e+00
-3.634144328007425928e-01
-1.038916098660376264e+00
6.551943631293466463e-01
1.265786989664367423e+00
-4.459421385458259834e-01
6.291082545887458632e-01
8.942002039762788623e-01
-8.651906494556865779e-01
-9.195822815368495107e-01
-1.662858769932325842e+00
1.764733900622467822e+00
-1.766885862858598832e+00
-1.297929310677380155e+00
-1.810609191643293370e+00
-2.107826710384105517e+00
-1.278634332786175998e+00
-9.393386409400973358e-01
2.186893926923341613e+00
1.445650831312414342e+00
2.000167100059804248e-01
3.480768274639388427e+00
1.723068051765023867e+00
-7.203187532736828880e-01
-2.225750243770558967e-01
-6.298835059261176372e-01
-4.440396413116168839e-01
-1.325728134555799187e+00
1.493943911853340190e+00
1.233850563481436291e+00
1.521540694447512720e+00
1.121449817732009802e+00
1.811289911020016685e+00
4.792122510073846264e-01
8.756990341135147959e-01
2.487657705983860712e+00
8.319349429239046856e-01
2.084503366924783663e+00
2.563783347753409991e+00
8.634644025173878745e-01
1.519396072698619982e+00
1.442600861478675833e+00
1.119748172970575384e+00
-8.958547804602868814e-01
-2.305031553963652780e+00
-9.772073618700709563e-01
-2.610356749178555980e+00
-1.061564647232578817e+00
-4.157117768681088954e-01
-1.870211958660674689e+00
-8.572419049552704173e-01
-1.586924059229636530e+00
-2.713501439016940964e+00
-8.649832642791330795e-01
-1.809118454171815049e+00
-1.221698339974159886e+00
-1.665980046862074015e+00
-5.528638003224358721e-01
1.116531578404985181e+00
1.164428609388283409e+00
3.613075443164080358e+00
2.061206471804531759e+00
1.184410315923839496e+00
-2.918258382972673814e-01
-6.072096785689932164e-01
-1.680626193583781625e+00
-1.809948472287018939e+00
-2.312670269039166726e+00
-7.465279705805770716e-01
-1.543008669959977652e+00
-1.297396945063769014e-01
-5.566682568997181058e-01
-8.428664556272768005e-01
6.948094046064813289e-01
8.239431292544414642e-01
1.469289577851721873e+00
7.975902610580194452e-01
5.940344683938235670e-01
-1.153188912491448725e+00
-1.440821177087937999e+00
5.214710943675537891e-01
-2.151652520486487585e+00
-9.387770123412582102e-01
-1.631935879111162668e+00
-5.601772733497386580e-01
-6.654214489683166756e-01
-1.959308533411331599e+00
-1.723512505971308784e+00
-2.060277618979116987e+00
-9.898258785783378144e-01
-3.879488343228383318e-01
-1.515068070089829799e+00
-8.231909832882348121e-01
-1.194701168429038951e+00
-1.148013299734918169e+00
-8.235519886794561151e-01
-1.027720713132544761e+00
-7.301739212677591517e-01
-1.144147321235620129e-01
1.279606698084248428e+00
1.079277762055710799e+00
2.715227837309427628e+00
1.232164763317806555e+00
8.596243324167663902e-01
4.809991790663139533e-01
5.750852037948885886e-01
2.358205468502397872e-01
2.058404983822556655e+00
1.294770102933497924e+00
-1.481839245813820760e-01
8.457416664252266347e-01
7.455653863811585458e-01
1.223618325491915959e+00
-1.726837139486525619e+00
-1.477659415251105113e+00
8.972321743781153103e-01
-1.201113033618190551e+00
-8.373020632424161835e-01
1.325520807381312949e-01
9.884278250391054232e-02
-2.916891022345595719e-01
3.716242884835772031e-01
9.183947044974872798e-01
1.944595003308432268e+00
1.465950726558602479e+00
1.480944937075223677e+00
1.387074067293397217e+00
1.460868855841768621e+00
-1.723611425971887323e+00
-3.386755902465220736e+00
-1.984605452261480885e-01
-1.409556662709770425e+00
-7.125127277159005734e-01
1.171573408659402293e+00
1.347215030637189725e+00
1.408277941315279280e+00
3.223991972665526395e-01
-4.280553156770487977e-01
2.031255847280470483e+00
4.504731015260168281e-01
1.094733353091880579e+00
-1.320980522516013167e-01
9.783501388256956588e-01
5.742199587958741747e-01
1.586798646391787582e+00
1.520683741377562237e+00
1.174633981485659451e+00
1.875995737766742888e+00
1.435345852477832418e+00
6.028672830668653226e-01
1.854014031110808869e+00
5.394972553956216554e-01
2.348355564767880210e+00
-7.359051036367428855e-01
-1.423737595481067153e+00
-1.279146456875974280e+00
-1.838197925448700865e+00
-2.185290109467409536e+00
-6.740337372769970026e-01
-2.029993556633200580e-01
-1.944481220358069917e+00
-7.837725368295005435e-01
-2.244893263093274527e+00
-4.725101145547905279e-01
-1.206644350634674900e+00
-9.097198114150208959e-01
-8.814736262914470988e-01
-4.751389111021904199e-01
7.447915421524097246e-01
1.214756133042246500e+00
7.037790332974283025e-01
-3.840690027780753191e-01
4.065005163279710176e-01
-9.862630191570652682e-01
-1.471583387754014982e+00
-2.169731351470726377e+00
-2.113719197510063097e+00
-1.801674354954470036e+00
-4.802297422561178086e-01
-8.569961292421474086e-01
-1.481913216149866486e+00
-2.807574383417557051e+00
-2.196622530187427369e+00
3.173297140578329456e-01
1.807749312291612842e+00
9.718081862893596101e-01
1.179973590585670973e+00
1.522234575566420833e+00
-3.279809101372982427e-01
-1.144406294483504505e+00
-7.984129722333391799e-01
-1.277259655536239880e+00
-1.077634127316884571e+00
4.831848952552942889e-01
5.724813843711997752e-01
7.920538854284595587e-01
1.185938426018795511e+00
4.294668284958029769e-01
1.109361526666211573e+00
1.393997669276945128e+00
3.708527498435270076e-01
1.253628063240107338e+00
3.902767010218518573e-01
2.067589201840715152e+00
-1.424218413434077402e-01
1.624365043356777116e+00
8.625074857051047150e-01
3.483119605548826048e+00
-1.801541016859454336e+00
-5.669185845601616425e-01
-1.846093747373735106e+00
-4.654277952598429025e-03
-1.834401514398716238e+00
-8.885250238805854073e-01
-1.574344480899401599e+00
-1.309446324634685910e+00
-7.287370942663073947e-01
-2.557078104229645099e+00
3.901068987696796331e-01
-9.930929010670889179e-01
-7.091990813902133706e-01
8.219804180378043057e-02
-1.512856471848159190e+00
9.925838633810015743e-01
9.660167046545785619e-01
1.276878382759119246e+00
1.160912875631605390e+00
7.117127037166777193e-01
-6.613728397352527377e-01
-1.804362513720088934e+00
-1.435730463011454905e+00
-2.069412696822272579e+00
-1.592218747140392576e+00
-4.288069246200845175e-01
-9.168338535819903212e-01
2.378375674030592801e-01
-3.892979435093884000e-01
-6.535525899194426502e-01
1.205013697036052100e+00
1.712952663139362341e+00
1.779005539769864752e+00
1.868994163071719061e+00
1.086173788344613422e+00
-1.541039610336328192e+00
-6.278281826990737002e-01
-9.123403110933989701e-01
-5.129581333809960508e-01
-1.610041984442722729e+00
4.297453339335289835e-01
2.008700093521538221e+00
2.121151398052784742e+00
2.114576195303428108e+00
3.763071380557980739e-01
1.618729565386634484e+00
7.469281555436263487e-01
7.284722506827030486e-01
6.033429041219837696e-01
4.582718346131557929e-01
-2.040823472478603406e-02
7.336761194454990420e-01
7.757157405266814632e-01
1.246058507798929460e+00
3.423738854033220314e-02
-2.706438558073230638e+00
-2.243371727475909516e+00
-1.966580784426389394e+00
-1.240610457747909789e+00
2.014672320124866189e-01
-5.587351214348301731e-01
-2.728510521594629701e+00
-2.926678483530176234e-01
-2.228302391933612014e+00
-9.542677128429882805e-01
-2.328069896994507948e-01
-1.284609114470159463e+00
-1.103241959921129167e+00
-1.012106461078250863e+00
-5.246100995436077108e-01
1.044859304161770641e+00
1.048402476709747067e+00
3.790253149281753720e-01
5.129835774885382893e-02
8.085749016836195624e-01
-1.340566638056012838e+00
-2.558857368539113608e-01
-1.893044568468961186e+00
-1.577256140203931123e+00
-1.459974567524951583e+00
-1.248525320998182364e+00
-1.135319592763659236e+00
-1.084740490608588237e+00
-2.817401536582218036e-01
2.266506136188772835e-02
6.806562806977277669e-01
8.075892584228518967e-01
1.599532153558306469e+00
1.710591889823476430e+00
2.334823624672452524e+00
9.744245901597112791e-01
-1.100274839074895983e+00
-1.142131325460178370e+00
-6.518024606955100664e-01
-9.716573694232326641e-01
2.937871241074668127e+00
1.227214098853705471e+00
1.554683045990196355e+00
6.971394748874724101e-01
8.151041527404272458e-01
7.802642794357796951e-01
1.252443328493599850e+00
4.841386459785446128e-01
5.650579819402945514e-01
-1.831791892915950459e-01
1.543765621636183472e+00
6.270182740801482080e-01
1.871744033436195664e+00
2.294064203648473743e-01
1.987469645569339693e-01
-1.420027176866016427e+00
-5.361756936686589148e-01
-1.342183960374203622e+00
-8.063349261469160423e-01
-4.167478905088983776e-01
-6.927912964362763493e-01
-1.410693075815142583e+00
-1.285174049475843905e+00
-1.553182054609463236e+00
-2.464555109987965231e+00
-2.046198129860401060e+00
-1.821632846271902251e+00
-1.766456262440886826e+00
-1.012303471920235287e+00
-6.010750571672144327e-01
1.222758968120056577e+00
1.593607596536714022e+00
-5.284217315108818980e-02
6.232731009314738113e-01
6.482483215326080295e-01
-8.015103568700547854e-01
-1.623485697133020267e-01
-8.439017700359688900e-01
-6.544619166979793734e-01
-2.032249744283437742e+00
-1.437593304412761563e+00
-2.633696159142957516e-01
-2.134154105200836149e-02
-1.338292052928252929e+00
-1.015433583094474512e+00
-4.495524103261483440e-01
1.251358375727815719e+00
8.528855057560812414e-01
1.901726913103659600e-01
9.649105719543185078e-01
-1.918461026601062214e+00
-2.145471562736485094e-01
-2.002343282344325459e-01
-2.557403421082219630e+00
-4.009354106176127308e-01
6.209647949102166109e-01
7.703021568903607452e-01
-9.874142785621647933e-01
-8.746884364938678491e-01
-1.827284622850883000e+00
-5.175972394122704268e-01
-2.075338833716309228e+00
-2.127538441809441849e+00
-1.489471139555842427e-01
-4.140382454659758960e-01
-1.959666211261399171e+00
-1.008709810246376515e+00
-5.108976149475719097e-01
-1.754526165472162891e+00
-1.343166524469706857e+00
8.122498139798707273e-01
1.666195284529029985e+00
1.401880549469132653e+00
3.443517938201097195e-01
1.889019396048740029e+00
5.188287060321259414e-01
9.112721356858648480e-01
8.222591330827776490e-01
1.376439917908735877e+00
1.639659136256547578e+00
5.579260322840621233e-01
1.964390915734764542e+00
4.022271102109370444e-01
8.238771650664356017e-01
2.856093051756162238e-01
-1.946341046858959256e-01
-9.611677311485700148e-02
-7.414920643166733605e-01
-9.737379535414381060e-02
-2.171343769462105833e+00
5.570531999953716173e-01
1.230704596174754473e+00
2.087226453754452926e+00
4.822042194020990102e-01
1.648578274374000951e+00
7.655715771939048953e-01
-1.413225373846818123e-01
2.111334801791932669e+00
8.984242010492013986e-01
5.889691723430557913e-01
8.051263661126957238e-01
-1.419584544037175489e+00
-7.657838671324028734e-01
-1.200924954600414374e+00
-1.430692685558977439e+00
1.363797986658249473e+00
1.042026119035726062e+00
4.778959380757670239e-01
1.805578403055747350e+00
5.999901809166866551e-01
1.121652022080380284e+00
1.416593493863631981e+00
4.221577531268139172e-02
5.268191250822731320e-01
9.226080511256398164e-01
6.560192059247181851e-01
9.678172564155440583e-01
1.195950834973110499e+00
1.816582314271109055e-01
1.278980778596753520e+00
5.580043141643130644e-01
2.116956713596425121e-01
1.293659148382227730e+00
1.296274870933629586e+00
3.470546283315812941e-01
-6.676061533627903888e-01
-1.276204132188692331e+00
1.931430008979300172e-01
-4.075366845696768436e-01
-1.213979302209662325e+00
-7.848949426782507732e-01
-5.107805280960372452e-01
-1.107317928916801142e+00
-1.782930633794266306e+00
-3.760924362835742496e-01
-1.328103075366694696e+00
-1.433063265732523739e-01
-3.249917525513923433e-02
-9.852643775466582987e-01
8.268352035628079300e-01
9.611098532069775047e-01
6.727935359247838587e-01
3.440185142969952592e-01
1.040912150986973650e+00
8.527212168685900373e-01
-1.890938280913027070e+00
-1.606151295850711813e+00
-1.091992189278600200e+00
1.051213928923733221e-02
-1.312590945118870867e+00
-2.104497566423362720e+00
-2.013581714379204968e+00
-1.676074028920724768e+00
-1.301790991675478848e+00
-1.267843695537630211e+00
2.030854765447952293e+00
2.025555206429035859e+00
-2.516950003583731110e-01
2.523243283046891605e+00
6.008182627766461836e-01
-2.091866635142274333e+00
-1.990387575640953921e-01
-1.859884801721600756e-01
-3.976804494747231411e-01
-1.587683699229183620e+00
4.467649873108707759e-01
2.165161456802925155e+00
9.207069058465695566e-01
1.070518142783343452e+00
1.204535297371067015e+00
1.603944264357036076e+00
5.398534215017107840e-01
6.287648549993271052e-01
-3.499262903545363734e-02
1.276290443482797077e+00
1.238800659590670428e+00
1.642813399783151773e+00
1.360840352211926785e+00
9.934644094314398766e-01
8.929563503154361870e-01
-8.839854946090475174e-01
-4.386886418478528338e-01
-6.695505915467228064e-01
6.368242915900397261e-01
7.024826381207676107e-01
-3.082899720597429116e+00
-5.863225584145337344e-01
-1.493995354349840543e+00
-1.190730329325560888e+00
1.282176417967555437e-01
-1.203955827557596336e+00
-1.814075151537475561e+00
-1.558308105011718681e+00
-1.213980688526779428e+00
-1.421311228910810520e+00
2.189047659649444366e+00
-5.169300323952663589e-02
5.268436624977165250e-01
1.204483035247250866e+00
2.170453243720434244e+00
-4.074978255221690659e-01
-1.166831611196560425e+00
-1.705111580942130223e-01
-1.087832815312713919e+00
-1.047441618437424671e+00
-1.229810669481209651e+00
-7.902871632918592182e-01
-1.657556356372098305e+00
1.042071261815258332e-02
-8.750316328362102158e-01
8.433653294808227674e-01
6.109034167892093414e-01
1.613730387139420408e+00
1.550345776624128868e+00
-9.678163716995960009e-01
-1.700541401373249162e+00
-8.073536168511170619e-01
-1.426884066678684171e+00
-1.192233491427847181e+00
5.618180384129161098e-01
1.211950113713254229e+00
8.119058892422896800e-01
4.100060198980112203e-01
1.807913961262631375e+00
4.676611858036631153e-01
8.112036988350318500e-01
7.578697297106541386e-01
-6.376587605149275362e-01
1.311823285798049188e+00
1.976527938008252550e+00
1.102062575847007730e+00
-1.845299882208288889e-01
6.197165831109088252e-01
2.091867651708280818e+00
2.213925704682298434e+00
-7.154271224522988915e-01
5.603281719338282230e-02
-1.053998770678582497e+00
-1.045256848743302047e+00
-1.427676269200355064e+00
-5.158657814747353854e-01
-1.829938764285095054e+00
-1.651450769399914975e+00
-9.349972248281057663e-01
-8.246275700700123057e-01
-6.569153202447901574e-01
-2.368949572753397792e+00
-1.420622256305503761e+00
-6.080814062497063022e-01
-5.652261872983108670e-01
1.314419114364106633e+00
1.017261215899600835e+00
2.034870913218043142e+00
1.348218689543713378e+00
3.034667442941890725e-01
2.298100188619933704e-01
-1.166685304699098813e+00
-1.807683937157856802e+00
-6.717384331535567465e-01
-2.374717369038337189e-02
-1.149277094434563828e+00
-2.213809410887096263e+00
-1.322245894280387857e+00
-1.015926872412092230e+00
-9.840455656935509499e-01
6.322405385181533166e-01
8.616470697449276628e-01
1.179002765024243615e+00
1.639277833585046862e+00
1.325306031291868525e+00
-3.029224981510534764e+00
-6.103461762619035724e-01
-1.427177313965881433e+00
-2.122792904805827163e+00
-1.235016328046319334e+00
8.641337409852294371e-01
-6.445930138304121204e-01
-6.205033178223695600e-02
-2.836297166519963220e-01
-1.031698710574314726e+00
-4.776015646590815455e-01
-2.026423326483600462e+00
-2.393228644171413677e+00
-1.126913596873459156e+00
-1.500925405796852630e+00
-1.104240156174701726e+00
-1.169173270739975568e+00
-2.354354269523365240e+00
-1.746465428910234374e+00
-1.797332643779653072e+00
9.916482152816440410e-01
1.296156771568956589e+00
1.425773419943302533e+00
1.200526020858126541e+00
1.095082163383614304e+00
4.406499651591633260e-01
2.739011929454650662e+00
4.662846326819495291e-01
9.521130856490724881e-01
1.050966309977019231e+00
1.551038414914531538e+00
1.006237124955847273e+00
8.384290119605840585e-01
-3.884798618783262825e-01
2.038042439730483935e+00
-6.730823915332537766e-01
-1.757332622764098184e+00
-1.355398580467052083e+00
-1.244072037086938254e+00
-2.734445717116124719e+00
1.035381088196978938e+00
1.161907483130992125e+00
1.346710171252428534e+00
-2.338596200151170645e-01
1.673855738666294446e+00
2.662213462699183353e-01
1.178558045211041350e+00
1.111197955269911386e+00
1.229513639742057629e+00
1.927459384703986700e+00
9.138563712327796296e-03
-3.246169414745646575e-01
-5.451127506993114213e-01
-8.481768136455187790e-01
-9.195500697786020972e-01
1.421258989160308905e+00
6.797920091675235810e-02
1.683834912460135502e+00
3.024829377517213036e-01
4.401502007034279185e-01
-3.396993639923373554e-01
-6.253965856499268394e-01
2.261663657814223516e-01
-1.813876023644745095e+00
-1.484524152024472521e+00
-6.055333052845761621e-01
-8.946129428435560804e-01
9.125060187347533436e-02
-7.189004159610248301e-01
-8.665360758323087387e-01
-3.007234106576210930e-01
-1.297874104497574788e+00
-1.446131914926128248e+00
-3.265486567784006589e+00
5.957754034379947328e-02
1.637538908018385531e+00
1.969450261754701614e+00
7.911764484661227836e-01
1.087502678030947134e+00
-1.545759385369115613e+00
9.513076385618733921e-01
8.340884374607346885e-01
2.711888391731474002e-01
1.438385103634279183e+00
1.246411383968453856e+00
-5.986728933611062953e-01
3.199382385295418407e-01
1.272158628387508816e+00
4.562888570202352501e-01
6.539450213458346539e-01
-8.615564216344084869e-01
-4.129163174909505907e-01
-9.125318632808712138e-01
-1.365949925866982939e+00
-1.867652972030249492e+00
1.786155463935199306e+00
7.469197156298892359e-01
5.308738762592476457e-01
5.595641020635686580e-01
-2.906158317243101585e-02
1.221428528446987904e+00
1.377835148832481593e+00
2.968704203558156784e-01
1.063448804431706307e+00
1.082629826070317325e+00
-5.205615463349957395e-01
-1.395803353573616068e+00
-1.468662945211816950e+00
-1.654607576715570572e+00
-7.096139473065972147e-01
1.189200368386173601e+00
1.649530250965624667e+00
2.166557937100805020e+00
7.171370645917819475e-01
8.678931719986766602e-01
1.590340000610196425e-01
1.810430209532881252e+00
7.422387571383738392e-01
1.763873845374690497e-01
9.335558284698219911e-01
1.072030567239595111e+00
1.006905708242777031e+00
1.127205488286161961e+00
1.373352107788882392e+00
1.284082718251465582e+00
1.880036569110008049e+00
5.333631407434985539e-01
2.028685005552646192e-01
7.338234203557963964e-01
5.153942258956288880e-01
-7.565002512924901001e-01
-1.519913068919977128e+00
-2.154894794808820180e+00
-8.130454553831174547e-01
-1.671579768639677388e+00
-6.301517851463405151e-01
-1.601305590638755660e+00
-2.092255738824089217e-02
-1.302759150213855577e+00
-4.127989234931485063e-01
-1.324888027651460298e+00
-1.458367550017626080e+00
-1.556641567328855391e+00
-1.345026348982403031e+00
-1.139253661625547309e+00
7.553216075860225143e-01
1.513337494849783305e+00
1.879926545317099240e+00
1.147359797183622021e+00
2.158169995184463508e-01
-3.214753096533718990e-01
-1.161013559716955967e+00
-2.263527455618432604e-01
-7.804509675962620907e-01
-1.038538019077074326e+00
-7.558942429220083525e-01
-1.246781039809492730e+00
-5.765168067740722435e-01
4.415268349430159223e-01
-1.294435098025943143e+00
1.098243489417187746e+00
8.496070743764341238e-01
6.383139410639397937e-01
8.262654717687756278e-01
1.714963676373921553e+00
1.299573416535781956e-01
-1.092362831022280378e+00
-1.252230095190218773e+00
2.493913922573731679e-01
-1.700755772455154080e+00
2.182825974685473902e+00
1.352305197405987647e+00
-2.028140890658742812e-01
2.007447169412022170e+00
1.152920501481973892e+00
1.808760553714268582e+00
-1.978866042140043913e-01
-1.088226304940840272e-01
2.948343335408710741e-01
1.367813139991598037e+00
1.981854391745065502e+00
5.044069170109364286e-01
2.015844442757841470e-02
9.719379232598074347e-01
7.465781001009650364e-01
-2.180413741475430101e+00
-1.463265428978808513e+00
-6.757504907237306124e-01
-3.943623006113294860e-01
-6.274873913581302531e-01
-1.007233911154426620e+00
-2.492552681141225968e+00
-1.458436854199596455e+00
-1.193559982291613863e+00
6.872553914015497867e-01
-4.999359950163408950e-01
-3.377402173422346943e-01
-1.532455047993734665e+00
-1.059316905229138461e+00
-1.201917689554810043e-01
1.097976412399314317e+00
9.193609073799069442e-02
1.122308292222505832e+00
1.236644218839509923e+00
2.038545945697190831e+00
-1.549989098087589001e+00
-1.301156822617426156e+00
-4.822665541018464896e-01
-1.132534376675881305e+00
-8.059678206801899059e-01
-1.532850810160982791e+00
-1.689268001459409030e+00
-1.305352832187206547e+00
-5.585563593532998361e-01
-1.144231875112294183e+00
7.175247803863926688e-01
-1.435417470214135349e-01
1.974957284563914284e+00
1.513463517635144306e+00
1.284474549181006564e+00
-9.556947175876874256e-01
-1.702713301615514485e+00
-1.942167518885427935e+00
-6.451492480638277849e-01
-2.846741046173061118e+00
-6.835065152635160235e-01
-6.660252809718919531e-01
-6.650506204947483901e-01
-2.436565740566016824e-01
-1.364658105638997920e+00
2.186911696479389988e-01
-6.586969682338856824e-01
-3.918066638375530264e-01
-1.330262258307467915e+00
-8.015350406473313871e-01
-1.936152069817638655e+00
-2.856941769240283202e-01
-9.135172650608411882e-01
-1.454551170464244869e+00
-2.037531964730260325e-01
1.033661776466201943e+00
1.169774370184555989e+00
1.353315259066195431e+00
6.279923502950056635e-01
9.221808675782844356e-01
1.460835568618999769e+00
1.785577967238171748e+00
8.035076723212921657e-01
9.833873114026445705e-01
2.395850336524600888e-01
8.091251756915186499e-01
2.252077826433047658e+00
1.033107451807488530e+00
2.116605252310097995e+00
5.970059039730366557e-01
-2.711237403751203701e+00
-1.253903262611951508e+00
-5.846479090322305172e-01
-2.213650077302981689e+00
-2.132196618407606881e+00
1.788554454928635407e+00
2.224786127376448874e+00
1.313103675402612192e+00
3.643860512493336534e-01
3.805015033547520797e-01
3.568557364814306521e-01
-5.882926275650031123e-01
9.032806893273647164e-01
7.446134118222070830e-01
1.062524013191754158e+00
-1.300687537279311190e+00
-2.737255747738632561e+00
-1.600312459726286995e+00
-1.461056949184420972e+00
-3.750465028384505350e-01
1.192648308672080715e+00
5.951470536252202459e-01
5.670627570421358232e-01
1.316486269540938503e+00
6.585113336112295990e-01
-6.183351699316932404e-01
1.329780882239861795e+00
2.691879161501122830e-01
1.768293849703192810e+00
1.582124022235418703e+00
1.147637892980645224e+00
2.871342478444763202e+00
6.724916093625337155e-01
2.996467065814061748e+00
1.107650499442593528e+00
2.504398203046576121e-02
-6.350490380878692775e-02
4.306960815038938239e-01
2.007963135289918544e-01
-4.511984367806674001e-01
-9.232053254326422209e-01
-3.102225596975360933e-02
-6.445927264565164405e-01
-1.523251886678781863e+00
-8.264202164081710933e-01
-1.454619550986929744e+00
-9.757170882273022983e-01
-1.090947938063758116e+00
-9.843160628609961549e-01
-9.483788690264278731e-01
-2.084718438473528224e+00
-8.279186059008433185e-01
-2.229947176084721594e+00
-6.975720714027877634e-01
-8.993680082774622164e-01
1.077423383181467242e+00
1.089514691296597171e+00
1.799646615305372066e+00
1.794373033476919455e+00
9.091978023610178816e-01
-4.543684655548511087e-01
-8.056306566776609834e-01
-3.346900354585111703e-01
-3.437321513250708449e-01
-1.117268296038317121e+00
-1.353550848723822364e+00
-6.351915940813784855e-01
-1.856054141075364816e+00
-7.442968479816730598e-01
-2.420010172775139967e-01
1.076324517924393875e+00
4.109198534444447048e-01
-3.498927267380567141e-01
4.652892561107352387e-01
6.848125518869543349e-01
-1.532848961903327645e+00
-1.608943647695189050e+00
-2.568193374795369799e+00
-2.152406837922157923e+00
-2.835810419608354449e-01
1.740290010819138811e+00
1.462781600141592753e-01
7.267932203433589144e-01
1.190760954749623846e+00
2.293063315113442968e+00
4.545395591866102647e-01
6.448143099947902801e-01
1.671795674785303332e+00
1.030209516244692702e+00
1.238020456675504422e+00
1.156605852644183585e+00
7.607772236164278556e-02
5.742055881771237491e-01
9.973430951915194242e-01
8.522885781518882986e-01
-1.604512882285473729e+00
-7.307713976928567057e-01
4.019322977410704212e-01
-9.535117717780692281e-01
-1.248615766774787028e+00
-4.051974043174128015e-01
-1.209000186674743293e+00
-1.100676436793405655e+00
-1.253177902303176161e+00
-4.891169147107882198e-01
-9.623568982035239916e-01
-1.216814033116159210e-01
-9.961478268400404401e-01
1.474612231111831484e-01
-1.612824880786376536e+00
5.963023733784202918e-01
3.854258968634958205e-01
8.980703273891998961e-02
1.270104590229821362e+00
5.701488901384068608e-01
4.016921834486224530e-01
-2.142304434182622064e+00
-7.906485484621071924e-01
-1.393800635948042377e+00
2.570854257039969504e-01
-4.396686431172760479e-01
-4.249488846734090775e-01
-2.353052329578178892e+00
-6.396686782886917833e-02
-7.840385302637453702e-01
7.124103262820343785e-01
-2.091806318902844630e-02
7.175629324994470259e-01
4.963297843192688852e-01
1.998966608895184294e+00
-4.431535421863834756e-01
-1.391295828812845858e+00
-5.868182758053231973e-01
7.329829115383255100e-01
-8.985588378487083805e-01
-1.414976643497757092e+00
-1.945464751486339239e+00
-1.772775005759462230e+00
-9.151948320771374767e-01
2.213428213428212388e-01
1.526852269617431368e-01
-1.233193885149993285e+00
-3.519478100771489260e-02
-2.296364105976232750e+00
-2.010968351197708781e+00
-6.715423599985160807e-01
-1.337731043226145555e+00
5.108072959436913418e-01
-1.740415205791406628e+00
-4.597265086752825303e-01
1.207407380885217929e+00
3.466095739656454011e-01
2.186870543520528010e+00
1.787762688746356909e+00
1.569398290825613218e+00
8.520272493758312971e-01
2.514052214825477360e+00
2.327566245607718187e+00
2.710478020412836475e-01
1.448876460166401703e+00
1.452292791068562572e+00
1.053882133319437697e+00
1.384557796674471319e+00
1.081729384657417414e+00
-3.595364474956297407e-02
-7.588816501872798215e-01
-5.696823125482042283e-01
1.007456080098005913e-01
-8.256145215318795305e-01
1.495284544661945603e-02
2.108660963796750387e+00
1.911466325178883263e-01
2.955931482641772634e-01
2.536812715173630828e-02
5.871632928962660092e-01
1.445578834654501765e-01
2.225698737973198504e-01
8.862382336866538868e-01
3.443917440554126186e-01
8.454546147323329652e-01
-8.847350806817135815e-01
-9.690289429993409476e-01
-8.589680016446072930e-01
-1.660064751680016659e+00
-1.307162410374740791e+00
2.834413360261804904e-01
2.423246111611164100e+00
4.748182138763259452e-01
1.212717677535999128e+00
2.095525851032142395e+00
-1.301867190988641898e+00
-1.719139102853378676e-01
-1.619784243556072978e+00
-9.650142690333418649e-02
9.614789487085939612e-03
-2.588662242415775250e+00
-1.321991902852330814e-01
-8.284072007201219723e-01
-1.443789733748169102e+00
-1.769796631923055363e+00
-1.336656072907084880e+00
-1.798158396922304725e+00
-1.685184478700814115e-01
-1.821572462695434602e+00
-3.619944879337037014e-01
1.167722716281819340e+00
2.144783910582705566e+00
6.731363696325471935e-01
1.694283652797938799e-01
1.452911625080401503e+00
2.742719414297222436e+00
1.499725439030046292e+00
5.617333375191286837e-01
6.594731035513925477e-01
4.051451667198571194e-01
4.344617246356587970e-01
9.428259788607727954e-01
6.902193708069703781e-02
1.212880126004628023e+00
1.828849766968934754e+00
1.389502564386722039e-01
-3.831227357030561054e-01
-1.074047281802016363e+00
-1.660686070924641378e+00
-5.913091242995434094e-01
2.758014469114994371e-01
1.850740837459653454e+00
-5.172675121642633655e-02
1.911275206354730249e+00
1.840886280970123190e+00
1.317343008689401351e+00
1.101726448301274308e+00
-4.136965908938028402e-01
1.224233593988303337e+00
1.045465640947465413e+00
-1.571196620925839893e+00
-1.592020037115997599e+00
-1.106755577124873602e+00
-7.320810507514265986e-01
-1.082428107144880247e+00
7.288244394567914286e-01
1.309635829606117685e+00
1.542241673903889998e+00
9.879445796129316948e-01
9.092778835678198002e-01
-2.037204340470927910e+00
-1.356848407544340329e+00
-1.459730652132907647e+00
-1.755150729098038376e+00
-1.850093648359870890e+00
-1.834807911420500703e-01
-1.214379357123282377e+00
-1.268278744254195400e+00
-1.434692550545885847e+00
-1.111414690820705653e+00
-1.573490194764030514e+00
-1.312080116246608696e+00
-1.597443735309604040e+00
-1.948163601907142883e+00
-1.262748876367178363e+00
1.881796446157840697e+00
1.055411134541360374e+00
6.582140341613806900e-01
5.553042467927676862e-01
1.230471462186984333e+00
1.527741909324405345e+00
9.493988176433143522e-02
-7.874377795385814061e-01
9.965927080104427516e-01
5.409524001865482212e-01
3.083230452443674441e+00
3.052891596476560387e+00
-2.915491892755397441e-01
1.673626466113306677e+00
1.146217635297481774e+00
-7.866837051864746799e-01
-9.345278549684146174e-01
-1.373951726308793031e+00
-1.651103982115396107e+00
-4.538056710158776541e-01
4.203067432023466221e-01
1.143654818406311335e+00
8.516289568121091502e-01
2.398582838812912232e+00
-1.874167658928140856e-01
-7.998615830771971247e-02
1.752953738163829156e+00
9.109840507160159584e-01
9.783670925928724671e-01
-2.729791768854634704e-01
-1.747160713597331050e-01
-1.928703164722245234e-01
6.885996965504557199e-01
-1.146500005219547758e+00
-7.723050143319942773e-01
1.023084066836376316e+00
4.390116424472865209e-01
1.655213165868162584e+00
2.283504308697914542e-01
1.188462965664383031e+00
-1.609498047200383919e+00
-2.286075587187317293e+00
-1.402163610929188176e+00
-1.335044882549166978e+00
7.800200426095504902e-02
4.532325331895123988e-01
-1.242219427639305707e+00
4.623562042777558112e-01
-1.010129498501765033e+00
8.778100934250754328e-01
-3.255569166155816152e-01
-1.014010883691327747e+00
-2.079132848035546210e+00
-1.309767245847249573e+00
-1.915160201081357982e+00
8.380115386470976535e-01
1.172847260551970416e+00
2.245765732087078526e+00
2.283226589862674683e-01
4.812989218817655956e-01
1.863782060984571221e-01
3.724788169013540928e-01
1.002567685419600840e+00
1.169704775324915680e-01
6.887970836659750296e-01
1.039192465959606793e+00
2.359069462554139740e-01
2.858140993303164290e-01
8.333468001637036604e-01
1.278958355710280159e-01
-2.412693842232502384e+00
-1.463165835955547944e+00
-3.885131747878594055e-01
-3.396538592054007655e+00
-1.294775885782147640e+00
9.114871021006045737e-01
4.176727817123752073e-01
2.554482245813503027e+00
9.273739021600352350e-01
2.426319913833546948e+00
6.707345673409561559e-01
2.176507083327980929e-01
1.396589071479963584e+00
5.961310979469058857e-01
2.915543047769952878e-02
-9.537271429508737963e-01
8.153018115313153125e-01
-1.017169012702134667e+00
-1.368222403762385131e+00
-5.800396550984110444e-01
7.185255085443703615e-01
2.300920836713701512e+00
1.769134956940957348e+00
3.269223603342028550e-01
1.369702959831267997e+00
2.196623975518809946e-01
1.946065185702075206e+00
1.008943584733517529e+00
1.177039990727315688e+00
1.328627899784753374e+00
1.721003926288929398e+00
8.352748651980071992e-01
1.249227412404915860e+00
2.799038225129368840e-01
1.941805357814749833e-01
2.240235102646883636e-01
1.215292928776559922e+00
1.042284427843863659e+00
9.617489684359490365e-01
-1.104205082310420138e+00
-1.363350103716571393e+00
-1.389701168275864873e+00
-1.574916357801540823e+00
-1.241683634936403990e+00
-8.595130967915560749e-01
-2.418262396282015114e+00
-8.690082118965924973e-01
-1.008462136755289063e+00
-4.242295488325107389e-01
-2.728605926707251550e-01
-9.244123348601542833e-01
-7.583209144083349340e-01
-2.029044520630076232e+00
-1.750787366584885207e+00
-9.908786863069073414e-01
4.901736903729523309e-01
1.905124421522410572e+00
3.242833736342589646e-01
1.015498639817796978e+00
1.265504859752689448e+00
-1.306256346752538544e+00
-2.688202059938443744e-01
-5.209468298613433301e-01
-3.063993903501615046e-01
-2.507315330102929174e+00
-2.805862155720431517e+00
-1.138685239474302557e+00
-2.556098111775676474e-01
-1.004153099483169553e+00
7.701112203498805542e-02
1.814925113828507630e+00
1.906934763667142985e-01
2.446465484718998162e-01
2.248271909194059504e-01
3.841361264708723633e-01
3.062823971313051175e-01
-1.537708187625002276e+00
-9.827914917996704025e-01
-1.572129692418522406e+00
-9.944926988925111289e-01
-1.455652682283336441e+00
-9.530563375830515271e-01
-9.925172317266921507e-01
-5.152309891346340542e-01
-1.039534562655834771e+00
-9.163293423341634103e-02
-2.449790874273592767e+00
-2.712082310665142160e+00
-1.262221892648799138e+00
-4.610188554184249110e-01
-6.388946474101464545e-02
-1.122371606705730329e+00
-7.131958947120511372e-01
-1.374092199384255641e+00
-3.413110549030309304e-01
1.144349980240982445e+00
1.633221165079030923e+00
8.847295842680042988e-01
-2.666750269734996515e-02
-4.713984132851356534e-02
-1.197177171628416303e-02
2.636650073806817041e+00
1.716806355757935165e+00
7.891917356254214422e-01
3.504299265342981640e-01
1.595044642245932787e+00
1.545913969095800145e+00
-2.301886377432884601e-01
9.361161169382382630e-01
-1.237470534491250884e+00
-5.579291630549503278e-01
-5.900282098501360428e-01
-2.294717980861985751e+00
-1.829741793452386300e-01
-2.209831603114291276e+00
6.691228283850836345e-01
1.183816971019640452e+00
1.571328898098678151e+00
7.544591247851450966e-01
7.310403693692065774e-01
8.062696794722379323e-01
1.538313013346409797e+00
1.469176216550972747e+00
8.866216508878221880e-01
1.112955226770237838e+00
-1.747097707910941544e+00
-1.564394892704286999e+00
4.684928591652044449e-01
-1.119714910333818203e+00
-1.159691721841868750e+00
9.038552835197883883e-01
5.920010033458974474e-01
8.685514797954805299e-01
1.008714096465805454e+00
2.926821135650685690e+00
8.396306391510076628e-01
1.147379851796468619e+00
1.577727641478503973e+00
8.777204768803416046e-01
1.174869559613975323e+00
1.339923705536176790e-01
7.018229761662455601e-01
2.232382066738187731e+00
1.627357035034013633e+00
-1.254093643088138865e+00
5.042783701733501989e-01
6.581184124401293634e-01
1.148604939420180049e+00
8.728271944959842266e-01
2.297162017201014095e+00
-2.644956904304336387e-01
-8.840913006337605129e-01
-1.204440192938685650e+00
-5.792296501459193170e-01
-7.233769886038557972e-01
-2.232656417418666939e-01
-5.988660432735456451e-01
1.615963175028503063e-01
-1.234886001532415012e+00
-1.155470301686795542e+00
-2.507919388529675775e+00
-1.456683631907115029e+00
5.847120234821219231e-01
-1.121460302865173286e+00
-6.414282758097423764e-01
1.344324701513990306e+00
-1.401832759367270587e+00
1.354941641822368092e+00
1.986210067168496352e+00
1.686950671176561167e+00
-1.068531912481039958e+00
-2.820480098188390627e+00
-1.063526251021492230e+00
-4.662169288854863813e-01
-7.882943892877244396e-01
-2.309578605974020427e+00
-1.592392753335468480e+00
-4.062032925523492155e-01
-1.741059049991573016e+00
-3.719442650341212575e-01
6.301322420770327781e-02
3.020747340676856130e+00
1.305612148118612481e+00
7.484612155469557715e-01
7.959217273114073121e-01
-2.002256936329073866e+00
-1.000157634544566632e+00
-8.391341382406130034e-01
-4.103660669546072004e-01
-1.086078171511739798e+00
3.692044912841550008e-01
1.277309727229940073e+00
1.066386407673418857e+00
2.386065825249308325e-01
5.849822692090556053e-03
2.535590389313855386e-01
4.908643785986704922e-01
1.469045407455607410e+00
1.385414037629001616e+00
1.762793621611195238e+00
1.283807326210272937e+00
2.120288562312852232e+00
1.202657056154668558e+00
1.659442242957803959e+00
5.696401755006150758e-01
-2.024521140640038297e+00
-8.654225164301121431e-02
-1.054449943751378793e+00
-1.138811728833599046e+00
-1.042505352413036768e-01
-9.057391423480460890e-01
-1.024588121364528481e+00
-1.120547742748208897e+00
-1.090087430962021653e+00
-2.193732874761561646e+00
-8.119205985487146782e-01
-1.871489279138142336e+00
-3.331596121610047589e-01
-8.022791477428716789e-01
-1.259826721248270776e+00
8.949921733933702273e-01
1.594713465817743536e+00
7.103598282989729285e-01
-7.330624572151094309e-01
1.130987028681388118e+00
-4.088194024094171652e-01
-3.360442354694347378e-01
6.686802049383682167e-01
-6.534003490425792648e-01
-8.300620478552209747e-01
-2.875349053410943823e-01
-1.908147702654338307e+00
-1.180585227167005868e+00
2.375830771274423103e-01
-1.621794081477864635e+00
1.749431808181360015e+00
4.023148643597540541e-02
1.156312891623492822e+00
7.059736887079233192e-01
1.300234279839588503e+00
-2.636535355854695561e-01
-4.540373107582826862e-01
-2.936854791174496881e+00
-1.367054983454623063e+00
-4.054587154151463313e-01
1.741869291031248324e-01
-1.099184098100490559e+00
-9.983506430311095414e-01
1.774507607559528743e+00
7.073705237510737875e-01
1.732236204868718543e+00
1.668194342919579576e+00
9.602369386966255194e-01
1.877038787596483127e+00
6.241794882681700463e-01
7.658842928596343302e-01
3.789724459465134698e-01
-1.747731262047969025e-01
6.467509420698415168e-01
1.910026440990189034e-01
-6.952336351170004258e-01
-2.156823314748681497e+00
-5.457427706338000561e-01
-1.373167951884085580e+00
-1.465784415802768637e+00
-1.144435399253542096e+00
-1.119496360759459908e+00
-1.025392837630730858e+00
3.883442854493135421e-01
-2.576516338149200003e+00
-1.277491560943149640e+00
-6.113367156638480626e-01
-7.998007150766690554e-01
-1.897492986531031267e+00
-7.541605076294244370e-01
2.786346758604008045e-01
1.892136871689731326e+00
2.432787891684173864e-01
6.695887295887255064e-01
5.810015892775425295e-01
-6.415389407270493116e-01
-1.648548321500016733e+00
-3.650256169558119268e-02
-6.429317752395994345e-01
6.967881646209077573e-01
-1.230244021200064264e+00
-1.215649933337943134e+00
-1.723328572188921104e+00
-3.885114447559705475e-01
-2.104241261018392262e+00
7.266629261548189778e-01
1.171381937757477010e+00
1.103489478330178297e+00
1.834984058418789088e+00
7.652562875701414136e-01
-1.407992913771686894e+00
-2.081264963012046998e+00
7.855991082179776264e-01
-1.051712693719459635e+00
-5.600144584191778518e-01
-9.052111079137223904e-01
-1.075256955849237306e+00
-8.647790909182189178e-01
-2.998304932225578368e-01
-1.238774772267396740e+00
-1.581207817798453874e+00
-1.072548717745499980e+00
-1.812609587079898166e+00
-1.083004278513560514e+00
-1.609447037512029555e-01
-2.067577542139846791e+00
-1.741853729573930032e-01
-2.070896117676556791e+00
-1.164278513848863605e+00
-1.118687410474023425e+00
9.430280101217741739e-01
1.311170122192754972e+00
1.680579532490598993e+00
1.054187622927344803e+00
1.114166830341698500e-01
8.666478077990555917e-01
1.638064883348401946e+00
1.997699017639651409e-01
1.340694455991682688e+00
1.547327094688446092e+00
1.587221533463088807e+00
1.557780252363204498e+00
1.105977690991386764e+00
-1.416198007758815436e-01
-1.624576100321468708e-01
-8.394042184958925290e-01
-3.115805525476408100e+00
-2.427086851264771639e+00
-7.925232703573499293e-01
1.686858138380618044e-01
1.427138952332400512e+00
1.189595617914333214e+00
2.198250582199891667e+00
9.380045047135486813e-01
1.979137753246949849e+00
9.311191485288548009e-01
1.431176780683121041e+00
1.923641151486048528e-01
8.590419638561573867e-01
1.637651782219438523e+00
3.627858281003182306e-01
-1.222599957502890744e+00
-5.224351782045146830e-01
-1.363225117035865352e+00
-6.794175987545214568e-01
1.248360394928873740e+00
1.227780623723817133e+00
8.143768446020367424e-01
1.074640687575250553e+00
2.309972553939889650e+00
2.054393046712512216e+00
1.233440046412572100e+00
1.247042701092750505e+00
7.008764553235016237e-01
2.984093403002290312e-01
3.563937351653820862e-01
1.214487888593343667e+00
1.774072786706095251e+00
3.584327471689507938e-01
1.160922134521896742e+00
1.271889445168018273e+00
2.132778529435240600e+00
1.743842868553591163e-01
9.968412912471409371e-01
5.544948077179338020e-01
4.720542061605748074e-02
2.125878059644863427e-01
-1.706018907654386352e+00
-7.990013351620571802e-01
-9.887920607153081187e-01
-6.042001524424931436e-01
-7.880501004433325685e-01
-2.292941974708504915e+00
-1.519797514301355346e+00
-1.700829084009695569e+00
-8.560494487527597895e-01
-3.287313175115138542e-01
-1.199333404732542352e+00
-7.901308566615975471e-01
-1.221497409578474969e+00
5.187853816341109203e-01
1.017351524527992934e-01
-1.351849824261408539e-01
1.535991385935927767e+00
5.486060641349391753e-01
-1.656973949149772807e+00
-5.565319485757969087e-01
-2.176370115470809274e+00
-1.621936364681719978e+00
-2.062348734477736034e+00
-1.011641077418437007e+00
-1.091396166590192340e+00
-5.084118172374681999e-01
-1.180175119992556532e+00
1.424269767871597647e-01
1.983740434197326374e+00
2.168453809152601774e+00
1.814222761062237010e+00
3.608664541169986917e-01
1.110116839864365712e+00
-2.047017909090385057e-01
-7.161799414119894847e-01
-9.201594982263564537e-01
-5.815800653404187281e-01
-9.394507089195904825e-01
1.927201862551559675e-01
1.808453634423137668e+00
1.065286672583845018e+00
1.058299177008276359e+00
1.314952075001162068e+00
9.236496339398205802e-01
1.118206921292152822e+00
2.384998334476922111e-01
7.479528320560286936e-01
1.004504269575460018e+00
1.400692634320338303e+00
9.027088924837675110e-01
5.924617708924365678e-01
1.344187477814501319e+00
1.077075102487492719e+00
-1.158706837646322541e+00
-5.679284867359735145e-02
-2.095156184077731965e+00
-2.253198105793026151e+00
-6.994448177956861246e-01
-2.155737757461410276e+00
-5.574760905076870943e-01
-9.666420377178540635e-01
-1.830558991522305279e+00
-9.662684982139850831e-01
-1.156529906179142753e+00
-9.290228749204612058e-01
-9.517803327418729031e-01
-1.998422148296171708e+00
4.661176423521007361e-01
9.855048010611603404e-01
2.192181961395309742e+00
2.282921584803154769e-01
-2.039496379102128110e-01
1.713543446013438665e+00
-1.261135002700476182e+00
-2.384564916350467634e+00
1.488323070802904713e+00
-6.171493632305085075e-01
-8.967350344347413404e-01
-1.975115338893128181e+00
-1.750503818266599954e+00
-1.054828944893187348e+00
-1.367968405182830249e+00
-1.328839631955800460e+00
1.722894385584002208e+00
9.313504579052015453e-01
-3.510487604057004329e-01
1.640118817171678511e-01
1.667069080723263319e+00
-4.560946144905373423e-01
-8.483944021705072114e-01
-3.074939555042166539e-02
-7.772206782847659312e-01
-3.991355151885574992e-01
-7.556256907946217183e-01
-1.871806966176674081e+00
-5.996099504181680029e-01
-6.765183112796935294e-01
-1.830605045622260896e+00
-1.028133087682005842e+00
-1.497617494535245841e+00
-1.712841127936957974e+00
7.805292651865225473e-01
-1.279455643640881934e+00
-1.135585073834288972e+00
-2.558435212318298735e+00
-4.480921031143560995e-01
-1.570096503476835714e+00
-7.318733477384609110e-01
6.009189324037731428e-01
1.251217695534323493e-01
7.592934874218517649e-01
1.693958761521189293e+00
2.480055061307651076e+00
3.959664172020036510e-01
3.040694730840737270e-01
2.757340197845403740e-01
1.453156474000750986e+00
-2.193905069148640585e-01
2.093787014856318685e-02
1.255377692831051828e+00
8.186895537801722744e-01
5.941868579028442010e-02
-1.148439529702001138e-01
-2.194601824373216825e-01
-5.946223039490617923e-01
-5.174503558062135689e-01
-9.751447675720722463e-01
-8.379345338569494928e-01
1.862455541394173686e+00
7.783702540514488843e-01
-4.928377523741720445e-01
1.365574074728107989e+00
5.783120723648655925e-01
3.343499839797675621e-01
9.885994073859145637e-01
1.612311562333358150e+00
-7.518776175874235523e-01
1.393160159743422444e+00
-1.046344767454530533e+00
-1.482254876513532160e+00
-1.570144915671801478e+00
-1.633205184625925011e+00
-1.465402928594512488e-01
2.935023559519248648e-01
6.189737751016690659e-01
1.272643918285528253e+00
8.893993015130922108e-01
8.945391290687043639e-01
-2.165429919306548490e-01
-1.638768097576416949e+00
-1.440214539980705588e+00
-1.171936307405741173e+00
-1.635445051860086485e+00
-1.648044775580876919e+00
-1.041799127130367264e+00
-1.625284933285027655e+00
-1.817385727358545644e+00
-1.169694143429862887e+00
-1.125968740170183224e+00
-4.230481150893443676e-01
-1.598543832100081552e+00
-4.579836267480703604e-01
-1.308057829016500584e+00
2.383072277006129669e-01
1.498442439866638942e+00
-7.699517458427318495e-02
9.855893607895344077e-01
7.629929294102488768e-01
9.392334032300125868e-01
-3.498777802328172370e-01
1.292114038485122407e+00
9.900646635082991365e-01
4.237373264409902696e-01
1.712343780513846392e-01
-8.273699533806611051e-02
-4.062312167255197615e-01
1.664924349712626928e+00
1.544856198931412905e+00
-8.806119958500270295e-01
-1.251814943345113562e+00
-1.543416210753226103e+00
-1.821511148290748672e-01
-1.740249772303234632e+00
2.336911714424947384e+00
1.870793454246711507e+00
4.051419050619133877e-01
1.473663129828273854e+00
3.714029617305640851e-01
4.719944039516988932e-01
7.525337853325877457e-01
2.517713757332779245e+00
5.408995416125448319e-01
9.322223518233712092e-01
-2.314571777164093014e+00
-5.231295602257168831e-02
-9.167152168140495494e-01
-1.006966843714229842e+00
1.916314137650305671e-01
-9.870125638688498348e-02
8.038691572496402538e-01
1.385240145484266439e+00
1.063259473160143020e+00
1.857300053285884989e+00
7.692123453356876084e-01
-5.211640043240337583e-01
5.927154628330983943e-01
1.099465611686137878e+00
1.689507649786837984e+00
1.510855673550620226e+00
1.413527046003403287e+00
1.261266266195196328e+00
5.066009156201565222e-01
-1.039522119501767872e+00
5.333195248613621375e-01
1.084621338692577597e+00
1.546959598494492383e+00
1.095801954286400148e+00
-1.068022527598034621e+00
-2.225833676077555445e+00
-1.087778562619328815e+00
-1.546650883897718209e+00
-2.628236246713192781e+00
-3.674582426753918440e-01
-2.339937591391190619e+00
-9.875438406649458267e-01
-7.947308769879037893e-01
-4.948962977839168609e-01
-1.434568899654138363e+00
-2.113061248498618205e+00
-2.620452043007615028e-01
-9.446846813696645473e-01
-5.811928694251284888e-01
-7.483824762581250400e-01
9.292502230767150095e-01
1.291969140657522441e+00
1.693576226188489908e+00
7.690500833042106521e-01
1.366878689728042495e+00
-5.299747334895581474e-01
-1.796612954043239396e+00
-2.008011355555578970e+00
-1.061822987285646835e+00
-6.261575903743599181e-02
-1.207532514200533758e+00
-9.927088643621350128e-01
-1.271082593471154931e+00
-6.462485805989404142e-01
-2.415808426424326250e-02
2.899982146484705314e-01
1.410820813711349597e+00
1.006373489979321301e+00
1.004116115158894873e+00
6.821939964529843969e-01
-5.021185016298923554e-02
-2.650667371056936172e-01
-4.680248734553836831e-01
2.589506493665689746e-01
-3.714729061146150313e-01
-6.751994261037944645e-01
-8.529700543097158416e-01
-1.689287853490395674e+00
-2.856925229761124729e-01
-3.555309723389712406e-01
-1.225253476199982039e+00
-1.811203150006535534e+00
-1.195501430111650887e+00
-6.002661479348221363e-01
-1.569929802088718462e+00
-2.199635672082524529e+00
-1.868299701342355235e-01
-1.231781726417100931e+00
-2.630099982562010386e+00
-7.974342125714444229e-01
6.059654148476042446e-01
-8.748456876906285373e-03
1.219026342756508896e+00
1.161058102656121971e+00
1.393962908121883171e+00
5.727403019483650048e-01
1.846127606282431222e+00
2.199748263034426721e+00
1.054173849767319426e+00
1.710141994488989070e+00
8.322207385207561758e-01
1.478194974459362321e+00
9.676239395738875926e-01
2.148367491624922465e+00
8.820360114874962187e-01
-1.893389383269226123e-01
-1.506369734803163496e+00
-2.639139934688562228e+00
-1.726214951915963747e+00
-6.791022088181672967e-01
1.576052037510651260e-01
6.463452703304414237e-01
2.173609496297467025e+00
1.047870179358706633e+00
2.074186899936472539e+00
1.844455547250398730e-01
8.492892133157778911e-01
4.252711044147046149e-01
1.313886746059115929e+00
1.071010656223982727e+00
-1.081845087451375864e+00
-1.253586578025073006e+00
-1.108657486519355029e+00
-1.599924338753533348e-02
-1.844242051921989312e+00
6.781459064442780793e-01
1.988175009199408372e+00
3.782410291086064635e-01
1.736790435498690499e+00
9.662507049671676951e-01
6.833853137512699849e-01
6.692615590896894284e-01
9.075095351421125223e-01
1.138762520616771745e+00
5.243859771069153686e-01
5.673611517639636226e-01
7.057910387612165160e-01
4.296097322610201719e-01
1.481508588293083406e-01
1.019057524179359575e+00
4.866115893374002299e-01
1.248937465523093815e+00
1.344252085818925968e+00
4.695887912479004278e-01
2.147782164129973026e+00
-9.222603554299265705e-01
-1.355901202702231689e+00
-1.255324529943558476e+00
-1.626838430668637869e-01
-2.104293429544944694e+00
-9.218779962529491945e-01
-1.000259089717463912e+00
-2.210916321537853335e+00
-1.122489264628212302e+00
-3.637499411477018718e-01
-8.306029158464620643e-01
-7.352852488505376982e-01
-1.949031415736605766e+00
-1.990639967289574486e+00
-1.379278222403099718e+00
6.820260168223386543e-01
7.364417841597219461e-01
3.140374838267472324e-01
1.324428915863659295e+00
1.126918741351048414e-01
-9.655530991945188157e-01
-1.010481601269620278e+00
7.988708475750039284e-02
-2.063264804068211333e+00
-9.812878608197221908e-01
-7.021028701190792365e-01
-1.429089710590530693e+00
-1.430265464425954036e+00
-1.515320614305229352e+00
-1.177295685158142646e+00
-2.234677976121390852e-01
2.314099261663727702e+00
1.600261707823021462e+00
1.588293631652904825e+00
4.531530917433232997e-01
-9.278351739960667421e-01
-1.022722253270577086e+00
-9.683531827649387580e-01
-1.448563176430430310e+00
-1.790285564303095489e+00
-8.533314207127318252e-02
-1.191380933133112663e-02
-1.166600753174228844e+00
-2.114593728695713937e-01
-9.414418070037550157e-01
-2.330736143903179070e+00
-2.179897931800187649e+00
-1.034366699211869189e+00
-5.963573680726825810e-01
-6.835154343706904001e-01
-3.263603836997004404e-01
-2.164252547048060027e+00
-1.945276365394056128e+00
-1.031876332834343879e-01
-1.397727225670133189e+00
1.782107342876772860e+00
1.733875972611377492e+00
5.509372843219156879e-01
-1.838750653250793565e-01
1.637982703685286090e+00
1.268819233271636815e+00
2.931689633748395529e-01
1.620262084072512376e+00
1.130184981210566875e+00
1.435189411968536444e+00
-4.872043037905224860e-01
2.537996378624192584e+00
1.232640297548721620e+00
1.588601361892979513e+00
4.468306232010453849e-01
-1.421105274444935951e-01
-2.779086347151944469e-01
-2.504430310061256826e+00
-9.193718142411817507e-01
-7.453270864980088284e-01
1.379952446343686523e+00
1.904593841242733010e+00
1.057048370293345751e+00
3.046366878770812914e+00
-3.501773832998242852e-01
7.456716228940577507e-01
1.790009205778040347e+00
1.107571333635549493e+00
5.418957573168445840e-01
3.952035950360357486e-01
-1.029880839424214933e+00
-1.463034901869946003e+00
-8.471473172293474407e-01
-4.806623823795874717e-01
-1.325053226973184284e+00
8.810933972217747101e-01
1.629734341854091717e+00
-3.986782289208437025e-01
1.281434820236255989e+00
1.232458441788048642e+00
-2.148380001305043585e+00
-6.607267636764025953e-01
-2.032699839697564848e-01
-3.858542544494582005e-01
-3.001729305618500154e-01
-2.072493576724220965e+00
2.926881975610369224e-01
-7.365721760232422088e-01
-2.990923055286538457e+00
5.989056687759923836e-01
-9.771698473323200407e-01
-2.333577657124426885e+00
-8.884772832139227194e-01
-1.081740682199218817e+00
-2.435732999842116442e+00
1.070770653344434109e+00
1.640798375086566452e+00
6.415171671007200427e-01
2.341423869346798803e+00
4.262364470156607688e-01
5.702218876817015669e-01
1.651162197610172022e+00
3.395053749628802464e-01
7.045341532759448189e-01
1.722857051045008303e+00
1.203497248674951781e+00
9.971997797679901243e-01
1.163843934530474966e+00
2.405497575964041346e+00
1.189900084839284666e+00
-9.871843710252781179e-01
-2.414692156520309219e+00
-4.691084493343238293e-01
-4.090708504184407124e-01
-1.622761096993203811e-01
1.227614402810683014e+00
2.742317203974191653e+00
1.776622571601706335e+00
-2.518213912286118017e-01
1.107425531472681079e+00
-1.103575635582105807e-01
5.978561184507709125e-01
1.119259273026208756e+00
-3.682202086805996810e-01
1.824407050966211807e+00
-7.882191198245571684e-01
3.407104646353609212e-02
-2.695388079480284027e+00
-2.010459292456789893e+00
-2.047652600796928901e+00
6.330478868501148160e-01
1.944389187261493346e+00
1.740157903446134746e+00
1.282042607993256089e+00
1.888924984909023275e+00
1.844550842278809277e-01
1.998605666708095363e-01
-4.593593378677439665e-01
-1.565906102409807321e+00
-1.345843848447236812e+00
-1.553796612181644221e+00
-5.915883961445727035e-01
-1.819235194402971878e+00
-1.621712421215615541e+00
-1.102543119188618359e+00
-8.549479226837712886e-01
-2.067878560020892209e+00
-1.391831705686478626e+00
-1.285782087985951616e-01
-1.408221560415694906e+00
-9.621195677520177902e-02
8.181194504957082225e-01
1.181951513353940886e+00
1.265508371657025233e+00
7.370853250818110158e-01
8.799082352159716125e-01
2.727686587866327006e+00
1.195930100908400240e+00
7.554227980850840574e-01
1.338765562059256897e+00
2.054672242772317858e+00
1.563673881884035222e+00
8.296599862528418745e-01
1.052115758597503170e+00
1.157139005945058141e+00
-6.284305531560563374e-01
-1.154856893433546805e+00
-1.043319223069004265e+00
-1.606067707171801251e+00
-1.861231624405082608e+00
3.128174197800751566e-01
1.290093715573567890e+00
5.456758126217751137e-01
6.431964868582223938e-01
5.869239393985409281e-01
-3.622239831189100201e-01
2.435712030903055547e-01
5.379045185129609496e-01
1.954141094047600724e+00
1.369197367515302410e-01
-3.975186301625033281e-01
-8.789678441127326547e-01
-1.605910239800331318e+00
-7.725757759956302095e-01
-1.935008850048471896e+00
1.572247172198514953e+00
2.241554775369167807e+00
4.189838597208559445e-01
1.678174101557353026e+00
9.861507494066285018e-01
-2.334442737065702822e+00
-1.521544086797237849e+00
-7.317244438866331580e-01
-8.491344762050058170e-01
-7.090882980025610127e-01
-2.759454572581753862e+00
-3.713845804474742440e-01
-4.274865527604552184e-01
-5.921680742735637715e-01
-1.181712474348846076e-01
-1.867779980484547853e+00
-1.586386261328715186e+00
-1.392165540813253166e+00
-1.503662844611011185e+00
-1.294799188175006721e+00
1.331299251947427598e+00
1.188832243479587492e+00
3.903857724771386817e-02
8.848829860680107462e-01
1.802899962005392709e+00
2.197325496897772901e+00
-9.423107510246575558e-02
6.223449435297448984e-01
2.387612028263041974e+00
1.722045469221547886e+00
1.663283618357753291e+00
1.051857301418600121e+00
4.295426447788425195e-01
1.783690533898029340e+00
1.114636549352336470e+00
-1.348845036092740424e+00
-1.887635082097414152e+00
-5.179750035362150618e-01
-1.284513933679855446e+00
-3.452200702728803750e-01
1.237704974216610632e+00
1.944982093267233481e+00
3.124573248960688110e-01
2.452190904015414397e-01
1.084455416534698236e+00
1.312254120181043149e+00
1.094941190783690343e+00
1.803824237083763826e+00
1.875335580311714212e+00
-4.451778378393249636e-01
-1.074964212009722919e+00
-5.067488073351102962e-01
-9.918951251821895854e-01
8.428014209230687559e-01
-1.135000124946477174e+00
1.586733787923819028e+00
-3.397700297993200280e-02
8.766469984600050447e-01
1.998480362796339449e+00
-3.737326095949322635e-02
-1.325600853434492299e+00
-7.802831363543070164e-01
-1.585058356526267698e+00
-1.455682017951849261e+00
5.816272415216139358e-02
1.057919478182802742e-01
-1.761356246062106390e+00
2.055406855644634767e-01
-1.380658154479612154e+00
-4.334396093350006973e-01
-1.696387566308976691e+00
-8.603805236269115309e-01
-5.301054308557862083e-02
-1.238169513789253662e+00
-2.300014863242836327e+00
1.228523701326666995e+00
1.074964847052038319e+00
1.175773124427682781e+00
1.075521416672071462e+00
1.447543181505269949e+00
3.338982539641461855e-01
1.716697441748674446e+00
6.109842891420868005e-01
1.120163979528836729e+00
1.600788153120077606e+00
3.009794551579073607e-01
1.843331516737676479e+00
1.762483278490618144e+00
1.774747569930844593e+00
1.533063133596558103e+00
-3.149734203023333290e-01
-1.542840986554659732e+00
-1.643021132547475505e+00
-1.356257230714780881e+00
-1.075844514193124324e+00
1.222442012965987201e+00
1.359811910525916545e+00
5.946891651445016524e-01
9.525121022952601768e-01
1.476010346526937855e+00
1.346296580540871757e+00
1.180901023836804065e+00
4.699795574637744000e-01
5.226090152794560240e-01
3.833081884379021531e-01
-3.890422941013107483e-01
-1.380481201158333171e+00
-6.025247532443415155e-01
-4.833324072986944220e-01
-3.918301374195991560e-01
3.131179736937929725e+00
6.601782155880737690e-01
3.519031069154359148e-01
1.848315069958279544e+00
2.483697080891427156e+00
9.099771426538710850e-01
1.118951515366690685e+00
1.232998979657131899e+00
1.514290719116365036e+00
1.283097611309184538e+00
1.387346646635262637e+00
1.547796630297793463e+00
9.840813852987092547e-01
9.242231293752997123e-01
1.591618466494325590e+00
2.645175335602854449e+00
8.384565366413967435e-01
5.254831547445006912e-01
1.025998650683324076e+00
-1.050673730218975699e+00
-6.135699162782433103e-01
-9.417367687562865353e-01
-3.376078209733727853e+00
1.054957338793025556e-01
-4.456647544572426289e-01
5.689554287215425887e-02
-1.305995545475507225e+00
-1.972455019255689113e+00
-4.040901145640637404e-01
4.779264045886297829e-01
-5.517694244092101741e-01
-1.718369331188236426e+00
-1.653502148601549315e+00
-2.374597774699386932e+00
-1.334108066035625928e+00
5.722542648516530939e-01
8.846953871013802928e-01
1.018335528926683775e+00
6.704896177842916138e-01
-1.872538606040847764e-01
-1.709394523880923167e+00
-5.976773393623672215e-01
-2.089403233395033865e+00
-1.139777120985985270e+00
-2.468637341841952271e+00
-1.278543697819939151e+00
-7.266897086360206703e-01
-4.772118761248859142e-01
-1.264265670662609420e+00
-1.300552200044892581e+00
1.405283650921894445e+00
3.331124104926091345e+00
-1.224795549495806490e+00
8.998097992368937481e-01
3.087284005330552805e-01
-4.843454817617124375e-01
-1.183963391268731513e+00
-1.406638243682774014e+00
-1.414640938612656829e+00
-1.198979043792584021e+00
1.851473414802791151e-01
1.126990577989513520e+00
-1.777236148247287595e-01
1.652516494704715289e+00
1.337522655076001543e+00
1.920117063679926961e-01
1.185133146267489890e+00
1.111958920591793465e+00
5.954664155967558381e-01
6.817263960753592311e-01
8.300888240740719182e-01
6.410323788641376641e-01
1.839799898375079623e+00
2.277514685041372999e+00
1.926313480641956399e+00
-1.281248221797335995e+00
-2.452467317472960540e-01
-1.751580441487714301e+00
-9.663386660323852739e-01
-4.287167734626762261e-02
-2.150194742123902714e+00
-1.533550409459437436e+00
-1.231352970084188314e+00
7.367151152847197793e-01
-1.185952338021733610e+00
-2.569576553553536424e-01
-1.060232005249244214e+00
-7.076954096163491359e-01
-1.264695926184108199e+00
-1.637336961505172273e+00
1.264777536639259070e+00
1.342983758410050354e+00
1.232750970709177274e+00
2.324215025003861790e-01
2.195761680742565503e+00
-2.264591427221729791e+00
-1.978552028938200147e+00
-1.645475006573965615e+00
-1.404318499618124605e+00
8.018727915777474902e-01
-9.829012187072996287e-01
-2.199398790091234179e+00
-7.670105849272770282e-01
-6.778261537032383988e-01
-1.200526079485257469e+00
-2.491616780773582285e-01
2.131738587710630739e+00
1.809626770014059582e+00
1.527240556310161201e+00
9.119421959087334884e-01
8.189195268327371657e-01
-3.432532160124986964e-01
-5.730325531570905628e-01
-1.513344448206002557e+00
-2.213783192114458842e+00
-1.523172281746524304e+00
-3.597759943491041223e-02
-1.336827855878810034e+00
-1.773752365420285582e+00
1.493265573553888004e-01
-1.160092165088525196e+00
-1.192353114608775577e+00
-1.467964587436380475e+00
-5.518973489376775010e-01
-8.399073037436121103e-01
-2.628088204785170579e-01
4.399303670954246570e-01
-1.523541344859804303e+00
-7.223382063546598397e-01
-1.393253603839479826e+00
2.806610141557114968e+00
3.411958239629309109e-01
2.541680811945583596e+00
1.742430161124780774e+00
1.421788940560488879e+00
1.480210581774429102e+00
1.701339958969114274e+00
1.797654127090996035e+00
7.656153895694968181e-01
2.243349481680045443e+00
-4.621605240387944846e-01
1.579240627370776195e+00
8.472638088072740326e-01
1.519158313777138947e+00
1.542981740387671108e+00
-1.249279039213322173e+00
-1.551389746127248559e+00
-1.757167386810860599e+00
-7.682003123951206547e-01
-5.979603701171039010e-01
2.865818663012354994e-01
-7.013183684223553982e-01
6.382165223679936439e-01
2.037750801382874233e+00
-6.036073285134864186e-01
-2.151628961191456302e-01
1.015774724232478388e+00
1.357712340400730522e+00
1.028294061878687327e+00
7.291524648272984521e-02
-1.864258300418980774e+00
-1.038094083027169656e+00
-2.186289745550411112e+00
-1.717760283410437294e+00
-1.678066243840117489e+00
1.129587898538192636e+00
7.842942209075138837e-01
1.178430195364068567e+00
9.568397125225556188e-01
1.240484644755114552e+00
-1.751345636783967485e-01
3.905126398032586765e-01
1.852496943246427552e+00
7.641630528425248370e-01
2.494593229326298456e-01
2.233121957249689427e+00
1.341434891978179333e+00
2.508236319510578127e+00
3.947070072965983556e-01
1.915003461355990755e+00
9.394635168102483114e-01
2.105787026208262525e+00
4.725961309536285126e-01
8.256841645464060297e-01
2.647726689053766957e+00
-2.931519664276066806e+00
-1.198569231462895512e+00
-1.171748608846614914e+00
-1.145065955712980532e+00
-1.052255085642557209e-01
-8.385682829759990575e-01
-2.021469485498533558e+00
-1.962623549180040783e+00
-1.075711089957937183e+00
1.231739238294287109e-01
-1.134570540044927967e+00
-3.716006763413273184e-01
-1.068353364690056706e+00
-8.455217915636610293e-01
-1.302926020181903288e+00
1.214368353571577686e-01
5.067379618595956314e-01
4.637030292360346806e-01
4.333248746359579240e-01
3.155548855673796504e-01
-4.315734461502244157e-01
-3.290015628221412580e+00
-7.438841005226617398e-01
-6.007233320487583850e-01
-9.424091819343883847e-01
-7.596087895022743952e-01
-2.523905044100471784e-01
-9.436936305957708271e-01
-1.489066317049420274e+00
-7.138213416348238027e-01
-5.475961829122546476e-01
-4.160152357981061755e-01
1.492359798665928938e+00
3.257195788305051742e-01
7.779231914507529488e-01
-6.792380759814169444e-01
-1.206303636794898937e+00
-2.125793563810631337e+00
-1.408462998510993547e+00
-3.704176390418694176e-01
1.471234583682967001e+00
-5.498404405135435269e-01
1.280338010893127709e+00
1.143376459268669043e+00
1.609277952801487555e+00
5.895089500096815094e-01
-2.975088123735813994e-03
1.195465954448098778e+00
8.934896016844591227e-01
7.433463568383478215e-01
1.128142506260746414e+00
6.343196730489941704e-01
2.123110056055096617e+00
1.506019614029278086e+00
1.192646322627777700e+00
-1.671967917197334064e+00
-1.695229075758904802e+00
-1.113219246494327797e+00
-8.593796319166490116e-01
-6.863184216062181431e-01
-1.041282644899141019e+00
-2.484583007671474775e-01
4.779882170145604015e-01
-2.031575157455042024e+00
-2.911784682480977882e-01
-1.463218605468019629e-01
-1.237231383202030965e+00
-2.919745817414164391e-01
-1.834563319875339049e+00
-9.285696693834739612e-01
8.684710153122943144e-01
2.560060960426778998e+00
8.879656597273049012e-01
8.018131082750498129e-01
1.163752474669934811e+00
-1.228647039031063759e+00
-2.877502205286457393e-01
-3.461620208047255787e-01
-6.488529244750409486e-01
-5.155747959156716798e-01
-8.610556191636276058e-01
-1.724610229636352798e+00
-1.765006870812777517e-01
-9.045808818686572605e-01
-1.405440067729774922e+00
1.275433835617834966e+00
1.001773084452678875e+00
1.573894284859149728e-01
1.609121624438712761e+00
1.345459222888963691e+00
5.419240854933304874e-02
-8.010307047511107115e-01
-1.462988751011522481e+00
-1.440824313899425890e-01
-1.726906925258324232e+00
6.828882072310809015e-01
9.414717000911535516e-01
6.335928218926341060e-01
9.276358164312771271e-01
1.695884497237721833e+00
2.421382039170846490e+00
1.129749218064820981e+00
2.166701781402153415e+00
1.583765293875564195e+00
1.990166005692656226e+00
6.999221153724466404e-01
8.350179699068620565e-01
-2.679069738124295608e-01
1.230986401346184422e+00
4.623843451777898128e-01
-8.248592865006636465e-01
5.545698030233148224e-01
-1.306614615737253349e+00
-5.883999960054911993e-01
-2.219920016474592916e+00
-1.996065215299694273e+00
-5.124033417718187877e-02
-1.026141897211093612e+00
-1.822062011451717201e+00
-1.439963229093369934e+00
-6.457376222246844488e-01
-3.084381334062153979e-01
-1.622016168072264453e+00
-2.122383824878858682e+00
1.425426577929000960e-01
-3.901563265412733017e-02
3.655756838912509465e-01
1.031737572266490544e+00
2.014517881669249721e+00
1.256609435703283539e+00
-2.190508053645189523e+00
-2.117001478810358606e+00
-1.066592896154375802e+00
-2.228387425269153788e-01
-1.288269987497623115e+00
-1.100529518195993983e+00
-6.863774581819254150e-01
-5.444589416916094660e-01
-1.621738250590976538e+00
-9.419152880010717155e-02
1.803411857375144756e+00
1.449138833417802807e+00
1.068835742616522921e+00
1.010027592503132565e+00
8.200753614176751194e-01
-2.326587696473339406e+00
-5.752934002840799366e-01
-6.028168203205392928e-01
-1.827593876462800360e+00
-1.927727038071722188e+00
-1.431020822397413683e+00
-6.095480453789501318e-01
-6.761315104678129462e-01
-9.719911682813052733e-01
-5.663288401721655596e-01
-1.050760947197323381e+00
-1.328337671857599211e+00
-1.587136663489334243e+00
-1.439554664024357722e+00
-2.119784001892490721e+00
-5.462498545455729548e-01
-1.614647376369576115e+00
-2.584320577003386799e+00
-6.819649200596873406e-01
-1.970773435130997342e+00
1.042334707951526829e+00
1.768599501748841174e+00
1.712203225263132733e+00
1.608473643010234877e+00
-4.141965609629785217e-01
7.861160231000277054e-01
-1.876248728157923207e-01
6.872339086600448566e-01
7.734204317912922733e-01
1.178780321399471864e+00
4.021688185564061824e-01
1.452299131959734924e+00
1.658447178162566038e+00
8.480406317046893516e-01
9.228687505142880720e-01
-7.245362689650298726e-01
-8.534079721710150501e-01
-1.342017219859988009e+00
-2.849801094168428195e-01
-1.357837259541199604e+00
5.989841197148761953e-01
1.240043758741726565e+00
1.933143741954779227e+00
9.834686994123927883e-01
2.150707330461651079e+00
1.634885612975210289e+00
1.469707106385247375e+00
1.087041310995097154e-01
5.484122854864283969e-01
1.088590804210340712e+00
-3.176530428235966319e+00
-6.173849164896112462e-01
-5.489285898703584188e-01
-3.996298572490484258e-01
-1.991877983683360664e+00
-5.828940822711903280e-03
7.769319051889778116e-02
1.493769491625052348e+00
-9.601280986832216868e-02
3.898690764248766705e-01
-9.497475891187157071e-01
-1.422599440156202544e+00
-6.518388992686332539e-01
-2.601821503847070893e+00
-6.307978482490542715e-01
-1.767388399551222733e+00
-2.063245819919392599e+00
-1.737657745255776653e+00
-1.869378140812645750e+00
2.440963324265728041e-01
-1.192574730667709915e+00
-1.220941015792667894e+00
-1.627852446476161674e+00
-1.247070214001687161e+00
-9.165599200157470428e-01
-1.875733397501644362e-02
1.320011913104933043e+00
7.769009323092993524e-01
1.113137441114693038e+00
4.153774924644942912e-01
3.888704135919839322e-01
2.325146451708997031e-01
3.219308811588961206e-01
8.981825079068039841e-02
-1.626857219964599199e-01
-6.839989901208074485e-01
7.104409671301620266e-01
3.418786164829893393e-01
8.682478492357058597e-01
1.544372172037773439e-01
-6.962638033414361161e-01
-5.063777086514011927e-01
-6.788592739569027090e-01
-1.037056400523207689e+00
-1.400998813908872265e+00
7.851865542343379190e-01
9.956911148832969793e-02
7.438745315995940466e-01
1.101378351781560072e+00
1.235789029912905956e+00
1.553847104902185139e+00
4.434555411159374350e-01
1.290312025466999302e+00
1.988480915729772480e+00
1.168999533811911462e+00
-1.443970151909536037e+00
-1.892679594560679135e+00
-8.070914002370972451e-01
-5.511613473930498941e-01
-6.359313688028574996e-01
1.654112225390003132e+00
-2.269605646241017460e-01
-3.171330981409892225e-01
1.806302887424883208e+00
-3.663231430762554641e-01
4.909869399354436226e-01
1.010813242099593889e+00
1.086885684279744524e+00
1.554151409558347741e+00
6.336311428166858661e-01
-2.491896082358799891e-01
1.549205334392127931e+00
1.176081926279197720e+00
7.897161049754009010e-01
8.088554626671267123e-01
-1.332225291762123121e+00
2.007776535140615159e-01
7.462304353730045969e-01
1.946955211548430098e+00
1.358870928002557932e+00
-1.313496012750713149e+00
-8.029195743922926676e-01
-6.563454657028224837e-01
-1.224995678608640226e+00
-1.418353958709590135e+00
-5.848385737462382661e-01
-1.063866867232224900e+00
-1.442857786680841414e+00
-4.815481480598137187e-01
-1.832294205579829249e+00
-9.262267086820452633e-01
-6.356506737662896978e-01
-2.182755849797203052e+00
-5.149033064153034633e-01
-1.717007000915789616e+00
1.597614239632367372e+00
-4.148280672688859916e-01
-5.749837623038134282e-02
5.625943857902969691e-01
-2.001580708169163891e-01
-1.154281832527699558e+00
-1.544825551643770112e+00
3.332127692878190661e-01
-6.383119091382916110e-01
-6.007889878040693077e-01
-1.209679159061751941e+00
-1.852777507118629652e+00
-4.084639520559889547e-01
-2.852098001910171376e+00
-1.348826876937956776e+00
5.097800706664235015e-02
1.104511106457568781e+00
1.621295966584120674e+00
4.502632924971938788e-01
1.629436970977065302e+00
-9.674982763511641437e-02
-4.746742688261700316e-01
-1.008823016924397686e+00
-2.554959339791949890e+00
-1.244949835851142828e+00
6.782831829598261475e-01
1.506624148919253336e+00
1.045141162973959759e+00
8.947238949339334502e-01
1.279614112215028410e+00
2.215447269668715968e+00
7.333035412803106112e-01
-8.507666414171617397e-01
5.420260752716026253e-01
1.015177291983371699e+00
1.390500136240950368e+00
1.690498394874162091e+00
-2.192083860366076387e-01
-4.142996452926417383e-02
2.913489781736152473e+00
-3.571876001952223323e-01
-2.073581666372740884e+00
-1.865035499193529844e+00
-1.570035606735309619e+00
-1.082461125284807757e+00
-3.533417833839104238e-01
-1.278400895890776878e+00
-3.754971574798948719e-01
-1.885754598669225457e+00
-1.451036889714806044e+00
-1.235046055907455864e+00
-1.196364479621274013e+00
-1.441753327233927795e+00
-1.048971491770790410e+00
9.012206659447286050e-02
8.408357459459274708e-01
1.844322374007171028e+00
-3.590575076431918866e-01
1.175511121162867934e+00
-1.737938369670608552e-01
-8.767128875774342633e-01
-1.769250659936180803e+00
-1.186586799466698317e+00
-9.472106438268456108e-01
-2.191480931122777864e+00
-1.888010392490522715e+00
-1.688682156126457556e+00
-1.520937781945561618e+00
-1.463301456795642608e+00
-1.344620914217184104e+00
3.482283198099197508e-01
5.392418299925743064e-01
6.062983227510527762e-01
1.316874106340504280e+00
2.355297097029930065e+00
-1.929355516159501960e+00
-2.586181773195393774e+00
-2.100669441866759968e+00
-1.936089483677025935e-01
-1.262578666542335970e+00
-5.614771951167190078e-01
-6.033265541817934841e-01
-1.711310765180809490e+00
5.049748582107129735e-01
-9.636736642850531886e-01
-5.564044037646849183e-01
-1.075972005121871522e+00
8.085759971782047195e-02
-1.194032728916563091e+00
-5.470690192904844595e-01
-5.407152691976132575e-01
-1.360972007368652648e+00
4.342836183865124156e-01
-1.064117389399036107e+00
-6.924126446201372964e-02
1.183304388634053073e+00
6.325044941222942585e-01
-8.082434671641269830e-03
1.086976292579044490e+00
-1.889289595146550482e-01
1.086615806561327835e+00
3.014823281768875818e-01
2.129597136048400507e+00
-1.086342668462012551e-01
1.324751841893071269e+00
3.818147343376590008e-01
8.658240406978001680e-01
2.592662106343497808e+00
2.167115625852388039e+00
3.303581718045738302e-01
1.158237935899597559e-01
-9.838022008140578922e-01
-4.831940628030486629e-01
-2.321736335614140945e+00
-1.383373847197199469e+00
4.821810931547358958e-01
-2.615088657061648281e-01
1.185197598128509000e+00
5.141333057858989974e-01
1.553460838119774090e+00
1.949339253867336641e+00
2.352286999720623495e+00
9.917994543309677224e-01
2.228892171583468418e+00
6.553735847791037905e-01
-1.531402050078307653e+00
-7.859541435349486349e-01
4.604388421772300788e-01
-3.463551476244643990e-01
1.319180480975643555e-01
1.359892648090555323e+00
2.215144688874756795e+00
6.201095426595560900e-01
2.903068852755190665e-01
7.590322470086617868e-01
-1.203905210226457578e+00
-1.058200462519645058e-01
-1.101408664200867582e+00
-7.172485669128957353e-01
1.889884854773360434e-01
-3.512936406621373076e-01
-5.378885698345945432e-01
-1.785324390721349852e+00
-1.081714368524498093e+00
6.022632413111339567e-01
-8.905305500392122209e-01
-1.127512465741473680e+00
-9.558961937043823909e-01
-1.683380036808426183e-01
-1.838516531130867326e+00
-7.844656790883597353e-02
4.780433836057884633e-01
1.513955011673113749e+00
1.184912136731875565e+00
1.821206357185024549e-01
6.401561006096807560e-01
1.120464583084019639e+00
7.718101873758118625e-01
8.715453142522939789e-01
-1.858153335775865056e-01
1.687056807245509216e+00
1.800155136506697229e+00
3.380909287247251260e-01
8.252935002606631709e-01
1.858326915134096868e+00
-1.730127894963414015e+00
-3.806256181318223852e-01
-2.972075879326534498e-01
-1.207014942298887394e+00
1.071148475260046418e-01
1.000759580638000967e+00
9.916433228094198027e-01
3.147607892271975238e-01
-1.656142422146915649e-01
1.947562436312104017e+00
2.115613317988819908e+00
1.260769718980122356e+00
9.811851720376857378e-01
1.637801110002875538e+00
1.735383257302006710e+00
-1.458579500965972997e+00
-1.190187859765344580e+00
-1.039945771239513483e+00
-1.049519975395556859e+00
-1.203023744862559585e+00
1.332062892840586432e+00
5.072217245875836333e-01
8.069854153955882126e-01
2.153048094509093069e+00
1.783352139952433246e-01
-3.650703612605190607e-01
5.847241086717175351e-01
1.480383029705014675e-01
2.558416197476565124e-01
-2.943111396415121206e-03
4.746743899037995096e-01
2.001502109509544880e+00
3.869585196747997724e-01
7.207280284745879451e-01
9.562939558531851070e-01
1.735723940983489033e+00
9.152931074581986959e-01
5.012053970228490529e-01
8.855612182181695768e-01
6.721982336440710526e-01
-1.623445752698715161e+00
-1.881366969097702624e+00
3.135334664522739789e-01
-8.058552394511897532e-01
-2.310855691441492610e+00
-1.301940077461955392e+00
-1.731378451412507236e+00
-1.097495968006282352e+00
-9.728995276407523818e-01
-7.324451285762485497e-01
-2.081974968205365872e+00
-1.874201902505797435e+00
-1.171898471712930823e+00
-1.657315083689874680e+00
-6.539278055683285240e-01
8.018499612887151073e-01
7.648500759889995670e-01
5.590688061422435240e-01
4.901553468810870839e-02
6.445489795052019577e-01
1.711493922144198265e-01
-1.873797933540520599e+00
-2.674454237984893901e+00
-9.651166702640152639e-01
-1.276191052142594540e+00
1.691390660013007974e-01
-4.228960383795048461e-01
-1.503939512198226414e+00
-2.853450098880064623e+00
6.042415662844549118e-01
6.199503628314384507e-01
5.716876829775221491e-01
5.906639257978937296e-01
1.295809951376320157e+00
3.647884991512873043e-01
-8.368003262093486327e-01
-2.614043863756410069e+00
-8.586965553610226287e-01
-1.079812288018695776e+00
-1.004703081071264048e+00
-1.274681867136808311e+00
-6.375983907059800115e-01
-2.058136781424548367e+00
-1.553917693325515437e+00
-7.701793354158701366e-01
-1.088187479402269009e+00
-2.256177740719029323e+00
-2.779615936376451657e-01
-1.041598055532512390e+00
-1.185981319022508362e+00
-1.092571569585469859e-01
-6.383821028775376050e-01
-1.073755065035703060e+00
-1.555075811616837722e+00
-7.780538169704623863e-01
8.427671458533165794e-01
2.059287620291673004e+00
-1.519814234273551001e-01
-1.439368175060462551e-01
1.025126378198366606e+00
1.733943007523819579e+00
1.094535795036320591e+00
1.484483956027949692e+00
7.450555838304506739e-01
1.261537342396557460e+00
8.401233207575549145e-01
5.692020500831194152e-01
2.347920550205683021e+00
2.116536333757938149e+00
8.958355288298024410e-01
-5.054023296982489422e-01
-1.438479984675398615e+00
-5.380074050072551906e-01
-9.116214547379112298e-01
-6.889281873261401401e-01
2.661171224270290070e-01
7.694081047177934174e-01
1.495690646975726512e+00
3.940217207423053480e-01
1.267738975191090578e+00
7.885911500838912458e-01
1.043698531350595760e+00
9.161843945095207165e-01
1.589704677504402364e+00
2.022784445221818661e+00
-1.564163479960568148e+00
-5.443208053284327441e-01
-8.199383941667380826e-01
-7.359063600526141169e-01
-1.272385387482808827e+00
1.898754272687058764e+00
7.434228450798880949e-01
2.227457301976743853e+00
6.727638890154542528e-01
1.212081016497264851e+00
1.664749696802573897e+00
5.487062950096537328e-01
6.329639613657968011e-01
2.542576492857950843e-01
1.217263968189979728e+00
1.304302495771939574e+00
6.516187028402024017e-01
9.490119236252262391e-01
1.176551371623196562e+00
7.845266110546944560e-01
9.077976856994334209e-01
1.033316792702475784e+00
2.084442042580065824e+00
6.745615011175571940e-01
1.527790123709583003e+00
2.035451005662940460e-01
-2.125741853873657217e+00
-5.152376061987768985e-01
-5.696084412390476359e-01
-1.109833963218344710e+00
-1.134072048768861141e+00
-2.758669193306753087e-01
-9.020581662789695088e-01
-1.819386928170069639e+00
-9.988479669752153844e-01
-9.693093937922753200e-01
-6.828351878722250801e-01
-1.747596015670940250e-01
-2.988126696140848138e-01
-1.800226526657046966e+00
9.059131097863317716e-01
6.271522789740177073e-01
2.145055869816949734e-01
2.022857928582713072e+00
-7.831970798532816858e-03
-2.512180081572535695e+00
-1.797538228467165933e+00
-2.755334686098306562e+00
-1.069037020502490831e+00
-1.063783506216906538e+00
-1.516333775107520987e+00
-2.156061278031816464e+00
-5.186600807321272155e-01
-9.028443933379670661e-01
-2.198243176111963404e+00
-2.568006960214304080e-01
1.225860894333939966e+00
1.535693153705695924e+00
1.157052967246929853e-02
3.822158769798367217e-01
-1.442457128699224711e+00
-7.290000358329712382e-01
-1.026576237185541141e+00
-1.563291327443892431e+00
-7.377074194220737402e-01
