-1.412052514857805585e-01
-1.548183290234298681e+00
1.330416026915601790e-01
-1.710689475115082958e+00
-3.460501383042726697e-01
-1.854203974114881248e+00
-8.968343167869131660e-01
-5.678096868983162349e-01
-1.697157286761023620e+00
-8.441050571172535877e-01
-1.254887600634877032e+00
-2.008415155657107043e+00
-1.467112852166896353e+00
-1.894744737450962058e+00
-2.688038692423562193e-01
1.332757478109020344e+00
2.108397386430212350e+00
7.597414584748963806e-01
1.002834114142834521e+00
1.777644644456693568e+00
6.329048055476031998e-01
3.489569489481291198e-01
1.300865090501675869e+00
3.945177351768525131e-02
1.150428479061290199e+00
7.218629895433091859e-01
8.719863310556494884e-01
1.171963866346435568e+00
2.448752784840100727e+00
1.030071743935344175e+00
-5.580058967021261918e-01
-1.680307443228181263e+00
-1.705262597480623921e+00
-1.081459957263402272e+00
-1.065386390069962275e+00
1.130989853865607575e+00
9.466241937821550101e-01
1.133866388740850661e-01
2.047201707428261575e+00
5.473110240881555733e-01
-1.463914849034100296e-01
1.719454758796047589e+00
1.141357368036898245e+00
4.169918920432580389e-01
8.991220985491361617e-01
-1.527274269199453194e+00
-1.485911766470259465e+00
-2.298235749902177716e-02
-2.509505957114674501e+00
-2.648173851657438238e+00
-2.075237664254381276e-01
1.531188507864216897e+00
1.607448451057464922e+00
1.807250666659921956e-01
2.477721406172206819e+00
-4.604025821231587656e-01
-1.040111896898909372e+00
1.022683310442561444e-01
1.142444528593426822e+00
2.531673112890449051e-01
3.000436661369272340e-01
1.226107018434392515e+00
6.300612698097280973e-01
1.365290661608776990e+00
3.382795542152758905e-01
2.507782693858214840e-01
3.889866278622338136e-01
1.102538598631652045e+00
-1.220288568693050912e-01
3.359418083653594733e-01
-8.856837473072880496e-01
2.239272737767978860e-01
-2.229729634797987803e+00
-9.744094385541367531e-01
-1.017499425687051762e+00
-1.277406372452011940e+00
-1.428600238654076149e+00
-1.073340591398945332e+00
-2.185283779021379047e+00
6.791179586618456554e-02
-1.382756905594733299e+00
-1.583476558583097216e+00
-3.370191836344315073e-01
-8.687376456696567217e-01
-4.518464167370729312e-01
1.076362660473045407e+00
1.822393886351002523e+00
6.331121452270064287e-01
6.948659718281202657e-01
3.956022313130937995e-01
-1.095401291822537981e+00
-1.633897461856511191e+00
2.567604817436486275e-01
-9.202290552009535496e-01
-2.268675740328148782e-01
-7.581532716790780890e-01
-1.760035588854462762e+00
-1.205789791066476102e+00
9.876862740507141858e-02
-2.436401490504527256e-01
1.775406792791345945e+00
-1.879982102581994052e-01
1.138032171506371260e-01
1.421065092997558121e+00
1.284347448113827506e+00
-6.060953885759302606e-01
-2.162907732712353592e+00
-1.038625729614670590e+00
-9.568621284719707187e-01
-4.795948863289745123e-01
-1.687705387126700707e+00
-3.207014449390195310e+00
-8.314256930245973454e-01
2.746504673903551463e-01
-1.519631061009748763e+00
-1.576966789494488319e+00
-1.239360074599443751e+00
1.436755629577328719e-01
-7.949653844765400823e-01
-1.122264842663511342e+00
-3.970211903285348898e-01
-7.912703858031207016e-01
-4.554994935115821431e-01
-8.574375578599136016e-01
-1.594036308704783966e+00
6.629709418577421909e-01
1.481791552616335217e+00
1.714905637012038797e+00
-1.713986063602868093e-02
-3.164014316527832271e-01
1.170885408803878036e+00
1.694664139588299756e+00
1.263243847769060402e+00
1.029311244281509552e+00
-2.631419098098652931e-02
1.320850054011339703e+00
1.765403730827009188e+00
1.324336289036128100e+00
1.221251307155908794e+00
-1.019383227839840700e+00
-3.145916315305845590e-01
-1.148160610172084706e+00
3.563385026575249803e-01
-1.752547913598488050e+00
-1.770047687317652940e+00
5.511010316797028130e-01
3.176977300125760628e-01
7.940245775087737545e-01
1.608021184472835596e+00
5.847633673227361495e-01
6.992347429613205989e-01
1.309258348846890296e+00
1.441764121374896845e+00
1.095032232452478604e-01
6.200673255348834179e-01
-2.836315352470253348e-01
-2.099354973859807405e+00
-5.564957093432858493e-01
-1.466990404344941767e+00
-1.734363387338586637e+00
3.485343810071369619e-01
5.352159495689778890e-01
9.005032649423916347e-01
1.747404943627039131e+00
-2.491793118589835654e-01
1.006954840585921218e+00
8.476558184925251371e-01
1.294630296390336444e+00
6.390199130139107009e-01
8.318158933196847515e-01
2.310444448594229261e+00
4.055103978429187572e-01
1.145671677401503885e+00
2.822946911844814721e-01
-1.354087636146044105e-01
1.715420398379011724e+00
1.325153136102745766e+00
-1.550489020729921563e-01
1.765473878381464967e-01
1.082386525217215567e+00
-8.522455676578535311e-01
-4.150568011568793736e-01
-1.006683703906872340e+00
-2.137142719091944532e-01
-1.324021372844894406e+00
-1.024122962983286866e+00
-1.041882030777982360e+00
-2.311981400340432202e+00
-1.314963803241582241e+00
-2.637307539121399813e+00
-1.365181710862547249e+00
-1.444513310664243599e+00
-1.656095755878395748e+00
-5.780470132393411564e-01
9.364940442385139008e-02
1.515602580580297065e+00
3.878121556209804810e-01
1.611633951244768159e+00
2.166782058162426416e+00
2.165198718277732581e+00
3.171824456042806606e-01
-1.191717962016352272e+00
5.840064787151333370e-02
-1.192573741165420698e+00
-8.985896217422818522e-01
-8.549809627338597062e-01
-1.344729410735406416e+00
-1.935993407262071475e+00
-2.346905728238891875e+00
-5.968411817633949568e-01
1.995588722392117154e+00
1.393799079694179710e+00
1.806700915604438240e+00
-3.157536500456825657e-02
3.020170751926594122e-01
-4.622671393173278798e-01
-1.284577189434922051e+00
-1.272610254164351584e+00
-4.498377537276343485e-01
-8.167308992169610704e-01
-5.230642048056315385e-01
-3.297255771783025313e-02
-1.744501256062801708e+00
-8.091280164406329245e-01
-6.449531141946740487e-01
-1.890593545098181005e+00
-2.725851393917789744e-01
-1.501225152737616586e+00
-8.438290808170981760e-01
-6.542233686502760825e-01
1.474267500137425024e-01
-1.200179692824819622e+00
-2.909390698894558369e-01
-1.494128024352375794e+00
-6.498028902509840332e-01
4.621010108836829389e-01
9.141719689307918895e-01
6.272457229358530117e-01
1.256522727965441177e-01
1.103956829539604945e+00
1.246895159420749577e+00
4.148390167861346622e-01
1.834502135917373433e+00
2.951262140910004828e-01
4.763431629730421335e-01
1.303879715721601773e+00
1.294881265402078707e+00
2.142144381815831444e+00
1.049848965511684273e+00
1.361437256437042276e+00
-1.162728769399053341e+00
-9.496852431017079876e-01
-2.438161238050379875e+00
6.469988115290439268e-01
1.511243924245997405e-02
2.174752990351868309e+00
2.530588428194325168e+00
2.068823383149025474e+00
-3.659126145249023132e-01
3.058269784765139665e-01
1.564623370668846825e+00
2.700907217126450099e+00
1.976919303614238288e+00
1.179439789267960004e+00
8.587695835190694016e-01
-5.962880660736582517e-01
-5.687649285998592763e-01
-9.249608347894947569e-01
-1.043498340881640951e+00
-8.583104560330792054e-01
1.561299556849514714e+00
-4.905515308816821296e-02
1.838908794493609111e+00
-3.243391911166064734e-01
1.614137532529483110e+00
-1.259857996040259609e+00
-1.261320063795763335e+00
1.308425482253454675e-01
-1.495370800809477041e+00
-5.786804288934652707e-01
-6.380542879687725044e-01
-1.322220138997878269e+00
-1.071654135527301488e+00
-6.284327140515717502e-01
-9.657524327376253437e-01
-3.782083466811249073e-01
-1.362272529469340299e+00
-1.338054834699479390e+00
-2.894163967655927205e-01
-2.095399143887477500e+00
2.041334935397064232e+00
1.821186734686849551e+00
1.436897365871353749e+00
9.883879437267413248e-01
6.194720817175997096e-01
1.244643224193265674e+00
7.306218898332192957e-01
8.861572892352700404e-01
-4.362085618866715642e-01
1.421580880543198422e+00
1.353528939053193048e+00
2.112926589591777926e+00
-3.157965187294453635e-01
1.285038167008264454e-01
4.978022121315809345e-01
-1.852680982134255805e+00
-1.380325947373127526e+00
-7.178495014623569315e-01
3.488933900025541490e-01
-1.750751722252203768e+00
1.216048659301816048e-02
-4.624030227815898453e-01
1.027575739175155434e+00
1.149956798218843224e+00
3.832781668466576086e-01
2.076745472156507066e-01
9.754805894841762637e-01
5.835022844600316061e-01
1.155567819411086994e+00
3.057142416693318099e-01
-6.703686512919290186e-01
-2.191767763478344122e+00
-1.079390906271473938e+00
-6.642365317909618705e-01
-1.017737268339246048e+00
1.314214261142266249e+00
6.890991959025007940e-01
1.276152495670460407e+00
2.091179983991476199e+00
1.314458214018185522e+00
-1.049966581783710495e+00
-1.793042436096999426e+00
-1.545084802435681137e+00
-6.824706565324316632e-01
-4.563131181403284886e-01
-7.359934431054302451e-01
-1.187255787053049128e+00
-5.200787478712949330e-01
-8.996285030049674392e-01
-2.092054521737739536e-01
-8.918421211833948981e-01
-6.650976243127130205e-01
-1.183605058281487876e+00
-1.077172302834561446e-01
-1.063090078107503222e+00
6.462434212795198363e-01
1.643545690608486876e+00
1.087864184694148362e+00
2.030176690389788874e-01
1.511182843259475161e+00
1.326212730227413150e+00
1.255384783097259760e-01
6.203773203902845923e-01
8.205347625576330239e-01
1.207243941577303747e+00
1.026509270584478717e+00
1.760917059751588853e-01
1.368040968086867037e+00
2.149336684617867421e-01
1.794266796517075102e+00
-8.010747056945085598e-01
-5.274871332123384216e-01
-1.763441829323611154e+00
-7.719172631637009063e-01
-2.479055637285168423e+00
-1.497764650302493283e-01
1.596699659017142281e-01
2.010581945153569805e+00
1.115350468162663145e+00
6.408702975702234017e-01
1.147477285090219290e-01
8.023774809935191321e-02
1.584437405652473263e+00
-3.568733085839843611e-01
1.377935479629620374e+00
-1.462788427138539848e+00
-9.425003885540715887e-01
4.535994198552153467e-01
-3.607956563757956925e-01
-9.418908845056387369e-01
1.143060120838260474e+00
1.502030885052990206e+00
1.318621767244867904e+00
6.249837651355496515e-01
2.088283372918791958e+00
-1.086184351083583799e+00
-5.238300858845480468e-01
-7.168891801052142965e-01
4.197360028936445442e-01
-1.517086222552805452e+00
-1.788537046050918233e+00
-2.657662564691723794e+00
-1.530593184597572876e+00
-1.635218440969641751e+00
-1.470095966296980361e-01
-6.246217413660065665e-01
-2.736030535009501552e+00
-9.199244825070000964e-01
-1.393894932868572578e+00
-1.247691621328390621e+00
8.393032563867819373e-02
9.846743824021184643e-01
1.404826323706323876e+00
1.260215379379365341e+00
6.841457179951190293e-01
1.216953995151144774e+00
1.347928795342014707e+00
8.142458452847863848e-01
8.206283674115294469e-01
4.144432334217431624e-01
1.361208454083420172e+00
-1.944928501781149066e-01
3.403075644823294610e-02
1.670781590494597069e+00
7.298995937714795046e-01
-9.442196939860941773e-01
-8.026856706742324654e-02
-3.654508137604348672e-01
-1.509777661307013741e+00
-4.678835550125892695e-02
1.622400088267980323e+00
2.091459848123635723e+00
1.077862152601998247e+00
2.038989324968107475e+00
1.506889145180958511e+00
3.491815364213782802e-01
2.197783978377107594e+00
1.369733367019368986e+00
-6.859381776493411742e-01
1.971547357770180753e+00
-6.312145796552957044e-01
-1.136472311415009484e+00
6.075631357711097635e-02
-1.742354404572593607e+00
-1.018271191539051435e+00
-1.131951382179545718e-01
1.385470770403004481e+00
5.920222060478546044e-01
2.659046804056294233e-01
3.742122315723188652e-01
-1.078297638136699543e+00
-1.525329906811265346e+00
-1.254318806045963797e+00
8.898505140995403018e-01
-1.231302786937556570e+00
-4.171065192382577003e-01
-3.100899084042517018e+00
-1.219820000109910207e-01
-2.045680636216790305e+00
1.081900425778008490e-01
-1.078409834367183295e+00
-1.192212912715532536e+00
-2.506821599366443110e+00
-1.893131106292101240e+00
-2.565938502320420644e-01
1.622159605366364499e+00
2.720041293730818932e+00
1.438860377640890809e+00
1.677472857352583446e+00
1.217046421515647125e+00
9.963118414148003366e-01
1.540988293581909030e+00
3.721681576490020404e+00
2.438870695865844596e+00
1.021984973589614487e+00
5.878409701515416863e-01
6.418825007671613569e-02
9.449163155043677209e-01
2.240749132739643379e-01
1.323282459157280488e+00
-7.709992149930569028e-01
-2.071154937494754211e+00
-8.716992463112018807e-01
-9.647914795175311919e-01
-2.294299202579581642e+00
1.073534027086637810e+00
4.954219478804852139e-01
1.796915251352179776e+00
1.117730390656244577e+00
3.091886278961293311e-01
1.198054848069964429e+00
1.408652847165084099e+00
5.987421755921247257e-01
6.141492168435754850e-01
9.858541113853308557e-01
-2.981743604800339842e+00
-7.923667938639371577e-01
-7.521358909245474678e-01
-7.363741421029765810e-01
1.855708187943359011e-01
1.416348385891153194e+00
1.666869235330793231e+00
1.203205919429217730e+00
2.234095606813950585e-01
3.081659931511827821e+00
1.902225691398492291e+00
9.127465814890078910e-01
2.046079906941902227e+00
9.151422756737337405e-02
7.228511457681421337e-01
1.373000246130540170e+00
1.817724631493688126e+00
3.927922099804757039e-01
1.553696885625206692e+00
7.117997694098158190e-01
1.401161116515184046e+00
1.022305280102488556e+00
9.681635585069269245e-01
1.144088408093559828e+00
1.037991037107037773e-01
-6.959012561244691808e-01
-1.291102108852504315e-01
-1.364972519636259207e+00
-1.270785976206932233e+00
-2.262481167843877650e+00
-1.333324410082899814e+00
-2.850929407533446813e-01
-2.481143745370377740e-01
-1.339238528401113459e+00
-1.240501986484149999e+00
-6.403131101921251123e-01
-9.826462927220719346e-01
4.906547535437377761e-02
-1.454426250575582724e+00
-1.865324305255848358e+00
1.324166149830769079e+00
3.916057150406226928e-01
1.218324595596053772e+00
5.778157889877966191e-02
1.298195909154767236e+00
-2.229816429089240604e+00
-9.399968720577511760e-01
-4.950289209487607200e-01
-1.741864870903701012e-01
-8.248671492088324175e-01
-7.014600040705666339e-01
-1.643885407758427286e+00
-8.853581044859317739e-01
-3.423369870272936488e-01
-1.303187734751844351e+00
1.469661287719676634e+00
2.541280655663683774e+00
-3.588276192426715916e-01
2.123418893109740413e+00
7.513329229354848149e-01
-1.098524600347153823e-01
-1.093043125683812233e+00
-1.838900187906730377e+00
-1.008149045838522495e+00
-1.479332886199615116e+00
1.180014577212799232e+00
1.479460331165394216e+00
4.896987330889984724e-01
1.333202775428620424e+00
2.624770512914306408e+00
3.214462779131689318e-01
-7.500090960629131054e-01
-1.077709509906270569e+00
-1.395760004789270425e-02
2.686863384211499284e+00
1.082338291989776602e+00
2.278195525879694650e+00
8.744719443897037703e-01
1.839007925356888729e+00
1.894306900419767903e+00
-1.480580469965307788e+00
-1.810868770175421805e+00
-8.775550529365289121e-01
-1.170047149078242921e+00
-9.062722326902877823e-01
2.761069313064825614e-01
1.721722288481435381e-01
-1.367884263001059697e+00
-8.836400671633080073e-01
-8.379524649296128391e-01
-1.944717764834422491e+00
-2.853610668584227739e-02
-8.555959405504909299e-01
1.037043626657040640e+00
-1.361152598687751514e+00
6.386524876667405426e-01
8.549509313576475478e-01
1.551130590594896219e+00
1.007734377819673233e+00
1.019885021173504658e+00
-1.787446224402641004e+00
-2.373602822935728440e+00
-2.118834309075377842e+00
-1.098288872420206230e+00
-2.323465366954594380e+00
-1.054113973136601823e+00
-1.429749244917912110e+00
-9.782164596333940976e-01
-1.095337587314964445e+00
-2.302824479460919171e+00
1.161763817164811030e+00
2.205954925960608159e-01
1.265569074555706663e+00
1.206539475609242462e+00
1.416156878198495672e+00
1.315885231758877616e+00
-1.930408723488262090e+00
-8.608156939159166132e-01
2.479751813545894024e-01
-1.415747686861328791e+00
-7.113277835781322000e-01
-1.661524549541297135e+00
-1.025329321832851415e+00
-1.609719721146222193e-01
-1.304919548554089426e+00
-4.762633811628878000e-01
-1.920896917710926077e+00
-9.949347656583940047e-02
-1.322031349796886301e+00
-2.905657970011279456e-01
-7.307819250139471201e-01
-1.783066619000703845e-01
-7.200762622037732985e-01
-2.285079812878441086e-01
-1.696312157016277133e+00
-1.607495659329638560e-01
6.170900527802057889e-01
1.801779830976531382e+00
1.362745781015169300e+00
6.246428693817083211e-01
2.361637549961393745e+00
3.343687529825281057e-01
6.926340796123101606e-01
2.025286083246441216e+00
1.188297688832384624e+00
3.047008767795187367e-01
9.298495056098277090e-01
-3.163663068576805237e-02
2.069516082244806654e-01
9.218798545390424204e-01
-2.357788416388195696e-01
-1.742516009078257655e+00
-1.046883895752154459e+00
-2.224705989154938113e+00
-8.975174312767271179e-01
2.014825371518449426e+00
3.273355865573356338e-01
1.239060365495266547e+00
6.525106787818942822e-01
-1.829866415963588011e-02
3.238120418544504275e+00
1.612392147710579149e+00
7.878025012831875173e-01
1.974291604825175517e+00
8.431920902732898959e-01
-6.517213737235949544e-01
-1.201446947145103916e+00
-6.805275773085840418e-01
-7.635467860984099797e-01
-1.024128432099220776e+00
-1.841978031982172137e-01
1.383626879610907467e+00
2.322450991506841422e+00
1.858132952169246899e+00
1.590564300136282139e+00
1.174075671419078315e+00
1.093545037700240474e+00
1.469519830825434248e+00
1.269010287453146368e+00
-3.621346288543854097e-01
1.618676195766721504e+00
6.430148672044677660e-01
-1.511565673720998149e-01
3.751400274063887430e-01
-9.782727296207989198e-01
1.437089143193305496e+00
-1.266032025236468073e+00
1.379649368981723967e+00
1.449546680645611429e+00
2.366220439417151544e-01
5.132460258916693441e-02
-3.102542496904250324e-01
-1.089222769150117731e+00
4.709910351867514500e-01
2.026655195895428196e-01
-2.254360242769012146e+00
-1.515857663803170441e+00
-1.650060060585978094e+00
-1.157241386380774006e-01
-1.473823087703639123e+00
-1.727749546638452038e+00
-6.181051487989942528e-01
-6.517210962227087956e-01
1.033486895671396066e-01
-8.822708124997724610e-01
3.386346381999336685e-01
2.006734122886706384e-01
7.523532197257116749e-01
1.976644136101270544e+00
4.747859104911160699e-01
-5.563627029784130595e-01
-1.419490783886051766e+00
-1.396034477677014607e+00
-1.872549492003924065e+00
-6.927857887637456358e-01
-5.518440760465521677e-01
-1.236571307285550869e+00
-1.418966353367655975e+00
-1.098204106535478175e+00
-1.834183734774976093e+00
-7.429512400580851050e-02
3.433635495924891590e-01
1.381192258378435955e+00
1.009834177825112755e+00
8.124530940194107931e-01
-4.793508647882349649e-02
-2.938879445989373007e-01
-2.436884656031390595e-02
-5.522773672279026602e-01
1.403258631118675659e-02
1.235508796242190011e+00
9.623795248486013421e-01
2.492872725486032781e-01
1.101664827035790273e+00
1.073975353658753962e+00
9.451463000982274210e-01
1.735021045060480382e+00
-8.103434554236255138e-02
1.292760085389932367e+00
-1.547559119552106566e-01
1.082369402360079835e+00
5.736532037639705539e-01
7.862603039712150466e-01
1.025322836916811475e+00
-3.109903133574123402e-01
-1.646541393015492849e+00
-2.327882885715959471e-01
-8.148862842045982990e-01
-3.644609749993524828e-01
-2.398553114948944742e-01
-1.697429533121781242e+00
-1.197871014739145146e+00
-5.332715405653634111e-01
-2.206235908074805963e+00
-5.424136270822002004e-01
-1.042323676707544333e+00
-1.724780106063346086e+00
-2.064699143269836057e+00
-2.707763444423148869e+00
1.015832912625683981e+00
9.684993441430604921e-01
1.869302306487385490e+00
3.345872569520652595e-01
1.302299305782814720e+00
4.401596338913749129e-02
-1.080102852180399475e+00
6.955439123404620894e-01
-1.152663110969439186e+00
-2.877687896194081052e-01
-9.344074904879497989e-01
-8.031336987315595977e-01
-7.325337421468447463e-02
-1.267323898672929605e-01
-1.465784414180748563e-01
-1.614095532303654101e+00
1.160352378673602303e+00
1.304976394970857045e-01
1.994001666623077096e+00
7.438593555507833077e-02
1.343195621053893118e+00
-1.958501640563839130e+00
-1.280467981113806886e+00
-1.829259204660718119e+00
-1.504173091616676672e+00
-2.526883498788033977e-01
-9.650335718246292327e-01
-8.803408242155374985e-02
-2.467198670474237687e+00
2.533634662238672952e-01
-6.604949946718123854e-01
-1.605914348355542032e+00
-2.034845128364244360e-01
-1.597464977591624979e+00
-5.582409939487074091e-01
-2.507528089079006373e-01
-2.163549237457087493e+00
2.651998101063601787e-01
-6.449443611669746224e-01
-6.693651130693187845e-01
-3.290314637565245892e-01
1.646261237286501977e+00
1.156291019885917093e+00
6.198827189484567013e-01
8.258508043421322053e-01
-1.542569045585764353e-01
6.367300731436160710e-01
2.445021991820929053e+00
-5.748961716576239667e-04
1.391947471132783276e+00
9.961193267754921976e-01
1.434671930077252355e+00
-2.954229280967024529e-02
7.438676181577839053e-01
3.808385632589366132e-01
1.358687106413624335e+00
-2.237205766123856243e+00
-3.855561809575425158e-01
-1.076561471623567190e+00
-1.405470050545229554e+00
-1.521935353971606730e+00
-6.778117983197700092e-01
2.028155686870309005e+00
-5.707374317145295084e-01
2.137348821870446169e-01
2.496423715713793623e+00
1.165792089826775957e+00
1.713584660370533586e+00
1.727217096559561238e+00
2.227346241312354591e-01
1.675991097540615815e+00
-1.503396104593892835e+00
-1.430955454936261084e+00
-1.611878671609631830e+00
-1.332656763448493820e+00
-6.086962196660600233e-01
1.251872943285829543e+00
8.983338870675569021e-01
1.660943916323243341e+00
1.614880558619627315e+00
8.012239552364741613e-02
1.367745083357942981e-01
-2.115166356908767753e+00
-1.390222654000401459e+00
-6.319637501079755637e-02
-1.507025551192070045e+00
-6.269498079278144065e-01
-5.699772340024161776e-01
-1.991827093366246082e+00
-1.441718650608458052e+00
-1.352732262421102893e+00
-2.787809524648927617e-01
-9.647424689802164277e-02
-3.449042773262229744e-01
-1.095149925525602974e+00
-5.613991629894681257e-01
9.814488777596728220e-01
8.063089168982022770e-01
1.307917568997048807e+00
7.527224860977548282e-01
2.296715884037612287e-01
1.491316348740874709e+00
1.002250261475449156e+00
5.146241935286890445e-01
1.048529458027186667e+00
-3.383502549283492478e-01
1.544611373056246073e+00
7.678008792588373321e-01
5.840376982090894620e-01
1.974236660960110301e-01
1.459831967628805405e+00
-1.364693302541871489e+00
-6.091934031203822819e-01
-1.002871221557880776e+00
-1.004419619788011087e+00
-1.461133916305905167e+00
8.700759500638206578e-01
1.779742172125552635e+00
-8.179686422348224628e-01
1.733592161663124021e+00
4.974683788408027496e-01
7.755818392638322845e-01
5.810843733550220547e-01
1.269774382283327174e+00
1.496604194615791084e+00
2.736747530086954816e-01
-1.242204934408827732e+00
-8.084659285152675512e-01
-3.709435263195504096e-01
5.032379185643325314e-01
-8.959512455447543600e-01
2.436183848319511736e+00
-1.311407561126822774e-01
1.805615326520226827e-02
6.680043456798414603e-01
9.442070213832496339e-01
-9.387018982650074950e-01
2.078687736413791232e-01
-5.518308926235615530e-04
-1.190545448653326233e+00
-3.072223662827788804e-01
-9.143739157738894896e-01
-2.708237241614752655e-01
1.877547930996481540e-03
-1.102631199798861372e+00
-1.190451454809635656e-01
-1.432544005495948181e+00
-8.727382208797372920e-01
-2.783403571929736309e+00
-1.463558902242322546e+00
-5.812225170066093183e-01
2.255880154630434564e+00
2.179844031921205350e+00
1.685660070794334775e+00
1.813500915497786581e-01
1.175384831256536922e+00
5.577537417230444827e-01
6.285613179296614117e-01
6.135377116537321651e-01
1.486309176930822318e+00
-1.051761170473715090e-01
1.167257293330553614e+00
1.200599164246138439e+00
1.674519028422414069e+00
2.105695134484154574e-01
1.179675278768495650e+00
-1.161959588292760692e+00
-1.299409987691396484e+00
4.864173126486392995e-02
-4.187714194301387360e-01
-1.388804611820697810e+00
7.929030819526386997e-01
2.232443094884279056e+00
8.346790609690839524e-01
8.880227280222957598e-01
1.699540352243774199e+00
1.134847840067769287e+00
5.919001685038717264e-01
-7.006046554500486856e-01
9.348425219750604587e-01
7.392733847084143051e-01
-1.144521864564707503e+00
-1.399630681401374588e+00
3.385177136666097653e-01
-1.474361455192816361e+00
-9.435184288847052736e-01
3.592070044822699426e-01
-2.551466588183437523e-01
6.997476758471254943e-01
1.231892880213637520e+00
1.308256482362589512e+00
8.501774560458897900e-01
1.028686338984331705e+00
1.284516735364700235e-01
1.505315303913927760e+00
4.151474803895793819e-02
1.239879522708350112e+00
1.384397231467757061e+00
1.269956193624409480e+00
3.692827207307644022e-01
9.334861621982719626e-01
1.531407444995433131e+00
2.279811152553683051e+00
1.646366789787438112e+00
3.787157539330062717e-01
1.325423587400174519e+00
-3.363695434996580858e-01
-4.872391838298720801e-01
-2.998662423675426680e-01
-6.219493357022096713e-01
-2.143659357357632356e-01
-1.273722181829345601e+00
-1.646734989965507934e+00
-7.735465715542049203e-01
1.342092060035660062e-01
-1.413635632699944189e+00
-6.162146807024154738e-01
-7.680371413067355046e-01
-1.624359590777021412e-01
-7.432484019982033008e-01
-1.168174902073302546e+00
9.187567341994448133e-01
1.126719156975933611e+00
1.998572279741179347e+00
1.170936806997624702e+00
5.247526974808320865e-01
-6.759705904634967233e-01
-5.199581249323386167e-01
-1.403816195788989640e+00
-1.287406848154900585e+00
-1.174524105189542311e+00
-2.230297100067231142e+00
5.966046001700342494e-02
-8.796226909738096289e-01
-1.779878613478750982e+00
-2.614989752374826448e+00
3.910657799392521783e-01
2.101289525821964377e-01
7.582089556873466973e-01
1.151739176883869176e+00
1.686481330344455687e+00
-1.043733448131491048e+00
-1.637389521097225797e+00
-2.093617388716639827e+00
-9.463518111553254064e-01
-8.954448120031819336e-01
1.424331248337151745e-01
1.445784238408038380e+00
1.739428908145679520e+00
2.966996175888632070e-01
2.573798439337055211e+00
4.885106348318244418e-01
-1.058015018006321917e-01
9.800265155083038859e-01
1.766838848862208877e+00
1.581988572606406684e+00
1.372650215906759286e+00
9.664226330811177545e-01
-7.799472299154119881e-02
2.842407533696169608e-01
1.676682855456363086e+00
-1.376178825128010264e+00
-8.558054929392076016e-01
-1.003852075063870863e+00
-7.362938212024779938e-01
-1.425598313514691462e+00
-2.209438634839962390e+00
-4.943963883430799733e-01
-2.740654279152019424e-01
-7.501881149581699493e-01
-5.724459809045727710e-01
-1.537441729766276133e+00
-1.458025785988366740e+00
-8.682436460484255214e-01
-4.945953626410900528e-01
-2.227513019772668912e+00
1.203088107754938019e+00
1.225184500532450427e+00
2.333868797656733385e+00
1.116037624848755350e+00
5.267947321046853038e-01
-1.152832892469412895e+00
-1.080197658094959268e+00
-1.447045457810892666e+00
-2.266153267013093053e+00
-1.494838765854725970e+00
-1.718770692013951162e+00
-2.061753661506935842e+00
-1.286983556062606393e+00
-1.702798184357383837e+00
-6.913865497207491995e-01
1.069355995767510947e+00
3.324414619926191250e+00
9.323818962804408805e-01
1.704564990463708574e+00
1.424759649237030690e-01
-1.820882852774477811e+00
-7.464534287802143675e-01
6.976570389296266050e-02
-1.548369714320168455e+00
-7.171327853847586642e-01
3.220861178093397115e-01
-7.664304145645985944e-01
-5.175067597568716593e-01
-1.333138479708917856e+00
-1.325364443793326963e+00
-4.518431049156137469e-01
-7.897387548858900708e-01
-1.111980815245566800e+00
-1.989146763546028041e+00
-5.507512488505160730e-01
-1.005110449815367346e+00
-8.419988790702492842e-01
-7.121542079121568891e-01
2.117115622874536918e-01
-2.412972208838169763e+00
1.164465732024580369e+00
1.594559435899193911e+00
2.722797236880309946e+00
-4.752272435963798003e-01
-6.443176745175760445e-02
1.049889237116456542e+00
9.154537734086913847e-01
5.904493109888927505e-01
-6.700858698312674999e-01
9.386700629651136829e-01
6.259947820397898655e-01
2.512362140080397488e-01
2.516987515962906263e-01
5.625959461142612250e-01
1.050614177443860875e+00
-2.604793717485196503e+00
-2.651544797407986653e+00
-8.983915007623565208e-01
8.077436393559112027e-02
-7.592988758679997119e-02
1.831639190356298519e+00
1.745159202703600254e+00
2.549254773075726010e+00
1.415174551320800722e+00
8.765523248483966245e-01
-1.962656860563352090e-01
7.576824850104233455e-01
7.108184394131664696e-01
5.746309806076759230e-01
1.549497759718700296e+00
-4.697920102063515291e-01
-1.119831447852548845e+00
-5.043044631484915330e-01
9.297483723017041513e-02
4.750028811039133103e-01
1.160537565754721889e+00
3.054969913304044660e+00
2.653850490619942271e-01
1.226561094177702316e+00
-4.663161832962670061e-03
6.956663929408923863e-02
6.898052903435208938e-01
1.342985179042945232e+00
2.205358762180138488e-01
8.098974486738466094e-01
8.679033092389878412e-01
2.170791575998669565e-01
-6.054275486829425734e-01
-5.495087146174408854e-01
-5.325389058599208081e-01
1.292656736771808923e-01
1.129726453477805093e+00
1.685646054898130242e+00
8.464222761301898323e-02
1.360225135525168216e+00
-2.787802096022063747e+00
-8.460741749613038820e-01
4.059911601072760945e-01
3.559039159514865158e-01
-9.716938149115107448e-01
2.625140502869651726e-01
-1.635871579868834580e+00
-4.243071953716590627e-01
-3.604133334772802177e-01
-2.272463185388374107e+00
-2.684384126507737278e-01
6.826479104663674136e-02
-1.749122585482928649e+00
-8.095909215075310916e-01
-1.763309549765399886e+00
-7.950709358662377824e-02
1.707739006577598584e+00
2.258444564494054063e+00
-8.407492820288156032e-01
2.408431286050819686e+00
-4.050123145886239673e-01
-9.805155897174586688e-01
-1.076274932743995327e+00
-2.048111380153740058e+00
5.017896606029395024e-01
-1.232719046549767494e+00
-3.839925377986685540e+00
-5.839828964208269024e-01
-2.715399658899088076e-01
3.206638946462527784e-01
1.259858947918266470e+00
2.737687006699968117e-01
-9.578989001006865678e-02
5.799337465640563849e-01
4.326431463904201191e-01
-3.029783682385231991e-01
-2.856365839079129110e-01
7.178770634699453979e-01
-7.744276672238640247e-01
-9.879450878013839032e-01
-4.938164822249797581e-01
9.450653832657396336e-02
8.783998495406863949e-01
1.405401277144993077e+00
1.808797979656771027e+00
1.214509107696773782e+00
2.108412911317851357e+00
1.275245216761458966e+00
8.201980056811973840e-01
1.333819780721005710e+00
6.132470677926753488e-01
6.194701499061008310e-01
9.767430713975601142e-01
8.004710225192137596e-01
2.494022045320543057e-02
-5.385963000224309738e-01
-1.208451594542023111e+00
-1.263566285655878030e+00
2.075123515079617675e-01
-1.690559805467535925e+00
1.309064575196168256e-01
-9.114355964658623632e-01
1.027289694720532331e-01
-5.238693286454990661e-01
9.060529629587521505e-01
-2.282705551315112658e+00
-1.926886949003828731e-01
-1.366902412157751767e+00
-5.664241468466549856e-01
-6.715900200472524340e-02
1.158937312015699161e+00
5.824872631961836023e-01
-1.635732622433876404e-01
-3.655609942697490844e-02
5.499737096143979542e-01
-1.236747880766508656e+00
-1.197026655262430239e+00
-5.133975946686343272e-01
-1.771141822660242671e-01
-1.219344460856839341e+00
-5.482425796717892430e-01
-2.188547755523235772e+00
-1.058943922564224760e+00
-8.216368701679737097e-01
-1.407516904302064997e+00
3.828283885436437606e-01
1.675156231517464400e+00
9.891131754337513238e-01
1.533546905901039370e+00
1.519396526019402671e+00
-8.583840865863855418e-01
-6.784318936637416808e-01
-1.000858555521342286e+00
-1.249654033294895772e+00
3.544279926295308414e-01
1.552210780659162737e+00
9.087210104549936496e-01
2.798283850254490446e-03
1.601442124639575137e+00
1.175807651851979996e+00
1.249906845875451644e+00
1.716122915682381178e+00
1.549426890921232314e+00
1.355301125566022558e+00
1.890433676704910582e+00
1.516108464509497544e+00
6.586700956111408711e-01
-1.296718903698210745e-01
1.831586598510947628e+00
1.406611574938784637e+00
-1.384844700928798966e+00
-1.463474460398322075e+00
-2.504447055039678016e+00
-1.613526792861444292e+00
-1.212208169305714289e+00
-1.113975259261440032e+00
-9.118627353554934478e-01
-6.733568428092047142e-01
-1.058453325474947526e+00
-1.450430091327423288e+00
-7.823189014779983186e-01
-1.604646820022562093e+00
-3.592253390292290405e-01
-1.798234935694307479e+00
-6.918534457866898357e-01
-2.140315504183289974e-01
-6.137538165905920273e-02
1.311101608123471873e+00
-2.524843842154183005e-01
2.332138701024297767e+00
-2.361470983138855839e+00
-4.435700584847106498e-01
-3.232719434402089753e+00
-1.484858139860735005e+00
-8.324677139104310619e-01
-1.708779212479212273e-01
-1.031557834522409456e+00
-1.045796311219014951e-01
-1.107218852117427543e+00
-1.404036499857730824e+00
7.767329122624870852e-01
1.181828720390458054e+00
1.029641857342848965e-01
4.251530637339168139e-01
1.916613592781887920e+00
-2.163661010561444442e+00
-1.161953129239874594e+00
-6.318408316566970218e-02
-3.856847927944154764e-01
-1.017063583662280335e+00
-2.106722703007968267e-02
-1.918934750036661585e-01
-8.910021176954471267e-01
-9.555743499786037987e-01
-1.746777050551884924e+00
-1.915738062907784922e+00
-1.384600643967662359e+00
-1.089501699907886145e+00
-5.287141437856553994e-01
-1.596859936149329640e+00
3.673905999633906294e-01
-6.230941210869872515e-01
-1.396363580584629061e+00
5.393898405250925343e-01
-8.399070728619281168e-01
1.051311027916193686e+00
1.301375320394893675e+00
2.055774043251990868e+00
8.798125609470164310e-01
1.558879278095129273e+00
2.101814875103969804e+00
1.945967960672907893e+00
9.574924028813598387e-01
-1.077539701173302333e-03
8.995938665137930279e-01
4.029031349370389981e-01
-5.930164185039510372e-01
7.433956463621198552e-01
8.669787583257140273e-01
1.338268894703804612e+00
-1.109417047536092715e+00
-1.170721948389795264e+00
-2.424520991635357170e+00
-1.694200620789183986e+00
-1.379302061675888647e+00
1.863638201037938202e-01
2.488010035263976683e-01
1.741956148985327246e+00
2.023806598692440950e+00
-1.997219651201813662e-01
1.117338097171063360e+00
5.684517126694815792e-01
-2.151999568734208612e-01
2.174526017329353689e+00
2.674638073046731179e-01
-1.019637757457764193e+00
-1.248971449177634474e+00
-1.595696238258084598e+00
5.813966466035935809e-03
-1.203541719606100679e+00
-1.646259417622426557e-01
1.507457639826252915e+00
1.127830939050370240e+00
1.230914958468970033e+00
5.019593726957456425e-01
-1.718477444864479509e+00
-1.353362670136835977e+00
-9.839865039295989657e-01
-1.048198881888642076e+00
-1.191292570802152673e-01
-7.190251217328705868e-01
-1.512960500827707611e+00
-1.923017856417780669e+00
-1.231842102070350053e+00
-8.464899500416432909e-01
-1.189401134887130285e+00
1.224072149253081498e-01
-6.796886632202001621e-01
-8.863930994968187704e-01
6.338585502165194896e-02
6.248734517263287991e-01
6.242356660945160840e-01
1.143235494060629076e+00
5.875881967270140116e-01
1.954526880928584509e+00
5.719073757259576229e-01
8.449871073241881358e-01
2.252274092537117856e+00
7.691386903092927163e-01
6.221917936837163543e-01
1.557693809875766888e+00
2.266139118190153567e-01
1.055108608489243149e+00
8.928841991447427073e-01
-1.072165831561751048e-01
-8.401739646387467175e-01
-9.039692445674125665e-01
-9.834520893524657525e-01
-1.282257185213714346e+00
-1.920433623638120313e-01
1.773659427082180828e+00
1.130352249832628608e+00
6.604559708385171479e-01
8.137141413959949610e-01
1.846491322451743189e+00
5.263955718213644275e-01
1.603576228192247211e+00
1.091734260101862697e+00
9.116041763419840960e-01
2.685882277377399596e+00
-1.995286192766238420e+00
-1.106754203277271253e+00
-1.118971703441789201e+00
-8.973816070019058344e-01
-1.941974870136676357e+00
1.662046384309256997e+00
8.323847918094083864e-01
1.085796593364705132e+00
4.741564288309376707e-01
1.432249905935294221e+00
1.357509468411093767e+00
1.933627765639069462e+00
6.031496412889421066e-01
1.028818655491312573e+00
1.416504919929954198e+00
9.452696505356643630e-01
2.192096714700052518e-01
-2.260042661993961755e-01
8.855838831992792759e-01
1.588612306818169007e-01
1.931673583181505727e+00
1.418320874479515492e+00
-7.350627577068700180e-01
1.855652213570907705e+00
6.256436997481027440e-01
-1.031786212952823245e-01
-2.162501692956255717e-01
-1.472564072633588905e+00
-1.087448253756211347e+00
-5.576205391924414778e-01
-1.838983965150162714e+00
-8.330432797607135731e-01
-5.057210452325491268e-01
-3.632348590002467681e-01
-1.330858138719671180e+00
-7.668821916637431624e-01
-2.225095815973593183e+00
-1.856453184691055913e+00
-1.245185575347765861e+00
-6.069164855588318197e-01
3.363269273887877775e-01
-2.650651144714890606e-01
8.785680534166822042e-01
9.953156798745865785e-01
1.437515461333110478e+00
-7.381032662848407977e-01
-6.482402196688952234e-01
-1.146052575599653567e+00
-8.230165694899163054e-01
-1.207970191265183235e+00
-2.731630654226396837e-01
-1.257769698142817916e+00
-3.771938131427782226e-01
-7.633322551514667431e-01
-1.011924087400166039e+00
1.013227464938596833e+00
5.261866214479112847e-01
2.154807507034476988e+00
1.285921528794090385e+00
5.871375107477008193e-01
-1.024171860778282594e+00
2.376830880860958395e-01
-3.316388950542314973e-01
1.334862399891070250e-01
7.657890540010345859e-01
1.490820304034238042e+00
4.870870302205497770e-01
6.400557071850780932e-01
1.584099377211536375e+00
5.712532273857744425e-01
9.828718086145404875e-02
9.985201516753297035e-01
2.038825852623692647e+00
2.478213639269259971e+00
5.011301685072596657e-01
-1.079692074181530792e-01
7.617981033639962263e-01
1.177324254907479162e-01
1.860674864404205930e-01
1.061107156594527590e+00
-8.684898344567493211e-01
-1.393511017235994132e+00
9.598540605256755676e-01
7.709011624377444249e-01
-5.675278101777329054e-01
-1.081335552013197532e+00
-1.001964616721479073e+00
-2.056853393133009522e+00
-7.310283955174523562e-03
-1.026875776557258479e+00
-1.719197450697087959e+00
-1.314656959331000241e+00
-6.063477565886729037e-01
-8.651595276347545660e-01
-1.937444436873996256e-01
1.555125152573992420e+00
1.809513103839315518e+00
2.074891596205163946e+00
1.303027445937164241e+00
5.276608153764116294e-01
-1.314563218886286800e+00
-1.895828163681855028e+00
-1.746482904127876878e+00
-5.218573073564591880e-01
3.027058087029255162e-02
6.562736417886330109e-01
-4.308102422938093756e-01
-1.270997313436563303e+00
-5.073139412945751880e-01
-1.070511355645938245e+00
3.783736074840501340e-01
1.008785443101783308e+00
1.518791836508714965e-01
1.132667918140962016e+00
1.207883238058355957e-01
-1.947367832940195331e+00
-1.854605167204255389e+00
4.298719130811847755e-01
-1.100597902219971003e+00
2.065907966254663108e-01
-4.823386069210294780e-01
-1.395405063781044230e+00
-1.749038723915172344e+00
-7.399658072314856394e-01
3.359003230068309254e-01
-8.258914126324790050e-01
-1.325762472289177429e+00
-1.348862653129701883e+00
-6.470509914087048120e-01
-1.126098724676447782e+00
-5.028304485578493077e-01
-1.866406096377863477e+00
-2.770864164005262253e+00
-9.884465363058473342e-01
1.480213684763600490e-01
6.710373681220449527e-02
5.780481847932146255e-01
1.142778962943056253e+00
-7.312953357560347811e-02
-1.501936805097483507e-01
5.415042461778116767e-01
1.153179509103015254e+00
1.745804177409342905e+00
1.178351304583250769e+00
-4.484869249107070743e-02
1.003595539270201842e+00
7.505054457630194742e-01
1.106922674881277047e+00
-1.518601740978801296e+00
1.629320594763199681e+00
-1.664624328230722261e+00
2.889968223902954492e-01
-1.513497495840557150e+00
-1.728763372454531266e+00
-2.133139406570931929e+00
-2.351134350409367357e-02
9.481911756254192136e-01
1.006157347460079787e+00
1.998473104453108995e-01
9.563291736523776843e-01
8.192420152427685176e-01
1.530748295769286837e+00
-4.220470347664839750e-02
4.634224667131998654e-01
1.613187804673952286e+00
4.912558322416600287e-01
-2.499157509998629401e+00
-3.081812879691614437e-01
-1.296386248719725298e+00
3.406194360802876631e-01
1.575026492723637261e+00
3.298429849803169445e-01
1.835713531616803618e+00
1.336707702065359049e+00
2.567258938877130525e-01
1.292405925489894969e+00
-2.089119293673786792e-01
1.267490297733372850e+00
-1.253262504187966364e-01
8.037530527157774607e-01
9.226783560838466292e-01
2.282159496839849755e+00
1.813263367460049125e+00
1.123297274811977831e+00
1.765701824299366729e+00
1.416420337496814064e+00
2.145836969569174357e+00
8.770475686704481966e-01
8.838592233334551240e-01
1.420505322128608583e+00
8.345865274658474942e-01
-1.731686402419695403e+00
-1.218239566818254183e+00
-2.482422265486226465e+00
-7.852533646216569574e-01
-1.432026441229079516e-01
-2.219826330580909168e+00
-9.074880304113051022e-01
-2.244758934515007631e-01
-1.482638120177036001e+00
-2.241819737775870180e+00
-8.298963634866031169e-01
-2.345941875296103873e+00
-2.402418818332391126e+00
-7.219368700067319011e-01
1.516454222078367220e-01
8.878350550874424263e-01
9.193101421209229906e-01
1.291399852412060012e+00
5.338636614712730655e-01
-1.959897064350649032e+00
1.209365323036910578e-01
-2.371133826222880936e-01
-1.786481975419490498e-01
-5.852191717941380711e-01
-9.400761875193001105e-01
-8.687141856505293802e-01
-2.131830328398728547e+00
-6.534208336451217125e-01
-2.479864644186955402e-01
2.139659195404628456e+00
5.305370087291472192e-01
2.450468020797627489e+00
1.429715434427594856e+00
1.589036626702501787e+00
-1.943552063272751429e+00
-9.767271488128456136e-01
-1.106146053179943634e+00
-4.609594971663959484e-01
-9.668044684808065892e-01
-1.613027620918563221e+00
-1.406624416435394931e+00
-7.894906343727550180e-01
6.451067985078173805e-02
1.017440693864117840e-01
-9.227550388762768563e-01
-2.598327534699290675e-01
-9.279454109715096211e-01
-1.241937916564961331e-01
-7.687057879678358407e-01
-1.506655585697602273e+00
-1.208202725734179195e+00
-6.792874916798878893e-01
-1.603724372175676871e+00
-5.394686460848674425e-01
1.884335959155498008e+00
8.472774239865888957e-01
-9.741988057322181760e-03
1.144740359900194182e+00
1.478084968298400970e+00
2.121625622733502858e-01
3.747626623893425268e-01
1.641091627543924236e+00
7.755069230830746729e-01
1.953902119831252282e-01
5.959138695696652999e-01
5.322325658645543633e-01
2.464850976091445212e+00
9.368956398352752402e-01
8.498967318219801115e-01
-1.586464376492182637e+00
-2.112522853925040245e+00
-5.510416464132862346e-01
-2.590146083812374656e-01
-1.698562070848536054e-01
6.830089602687716699e-01
7.619498215887378079e-01
2.409988915143670862e+00
3.834466359685838599e-01
-3.806697345279830280e-01
9.262912267467575678e-01
1.028081612868448680e+00
-5.945948416530952851e-01
1.358503074430015278e+00
1.612824973038249343e-01
-4.064218517942963516e-01
-9.875995722673013288e-01
-1.497869839666872149e+00
-1.249417867042550423e+00
-2.274019606378558045e+00
4.225047354015698531e-02
1.290319661968470699e+00
7.944595446743066836e-01
1.676457583519715744e+00
9.944513130566476899e-01
-1.782850203071699724e+00
-9.997096552556131721e-01
8.783367010468481340e-01
1.373606418071114721e+00
-1.202690280662368494e-01
-9.104265298441572840e-01
-8.663089147890650210e-01
-1.415309208502035787e-01
-1.320078165837482942e+00
-1.086927295728390641e+00
-1.166699636388634609e+00
-5.584196462562954766e-01
-5.613428628560994671e-01
-6.449180071897104849e-01
3.184723303597487565e-01
1.082858739618596466e+00
8.391811213584809970e-01
1.004406922092240473e+00
1.415077640775653789e+00
7.118589557016410385e-01
8.132981470890725539e-01
1.398410883836300300e+00
3.455084267489856309e-01
8.291745588686938451e-02
2.613001470039395535e-01
1.251726706084524965e+00
1.353297781091374219e+00
1.212985302963420109e+00
1.477552468478751990e+00
1.262083984190571773e+00
-5.748580377257443974e-01
3.557788859195991638e-01
-1.123607201341310091e-01
-1.620182044024582879e-01
-1.114593798262741187e+00
9.556749318543963367e-01
2.651657535927169018e+00
1.083238339882413914e+00
-1.659181928888564528e-01
2.645881520293988931e-01
5.468174555696012629e-01
1.691000569114358143e+00
7.792574370715612542e-01
2.927827559961542203e-01
1.440174825376536294e+00
-1.262740853960365728e-01
-1.956848101925163785e-01
-9.107048410179410247e-01
-5.209449964299748270e-01
5.103470187051413198e-01
1.863707211807476893e+00
6.922053281233910837e-01
1.761972644804797872e+00
9.015374237534999891e-01
1.864656217113008996e+00
7.471196234296283434e-01
2.040896845471518617e+00
5.660851797546554431e-01
9.945243686756666257e-02
1.900254264050829534e+00
2.869866974756739575e-01
1.104343687850569689e-01
1.190455423570227378e+00
1.916107361850444946e+00
1.146832348496383602e+00
1.172994062919984870e+00
3.036797924716459818e+00
-3.971373471969132929e-01
-2.229253897885630220e-01
1.069805157592838674e+00
-4.333741486160326284e-01
-1.293696727849804162e+00
-1.695090128218566417e+00
-2.167439195674670138e+00
-1.038837836016382132e+00
-6.152907924556985098e-01
-4.728173848719896544e-01
-5.094605037134394276e-01
3.261050591511889252e-01
-1.346070348643271020e+00
-5.801829983566972881e-01
-9.729551082009149088e-01
3.787513556565138551e-01
3.424343643043936680e-02
-1.492211184617748820e+00
1.130579069684305216e+00
1.059018059337353712e+00
1.944975136045947739e+00
6.325174961164620191e-01
2.652652901462543067e+00
-9.423792462937771175e-01
-1.288931074477773553e+00
-5.314390408246698616e-01
2.571451192077480741e-01
-6.884747725663407092e-01
1.187560327324701515e-01
-1.033995243380072093e+00
-2.086532771593750724e+00
2.702998793193380767e-01
-1.030418610333820206e+00
1.751502548567740902e+00
1.698247746930098057e+00
1.659947297175966341e+00
1.389221667291005380e+00
1.078823042761661188e+00
-2.884669977567188681e+00
-1.392683204170184208e+00
4.196061528211019187e-01
-1.491485280505048472e+00
-5.038093853391770738e-01
-2.153967146370522112e+00
-4.481278660674952175e-01
-1.233286517353328504e+00
-3.622387051300629546e-01
-1.113662199972798694e+00
-1.375641581263013613e+00
-1.037365506931493986e+00
-2.712863738881261089e+00
-1.017135670503556355e+00
-3.585685487040761732e-01
-1.078353753951482252e+00
-1.188273726326428026e+00
-1.692364249268923704e+00
-5.415883621722381580e-01
-4.349685319668440409e-01
1.230425045265316486e+00
4.215139931531719508e-01
2.341764310365525015e-01
6.575868709338414941e-01
6.178615928777040356e-01
3.579318573453341701e-01
1.431502019363986022e-01
1.269027463900383346e+00
4.027227158155169962e-01
3.796017409687695299e-01
9.062825288727118789e-01
1.166545869917586131e+00
1.801287973525521835e+00
1.306103807521046045e+00
3.871643845887753344e-01
-1.707765200550150686e+00
-1.217304190465958280e+00
-1.482562363853628273e+00
-2.183785143453278899e+00
-1.282881733757770704e+00
3.075476688367659861e-01
2.869314427415228241e-01
2.873375111294051987e-02
4.491163057385021418e-01
1.914524481372280595e+00
3.583831810847520893e-01
1.495804352678022253e+00
2.700782722404366787e+00
1.046097644042434771e+00
6.935263445670158955e-01
-4.605968799480989473e-01
-2.453189897579528989e+00
-1.751399809182392353e+00
-5.027426911117829356e-01
-1.656871925052755934e+00
1.883629255253292278e+00
1.805612119223504841e+00
1.548122857515949136e+00
1.421711776177458919e+00
2.891132161072270002e+00
6.549418456490425644e-01
8.004069078700417617e-01
1.031637839987566085e+00
-2.319681968661213567e-02
1.481324931632554298e+00
2.329984268119459578e+00
3.734006808435874625e-02
8.536936550376427180e-01
7.331787500390363199e-02
2.114253694890425805e+00
1.075690291119069997e+00
1.799553461132429089e+00
1.110648287563029246e+00
1.190537388344770076e+00
1.411354051587134562e+00
-7.860409200443799760e-01
-2.935429124623389896e+00
-1.417251492700396298e+00
-8.600574185162260799e-01
-1.161259020442328982e-02
-1.887808298238592197e+00
-8.525568353747134953e-01
-1.399363253308922861e+00
-2.144595976787045721e+00
-6.825918863404515369e-01
-1.013817282825688837e+00
-1.529793328588545442e+00
-1.013445311181204289e+00
-1.791480224745757299e+00
-1.327897437678022818e+00
2.927254259792859692e-01
-1.048764956879117971e-01
1.954312433323167175e+00
6.932008601582562157e-02
8.708318001867469960e-01
-1.802944394144873952e+00
-1.512606344090637878e+00
-7.717423992807028732e-01
-7.780950029330284679e-01
-9.695823243715281370e-01
-7.617941739617548613e-01
-7.279757791106191700e-01
-1.610575356239531519e+00
-2.092821575128720468e-01
-2.300292499980034044e+00
1.299694124451410859e+00
2.074952347638581607e+00
5.674516229973347592e-02
-2.389963430894255225e-01
4.478326286952252211e-01
-1.278349485365532834e+00
-1.577399997703546219e+00
-4.453483123290410406e-01
-2.127231512746554642e-01
-1.632947631968252100e+00
6.702063383034829736e-01
3.021048725585563366e-01
8.547002609082202662e-01
1.900015807753607788e+00
2.294190305360970239e+00
-6.010792008466472325e-01
1.128816771826655074e+00
6.125543274754836620e-01
1.740335258692185860e+00
9.111163567864024593e-01
1.989873272527567849e+00
-1.517944550354499711e-01
6.022259349874066192e-01
2.486906344186008422e+00
2.330817463186527938e+00
-1.920943476297535257e+00
-4.797993787274352773e-01
-1.186401111860746038e+00
-1.142852868144097478e+00
-7.434541689870011183e-01
-1.541815963836430381e-01
-9.969729000047456990e-01
-1.242079780802939570e+00
-1.853206528317032920e-01
-9.711702212703532400e-01
-1.460418840370587112e+00
-1.863638424228782231e+00
-9.747798214505967174e-01
-5.406734326807290936e-01
-1.777358510687055082e+00
1.002003277310123064e+00
3.723402162256239656e-01
-5.088580645247611223e-01
1.529263540580529934e+00
-2.617610562116201578e-02
-1.676461869023131213e+00
-1.361823676195131894e+00
-1.577586951602313992e+00
-7.381112069749378168e-01
-5.134360092296050837e-01
-7.115064900255596569e-02
-5.180737823263592556e-01
-4.622100433553915089e-01
9.488089710911853381e-01
-6.729810761646441986e-01
2.962377201559006634e-01
1.036350365375611648e+00
1.490871166491841926e+00
2.746007456593664298e-01
2.240724527850613823e-01
-1.193250964118631074e+00
-7.694665002170948398e-01
-5.396859263716812238e-01
-1.434924600551099161e+00
-1.771019565426494635e+00
-1.710345170995135833e+00
-9.589164826892632165e-01
-9.779971975464184508e-01
-8.818340623621514496e-01
-5.148544773477838898e-01
1.167061642941029653e-01
-1.944019226511253251e-01
1.268756277405873600e-01
-1.882524011204056880e+00
-1.125784734431845457e+00
-2.807624041178985674e+00
-1.398964410311380302e+00
-1.122362139592142150e+00
-1.685013019653434085e+00
-1.599025529419606517e+00
2.528477450932582471e+00
7.781081912668235123e-01
1.028549731962944191e+00
6.421555541741746920e-01
2.382859164725370515e-01
9.109394324718503855e-01
2.970091907331431358e-01
2.381273222102635589e-01
1.284464237874435533e+00
1.845004919576861635e+00
5.474859721352504094e-01
7.077270182208103000e-01
1.685244338891524807e+00
2.020800832668459890e+00
9.207458582471391706e-01
-1.411580412323200306e+00
1.121899954878924355e-01
-1.473864595946041689e-01
2.388029892076550809e-01
-9.415986673344038937e-01
9.609823466733536934e-01
1.917187126932020202e+00
3.191595660584791716e-01
1.342806695691814989e+00
5.780524661754253835e-01
1.859272975864508792e+00
1.306737494622063123e+00
1.921294857876046702e+00
1.259843238208810945e-01
5.266056400345495714e-01
1.534152205575853856e-01
-9.002469233479158950e-01
-8.767417953874631076e-01
-1.234422251104084989e+00
-8.295458634107371054e-01
2.101934238994822124e+00
6.804688491900305891e-01
-1.388141875144150994e-01
1.364943165510069445e+00
7.796286366153386549e-01
6.953936121839698892e-01
1.857160043504110458e+00
1.241982776808996380e-01
1.993783809123684136e+00
1.993429470910636159e+00
8.784147493763251324e-01
1.360117164903811293e+00
1.061351095899344843e+00
1.328999040409378107e+00
1.392084336211948603e+00
7.372521473545001758e-01
1.014322661938156678e+00
1.128127018135385295e+00
2.274622549828081208e+00
7.618895790441762017e-01
-4.774235672986234524e-01
-6.972301573162703603e-01
-1.341772985316447286e+00
3.142018568961626457e-01
-1.801513842206082572e+00
-2.212571194848469869e+00
-1.320251147447469631e+00
-1.476783770374329841e+00
-1.423572724108483012e+00
-4.022865456978778065e-01
-1.403551466371061318e+00
-1.923625450236615464e+00
-1.727558820298503717e+00
-9.125315106694260603e-01
-1.166489677584035434e+00
2.235772101531171785e+00
2.471256977543928368e+00
2.336129757468829560e+00
1.871550416091402935e+00
3.449618828441947116e-02
-6.152941557892210866e-01
-2.546999440046615604e-02
-1.636136463956814335e+00
-1.426395481384398867e+00
-9.574908212255482942e-01
-1.239261108467519801e+00
-6.710255377344385153e-01
-5.041133973547075042e-01
-7.073579349866947474e-01
-3.533008189463904269e-01
2.706377406871935953e-01
5.864967158794022195e-01
1.123104956399152199e+00
2.298583939205507409e-01
2.228237776979695717e-01
-2.792637837706986037e-01
-9.540775247638086931e-01
6.482363908483179671e-02
-6.842120487041780663e-02
-1.519955629316387835e+00
2.823532048096017988e-01
-2.369452708254765394e+00
-1.978135311642741812e+00
-2.282601287186492023e-03
-9.414801466837102728e-01
-9.695801193819819641e-01
-1.637978062819720471e+00
-9.221111662727596858e-01
-1.908756346897370282e+00
6.651746528757072063e-01
-7.844020953817149033e-01
1.589930633081189093e-01
-5.319170671788383542e-01
-6.711745496392096388e-01
-1.102792324412749103e-02
8.619427745154022436e-01
1.146620665802420280e-01
5.578503045193350385e-01
2.209224053692582235e-01
1.246739400291296818e-04
1.885385327312585346e+00
1.456569588047899710e+00
4.265397220545225077e-01
9.863057246091191388e-01
5.234898805746179828e-01
8.698325111988491898e-02
1.526492467694511745e+00
1.086241058734567444e+00
1.054099172289236774e+00
1.042285303811629538e+00
-1.881883668661623599e+00
-5.895053736925569554e-01
-1.062883922769815692e+00
-2.126970279319218449e+00
-1.815178457592282468e+00
2.403622462675083504e+00
1.704859323940000948e+00
1.589631722617032450e+00
7.664298270511517019e-01
2.200653522454535604e+00
8.996608000538104388e-01
4.193057499605765681e-01
-4.656767638037251356e-01
1.198461193494923416e+00
1.764798964126433001e+00
-2.570444426351020439e+00
-1.142644648423995379e+00
-1.517467891796122181e+00
-1.706198265413334525e-01
-2.187542627216160440e+00
1.597398964429730839e+00
2.788628542145076272e-01
4.086779214136750937e-01
9.437765231026081780e-01
3.336607602994204891e-01
1.548825618641261892e+00
1.582558745879726114e+00
1.485175170864188265e+00
1.462077928426922968e+00
2.202931643265834349e+00
1.501602493803579019e+00
2.037826050001839029e+00
1.991365589612630549e+00
1.614559310384593438e+00
6.667402462189785384e-01
1.052517114613767291e+00
1.622719502813519954e+00
6.060338447674415985e-01
4.249563079839798752e-01
1.149963877478007879e+00
-2.591685320283577898e+00
-7.262232291507272341e-01
7.368100540064710380e-01
-1.730114784107755321e+00
-2.109201486077626253e+00
-1.743317640486405473e+00
1.235683219583658676e-01
-1.079465608804521803e+00
-1.387072648565088162e+00
-1.565567082620854089e+00
-1.465651958507507846e-01
-1.069076141151212633e+00
-9.021259804220265188e-01
-1.350638748521619581e+00
3.458977321659562065e-02
3.721460919782747512e-01
9.661431284187874668e-01
1.188534800097411859e+00
7.256910427778366923e-01
1.708440507006539821e+00
-1.127220330443611029e+00
-1.279402915999495516e+00
-5.472275901347616323e-01
4.886733886558569662e-01
-1.181548625881027714e+00
-9.551533926690624066e-01
-3.020585825065896790e-01
-3.936617797906409866e-01
-5.637971602601972165e-01
-5.370065379237375369e-01
6.720046434978999006e-01
6.697162323272904949e-01
1.637672161449141850e+00
1.212308068107826653e+00
1.672326489208273648e+00
-2.143545635862398768e+00
-3.671721568332897423e-01
-6.576774350837719663e-01
-2.472802580223313562e+00
-6.715137579153386271e-01
2.144804469016643456e+00
5.355951740837132657e-01
-1.753243253991199069e-02
5.391856086576831686e-01
-1.133720983050487963e-01
-9.320541935610044959e-01
2.973474194404783333e+00
5.559947802732945199e-02
6.556644185183235773e-01
-4.941465285271371410e-01
5.122201495978889740e-01
-3.061260724650487486e-01
6.769389794643132507e-02
1.150120657410093061e+00
8.483169557138536820e-02
-1.234285116995245568e+00
-1.175022285191754001e+00
1.183349453323328859e+00
-1.309925054445816084e+00
-4.553483968991600683e-01
-1.474599220922886422e+00
-1.851856871637281632e+00
-1.307541348288314254e+00
-6.856541985344909440e-01
-6.046287581858070803e-01
-5.217223827276951109e-01
-5.245604052022272423e-01
2.893796996696385015e-02
-9.315760049169932167e-01
-1.793184041285743380e+00
1.332405568876646518e+00
1.255961322225037202e+00
1.334598944483552430e+00
3.538486389445457680e-01
1.041136090911773282e+00
-2.646036911739476638e-01
-9.225652016744534389e-01
-5.692897608131868292e-01
-1.181592556436428909e+00
-1.781285957686077115e+00
-7.371879608961260377e-01
1.491034453643218516e-01
-2.593883555232877391e+00
-1.082936394922837664e-01
-1.872509164788741742e+00
1.848670320360562114e+00
1.991509806444521580e+00
1.732390652674959508e+00
1.469053037247796345e+00
2.827595119241490984e+00
2.883177310876858801e-01
-9.335722801615582433e-01
-9.657950337853257183e-01
-2.986560985798186518e+00
-1.954536691378638169e+00
-1.106088146313841669e+00
-1.711456691463618451e+00
-1.534148247681415445e+00
-2.355343095395582953e+00
-1.499899769345073075e+00
-2.202715137664281730e+00
-4.994458806760893044e-01
-1.198607415663896392e+00
1.425613839136743444e-01
-2.121459045316300251e+00
-9.972330019656516775e-01
-8.902563128182721108e-01
-6.581972739381996007e-01
3.314544270733223996e-01
-1.558243841717578571e+00
1.323418705964399589e+00
2.001272558545901248e-01
-4.596535446952376702e-03
-7.971147708337822380e-01
1.043657341870323441e+00
2.715675817195286612e-01
1.169523692559458317e+00
5.156385619372291229e-01
6.127540493676361111e-01
4.170131214823220578e-01
-1.080578286027236157e-01
8.242923581278644996e-01
1.337075697128683016e+00
-1.060946392757360357e+00
5.569010778684394536e-01
-7.982263774170063053e-01
-9.548829177525001155e-01
-1.012924408294973766e+00
-1.463603515693974177e+00
-1.795095369891019033e+00
-9.628272782751845504e-02
1.809486340304816476e+00
2.397887735638101425e+00
-6.151887427882121173e-01
1.142006373045530321e+00
1.452110201467004424e+00
6.365006940065671692e-01
5.842430411095720366e-01
6.656223008808859198e-01
2.043646249618571886e+00
-5.695041153704354375e-01
-9.672013732291635524e-01
-1.480563249350978827e+00
-1.115968243260450965e+00
-2.590606617884477991e+00
1.280552374774711843e+00
3.259208354998622825e-01
1.227626651161032978e+00
9.873149411662057728e-01
7.265295608992413667e-01
4.512555905617461338e-01
1.408755774529736993e+00
5.455258822722950374e-01
1.122867259937718742e+00
1.498741557180713446e+00
8.212778990249722799e-01
7.242363729584584409e-01
1.852812182545508390e+00
9.187917743383015035e-01
6.963591449579834558e-01
8.698325090799041703e-01
9.485151969110844350e-01
1.679652025123670178e+00
1.611031640633237227e+00
2.320093829063361923e+00
-1.133283846927776173e+00
-1.695428165135769660e+00
-7.092843916192665965e-01
-1.342519637996823834e+00
-1.219863022464771518e+00
-1.106545070509911577e+00
-1.082312012719068406e+00
-1.557071919353722134e+00
-1.767974900331503285e+00
-1.479653831892879579e+00
-1.187104835551406889e+00
6.285827130021592879e-02
-1.277205881496916495e+00
-7.609130589299220038e-01
-5.846499148927566392e-01
1.866584466238055295e+00
6.981812362866871569e-01
9.822581226540686439e-01
8.555718051133180957e-01
1.805923726554224507e+00
-9.546867545181115799e-01
-1.546235272766766755e+00
-1.512930396414410961e+00
7.918712973612538342e-01
-7.476146904378115909e-01
-1.484152872039162796e+00
-1.330469993308145416e+00
-1.059803199387530093e-01
-1.903336415670495274e+00
-4.394140577989970042e-01
2.031597114289537487e+00
7.113265894730448347e-01
1.857357632066590103e+00
4.404916128521050300e-01
3.617843951529947644e-01
3.297302282941996232e-01
-6.511623165339138763e-01
-1.106794899723609671e+00
-9.343030654611836905e-01
-1.668020604723673417e+00
1.869007781514593347e+00
2.072578806355688030e+00
1.269380991540021153e+00
7.644447371182492290e-01
1.483849437889829925e+00
1.459791098483240734e-01
2.271409620744309521e+00
1.164888285582917682e+00
7.749873981476240736e-01
2.716829190453562415e-02
1.151759713216209846e+00
1.706845172596541893e+00
2.020963811188801529e+00
-9.005437009261632042e-01
2.891397310122943320e+00
1.421899443268741514e-01
-1.619426433307831648e+00
-6.529497568862419055e-01
-7.748030870657334201e-01
-4.920275790054413623e-01
-9.780384540605366883e-01
-5.428956527366612939e-01
4.341802894560515824e-01
-7.483161538642322252e-01
-1.645927362421795381e+00
-1.482805570898903413e+00
-1.929406138742973065e+00
-1.894520742621355502e+00
-1.179185476864411442e+00
-1.526104034158861644e-01
2.438047784351151659e+00
4.156712625252992899e-01
9.237274857587354226e-01
1.475483660358141602e+00
3.159284990573958396e-01
-1.522947883522969503e+00
4.455683274442201469e-01
-1.084367895094463741e+00
-1.488066705942850732e+00
-1.692357642228681236e+00
7.671018131245963545e-01
2.696295184500352438e-01
-8.464826267622305167e-01
-2.345880391295578349e-01
-1.113815445732421638e+00
9.653857214784389296e-01
1.807422564237314955e+00
1.045669227177103311e+00
7.111659164847650150e-01
1.113570161111380186e-01
-8.700270820945218420e-01
-4.971178548942661868e-01
-4.162652572896425873e-01
-1.364723820247470520e+00
-2.887378186060923779e-01
-1.553098677461085764e+00
-9.149602987679027466e-01
-1.242184179033499536e+00
-8.252549094702541499e-01
-1.600202988029200357e+00
-4.559114576788698692e-01
-1.251207831844611373e+00
-2.729719269450350261e-01
-1.112205092906613846e+00
-1.564616493803878239e+00
-1.914003796698282578e-01
-1.585238379223130378e+00
-4.684496674873190880e-01
-4.152449222241678672e-01
-2.711481740190097023e-01
1.750632781434628971e+00
1.036946523643507589e+00
1.378319952108134849e+00
1.404782218089293266e+00
1.152277977220997007e+00
3.076224659763504565e-01
1.005647313411927035e-01
2.286982160271717746e+00
1.190408237137491776e+00
-6.417211855766091766e-02
-7.015837751548339440e-01
1.732952164594150357e+00
-6.674195545287111564e-01
4.791511819338387657e-01
6.429368030201209061e-01
1.144400958599027351e+00
-9.721787293158636878e-01
2.792200945055700601e-02
-8.764598955873103003e-01
-2.430503019436916379e+00
1.330506913047533324e-01
1.893490139473248401e-01
4.319113774081697610e-01
6.875363046363034414e-01
1.686053880404768446e+00
1.142040598283719399e+00
1.805500704625967456e+00
8.166394720114406036e-01
2.004634018023724096e+00
1.388980942735717594e+00
-9.672628519809411962e-02
-1.449388005244807154e+00
-2.948531545786074126e+00
-8.062389990788980665e-01
-2.597323139627091937e+00
1.301387432502983277e+00
2.298244110118284667e+00
6.965603414086734002e-01
7.274727581064446280e-01
1.440678010065495007e+00
-8.221790235144355030e-02
-1.059412940360485944e+00
8.472023966264502493e-01
9.533260167624145742e-01
1.438405965058353608e+00
6.359802208912612720e-01
1.985509449659436321e+00
1.254535008111629768e+00
7.351578529709119625e-01
1.959473493515049514e+00
1.201943531503434581e+00
1.362050244844140945e+00
9.890170438933428843e-01
6.528788518175275835e-01
8.300074539681892016e-01
-1.078527835220491671e+00
-7.915924205791442514e-01
-9.684509676108048470e-01
-6.657274559394845692e-01
-1.716006253845175689e+00
-9.200525977215037177e-01
-2.010207087266847825e+00
-2.342238071414617373e-01
-1.044724643335166903e+00
3.695787478777983193e-01
-2.542144428988009075e-01
-6.524734958234186255e-01
-7.744026237834540360e-01
-8.972402143681803555e-01
-7.135201787513212324e-01
9.870313436175589539e-01
7.285308680491139333e-01
1.095722954363340440e+00
1.761677765432219767e+00
1.335737842829066935e+00
1.614250491640443208e-01
-2.832925614661140346e-01
-1.540524423219838068e+00
-4.868657706952750353e-02
-1.569192342452331079e+00
-4.026225749894752903e-01
-1.108192162335213116e+00
-6.341597391111226667e-01
-2.043016572282716492e+00
-9.305727629821400892e-01
1.707033870697148181e+00
2.226774428171769404e-01
2.405540943676935939e-01
1.390040195981516291e+00
4.740006967364136514e-01
-8.996076210084514857e-01
-1.218096069396317871e+00
-8.672115078174806868e-01
-1.904354207726072445e+00
-5.815362787168236736e-01
1.152871634041729099e+00
1.600450534393712321e+00
1.597476049196289605e+00
-2.439019864243308078e-01
1.218016850712906773e+00
1.153374120286673854e+00
1.131085575615572436e+00
6.009059402490334323e-01
9.176939493885245547e-01
9.447126554064741999e-01
-1.740229003679387709e-01
3.775297234130460255e-01
1.003849240575878321e+00
3.341691019343133728e-01
7.141283093065893262e-01
-9.097059737436730131e-02
-2.254701317512644021e-01
3.248022937224535056e-01
-6.126178661056260744e-01
-7.017506528262386079e-01
-2.627481336716679827e+00
4.585160825017515762e-01
-2.449658166124182301e+00
-5.948402821559359843e-01
-1.640545073278417032e+00
-1.904802785362174067e+00
-1.109168172077704240e+00
-7.333520290455064483e-01
-2.270929299394462753e+00
-9.420287278036517664e-01
1.680109333960455142e+00
1.353870256115694115e+00
9.883940618688584756e-01
9.848873390588603893e-01
1.157735709401678026e+00
-1.426931336726440680e+00
-1.096835410688648871e+00
-1.833788910473561629e+00
-1.528863373826840677e+00
-1.061389080220342507e+00
6.146335218616387763e-01
2.226552704479873857e-01
-1.032129988426731426e+00
-9.972610820424536726e-01
-1.095792485870864974e+00
1.732812962978194316e+00
5.015640857258920615e-01
1.210163104242728993e+00
1.726845367571452350e+00
1.506585660958957407e+00
-4.843523258047537361e-01
-1.466639732808429075e+00
-6.936025268677981082e-02
-1.994926549968486507e+00
-9.103496580339132116e-02
-7.608971011009422192e-01
2.089956616818030355e+00
1.441973829489283432e+00
1.333213145287097001e+00
1.304370044170068965e+00
9.711009507281151976e-01
1.700191277615503260e+00
1.007626769524694987e+00
1.163656697474042101e+00
1.633874435026811067e+00
-6.144292558246000624e-01
-1.277948478885249095e-02
5.731676707875147381e-01
-2.287098815196468848e-01
8.623501531566378775e-01
-2.102570720026243567e+00
-4.779578447546231068e-01
-2.537300123065979740e-01
-1.093522795809387160e+00
-3.092908082512775270e-01
-2.698286496122962674e+00
-2.829439711445347339e+00
-3.447146506963963963e-01
-1.244085150350516367e+00
-1.155850944343279174e+00
-1.014623691143991868e+00
-1.756757314266274017e+00
-1.171743967265584496e+00
-7.691807375292394333e-01
-5.806898421019183187e-01
-4.103497800482440727e-01
1.197893313570356000e+00
1.032941912747508795e+00
1.396983494403890580e+00
-3.875089375567626337e-01
-1.021075969889998269e+00
-1.009584391020844407e+00
-1.436600263113723130e-01
-1.130776285255826519e+00
-1.809148663502790022e+00
-6.426223092870497755e-02
-1.282455398350204057e+00
-2.170776003964457246e+00
-1.842822328608523463e+00
-9.108775694410718993e-01
1.391319644444735104e+00
4.460923810142889412e-01
1.498339168090694784e+00
7.183085755886210455e-01
7.420747332635273530e-01
4.895539996255138249e-03
-2.995881520501170181e-01
-1.183443179820077962e+00
-1.310187921831386770e+00
-1.531019565070587118e+00
-5.712685882629680023e-01
1.042259655283360509e+00
1.856223344055470736e+00
-3.845668828633175274e-02
1.760181436919610043e+00
-8.156502976998494248e-01
1.496122531242475961e+00
-4.133067224848598897e-01
2.152312705523819147e+00
1.277031446577164164e+00
8.547868372574339846e-01
9.951488714472949138e-01
6.786919545172628299e-01
1.448455182922505635e+00
9.611091164189309310e-01
-1.030483239195384426e+00
-9.904749702167003900e-01
-1.739781439480094560e+00
-1.516655057729652700e+00
-3.451998486516865139e-01
-4.225604476715459912e-01
-5.059307632724641124e-02
-1.318697319272078339e+00
-8.624332379558636852e-01
-2.954802468920559866e-01
-7.577900594820086155e-01
-7.093042058678761252e-01
-5.064698282705073495e-01
-1.075058170517702028e-01
1.571814418885071341e-01
-2.262499868290299698e-01
2.997716888241547251e-01
1.620231420434381953e+00
2.910805741750547293e-01
1.920944610794061091e+00
-3.090960875601876934e-01
-5.752740612314107826e-01
-5.251741279237125415e-01
-1.378711510753323211e+00
5.113361222049486177e-01
-9.287690947207085657e-01
-7.705830398772988143e-01
-6.670810582029578217e-01
-9.621161417749132250e-01
-1.219255420791047761e-01
1.421233686024574672e+00
9.362469812363859445e-01
1.702048476426519574e+00
1.613968694971847473e+00
1.865379948164737067e-01
-2.080506481790589390e-01
-5.638634355592657688e-01
-1.609406200867315562e+00
-1.320653025879559239e+00
-2.104916354141794343e+00
