-7.709508226019730071e-01
-2.564101084693121146e-01
-1.933097704173175835e+00
-7.545266634855660737e-01
-3.715560080196753656e-01
-2.323373509115192803e+00
-6.195324654759026828e-01
-6.205221982353252841e-01
-4.933666140211271367e-01
-8.027384895844364987e-01
6.254942889424266461e-01
-1.060389113564432995e+00
2.593883941704753227e-01
-5.176268736788318670e-01
-2.105792171553516834e+00
5.370950409333732356e-01
1.891906211314871245e+00
2.133579717705943235e+00
1.276376343468030861e-01
1.803056360068548525e+00
1.121272328728648127e+00
1.836100943713862899e+00
4.323610958623316236e-01
8.961116172350208631e-01
1.311039314226876584e+00
1.869057643086408760e+00
1.925984601922687833e-01
1.641149236894563268e+00
6.828320317867568878e-01
6.332071010476614248e-01
-1.034813583509128776e+00
-9.121915458432163781e-01
-1.165104608443586320e+00
-2.103824441889564856e+00
-5.547042502873861247e-01
1.351517984274641648e-02
1.335206654821728289e+00
6.827513285211948002e-01
6.411524157123205114e-03
7.833178409871845993e-01
8.821732877629608893e-01
1.343507547508532518e+00
1.425308839174272313e+00
1.762736314255547443e+00
1.056727502853627820e+00
-9.301908708514207147e-01
-8.305945791914335352e-01
-2.101223238446746855e+00
-3.106676437707452942e-01
-1.221254617725181291e+00
1.287114405539574236e+00
2.427844835266629087e+00
2.164516520654733434e+00
6.044956068992446419e-01
7.268531317954632920e-01
1.834150272396266601e+00
4.094378270364640304e-01
2.421186511354885829e-01
4.427970002631395063e-01
1.069757402958232184e+00
1.441233297936268531e+00
2.109595872203571254e-01
2.138066514740147639e+00
2.835678932108518513e-01
8.083657183480792430e-01
7.443734675698077119e-01
1.636733207471202434e+00
1.240416633933172363e+00
1.763059017667268247e+00
2.119072412342835499e+00
-7.046457413129617597e-01
1.011002406987819846e-01
-1.239780651051063387e-01
-1.811302573348977596e+00
-1.301297301276785445e+00
-5.483489238888250572e-01
-1.019884771447843175e-01
-2.951674604286225190e-02
-1.543013012952810348e+00
-1.489557011783255280e+00
9.301045759056683071e-01
-2.424593845865463670e-03
-1.172283121645631310e+00
-3.909527430623290778e-01
-2.244320689983804407e+00
1.321483332943569788e+00
6.418315770587610380e-01
6.635967502121589146e-01
5.085472183452862671e-01
-7.925811985411506111e-01
-2.395984273425965760e+00
-1.170162517999484564e+00
-8.414646464709736318e-01
-4.124983865209512768e-01
-1.656600431540446117e+00
-9.572627153357872176e-01
-1.319246466889929525e+00
-3.354613762048339609e-01
-6.254460397834394891e-01
-8.274619889257401883e-01
4.435908189666458723e-01
5.719548519947399434e-01
6.395993882672196262e-01
1.176429412717411749e+00
2.388600989373902195e+00
-7.170933587109270535e-01
-1.970865240487621461e+00
-1.473125805257095022e+00
-5.608448018664102808e-01
3.162335575240120544e-01
6.491580783415822342e-01
9.402560965942572402e-01
6.537404698481340537e-01
8.987583482101177967e-01
1.834387578031575705e+00
1.888316614066499088e+00
9.730685317726807115e-01
8.090901422476181049e-01
7.400020603621990656e-01
8.916297124714231970e-01
8.053803325834655302e-01
4.666121030523779911e-01
-3.008559638312275908e-01
1.204492456269134815e+00
1.234539072937282045e+00
-8.007291540794658768e-02
-1.314406036385776577e+00
-1.544406993799948058e+00
-9.778428107752772380e-01
-1.631614034043701755e+00
-1.505111765099950816e+00
-3.413660829237981087e-01
-1.257656725656658203e+00
-9.905677970387036790e-01
-8.327079413549265396e-01
-4.883619802670169374e-01
-2.032875258481101621e-01
-1.376446284112708307e+00
-1.235267683482719425e+00
-2.108255531393108839e+00
1.023912126477031670e+00
3.588045786465643427e-01
5.391138692550545564e-01
5.309697323852048401e-01
3.866208962255170967e-01
-4.283066253690421821e-01
-1.236523447675780707e+00
-1.224127985638376215e+00
-1.546702553628058974e+00
-1.162396140904029762e+00
-2.006570826176239386e-01
-1.108425922807230180e+00
-6.641788458829793740e-01
-1.357427383184233838e+00
-5.367146709569436958e-02
1.174784994149524087e+00
1.531621109107461853e+00
1.673172593557781029e+00
1.470651278582016941e+00
-8.864084634807742891e-01
1.994124016247744713e-01
-2.393257351321825155e+00
-1.304160278026289310e+00
-1.993787957001333266e+00
-1.886323420918697202e+00
-1.786274259673327425e+00
-1.180520560103875294e+00
-1.848053134845967449e+00
-5.355321791134183274e-01
-1.501757656914334493e+00
-3.000327701153084892e-01
-8.701672278549971162e-01
-2.381756472477445818e+00
-1.088272446566354246e+00
-1.728211731772606008e+00
-8.405176601762743838e-01
-7.760347225873699406e-01
-2.204129284417704948e+00
-1.281781530128506263e+00
-1.707304124142231316e+00
2.460046639297326809e+00
7.724626942783225925e-01
9.015887810466522989e-01
1.126968012726849988e-01
6.577263922818177289e-01
1.375648937382819792e+00
4.528207384767036769e-01
2.598945534612372432e-01
2.839324951708588785e+00
-1.179750657535096003e+00
-1.752567972986143197e-01
4.757209499313532763e-01
7.467460081084136281e-01
5.139258134796879096e-01
2.316420867584714216e+00
-1.019850534639597406e+00
-2.490712925542664102e+00
-1.197486567964664239e+00
-1.381689412451840848e+00
-1.779454277053929667e+00
1.254843505746288335e+00
9.292461817932365920e-01
1.380482717766396750e+00
1.713351535287343186e+00
-1.058449908425928232e+00
1.242160670177010484e+00
2.088824395240029830e+00
-4.274555253237770636e-01
7.659231042364134101e-01
3.992593913711490750e-01
-1.434080493857535998e+00
-1.444339124802360264e+00
4.017514140239719644e-02
-1.093357304181064027e-02
-1.501420486398128196e+00
8.532754370243613717e-01
9.421350687245976241e-01
1.921366031143254549e+00
-4.346824215776534661e-01
2.079072687495957528e+00
7.115706991047310304e-02
-6.520656295155905502e-01
-1.842396963682706224e+00
3.077490549818513443e-01
3.225819625810080193e-01
-5.123203866455283695e-02
-2.327830244620046063e-01
-6.995397091018654701e-01
1.399126661588552256e-01
-1.073085650907178445e+00
-7.900594130133343773e-01
-8.621166821808378122e-01
-7.411469221276907327e-01
-4.861724745329354391e-01
-1.471067085557470788e+00
2.110379875925689763e+00
1.698211158175980007e+00
2.261149708429624372e+00
5.287952908611320835e-01
1.159346684993904919e+00
1.244068481893066735e+00
1.175596249268015647e+00
-3.424733718471428823e-02
1.125971922373929512e-01
2.884810728127678026e-01
8.290383142825119567e-01
1.457070666175700691e+00
6.591842115770101262e-01
1.002179021413282634e+00
9.951786400581652536e-02
-1.824233978176587501e+00
1.704409451596384795e-01
-9.661017654581873781e-01
-1.215966484712340812e+00
-1.070283138864467576e+00
9.706466766321536488e-01
1.499292105540225961e+00
1.578915282968351708e-02
-4.347769165133335001e-01
6.614529474011497934e-01
7.587104543617630981e-01
7.084935176825328806e-01
2.247322933432224445e+00
1.974589660705084349e+00
1.181070005451207772e+00
-1.358541000715918212e-01
-2.640167582417461745e+00
1.264035094914737201e-01
-1.457523612560278625e+00
-8.126367624383018518e-01
4.744092217159282532e-01
8.397173373644534200e-01
1.803302748038202008e+00
8.950457815763368519e-01
1.517695353822901216e+00
-4.300922024749804784e-01
-1.523177036442219912e+00
-4.606084680379005647e-01
-4.046114301763356069e-01
-1.525180407973827368e-01
-4.314279065485508990e-01
-2.099314410609511405e+00
-8.448000604359686694e-01
-7.680507047802999088e-01
-1.195558490264329699e+00
-1.608413679516092376e+00
-1.807544721597814430e+00
-1.717640000335758366e+00
-1.696229867515502754e+00
-8.241459969186613055e-01
8.757181657824796295e-01
3.823450591226906781e-03
6.216098681206214671e-01
1.021319272638457898e+00
9.534140686840063550e-01
2.975917416492941392e-01
1.059278016073937012e+00
-3.494949258584822971e-01
1.371381053339701062e+00
1.828252954953191178e-02
-1.400461543473329407e+00
3.119808000046065954e-01
2.626403554119673078e+00
-4.247551230844055503e-01
3.944080856960301418e-01
6.078038539069356982e-01
-1.820325071859079991e+00
-1.052538457452919296e+00
2.907135509354477065e-01
-1.510564405787362841e+00
3.693166429678341744e-01
5.048329905887136704e-01
1.164274967760218882e+00
1.415723252152485401e-01
-2.638825155471562489e-01
9.717554703443335162e-01
1.745347562894604909e+00
1.392179294312112292e+00
4.167582791321907676e-01
1.193137305071674037e+00
-8.725403069375594622e-01
-5.737608064647778949e-01
-2.429740095759520990e+00
-1.898378324001932071e+00
-1.345082655912379410e+00
1.246741608922675271e+00
4.843227527054445591e-01
1.261919321892109425e+00
2.266188001848417066e+00
1.785323555128951467e+00
-6.779965686002984437e-01
-1.436991108278784512e-01
-1.291310923586715731e+00
-7.164575550085531264e-01
-1.519621564766865607e+00
4.642376124022740136e-02
-4.462263694915936663e-01
-1.371162640445140912e+00
-1.998740511107391260e+00
-8.635373626430521421e-01
3.219696001674103858e-01
-1.404014480387396180e+00
-8.220524676309675094e-01
-2.052266627092695472e+00
-2.012549901790483542e-01
1.486528598652117061e+00
-6.203693585008540623e-01
7.391228714490578611e-01
3.074724513975595208e-01
5.559820552186036657e-01
2.156276011570170237e+00
2.842823463446755294e-01
6.390281927155148090e-01
1.044815540010334720e+00
1.308659675810508016e+00
8.327526924759021121e-01
7.833598825705050395e-01
1.500302175102902424e+00
-5.208174210503324630e-02
1.130142390039270195e+00
-1.156488355609116114e+00
-1.520424796513756727e+00
-9.674506891922451945e-02
-1.803227086401220980e+00
-9.152267610048460122e-01
2.744269588629551393e+00
6.889407422632602973e-01
2.537601276650812698e-01
-3.097535387266203699e-02
1.282618881803880395e+00
5.008974797970789927e-01
1.552654313224449911e+00
6.574861449567508398e-01
2.867702958332930541e-01
1.562874704644774848e+00
-1.452277281262339237e+00
-6.331320585570290316e-01
-1.069477556673971375e+00
-7.421615412629135600e-01
-6.494897314729000115e-01
1.450240773481991319e+00
-3.707303086329045705e-01
2.351688912591275660e+00
5.944358729016330223e-02
8.190418351046863110e-01
9.795257477668771751e-01
2.325335948362307281e+00
1.173377189620960825e+00
1.094067324590277446e+00
-7.383541911362812016e-02
2.290702681765163895e+00
-1.711917348613314349e-01
1.530529648039504309e+00
7.377418940568720718e-01
-1.180731432684130500e+00
7.015893930921623944e-01
1.425749573432626649e+00
1.635965374205591072e+00
7.787682926542816020e-02
-6.116260544801324084e-01
-2.220174744795912147e+00
6.860370119508880649e-01
-7.315926413755737823e-01
-1.590629721882642622e+00
-5.679027525252511310e-03
-2.663559266947342907e-01
-9.648836378438119254e-02
-1.520196150225222587e+00
-1.006819325144535204e+00
-1.737365750182227497e+00
-1.441346584157749078e+00
-1.987575773517371580e-01
-1.393251778227176274e+00
4.659389326905438722e-01
-5.232485002792790496e-01
1.907354079788341483e-01
1.924238245517006618e+00
1.564371260599227487e+00
7.057038323799869062e-01
1.521302910038463629e+00
-9.234704812649709993e-01
-1.208352703374313553e-01
-8.785975349597481276e-01
-7.400970824350872057e-02
-1.026325870789563277e+00
-7.502596564973604831e-01
-7.063033683758965786e-01
-6.500152463162929273e-01
-7.889371072743220914e-01
-1.549645295650498245e+00
2.003049870399348009e+00
1.474249313601312394e-01
2.114207441210370853e+00
9.157438023573204466e-01
1.091804952715895283e+00
-3.429213648518926183e-01
-1.086758086992845485e+00
-5.600096178690948667e-01
-1.046804606656218883e+00
1.718873585834763684e-01
-8.592978439221881093e-01
-7.076880218607446427e-01
5.439900551785561422e-01
-2.164431214675540893e+00
-1.557911530579231263e+00
-1.362436979845322860e+00
3.619460658098188066e-01
9.270635168161311945e-02
-1.538318700644884185e+00
-1.131660972015790634e+00
-2.396136799410530038e+00
-1.508112544950898304e+00
2.999044932880656766e-02
-7.390807906134202465e-01
-3.184300914534861082e-01
2.026342538830293805e+00
1.663661269886787419e+00
1.468996514345304316e+00
6.170628983722437066e-01
1.649949012813388904e+00
2.141563647684453287e+00
4.387152111440453250e-01
8.733398384230264266e-01
2.045042032088861816e+00
8.748547497114842475e-01
1.160781608549076083e+00
1.500970217402566309e+00
1.271906388147524769e+00
1.559372824330327534e+00
5.521368339419259197e-01
-1.849513456016102619e+00
-1.334198762845393071e+00
-1.942687399892654598e+00
-4.042120435597476025e-01
-3.301516355679469106e-01
1.534535504363154779e+00
1.644562482168438367e+00
2.305100505422467361e+00
5.279109396667741594e-01
4.224981796145329538e-01
4.392101334733498064e-01
1.005319564889556538e+00
1.486303789749298554e+00
1.070819704616603696e+00
1.278455784244116433e+00
-1.047258572586550640e+00
4.691651439193345041e-01
-1.606521199727044102e+00
-3.259418731735244101e-01
-8.951957022887926385e-01
1.512303809528970255e+00
8.484691938909147968e-01
-8.033060146013237812e-04
1.724703781631083066e+00
1.458383810189996632e+00
7.936305015172195887e-02
1.886958336067109832e+00
1.353005491803848548e+00
8.068399697319106334e-01
1.646291849998067214e+00
4.798105461838434449e-01
1.719107283235660422e+00
4.183247320757829124e-01
3.984341597298716176e-01
3.927373885712525103e-01
2.316314834691924673e+00
1.496279880828096154e+00
-8.054489520385121892e-02
1.622868774306051920e+00
7.357304953243249956e-01
-1.636402015317952152e+00
-1.101690323979147124e+00
-7.924996034956186541e-01
-6.251127376083516207e-01
-6.949504989922437037e-01
3.187968382962391711e-01
-1.284576727556253850e+00
-2.060482485317425727e+00
-1.944970002400100206e+00
-1.066664908329558958e+00
-9.110813044401334659e-01
-1.191067376986732373e+00
-9.065701257937746060e-01
-5.589147000785725794e-01
-1.449270742620759833e+00
1.377873933391600580e+00
1.051762210822067889e+00
1.215448697334403638e+00
1.053915633769538118e+00
1.049701296408982465e-01
-1.346780164222263210e-01
-1.342633423374249402e+00
-2.414334799228239348e-01
-1.902723722229784364e+00
3.597186822075935098e-01
-9.089523288743288632e-01
1.383555016864185028e+00
-6.412089582230083851e-01
-3.485394597833344488e-01
-6.815836241781829674e-01
6.226136619660597171e-01
-5.637700631583841826e-02
-3.756711239840380134e-01
2.141339830004220346e+00
1.883957696689855910e+00
-1.362956318839583236e-01
-8.864163544905934167e-01
-1.440732742567643498e+00
-1.236644556572656040e+00
-1.445174402940309299e+00
1.097099021391894302e+00
1.439401379493736144e+00
6.757436668290046633e-01
2.063237637128970903e+00
8.109537588300359534e-01
1.790084600607377618e+00
1.818548450817074613e-01
1.082942557969492903e+00
5.888086258421609820e-01
1.547508655049627757e+00
1.522798903351456179e+00
1.210360905283154320e+00
1.461428073844603936e-01
3.395879655226099469e-01
1.527080417378362975e+00
-1.502279817097196712e+00
-9.240728969517111313e-01
8.640445714007749523e-02
3.962081537594297487e-02
-1.132294249634087313e+00
-1.621092908541923894e+00
-1.479454980259256036e+00
3.601846084356028488e-01
-2.854603327469117602e+00
-5.048153966922961366e-01
-3.277545952677232144e-01
-1.320375400970013491e+00
-1.068657124984234708e+00
-9.139330189412320227e-01
-6.815417524251604631e-01
9.727724609627814711e-01
1.559759331715615316e+00
2.051371435286513112e+00
-3.111527857086024973e-01
2.107152864386093505e+00
-2.660368271406603480e-01
-1.229577692174535386e+00
-1.186650058349811854e+00
-8.818834128987123044e-01
-5.539943873344821412e-01
-5.213404381481283600e-01
-8.087887305491996415e-01
-1.375645332888958627e+00
-1.170253606107578559e+00
-2.355052700502153762e+00
1.045846861862645527e+00
1.595164242935386056e+00
1.378807630680838336e+00
-1.528139275795548091e-01
1.936484416638453832e+00
-5.125042789389855358e-01
-1.144460293876037982e+00
-6.608711220582877965e-01
-1.956074381244488292e+00
-2.535340195027333543e-01
-7.039009552568190609e-01
-1.205493430312556402e+00
-2.951463882377239889e-01
-2.590803176352141080e+00
-2.491558815188849252e+00
-3.424060598172056213e-01
-8.243889723804140868e-01
-1.014843335735615026e+00
-5.588771849647303780e-01
-1.428720128004075773e+00
-2.705771511944218277e-01
-2.199712074829147213e+00
-1.303961669014610525e+00
-2.381271826683134307e+00
2.650097488506055754e-01
1.383482534865701385e+00
1.534749534030830809e+00
8.007105944779646656e-01
8.664878725597395803e-01
1.549281807670507938e+00
7.996647804128655945e-01
1.561388021932911041e+00
5.266384194187759826e-01
9.922855699846617750e-01
7.242913383331326393e-01
-2.889982611756700681e-01
-9.410983900108438327e-02
-1.351906126299998512e+00
1.651834670131998806e+00
6.340749115947326153e-01
-1.120290918401669611e+00
-2.222328237592928524e+00
-2.233337355722722073e-01
-9.775967697176889404e-01
-9.261347807945697896e-01
1.247168919314138869e-01
5.052424593439680534e-01
-3.927801550105627371e-01
1.092293012726033297e+00
1.870652960959988009e+00
2.203335222464644971e+00
1.302887556412855696e+00
-1.191410716858287699e-02
1.754348537132299768e+00
1.012555372027311940e+00
-1.438112503310031487e+00
1.137522434766549129e-01
-3.636836434741048674e-01
-1.889341435902549327e+00
-6.522236509280794348e-01
5.672040039532330047e-01
2.069302739296522642e+00
2.349654887241272139e+00
1.172886675638521448e+00
1.418711085174958697e+00
3.715994856136799473e-01
2.257521227933441121e+00
7.316604800022616928e-01
5.086585215010061001e-01
5.716725722723758896e-01
-3.187395829857653240e-01
-1.427208025445221296e-01
1.016399642816387727e+00
-5.399950202067558269e-01
1.346816904707092366e+00
1.263441059184595261e+00
1.941047973404726790e+00
1.141366035615820396e+00
6.293227904022635766e-01
-1.490913427818996162e-01
-1.160295341643821310e+00
-2.880835144736352049e+00
-6.475387329618458310e-01
-3.149309644206981229e-01
-3.202018170220654047e-01
-1.724537316224846739e+00
-1.027006842570557854e+00
-2.395766184902978768e-01
-1.458673525056417564e-01
-1.181479880418932149e+00
-2.516408467164334084e+00
-2.880321380862266301e-01
-2.444439246507782437e-01
-1.598571790698877670e+00
7.027468844056041775e-01
1.822158790709166531e+00
5.344630400631585898e-01
3.456927958997635386e-01
1.025855867465757187e+00
-4.514652881865139911e-01
-6.204077888502249616e-01
-1.043988658613045128e+00
-2.105039734751266156e+00
-1.286679880962722899e+00
-1.250152805870475170e+00
-1.238407348211754355e+00
1.664828430287634831e-01
-1.774142315013669480e+00
-1.085332584852728210e+00
-2.219649659882283466e-01
-2.752785812467628546e-04
-9.065690344178554128e-01
8.929917369706538155e-01
5.761167597377390148e-01
1.313305825948603900e+00
-6.982126112793483053e-01
-8.688638505096238918e-01
-1.632447483991803505e+00
-6.559998945333477272e-01
-1.198286405081600003e+00
-6.841456372702880984e-01
-9.831721081107104299e-01
2.739354318071978156e-01
-6.751130709480195335e-01
-1.012403562488988440e+00
-1.416546204112071328e+00
-2.175208436489831421e+00
-5.869465159992381942e-01
-1.147264032422537383e+00
-1.702292753336310804e-01
-2.172337195329689052e+00
-4.426170142518843775e-01
-6.013293457404869091e-01
-1.366486664635003567e+00
-8.472347636368683377e-01
1.299121144025578101e+00
1.732837950795860227e-01
6.253720407973988316e-01
7.185355660849108705e-01
9.270431942669290493e-01
1.506732811562558894e-01
4.962149425202809772e-01
1.382107121698436192e+00
-5.500035673147269932e-01
2.539901330188887751e+00
1.437339469918592405e+00
2.047177334771328461e+00
8.127112572470245322e-01
4.567157605328717729e-01
2.432849634891534496e+00
-9.218443160738332143e-02
-2.007609005010155379e+00
-3.145415664907142972e-01
-1.882168823055164308e+00
-1.088216040511466476e+00
4.911136904356636634e-01
-2.598872230580617781e-01
1.133725856448880576e-01
-8.770374952702146842e-01
-2.414429414185472744e-01
-2.896630160096407280e-01
3.686444911069237662e-01
1.577544053162905469e+00
1.153214982317861237e+00
2.724020711641717440e+00
-1.326745431279438447e+00
-1.722055596056298654e+00
-1.909352241331577993e+00
-8.920334506307482370e-01
-1.127123205126925320e+00
5.095467166793139491e-01
5.555189195076138953e-01
-8.071066922967440327e-02
1.628551692156634090e+00
-9.643936080633175312e-01
1.806739332354742933e+00
5.156506294220859488e-01
8.109054308941385791e-01
4.651971311565878953e-01
1.905361610504367587e+00
1.752117535527550896e-01
8.360134213560870275e-01
2.135039951428244542e+00
1.209574810370876330e+00
8.179020742613258843e-01
7.392877509670793268e-01
8.211461478176341755e-01
1.194527231036456527e+00
-1.241321279019693691e+00
1.552964555342898345e+00
-1.133328395726326487e+00
-1.541478705875328314e+00
-1.284827532853304977e+00
-1.986464035127740058e+00
-1.316001397873453493e+00
-1.123324094764832415e+00
-1.441027524838727203e+00
9.642633577234338560e-02
5.676578689938316380e-01
-1.012616571068889249e+00
-3.707442350885333804e-01
-9.096561669412673856e-01
-1.516825701798492076e+00
-2.558604564969732653e+00
-2.195116813344283990e+00
4.564744437017264067e-01
-2.334304196254679553e-01
1.278019010446797665e+00
8.751138193985985581e-01
3.080914445295163340e+00
-2.362284645135011463e+00
-1.416000769581833296e+00
-1.252589447249424115e+00
-1.302067036084457952e+00
-2.594576123845381943e+00
-7.628760213132270707e-01
-2.247901513939817519e+00
-3.101234897642946020e-01
-7.280188109820289188e-01
-3.053447803388475990e-01
9.487749795259922125e-01
1.378545840105444231e+00
1.749059412169070793e+00
3.914861557125304259e-01
1.089798655101749114e+00
-2.931661664881349605e+00
-1.204256761810774456e+00
-9.474099903790336175e-01
-1.378009764385370151e+00
-8.995755986898840151e-01
1.038062169137648816e+00
1.548348647865645189e+00
1.288105185156817267e+00
6.290879896700889429e-01
1.311652831758133519e+00
-3.852591258824249465e-01
-1.545283361640770181e-01
8.179485174498912770e-02
1.787047104310417911e+00
1.314323939035255906e+00
1.741200795349469477e+00
9.877877422756952130e-01
5.054537474731460867e-01
1.088600342523429854e+00
7.466953761512469256e-01
-1.196723312939466100e+00
-8.721062730841189214e-01
-6.118554068700194914e-01
1.008923745193612831e-01
-1.838080068302158088e-01
-4.496964295178992321e-01
-1.147630951294965396e+00
-1.951368854944350417e+00
-1.183360710583068576e+00
-7.191310069777505642e-01
-7.487949178393181748e-01
-3.811726958956826117e+00
-1.555870997430810476e-01
-3.072831217216955846e-01
-1.081109974956955710e+00
2.123196706592293204e+00
9.469773442843887334e-01
2.030019974933435778e-01
1.315553189762319830e+00
8.203449171499599402e-01
6.671732219452031210e-01
-1.211580668266707850e+00
-2.157025226150715014e+00
-2.064735815998679946e+00
-7.844258418556832035e-01
-1.616002675341263739e-01
2.861601907018629376e-02
-1.578944361589127432e+00
-2.009196041723548820e-02
-2.361077983786794121e+00
2.054185898696083701e+00
1.136001848290607352e+00
6.741619524461661683e-01
7.518242074503268535e-01
-1.668785083345936116e-01
-1.723554716151190824e+00
-1.379396912883351645e+00
-5.107261965666629600e-01
-3.485928865692384804e-01
-6.982093796612838243e-01
-1.416024605015876459e+00
-2.392271898114896267e+00
-1.616502076135655663e+00
-5.078826899240413972e-01
-1.748478181018636279e+00
-1.580927330634092742e+00
-5.000996239439453594e-01
-2.047440889923093810e+00
-1.401642784002739450e+00
-6.526518239107355068e-01
-8.479601980365305547e-01
-1.628865577204988702e+00
-1.432742017199605700e+00
-1.292791792932741046e+00
-1.746289716900345512e+00
-1.114832640316534285e-01
1.647617199556481005e+00
9.415546667442648010e-01
-1.571030505886019668e-01
7.534140704088196916e-01
2.017262650580757377e+00
1.084958783346210431e-01
-4.854169953704392526e-01
1.649346519941450984e+00
7.370222634369929526e-01
6.517387699554906266e-01
5.765435952882784765e-01
6.326468869401854489e-01
8.779546170615917244e-01
1.165391218762731551e+00
-1.506685404883137513e+00
-2.022030316098397229e+00
-1.803186368151175945e+00
-7.447519800992599137e-01
-2.296026336985797833e+00
1.258436399370840952e+00
3.719534626623085538e-01
2.254149004626582187e+00
9.735240170987680131e-01
9.568616071645699162e-01
1.664312065930740658e+00
1.984920409821508969e+00
2.486519217199226750e-01
6.180082801804692716e-01
3.801085780970450134e-01
-5.041320693908583062e-01
2.202597476713721303e-01
-2.795545866718213146e-01
-1.323069851776346173e+00
-1.100081116891278299e+00
6.256337051053117992e-01
1.863536047716495503e+00
3.654821246214993158e-01
1.261050383478127257e+00
4.651166527393912897e-01
4.236372766977543058e-01
5.040734914831979108e-01
1.097318769743317102e+00
-4.641517927630491869e-01
4.138002295418816701e-01
6.946019486077699145e-01
7.225673117406423707e-01
7.272078890867079703e-01
8.154505203515580725e-01
1.234128076875962821e+00
-7.407889473888582543e-01
1.325560521774236555e+00
1.211277590726995701e+00
2.649252971450886118e-01
1.416792221388670781e+00
-1.134822879997215983e+00
-7.548446066473205596e-01
2.858609900550177496e-01
-3.903720961886252283e-01
-1.269325099567392812e+00
3.559784822145326544e-01
-9.790056192925169487e-01
-5.694489380265731482e-01
-1.402631471095961757e+00
-1.730921700726098855e+00
-2.143399256744094039e+00
-1.367323438251159429e+00
-1.956042859205771922e+00
-1.704389244805347259e+00
-1.188027804713146063e+00
3.870451241491045247e-01
1.118904828294047027e+00
9.851426583773120749e-01
1.226628181853366417e-01
-9.168367789708820048e-02
-2.196487253190296585e+00
-1.225011405424210054e+00
-9.760138703409345640e-01
-4.163680155823098472e-01
-1.270674350986031875e+00
-7.879984549129581684e-01
-8.402079401225448496e-01
3.484482302111251428e-01
-2.008493566583670731e+00
-2.661881805674483070e-01
-4.173615369624834592e-01
4.814699094496009968e-01
1.673201839037025795e+00
9.633875726909107984e-01
9.869216171644071833e-01
-1.065576935445098350e+00
-2.543870442679184496e+00
-9.493396281587883623e-01
-5.852204134738041574e-01
-2.273151324011599250e+00
-2.403163902045151623e+00
-1.024437066460162082e+00
-3.068889829247447576e-01
-6.656143991239964475e-01
-1.012337218549719031e+00
-3.112573264976343790e-01
1.121932772747293861e+00
-6.944274050345025096e-01
-2.210125021414869551e+00
-7.691780324651789069e-01
-6.569912248231879470e-01
-3.435672117343896437e-01
-3.026565024525194492e+00
-1.256225246206942980e+00
-1.640458346783454591e+00
1.355378847765116745e+00
1.289239108985116955e+00
9.812562543036552620e-01
2.379046417035517003e+00
9.629238042628870398e-01
1.604273457158895688e+00
-5.599410428654794103e-02
2.307303564847189570e+00
5.923436969756341597e-01
1.014241225468372365e+00
1.438665615599324488e+00
1.114687934783249013e+00
1.433205175361409456e+00
7.934090544852485660e-01
1.428182222237026622e+00
-1.756440720255565857e+00
-1.097119624801907944e+00
-8.056480858185581795e-01
-8.917057002222095186e-01
-5.159463078922905677e-01
1.758983255495462972e+00
6.265181301538180758e-01
1.096288156304743300e+00
1.297138198681564880e+00
5.503908124777370237e-01
9.133172433868795848e-01
-8.361158533871859699e-01
1.708846701440666749e+00
1.340777909693145808e+00
1.955612976822433513e+00
-3.771689771057670226e-01
-1.586759842447735602e+00
-7.657505567235688426e-01
-1.916634141247316014e+00
-1.160405007668591226e+00
5.848292466607525331e-01
-4.141561432769824691e-02
2.367693393310172922e+00
5.272049512558127926e-01
1.565540122916609267e+00
2.911620148643987438e-01
7.441861162214968850e-02
2.467058702567976880e-01
5.399836029740954224e-01
1.145946841323797427e+00
1.689562340432186005e+00
1.061952559280079367e+00
-5.113185942640257053e-01
4.938921670414084808e-01
5.795247076224266936e-01
2.028307919757886157e+00
7.336390186699028870e-01
1.032203457138971769e+00
1.830914600464470077e+00
4.253495054267897313e-01
-8.932364067541005426e-01
-1.928597836167488921e+00
1.692815004512835397e-01
-6.682771782801582017e-01
-7.815072989333600173e-01
-1.679830986184347008e+00
-1.445121020460776506e+00
-3.486506372718386482e-01
-1.646682928657363432e+00
-1.173243902131876348e+00
-1.200096007999789105e+00
-1.689851724786443743e+00
-5.452537346824950504e-01
-7.721631409099602994e-01
-1.795444377995495611e+00
-1.695119432645131319e-02
1.615905692083035250e+00
2.541882652954996491e-01
-8.120161355409150072e-01
1.174073645240425456e-02
-5.608650133086225953e-01
-1.714110883959523379e+00
-1.463227491996637486e+00
-6.908228677284578012e-03
2.352151879593145090e-02
-1.340109453799517736e+00
-1.032155647590800918e+00
-1.139446984659538531e+00
-3.566347480349821186e+00
-1.685518646831014156e+00
1.626262891943873967e+00
-2.839430412457399910e-02
1.300394085039291436e+00
6.779920946676964988e-01
6.692229053032897612e-01
-1.694188681493594473e+00
-1.151422726581412537e+00
-1.554285543363219446e+00
-6.394827132778257983e-01
-1.509950164510021065e-01
-1.082949270409949483e+00
-4.110713101567231575e-02
-9.498907335649064976e-03
-3.419387251047715237e-01
-2.502242058556983784e-01
-1.562286872453206188e+00
-1.811522986620367037e+00
-1.907858800443251734e-02
-2.257850996967197599e+00
-2.685969442582909039e+00
9.321118752212997904e-02
-7.402882761631475184e-01
7.130223362749537053e-01
-1.433885130024444843e+00
-1.605038896767051027e+00
1.936307725339375452e+00
8.884127499315968013e-01
-5.802127673663468599e-01
1.286711610545179019e+00
3.287481111785363064e-01
2.178921665437831390e+00
1.565327879509760711e+00
1.750054968116577125e+00
8.827067359398146351e-01
8.608287123323219436e-01
1.636977132711285865e+00
1.203354001993914846e+00
-1.112920700548247765e-02
1.016190055994566688e+00
5.450427281151292158e-01
-1.222483144300658964e-01
-1.504961233320418756e+00
-3.312829764923403975e-01
-4.564921898246092624e-01
-1.185395246884815901e+00
1.786720120906188480e+00
2.254255547033695795e+00
3.126184865279543867e+00
2.036374708247008058e+00
-2.373810900130808310e-01
1.234384395368104625e+00
1.029700241540779659e+00
-5.745652394899214421e-02
1.381297856044662264e+00
5.917156470417187508e-01
-2.038385154884782224e+00
-1.957035760157002535e+00
-1.562092985804156342e+00
-4.267477413659324093e-01
-1.052297618870007945e+00
1.309240568225741086e+00
3.601881521833824262e+00
1.554604474052573071e+00
5.868928282830960796e-01
1.415064538930164595e+00
-1.588370770034644330e+00
-1.477563272589033749e+00
-1.718708939053230633e+00
-5.037360621888193890e-01
-1.566900992425528827e+00
-1.517300089201069291e+00
3.220402778857645032e-02
-1.115383670285355455e+00
-4.501547968592235494e-01
-1.130392975624710417e+00
-1.219080735883782296e+00
-1.559867256647660572e+00
-1.373729622222166213e-01
-1.880014330047104387e+00
2.178777759346801624e-01
7.059317493266994425e-01
7.715592419991412765e-01
1.334488306912117617e+00
7.003486325104502086e-01
1.216481849689626138e+00
5.875433040506555793e-01
1.546454177194995783e+00
1.536669740765302272e+00
6.745091778336469446e-01
1.828029362972862781e-01
1.696870450504727845e+00
6.221984604122914320e-01
1.757324723584560822e+00
-1.537218291098914058e-01
1.862206089739611770e+00
-1.069846347322238822e+00
-1.589860920633280550e+00
-7.250527543928391161e-01
-7.584751857353602134e-01
7.611456679282904147e-01
3.515075320237261991e-01
1.006352260106262442e-01
9.657295773326293187e-01
1.415000414902293446e+00
1.055886861283473976e+00
6.784362820659350923e-01
1.684572231404426468e+00
8.622377143830678436e-01
1.052237225133661802e+00
1.793235794739958866e+00
-2.325778622637476811e+00
-2.141023753882843383e+00
1.867732254048006801e-01
-5.447493096874299612e-01
-7.880592785836962877e-01
1.690448202873800154e+00
2.734360556725827784e-01
1.547879745460305045e+00
1.653232863265819308e+00
7.486059112751337619e-01
1.268860748481506207e+00
3.476483591174067689e-01
1.367230612765079734e+00
-1.101660067034204715e-01
3.399675757856678304e-01
1.568596564322849662e+00
3.061884047216697491e-01
1.550860113533215845e+00
8.381108967918222685e-01
1.924689939160069141e+00
3.086329172751143268e-01
-5.689601455887047798e-01
1.492941944194375647e+00
1.393430568292183036e+00
3.351797283331637844e-01
-2.205112059251363110e+00
-1.343998260441913839e+00
-2.204676137285839221e+00
-8.611230072292570537e-01
-6.676165748173307213e-01
1.735952419100654787e-01
-7.709695149464258490e-01
-1.154471395850860560e+00
-2.279923048702876542e+00
-7.500684721844519398e-01
-6.378171160073441426e-01
8.498513369926419259e-01
-2.451513687244678774e+00
-1.083691379932341325e+00
-7.433349837002415361e-01
1.591678368310771363e+00
6.767849778778050052e-01
1.345345244420630637e+00
7.979863145733356866e-01
1.983581538021629509e+00
-6.223222838013426905e-01
-7.819474596279045731e-01
-1.852164149367461210e-01
-2.035390427335428853e+00
-1.530856092641595723e+00
-1.701331598501472087e+00
-7.560762853367397618e-02
-1.596864615132114640e+00
-2.734201921896784793e+00
-6.867849371249444834e-01
1.817835254175106607e+00
1.148688719302410899e+00
9.629662401663413585e-01
6.272987093856315921e-01
-2.322867159422903338e-01
-5.380964627768295427e-01
-1.253451940303345946e+00
-4.555264325996638552e-01
-1.067731218265997928e+00
-1.559777416632403435e+00
3.652636554713952766e-01
-1.849366267925240059e+00
-1.890392127217026985e+00
-1.826663601387504832e+00
-9.385247081406690173e-01
-6.262390975552525330e-01
-5.678498865844581189e-01
-7.459831390026785414e-01
-2.133387308443490227e+00
-9.525610903250559813e-01
-1.065282235410406564e+00
-9.480057366219692971e-01
-1.057218362694448688e+00
-1.093104312540774670e+00
-4.045765444433881974e-01
6.207652159786917201e-01
1.725914571229592021e+00
3.877144345351370980e-01
1.091091512730810731e+00
8.562466323805399959e-01
6.851153005871708501e-01
-1.937776579080257022e-01
1.663542397135150397e+00
-2.043825188382473179e-01
1.005469248822369099e+00
7.641851479914602008e-01
6.542610070755927598e-01
8.251618979274830679e-01
1.569474652066338738e+00
1.127870477738993626e+00
-1.870613718215376142e+00
-2.216063810368531062e+00
-1.392256251452455240e+00
2.964049525015362008e-01
-5.351171722602056091e-01
2.595811860849082109e-01
3.766085995345009874e-01
1.072150281485050538e+00
1.063953526365078783e+00
8.122826767411979176e-01
1.165249868159033531e+00
6.910044376377360020e-01
1.529280412479689044e+00
8.087766383381035373e-01
1.673405794964084592e-01
-3.715686420190715822e-01
8.971181010550655088e-02
-5.847826381813450158e-01
-1.472285516857845700e+00
-1.276540929218399345e-01
4.733276168823632446e-01
-2.993200584479938087e-01
6.673121774556206587e-01
1.544574377017704947e+00
1.160151156983092458e+00
-5.060585470224798765e-01
-2.534276821768864263e+00
-5.571598349313873211e-01
-1.728190146527778026e+00
-7.214020006897108317e-01
-1.090482278852905385e+00
-1.609711205812109469e+00
-5.959107404102654826e-01
-1.333211293224711103e+00
4.030980463387128232e-01
-4.312678027567737882e-01
-1.641746869571338419e+00
-5.237204815567638727e-01
-1.122480350399921889e+00
-8.370113546830388884e-01
-1.168191104721746143e+00
1.340992697392839883e+00
5.299272150433673723e-01
2.743316240378874227e+00
8.219444988809372354e-01
8.126091312778647158e-01
4.405234986777002426e-01
4.520356385640411645e-03
1.443008060913743007e-01
1.903104322947117621e+00
1.120754497556497586e-01
9.383672618046963176e-01
2.226929625076058628e+00
2.352181152600496539e+00
2.002803051832803494e+00
-1.108245499344521212e+00
-8.090697694481661095e-01
3.009028625474554630e-01
-1.639587727447720189e+00
-1.364187143120430878e+00
1.533064775864032558e+00
2.036243426136985502e+00
-1.970283950871534184e-01
8.937173488155149004e-01
6.480859143279091850e-01
8.266530517677944667e-01
1.801726250499694482e+00
2.081996666302500465e+00
2.817064374650408265e+00
6.816943206111778508e-01
-1.816707212184419440e+00
-2.637973067897085855e-01
-8.266239690591981049e-01
-2.129449809280376638e+00
-7.221730555014393982e-01
-1.186572148917601766e-01
3.721594508367509491e-02
1.233399526512057420e+00
-7.694010769254360227e-01
5.108044454165906467e-01
2.817846490398238091e-01
2.096196891659559469e+00
1.267838033069454973e+00
2.331219081073330202e-01
8.734430352197735115e-01
1.096280619162299352e+00
2.404695709172777196e-01
9.427606258235459169e-01
1.519147569366180228e+00
-2.216656238338237106e-01
6.843772927875482193e-01
1.371045367951338800e+00
8.106274751103814680e-02
-1.201167514038066209e-01
1.533601886245700374e+00
-1.477275073376891568e+00
2.487186371729044332e-01
-1.242241076027170932e+00
-1.693902313789214187e+00
-6.632448157537824684e-01
5.229986402847366378e-01
-1.392265337686268589e+00
-2.317299219824197287e+00
-2.017090417084204113e-01
-2.461572757726996130e+00
-3.294418857808032453e-01
-1.981503630701901386e+00
-1.451757852438513297e+00
6.905428684664878247e-01
-1.033496673973446356e+00
2.265003993965821749e+00
7.560147130299894602e-01
1.539131658381164725e+00
-3.865635852634365932e-01
-1.651520066159161804e+00
-1.189005809980981265e+00
-7.910507428060475910e-02
-1.108477556343911319e+00
-2.190236162356549166e-01
-4.651405074861861833e-01
-2.176953013900928546e+00
-6.307576976278553849e-01
5.739147456074962239e-01
-7.432024204578495663e-01
1.975096474539256519e+00
-3.569331392329073704e-01
1.491871047975076081e+00
1.897994999310565811e+00
-4.423310511596847405e-01
2.260922283993132886e+00
-2.935198669143367134e+00
-1.204267733605138835e+00
-5.913985654427631466e-01
-6.746342605781405766e-01
-1.735866354505698261e+00
-5.055392394488849028e-01
1.877218839023456098e+00
1.058990367014531309e+00
1.540645832893654088e+00
1.791285797732498741e+00
2.517588481521607857e+00
9.405825157806128045e-01
1.424611202562640067e+00
-2.264127933316528729e-01
1.299651466575386216e+00
1.857366211878945350e+00
1.081350668720116204e+00
1.413436872176226711e+00
1.553433835205539904e+00
4.704849583278836178e-01
-1.056926886551651457e+00
-2.455046718472134515e+00
-8.669122445481420858e-01
-1.971740275161915523e+00
-1.201377763306999302e+00
-1.241233719933283686e+00
-7.789906652449500868e-01
-1.094239353278240179e+00
-1.025338395632217070e+00
1.295984045797005102e-01
-1.603408534963704835e+00
4.120874194030881288e-01
-2.846799482419703597e+00
-1.132208499059215390e+00
-2.892428325966236891e+00
-4.772751031452890924e-01
1.305541976827055972e-01
7.076856074516792994e-01
6.833207272681656175e-01
2.247628091022567443e+00
-4.327254940408586936e-01
-1.688905883989811896e+00
-9.593980260872788657e-01
-1.299164380205406477e-01
-6.780788204128092023e-01
-2.798792032494511473e-01
-1.904925732528480520e+00
-1.646179805631556414e+00
-1.313066614032744717e+00
-1.439667434782188060e+00
1.998945768906375653e+00
1.164959143833190991e+00
7.176504295144155998e-01
7.207083149215918194e-01
4.794611258263068443e-01
-9.028442331398374154e-01
-9.683496772542450337e-01
-2.002797932492228039e+00
-1.289147216019434605e+00
-1.831864723274571283e+00
6.242131536679238479e-01
1.625575336150540062e+00
8.368006964307337370e-01
1.306039770391764110e+00
2.049634512038795098e+00
2.901562376418013178e-01
6.019932897500486213e-01
7.115099834416238611e-02
5.150246880463345001e-01
2.258262454671414066e+00
1.827191918789774050e+00
7.250012667073564288e-01
1.554384348606561161e+00
1.449464998137093730e+00
1.339953660707872363e+00
-1.298321720042187044e+00
-1.022115999237741990e+00
-1.187352774797518773e+00
7.449505439997849976e-02
-5.968106603811462740e-02
-2.011691604823532931e+00
5.609445294369059809e-01
-1.796440307217073817e+00
-2.230799100756155617e+00
-1.290305964156148288e+00
-1.557034897629806736e+00
5.754414858078193973e-01
-1.753469319752141375e+00
-2.107019493643919716e+00
-1.525513102539259869e+00
2.184288270555469591e+00
1.880916535065289441e+00
1.426067684454558560e+00
-1.463086843438015094e-01
1.152785102743369317e+00
-1.417121951818730574e+00
-1.960546925488282799e+00
-7.758997011766761709e-01
1.904953890914200532e-01
-4.792491679214524458e-01
-1.227963281328439571e+00
-6.002209814529400056e-01
-1.529154455004414048e+00
-2.803536080331497260e+00
-1.117946550073721346e+00
4.972569809182370015e-02
1.952119688878462211e+00
7.238495424022312053e-01
2.604506351547083653e+00
-6.896621439573280554e-02
-8.568848465884569832e-01
-6.986216955172752652e-01
-4.055608452088956817e-01
-8.823663490359954231e-01
-2.488435518865696139e+00
-1.833512833325201541e+00
4.908821289025442347e-01
-2.494909281842693005e+00
-1.253458557212397739e+00
-1.780093462155522666e+00
-1.159674410302388381e+00
-5.623690226002712178e-01
-1.476071775754510096e+00
-1.818076144201555167e+00
-1.207807745048206538e+00
-2.178646285373612379e+00
-9.037858435444510175e-01
-8.674348533951540263e-01
-3.183580283611754380e-01
-1.761438190373678214e+00
3.033461689892552604e-01
1.696341638945537689e+00
8.643385799005980363e-01
1.628659506029407789e+00
5.161440988592079782e-01
8.835626902224813506e-01
2.023354771465592172e+00
6.936045113133981754e-01
3.013315810764522151e+00
9.661494278604086938e-01
9.804933428956873476e-01
9.971251327053133329e-01
1.251752609700391261e+00
-3.358492786676199326e-01
3.391244115802729997e+00
-1.576617507104318028e+00
-2.737783719110287173e-02
-2.086875989575757373e+00
-7.015036300725148166e-01
-6.334143293593537116e-01
9.547359025482339279e-01
2.116354595716973819e-02
1.983411963718051174e+00
1.391425950193953653e+00
1.051170753199473396e+00
1.301353586047386157e+00
1.044520387359756164e+00
1.277850576862944454e+00
1.001963123691355317e+00
1.308224902783678312e+00
2.468342995327168499e-01
-4.914281974692172872e-01
-1.128373496270075993e+00
-4.805407235775970287e-01
-1.429144917471495191e+00
3.984543802343012420e-01
8.146786840514083083e-01
4.770701913423668339e-01
5.888517836154792962e-01
8.743294732257209656e-01
1.195454667807796190e+00
3.753043427966207268e-02
1.169467122854405128e+00
1.603385414404187026e-01
5.267955668527337654e-01
1.768001765063992536e+00
-3.383326127415571261e-01
9.778160493224414829e-01
6.649132682692977525e-01
1.067531619796777465e+00
2.290341268835064170e+00
-1.615644021919948603e-01
1.047012671077634849e+00
1.047235303345170454e+00
9.310451712744047814e-01
-1.014756785788657467e+00
-7.917921141986106193e-01
-1.042364038150183525e+00
-6.956088210606439226e-01
-4.169987056471541331e-01
-3.168172933084517418e+00
-1.283646804996303459e+00
-9.461805964360350263e-01
-9.492542521573156256e-01
-1.792551286471826266e-01
-9.413390469409295136e-01
-1.859919065936994409e+00
-1.494979259396779669e+00
-9.670147503642256837e-03
-6.440163930356739286e-01
4.717696724289555110e-01
1.865646278597054675e+00
1.151372000651786021e+00
1.023067268084817183e+00
-1.783210612179813026e-01
-8.676483391024497616e-01
-1.192960329700800903e+00
-1.255903752571701837e+00
-1.402930914275296592e+00
-7.045044000223362746e-01
-1.330058027370906837e+00
-1.881500122618948945e+00
-1.802838476550064906e-01
-6.369009877609498327e-01
-3.818811244449729081e-01
-6.329284289585501710e-02
1.090413127096318657e+00
1.289278481359698469e+00
1.689287665618830481e-01
8.707183140219328932e-01
-5.611715843453815022e-01
-2.603658406147157933e-01
-1.179620457813228773e+00
-2.147400815594973977e+00
-8.065572217885041972e-01
-2.229920539228995136e+00
1.015842354338733156e+00
-1.506366900438973699e+00
-6.048155412231435157e-01
-2.245252397165169889e+00
-2.080313757829705956e+00
-9.767688819392885691e-01
-1.075386590232516815e+00
-1.236479028944319047e+00
-2.687833539278491557e+00
-9.135093420486140037e-01
2.895463014646884048e-01
-3.878720444922754140e-01
-3.431534404822145223e-02
-5.369926540432617967e-01
1.502031404546470217e+00
1.832731247869188840e+00
1.531541965556608043e+00
5.566052278411619536e-01
1.978504360378743776e+00
4.452793606607100552e-01
7.617980604100828002e-01
5.517999262186614740e-01
9.419066830766513743e-01
-7.160550446469438057e-01
2.080881338396948443e+00
4.149853903210795059e-01
1.277697070514843602e+00
1.403927948723660002e-01
2.335267585988109573e+00
-1.155783805726172897e+00
-1.284195670149949287e+00
-3.187359431107210650e-01
-3.050057116756322850e-01
-1.216854975442488218e+00
2.029799836109015931e+00
3.128235878001404124e-01
9.704883830214882101e-01
1.755980706782396261e+00
1.199687277597532464e+00
-1.503147031879781270e-01
1.774640487149281132e+00
3.445514541369166794e-01
4.798152056642084329e-01
1.237375532926906718e+00
-3.636336879403525568e-01
5.990107239261632799e-02
-1.390227613367581716e+00
-3.084554062710335387e+00
-9.597838716066660059e-01
-3.612800329097825003e-01
1.296024595255665268e+00
1.770356653173445816e+00
1.692050084954294542e+00
6.633839942002895951e-01
-9.668680521795357530e-01
-2.261920861691792961e-01
-3.236228010451384085e-01
-1.509166714948998678e+00
-1.908837822676960005e+00
-7.423368075498977259e-01
-1.269754452300298153e+00
-1.582343471652431166e+00
-1.957115237713573652e+00
-1.346973246502684685e+00
-1.214756231758866045e+00
-1.631647131608072065e+00
-1.904273974988442530e+00
-4.933820015397890613e-01
-1.536962791818744067e+00
-1.504502756934442687e-01
8.814086848505425786e-01
1.195427819820827464e+00
1.004788732263569351e+00
1.973610076070269947e+00
1.623092822302311111e-01
1.165038128139610718e+00
1.714376180756233659e+00
6.560534869547833825e-01
6.799768131676180438e-01
8.124327878305827033e-01
1.711932390547397986e+00
-1.037455350481348848e-01
1.217283276068904296e+00
6.171261684805728898e-01
2.900566767453036654e-01
-3.849351133790279711e-01
-1.554191374467007281e+00
-6.275960939067246613e-01
-1.238260583559899430e+00
1.104810705893718659e+00
6.882738302872261071e-01
2.418841299386414789e+00
1.989666789114258982e+00
1.446541157490357499e+00
2.099001608650654660e+00
3.442098710266584538e-01
2.874284873974031207e-01
1.174593418870645944e+00
8.780045347183976778e-01
-1.043655404516645069e+00
-1.281649184019610033e+00
2.579693171519186201e-01
-1.622569583901993351e+00
-6.118565877495114602e-01
3.618394541234042361e-01
1.871947122682917186e+00
1.188980626487409209e+00
6.924026461678869371e-01
1.373821391462807906e+00
-8.818300961151466222e-01
-2.873674893478486148e-01
-7.009476766325426489e-01
-1.238438436363533679e-01
-1.750117541020271172e+00
-3.574092081582350700e-01
1.667410297339699810e-01
-1.408924916115016357e+00
-1.362993562149095395e+00
-1.193663710189099669e+00
-1.395258302733476174e+00
-4.809599433276198210e-01
-1.856565389942308908e+00
-4.564630381033241147e-01
-1.069231265308623113e+00
4.857700652028200672e-01
1.181759455105697576e+00
9.824011751012743376e-01
1.584496317553223177e+00
-6.200788280512230521e-01
9.818595872151882897e-01
-3.983260299187298958e-01
1.730066576597790728e+00
9.706970312943170587e-01
1.224199883781179832e+00
1.100082532322490092e+00
2.842072755904311299e-01
1.125660438090958504e-01
1.011743872290732371e+00
2.465431883971191951e-02
-1.022131932849017488e+00
1.915126214881790467e-01
-1.928590344584443228e-01
-1.338677043617315876e+00
-6.510692999594062114e-01
1.226684058202763605e+00
1.042732986530063855e+00
-4.343625072415169264e-01
1.680790549917098531e+00
1.127462253303074480e+00
1.349612075104057674e+00
9.564122661178525719e-01
5.226806490230269109e-01
1.380971234894043720e+00
1.369144218703452598e+00
-9.835479856838048596e-01
-1.468781269832313052e+00
-1.176440736194592773e+00
-5.426518117773738714e-01
-8.131674564329860466e-02
1.269902753449889232e+00
8.882145262047066447e-01
-1.516754674388582913e-01
1.069450116934126838e+00
7.820990830348730771e-01
6.837995027347087973e-01
2.575762405585483084e+00
8.989170390164500368e-01
1.160931552997678473e+00
1.126546647781731192e+00
2.330094744179589838e+00
5.439604799408319646e-01
1.528614694967926013e+00
1.970488224404761457e+00
1.421682802568897230e+00
-5.493586976285831369e-01
4.074729770816200025e-01
3.956884731179168835e-01
6.996199469808010996e-01
1.460764160194645278e+00
-1.116435652192347305e+00
-8.876272481075436760e-01
-1.915569454330594112e+00
-1.091633590846935675e+00
1.243205392057085135e-01
-1.434872290962389885e+00
-9.492757999652512435e-01
-4.956783814673467736e-01
-5.327150784202763223e-01
-5.561134271707682819e-01
-2.038282280703364702e+00
-1.248058815090479667e+00
-1.783482822647059596e+00
-1.311600993904677104e+00
-2.433412959698266764e+00
-4.070086836991788637e-01
2.163416963860927744e+00
1.661936745254574133e+00
1.363210179082103402e+00
7.819406351155455681e-02
-2.597703242826921999e-01
-6.849291008391705793e-01
-6.501933262593322382e-01
-8.945099022358851126e-01
-1.122054343874041127e+00
-1.304211199983964509e+00
-1.711251413219483375e-01
-9.847172136303015133e-01
-1.644106365473966047e+00
-1.823075138553303720e+00
2.300924683856586661e-02
2.176589958193635432e+00
1.469075726658294778e+00
1.142337248712155251e+00
1.823062358078882728e+00
-1.098863729409751411e-01
-2.065772798986641234e+00
-1.313327541481459360e+00
-2.047964257923281295e+00
-1.387314949614129933e+00
1.209712902606223217e+00
1.290975977923894069e+00
1.814475803349075322e+00
3.617427952254416157e-01
1.538597620809682764e+00
1.196855195653693471e+00
3.586248260810742661e-02
9.045977821819639608e-02
1.068944593918965236e+00
1.221577917470477725e-01
5.401974200483165012e-01
6.918247374931125737e-01
6.760127180652587553e-01
2.278894323541384104e+00
6.020048092268901474e-01
1.559827462107588048e-04
-1.313518954365621383e+00
-1.521890008301841846e+00
-8.772354204142674972e-01
5.124249762661658991e-02
-2.449989609578401950e+00
-1.762731771856342000e+00
-2.830663419927169855e+00
-1.406947673553809341e+00
-6.911566927896104495e-01
-7.052870050716043560e-01
-3.919145343631462719e-01
-1.520946228021021307e+00
-4.970640841959981238e-01
-8.050347538213061815e-01
2.790463210212278167e+00
1.263779528873097302e+00
2.261873608526699719e+00
1.727335575904539899e+00
-1.334682924891290590e-01
-2.756290618934457148e-01
-1.279401150670115284e+00
-7.727749064649795940e-01
-1.133063216061702683e+00
-5.504907191255408172e-01
-8.991369133605359165e-01
-4.299862403899317176e-01
-1.579452580541903073e+00
-8.025217916261515594e-01
-1.694529123470955190e+00
1.153162506292886968e+00
9.121902992278417832e-01
6.702255356441404466e-01
1.494048847522535972e+00
1.918810707286927375e+00
-1.187531842621894151e+00
-1.050017403430335561e+00
-1.036096699958761302e+00
-5.487552208965923439e-01
-1.136594284897471274e+00
-8.917226177721905289e-01
-1.057777692239395773e+00
-1.558309451054262329e+00
-1.750549004054406055e+00
-2.335297479831120793e+00
-1.099553784326860351e+00
-1.655632886575834739e+00
-1.181366114930921585e+00
-8.275929279488035695e-01
-1.173802587378969697e+00
-3.665470604147567091e-01
-6.374975017616422157e-01
-1.786463266368521818e+00
-1.845573540735931495e+00
-1.553862659890112852e+00
1.106655289814071796e+00
1.471520902024153532e+00
1.470806202688764053e+00
1.541433694278071531e+00
2.124873382220655582e+00
3.417815926335063814e+00
2.304337252041726014e-01
2.080392800479568649e+00
2.011759033190542389e+00
7.864465081587759254e-01
-4.410936776035270235e-01
-2.577156360407490965e-01
1.359562526542841931e+00
1.644764563390167300e+00
-1.113020556135999595e-01
-1.731711199198333606e-01
-8.965691188716624627e-01
-2.538749489141208571e+00
-1.373490669076240067e+00
-8.452613429461688366e-01
1.717428149943004190e+00
1.124793381002803017e+00
1.440737315027608823e+00
6.517678427120274787e-01
2.382307874880155829e+00
2.244729556257549774e+00
1.862093376624045504e+00
2.710789440870137845e+00
1.534825381970206237e+00
1.245762858383760330e+00
-7.934681835420447360e-01
-2.066247593003601057e+00
-1.210291905112770960e+00
-6.379838878899183330e-01
-1.428397036428217692e+00
7.613030761420407355e-01
1.021139641650876895e+00
1.144144266285998190e+00
5.859508413501028912e-01
1.524274668577458192e+00
2.111923107377049913e+00
1.657554256270294291e+00
2.806566726416940272e-01
1.285603532419051565e+00
4.089338241058384504e-01
1.316870926098254069e+00
1.144223069359008305e+00
2.355052739070821133e+00
-1.222715319719704929e-01
5.931436420726653447e-01
1.260337322204846178e+00
1.592792608013117617e+00
6.549424077077209416e-01
1.443417705680622110e+00
2.425890132749819461e+00
2.215058854639668784e-01
-6.584172269884459583e-01
-1.143012970931162497e+00
-7.648283336498341578e-01
7.043732889277833920e-01
-1.570631541897980821e+00
-6.341382525992302899e-01
-1.774120734029192015e-01
-1.656548937988889802e+00
-2.468733034973040308e+00
-1.822277305517453927e+00
-7.771104952302470004e-01
-1.766141549183958714e+00
-8.721023675738875935e-01
-6.755022788745950191e-01
2.101779554607140277e+00
1.235968825483486189e+00
8.427932953656203097e-01
5.690431683184675737e-01
7.130400869239423844e-01
-1.985766855663190000e+00
-4.643690940005864576e-01
-2.890599949315619810e-03
6.252702358241981617e-01
-1.384942738748351942e+00
-2.201064693830478092e+00
-8.857621680800938924e-01
-1.014811301150606138e+00
-1.481458616938526429e+00
-1.059624282215402724e+00
1.976809732908149764e+00
1.915684064857051006e+00
8.870787259706218730e-01
1.979364962693220820e-01
1.199729427690837902e+00
-5.876846971399534159e-01
-2.219340305696937854e+00
-1.836121063786382512e+00
-1.582927503669770530e+00
-1.988675731137724556e-01
-3.246959135498299620e+00
-9.461485920949267436e-01
-5.145237452463619077e-01
-1.396353405969372297e+00
-2.526754252595055039e+00
-1.718603603763235510e+00
-1.341764255194236366e+00
1.903650800837271007e-01
-1.579786998069834913e+00
-9.541366218437886682e-01
2.188688980983366505e-02
-1.936226155528284920e+00
-1.899871388021068030e+00
-4.875058256676811919e-01
-5.552143007758886251e-01
9.554700183178066464e-01
4.485245756447215904e-01
5.296498246778512664e-01
7.129085998424486981e-01
8.706519560016381387e-01
1.027860517403031082e+00
1.579170610370455030e+00
7.052813874264497462e-01
2.253346879508546508e+00
1.978905717870615311e+00
2.046450445976939037e+00
2.149971269803642837e+00
1.389838835831506136e+00
1.985596503327762719e+00
1.240123579126163111e+00
-1.460269577085840709e+00
-8.624685796599319554e-01
-1.410016026692404001e+00
-8.924964034161931847e-01
-5.165215960912441506e-01
9.202284939266650587e-01
8.827735117991830638e-01
1.770420997342716518e+00
1.423976685013256693e+00
6.535840391342609967e-01
1.357911750499912085e+00
6.060791663704283572e-01
1.008563791895550787e+00
5.471378425053988748e-01
-1.056137803901501915e+00
-1.119955932254626862e+00
-1.143881646534374186e+00
-3.497323693915880272e-01
9.047688935860209725e-02
-3.282986202435836942e-01
1.110260647720219707e+00
1.735615393630001169e-01
2.136246889447174446e+00
9.363314456347000547e-01
2.521874902791529482e+00
-4.309646271241599491e-01
-1.118918338004026403e+00
5.662899923358339915e-01
-1.393851566368415895e+00
-8.908656676032462585e-01
-4.273410357137752413e-02
-8.459891058801149999e-01
1.606517559318847432e-01
-7.520411051319174645e-01
-1.156087054998702568e+00
-7.896717016613273854e-01
-2.379871893197516908e+00
-2.826120875255772269e+00
-1.765000525530324715e+00
-2.489921191667409772e+00
5.761273867568035278e-01
2.481544860230909144e+00
1.010388661958500522e+00
1.494397959934026243e+00
1.348410420238983498e+00
1.364641611573510493e+00
1.784969294208972546e+00
1.493597271480717747e+00
1.191970154850150010e+00
4.483456939190657575e-01
8.227185115049957531e-01
1.420677115532478885e+00
1.764747681943356961e+00
6.700053428347049200e-01
6.828270015805418813e-01
-2.033339437414309447e+00
-7.142343104946704546e-01
-8.621057315618064765e-01
-1.433835282502630815e+00
-1.105499881236328141e+00
7.255080760832562925e-01
9.089630210929663390e-01
1.155456109087525496e+00
2.033384522114479509e+00
3.665936131843732237e-01
1.681391223326918816e+00
1.526658949637660356e+00
8.360859678338379286e-01
8.991059463164946530e-01
7.140524469460358681e-01
-1.713381990914429220e+00
-1.165447153262501256e+00
-7.436984316035676335e-01
-2.285631017569456969e+00
4.234553104972205162e-01
2.738381045202266328e+00
1.455638753058599022e+00
2.001396252978265622e+00
1.541591960253410720e+00
1.196109504816019076e+00
4.079122176048082249e-01
5.403907430969541181e-01
1.484098005789819208e+00
9.364778342102128006e-01
3.087180049326949671e-01
7.014809844694976926e-01
1.503763272686503782e+00
7.177205539737149254e-01
7.353004227879869070e-01
1.799095262088872271e+00
2.121276705208311242e+00
1.342639966551900876e+00
1.142182563264057205e+00
1.247477305457064922e+00
1.678463703257164763e-01
-1.165485905364441965e+00
-1.648159251469215381e+00
-1.708813117761217582e+00
-1.081268478022910706e+00
-7.644432756439869525e-01
2.880558469450389403e-02
-9.335762693861670014e-01
-7.884521175655976322e-01
-5.023404451820341343e-01
-1.228990150363748590e+00
8.788633059409933779e-02
-1.690752344675819252e+00
-7.726578951762875791e-01
-1.635414779337858171e+00
-1.531664949905408246e+00
1.732007237282040757e+00
3.312292778803881399e-01
1.266587277753644880e+00
7.062695088021357925e-01
1.184774081819368385e+00
-1.244764068389440093e-01
-7.652821492909991363e-01
-1.838669596195937173e+00
-2.471301734898179170e-01
-2.384904450766930584e+00
-1.641626939650691952e+00
-2.805338448807007445e+00
-3.628150184256310196e-01
-7.252448778783167072e-01
-2.041946977894770310e+00
2.171904337368689930e+00
1.902323944006803380e+00
6.064674884351624051e-01
2.339139923720032321e+00
1.832282481616016589e+00
-2.188988135020570880e+00
-3.192674054320026045e-01
-1.697636027640071488e+00
-1.482060869990014851e+00
-4.615360231328269336e-01
-7.196209769761542363e-01
-6.034552873174268139e-01
-5.802517741201962398e-01
-1.239788673595368262e+00
-2.254177029324124781e-01
-8.292467065712353369e-01
-6.935626857186980576e-01
-7.798539059636251380e-01
-1.797750226808894514e+00
-2.591239190854601304e+00
-1.358747097202641640e+00
-5.476484784409529905e-01
-6.172120780694810849e-01
-1.506006563049545832e+00
-9.754450693255521943e-01
9.490789414886948716e-01
9.654550590607284821e-01
1.619009912638472937e+00
1.057106247812821698e+00
1.752537085702777775e-01
2.315580760327451415e+00
2.509802754931096391e+00
5.537766430950070706e-01
3.532776107622832562e-01
1.232899995911364899e+00
8.506909064406549259e-01
2.122762521077303788e+00
1.499449462441287961e+00
7.296897751013731170e-01
1.238911273538919389e+00
-1.376517228758142863e-01
3.695366444471974710e-01
-3.585384711760575271e-01
-7.404216123312946651e-01
5.768623270442896356e-01
1.172563828899733762e+00
1.786872695158245872e-01
5.330319129190955740e-01
1.665134315406930021e+00
6.317624691847084639e-01
9.392020666616111013e-01
7.451925511952748327e-01
1.949385025770322466e+00
1.880807609741256270e+00
3.242842296342176578e-01
-1.870717588708780799e+00
3.554394420625373030e-02
-1.205970351879149804e+00
-1.380730469967661911e+00
-7.941004923474546118e-01
2.241708166507180300e-01
9.820981565031861038e-01
1.905266467226792493e+00
7.646674525782679588e-01
1.634190698450797008e+00
7.288686114024764962e-01
3.064806549299943228e-01
1.049413467990238491e+00
5.238741273696190248e-01
2.150245449514478491e-01
1.228380936165132553e+00
1.026277816980723845e+00
1.676443327656367721e+00
3.388435386178435538e-01
1.695236993810866899e+00
2.341635044432431645e+00
2.263403593252780510e+00
4.006508706993445745e-01
1.425010961788335084e+00
3.615285903345135665e-01
-1.405315954053519611e+00
-1.456065916786596359e+00
-8.938975057401622459e-01
-1.058909173725310904e+00
-1.334476820622383819e+00
-9.520655771552818392e-01
-4.727204449051440882e-01
-5.963162619316380031e-01
-1.381327986433702470e+00
-2.084196863410207712e+00
-2.307898770190024429e+00
-6.638104118144667609e-01
1.047890035725613789e-01
-1.189895928851749440e+00
-1.528663048950704040e+00
-1.085676991597315233e-01
1.059839835168563171e+00
9.252787216540281356e-01
1.587113497768334991e+00
1.635750766477588991e+00
-4.050945846959614904e-01
-1.407088827778581130e+00
-1.301075692199941125e+00
-1.276191457744481283e+00
-3.477265985979360874e-01
-1.638460605910278423e+00
-1.992497831926698160e+00
-1.363349815390114683e+00
-2.028184888341499459e+00
-1.758924809273882062e+00
1.067488032017295918e+00
8.172804673515406959e-01
1.385708219599979252e+00
2.392301745427540816e+00
1.611077568066469734e+00
-9.705500126152355467e-01
-8.638785743701925535e-01
-8.111148581242920708e-01
-1.016431255455523042e+00
-1.820825721546575293e+00
1.434180579558554935e-01
8.916991632572647264e-01
8.519952522117330007e-01
1.074202161850750681e+00
1.090410040503735800e+00
9.354095844348288002e-01
1.251173298554067337e+00
2.762493822767595475e+00
3.844041259001994559e-01
6.114367276060242995e-01
1.276732579028333925e+00
9.621024083603691990e-01
6.181973055591832855e-01
1.367796995196061349e+00
1.649147288279334767e+00
-9.930687816423064973e-01
-1.292923785507997803e-01
-1.061594191845986357e+00
-2.000050445676010646e+00
-6.869790404581266330e-02
-7.554669616533122856e-01
-1.958574968683997497e+00
-1.854977240737242683e+00
-2.658129196825675944e-01
-1.267380579164431254e+00
-1.670287727400559641e+00
-2.037993340463898573e+00
-9.099624497502951659e-01
-9.909245609828637447e-01
-2.851549552278674904e-01
1.063717370915588267e+00
7.998358388910609129e-01
1.755673510291217543e+00
1.024904283090700696e+00
1.242785519300385610e+00
-2.576008231477149302e-01
-6.880466975074868152e-01
-4.593008263759207344e-01
-3.166240585802751362e+00
-1.015354445658574356e+00
-3.624995563665500686e-01
-2.424735480116861019e+00
1.647257756161291109e-01
-1.494881032757023220e+00
-1.556475259697944535e+00
4.998769053235857518e-01
8.495426715169520637e-01
1.387478455776523401e+00
3.387593491307188120e-01
-3.180257166238593669e-01
-1.328872481870371658e+00
-3.176782766955802417e-01
-1.496684818396073480e+00
-1.542849341783122386e+00
-5.745469833146791272e-01
-7.187897313718791814e-01
-8.648436097119290844e-01
-1.233114199616550000e+00
-4.647060233890266678e-01
-1.321369172876777132e+00
-9.963130568560188971e-01
3.885346770519542137e-01
-7.334868432038221808e-01
-1.779743098688529201e+00
-1.817135613047291542e-01
-1.122460078066255917e+00
-1.412763821454299240e+00
-1.721914274122558597e+00
-4.411114551803562156e-01
-5.123647315187841444e-01
1.117608943533880295e+00
6.142011506661748665e-02
3.145486911114921735e+00
7.277576770231160008e-01
1.686475493822476190e+00
8.546436386775139171e-01
1.323304984284776165e+00
4.365685411010369332e-01
1.346410303751054638e+00
1.351919041199965310e+00
1.455442577960555983e+00
1.564390556887393480e+00
2.252846079291079828e+00
9.292796355729102675e-01
1.031684703204539533e+00
-2.381056717698011749e+00
-1.349624264492436332e+00
-9.193228643799677968e-02
-6.908840862333001098e-01
-1.351329577672228499e+00
1.131059673578027391e+00
1.544599373991903057e+00
1.724223520828814138e+00
7.546301965140563839e-01
2.156975869912476806e+00
1.290939372071731039e+00
1.460070035417008860e+00
-7.370077650133328717e-01
1.927574812011626726e+00
3.839442144146651970e-01
-1.478628270935143485e+00
-4.992800562597876635e-03
5.374792288400076501e-02
-1.745453678300428191e+00
-1.469345151869255961e+00
9.883858842843267212e-01
1.005863306866274787e+00
5.403463877376828428e-01
3.198685513871457609e-02
4.298077294123698877e-01
5.667428369386197096e-01
7.847423949704617208e-01
1.010689187389279153e+00
-7.095871147151511238e-01
2.262963485954287535e+00
5.128074051039382963e-01
1.576637450783752836e+00
2.006875465564739169e+00
1.097885605507070261e+00
1.032538554782826301e+00
-9.877616842935221797e-02
1.007373569858808882e+00
7.173416057067014684e-01
1.749719940064699664e+00
1.899912323401601322e+00
-1.356568684046389528e+00
4.778922052315235369e-01
-2.914380347590695752e+00
-1.066933523936685280e+00
-2.824718184228602880e-02
-1.537094426757675603e+00
-1.439102980064040249e+00
3.147487328460041311e-01
-4.300948982481167526e-01
-9.531581723910839132e-01
-2.598721505230103812e+00
-1.281200596730629027e+00
-1.418662477000233846e+00
-1.605520506129340941e+00
5.123045550498959155e-01
7.332141927080844113e-01
7.007216968681660996e-01
1.069969915272253269e+00
1.482588962928245824e+00
1.983191444490163935e+00
-7.665015450136272168e-01
-2.105041594043266517e+00
-1.443834957984772904e+00
-1.248903877901185844e+00
-9.148715534058735610e-01
-1.288497405907258253e+00
7.886565227381883147e-01
-3.209783549159218596e-01
-1.536811584711277767e+00
-2.297334650430373326e+00
-7.483782449695426386e-01
8.054405489972058518e-01
1.326780612982767948e+00
6.375860097705536855e-01
1.145392698205696558e+00
-4.990452439737613766e-01
8.401084590156915333e-02
-1.023423993515948149e+00
-1.913503387628368024e-01
-4.317620972569022886e-01
-7.628231320090169687e-01
-1.767719408178572760e+00
-2.647207006772595683e+00
-1.026234906366688682e+00
-1.140072957556613531e+00
-1.520119081857013388e+00
-2.030171925997673599e-01
-9.741953086016518215e-01
-1.143049609418020918e+00
-1.247067676170221295e+00
-2.762927215107292334e+00
-7.056230849031754904e-01
-1.722565873815671278e+00
-2.055448544927643173e+00
-2.345448442229681962e+00
1.215654752141947625e+00
-1.700454864088185580e-02
8.322487594184299065e-01
4.324390338511572285e-01
6.887597045187827671e-01
-1.127212556428367485e-01
1.024638852965241043e+00
1.616803332124858716e+00
1.167391165357380967e+00
1.133071901051860397e+00
1.858420171098100315e+00
1.919777317260453753e+00
2.154312676786587222e-01
1.243586418595203691e+00
5.681551834667573075e-01
-1.691524111198462021e+00
-7.807204125564275454e-01
-1.374909287141266034e+00
-7.828451814818200294e-01
-6.558940340641505884e-02
8.841179072081177814e-01
4.641384219790170018e-01
1.702542315178304566e+00
5.149843040644234149e-01
6.100079680413658112e-01
1.788604084655522453e+00
-1.865076920515351677e-01
1.165176961297591518e+00
2.024791761686533853e+00
6.482680896030701412e-02
-5.508779669662404732e-01
-1.173270205732408478e+00
-1.283910095280027086e+00
-2.133479557873486421e+00
-2.367509118550559233e-02
-9.744386589035003432e-01
7.948468055327807535e-01
4.114628127435360216e-02
-1.068561476243752750e+00
2.282905015722159092e+00
-1.567126371973875942e+00
-1.303918587702713516e+00
-1.058811518206372204e+00
-7.488165211863435644e-01
-1.847253939819237800e+00
-1.504336626370862851e+00
-5.184557722629681287e-01
-2.120347010845744506e+00
7.473087421201964897e-01
6.934620133183466706e-02
-3.544671907757303009e-01
-1.157574710917919747e+00
-8.072470047728996789e-01
-8.103437087841224296e-01
-9.348786061067084763e-01
-4.174376882379056131e-01
4.329704139974660526e-01
1.466752848138329623e+00
5.617278459515618882e-01
1.451116665986969867e+00
1.291365816251301313e+00
9.500447352303135196e-01
1.258586423795351017e+00
3.702047011471150118e-01
1.486451245959326428e+00
8.313029645110513455e-01
1.507804926838392845e+00
2.097614589191624912e+00
1.148012189629766366e+00
9.225720730498770950e-01
-6.275762356413008280e-01
3.358505493450580914e-02
-1.413941318589801099e+00
-1.383388844070662316e+00
-9.248097878424358376e-01
2.867019104093393445e-01
1.413943620137671608e+00
1.339758991145662881e+00
1.004993535677398020e+00
1.446580161787590635e+00
2.535989483788648524e+00
6.078555420526152719e-01
2.232330002084190745e-01
7.979063232317923360e-01
5.252217981469339270e-01
-7.278909877660023620e-01
-1.521515533936679709e+00
-1.776392652662490468e+00
-1.795249932410229121e+00
-3.856599522328933993e-01
2.520724392655988577e-01
-7.128888049720227826e-03
6.095520198703655579e-01
7.985871590354431948e-01
2.867444498288754806e-01
-1.997106375133337330e-01
1.392138494449788322e+00
2.614366879808094346e-03
1.101366704180424483e+00
4.040277960406201130e-01
3.243196608018965588e-01
6.747570484058043050e-01
7.564317602513624950e-01
7.869884175333874410e-01
1.251890251489622408e+00
2.833396135225179080e+00
6.874069019884636589e-01
8.950662629486627608e-01
1.057382732451054075e+00
8.319654791332896648e-01
-1.640250140268773915e+00
-4.344997584091118137e-01
-2.157076001663679854e+00
-8.426391298258009144e-01
-2.837479357364081078e-01
-2.669820800878997424e+00
-1.505625490674874278e+00
-1.707424305979458268e+00
-1.038752282536852256e+00
-1.349434356200946983e+00
-2.156555623222967455e+00
1.251632475346835527e-01
4.112720651461365673e-01
-2.397538375235615415e+00
-1.449751892603452275e+00
1.196211790427900823e+00
1.827687337844998927e+00
1.059853029032236993e+00
9.438701428342222144e-01
6.582959265914161140e-01
-1.431901657200398859e+00
-2.112900517773938169e+00
-1.084613763826013821e+00
-1.102291825578372020e+00
5.007983571962197900e-01
-9.156186729609054886e-01
-7.709962237337061319e-01
-5.878714304436423177e-01
7.505426412112856660e-01
-1.432296841786272923e+00
1.644157448104339725e-01
2.068057079704781032e+00
6.524269078719771020e-01
5.209194355928151721e-01
9.500449571434512741e-01
-2.783602833275903299e-01
-4.470560617999307373e-01
-2.983455160489216773e-01
-2.503855430774244439e+00
-1.613167995206689076e+00
-1.204016899495116588e+00
-7.825807855812694225e-01
-1.210115818491233508e+00
-6.785867407581295252e-01
-1.638093302657089190e+00
-1.487676690451894990e+00
4.753297927508408627e-01
-4.271791002672387094e-04
2.110825023961604430e-01
-1.582320498047825819e+00
-5.302226183017992867e-01
2.261886572176627919e-01
-1.258373449384053711e-01
-1.555451745486418513e+00
-1.877285808862768413e+00
1.495287534683027442e+00
8.987596398277555299e-01
2.482463167573660812e+00
-6.619726263718079817e-01
-6.177311669308098718e-01
3.160712547695003760e-01
1.115991582504680002e+00
5.514634603472516883e-01
2.817770897398641505e+00
1.072086764928165348e+00
5.008335761630943184e-01
7.273516583759442877e-02
1.458543408648429018e+00
1.372975998792591579e+00
2.218721591096697310e+00
-3.242867200335803446e+00
-1.847088490975572928e+00
-1.829745491749620978e+00
-2.276833240283125726e+00
-1.103677442734504632e+00
2.137859342542359542e+00
8.294833791703798420e-01
6.881237108596287566e-01
1.302233035383014492e+00
-6.606220298554621451e-03
3.899515529570435346e-01
1.836658928319802042e+00
8.225571566905129917e-01
2.003386508041977709e+00
9.304999202969644889e-01
-6.161744951408161253e-01
-2.086878762221501038e+00
-9.653586444352542095e-01
-1.977137828028191491e+00
-2.743731210127092091e+00
1.821596631504582842e+00
2.305034979081221902e+00
1.356493030636862773e+00
7.099186669175043818e-01
3.508047773446829609e-01
1.631541039498607404e+00
4.680428060335967144e-01
-1.891572520247550848e-01
1.003422225137437840e+00
1.163259474704618990e+00
7.835940586554023257e-01
1.170266342154604011e+00
4.486107889062633802e-01
1.455483133004636276e+00
1.750079166475668746e+00
1.463174430398407111e+00
2.415561529107065342e-01
6.805875634416284070e-01
1.553675177041635713e+00
1.317595009345013946e+00
-1.235384651514331189e+00
-7.069599620489465108e-01
-7.032141689108772908e-01
-1.160075651891377069e+00
-1.107770481359374060e+00
-1.886002714406567637e+00
-3.168570410036520846e-01
4.499300792312881381e-01
-1.155977242221225332e+00
-1.352374836560835458e+00
-6.048234000242689312e-01
2.505657004977821511e-01
-1.376200595987512987e+00
-1.082961492539989301e+00
-5.748240868129476100e-01
2.829278236307626315e-01
1.850548424726978558e+00
1.523112873703530656e+00
9.502389146813934317e-01
6.417148035488297042e-01
1.939299055822047979e-01
-1.027227102498157851e+00
-1.764497400578022734e+00
-2.848820084495797822e-01
-4.864279573739831442e-01
-6.309389681620780621e-01
1.144708719113152195e-01
9.458855481168315649e-03
-1.372900676634029482e+00
-1.243945967711394207e+00
-6.784221442739912789e-02
1.161611606858219403e-01
1.101148983023902739e+00
-3.732183486498783509e-01
9.168807508126759487e-01
-2.250559502482189167e+00
-1.978360685494031879e+00
-1.078083562500171011e+00
-8.756539954944529969e-01
-1.367518396943972814e+00
1.017740726395760520e+00
-2.886791477655803462e-02
3.819241487520761424e-01
1.179849276371915279e+00
1.167350726272065708e+00
1.516039654635932266e+00
-8.132617572612090839e-01
2.047155472006049415e+00
3.628774520490127831e-01
-1.262890599981769668e+00
1.146488108120273131e+00
1.371157054211764592e+00
-1.865938819188643905e-01
1.235315247496441504e+00
2.649545142532568676e+00
-1.401226825874641868e+00
-3.318380574980179798e-01
-6.528930456788963888e-01
-3.074560015511700328e-01
-1.218836539271557218e+00
-1.983003177167778075e+00
-1.774608281349201455e+00
-1.432546994983652677e+00
-1.031447090625714935e+00
5.581426007845862181e-01
-1.873052112631309551e+00
-1.004432331092172337e+00
-1.727810630267032632e+00
-2.973508201283178165e-01
-5.526385665325647123e-01
1.146070467550349692e+00
1.425353678356950038e+00
9.118570979118028053e-01
-1.931372146764420705e-01
3.224684038679095366e-01
-8.520963178352825018e-02
7.601765643861275734e-01
-8.764447284349891065e-01
-1.593167388226779835e+00
-1.012303028528604321e+00
-1.739335673238278757e+00
-6.805490471817386977e-01
-1.460067797559184921e+00
-2.592154227953467505e+00
2.958379561890467357e-02
7.949614692604840549e-01
1.546215896322101990e+00
-2.735427831462144965e-02
1.726064963626704252e+00
2.216612823721131775e+00
-9.359424737058390509e-01
-1.371277015566106261e+00
5.403604020342855918e-02
-6.085276396570291624e-01
-6.818025997493013524e-01
-1.610156063676937865e+00
-7.984196112907522291e-01
-1.545089700907439134e+00
-4.764556791479092057e-01
-1.231371722443560301e+00
-1.070821189084747660e+00
-1.291591501547156851e+00
-7.140702209572853398e-01
-1.644224606144014000e+00
-1.528535868541387677e+00
-1.002578505140480747e+00
-4.600215242401505256e-01
-1.322668389810419676e+00
-3.020196249774699915e+00
-8.153262131136599367e-01
1.945994681397726911e+00
6.691989006738112700e-01
1.351028845426489822e+00
1.012154914377740855e+00
-3.818125598875754534e-02
1.118303272342856758e+00
2.373161974401445384e+00
2.481493807566878651e+00
6.265819516493013053e-01
1.236340213684525846e+00
1.906008351805088319e+00
8.439047986615072494e-01
1.542276507785584005e+00
1.201287928711435748e+00
6.805807511291006584e-03
-1.371406021331379232e+00
-1.504888794079921377e+00
-1.504937883705508739e+00
-1.001679402958522758e+00
-2.134509850448280233e+00
1.271951475686030175e+00
2.771353083615177848e-01
1.429000896698096934e+00
9.340512305308021901e-01
1.250634578575818390e+00
-8.327531587251997269e-01
1.835748327021028636e+00
1.013598226531736035e+00
9.077846556362209052e-01
9.188614925399328781e-01
1.371639271599289778e-01
-3.708051638878913092e-01
-2.459369080564436150e+00
-6.327381341423583549e-01
-2.016049049781054592e-01
7.324351472295422827e-01
2.170256674118987483e+00
5.383726285135040923e-01
6.293013979700687877e-01
1.889925739272082073e+00
5.078941927376596777e-01
1.225224229772352569e-01
2.343689714783846689e+00
1.355824835943691298e+00
2.941644058225258984e-01
-1.332115717621333850e-01
8.189511217456930670e-01
2.821980331426539035e-01
1.331176149763875216e+00
2.587513456740508921e-01
2.434773821290987961e+00
1.036848786889045027e+00
1.104325187682705378e+00
1.559763057987114898e+00
1.765210381684133800e+00
-1.087596385078945183e+00
-2.264584218813222805e+00
-1.623369187490353305e+00
-9.795718105115021057e-01
-8.632859356319515509e-01
-1.296948254998869121e+00
-6.876456962908209514e-01
7.871223489950431862e-01
-1.292319883067089670e+00
-1.618093155226065782e+00
-8.243818993720797295e-01
-6.032464073746132138e-01
-8.019702702232169855e-01
-1.027274969381453573e+00
1.459090595942593716e-01
3.284133247787179855e-01
1.102675195566486854e+00
1.160825368143798109e+00
9.680401334110674272e-01
1.882419256464507473e+00
-1.424481156905595292e+00
-1.463570007992103239e+00
-9.301613578063477883e-01
1.125305136308751841e-01
-1.377041338987290864e+00
-5.754075112381782375e-01
-1.319676426932967495e+00
-9.114616627954374994e-01
-1.053110510977867342e+00
-6.565640222095225909e-02
8.010098427588506764e-01
1.723718594255428060e+00
1.184285801773866886e+00
1.329937646177568045e+00
5.920574593926604123e-01
-1.255121798585553172e+00
-3.884732954125276194e-01
-8.785294916684043276e-01
-1.261647955697520196e+00
-1.543569013359538111e-01
1.613170405923827655e+00
1.674325602722820827e+00
1.498971115792588682e+00
2.213603442961221468e+00
1.205889395845797685e+00
1.698228826752420373e+00
1.559211995797204597e+00
1.458146672198687765e+00
8.820712622814806947e-01
6.623107393969096535e-01
3.195246155303400615e-01
-2.589302776014614782e-01
1.350777784284330263e+00
3.029086920770126534e-01
7.437562782549589357e-02
-4.573634548622718121e-02
-4.192251334535294083e-01
-1.009127097110166238e+00
-8.609239564751847151e-01
-5.368723880220549471e-02
-7.339869633441497010e-01
-1.413551793449490557e+00
-2.063884802347119685e+00
-1.522624011493787233e+00
-1.618059804017551784e+00
-1.236756572148465905e+00
-1.117067565017065389e+00
3.236870067471153689e-02
-1.604265075158749054e+00
-9.587872259760972238e-01
1.924965822962756423e+00
7.969425056950247832e-01
1.581183959049745624e-01
3.531610545849463989e-01
7.208270602021947804e-01
-1.227321481820703886e+00
-3.762164097859254097e-01
-1.031430692456949405e+00
-1.892853905229804345e+00
-7.885938232801055214e-01
-6.333704893313997220e-01
-6.496163830862895505e-01
-4.571313100313036948e-01
-1.805104922049770799e+00
-3.720873937194150161e-01
9.348345417913742628e-01
6.029475556944314807e-01
-6.520417225356500701e-02
9.530433090054325485e-01
4.355274608328553176e-01
-1.402415430385608675e+00
-1.948705003158125226e+00
-5.418005476402648624e-01
-5.714251929683253906e-01
-1.324771316295382029e+00
-5.531636759062075193e-01
1.054841564397873244e+00
1.066107820455146626e-01
1.477234470434444447e+00
5.107729880812132972e-01
1.975026548270413240e-01
3.089102483557216727e-01
2.504202086104042380e+00
7.649089488374928303e-01
8.142176148015759507e-01
1.591163474780555198e+00
1.022660037190167959e+00
9.803989857793664608e-01
1.561654230242315089e+00
7.460460531497252745e-01
-2.036067605771288314e+00
-1.256053795974485743e+00
-6.062878268985820718e-01
-1.800984403058471184e+00
-1.081703060333308208e+00
-1.841479025449510587e-02
-5.144343537632186658e-01
-2.153793099716766690e+00
-6.599450567904192599e-01
-1.599214922283002993e+00
-1.924252319356408947e+00
-1.063217995992015164e+00
-8.266926809710262170e-01
-1.762419612431136429e-01
-1.808714813878173899e-01
1.793676867052224733e+00
1.281279829791978742e+00
1.802696370034906348e+00
1.030942697683490339e+00
3.394591000576644424e-01
-1.188139252159998938e+00
-5.740067739029552918e-01
-8.129874080609589271e-02
-9.439334297186552369e-02
-9.862307026344980798e-01
-6.442140220384695581e-01
-1.569721975367280642e+00
-9.153591864208224793e-01
-1.912108960425002779e+00
-1.670824611773230384e+00
1.171586208735430068e+00
-7.010016025464600453e-01
1.680223470677236985e+00
1.188934182119570027e+00
1.269829537501648842e-01
-6.229642568825352056e-01
-4.489084254824227127e-01
-2.153416200384735468e+00
1.084984291293624725e-01
-1.558456451893427408e+00
-2.600177547597025685e-01
-1.386472947158815749e+00
5.149831509871938273e-01
-1.015094526083716753e+00
-5.518815839884181340e-01
4.941845653572984887e-02
4.979175145499650235e-01
6.336745487270640798e-01
-6.272174429891976821e-01
-2.395509340811721621e+00
-1.052235784842639132e+00
-1.458242810322618821e+00
-1.668864036771517512e+00
-8.491767955863481765e-01
-1.194900867875607453e+00
1.622088866988549150e-01
2.360571972587396594e+00
-6.144745854367494875e-01
1.805871235658473406e+00
6.735112453936656918e-01
4.825346340612581830e-01
6.633906032433591893e-01
1.474934538378634308e+00
1.913505213641057967e+00
1.198545262580367199e-01
9.092441047065554782e-01
6.724856746213608849e-01
8.900042923805514539e-01
1.674407835803275901e+00
1.007305477260644011e+00
-1.009889211340959658e+00
-1.266486162700186879e+00
-2.587202404663657695e+00
-8.805011558701432151e-01
-1.397179587799432632e+00
6.459870577878207287e-01
-1.847865481830910372e-01
1.491665411770747074e+00
1.408116418380780166e+00
-5.452486728148233652e-01
1.500309511766481529e+00
1.637678464597930539e+00
4.781689112139438924e-01
1.465706593389554779e+00
2.355183508951582905e+00
2.830062301753244469e-02
-1.191504881501595836e+00
-5.529813234388745169e-01
-4.839909001448452486e-01
-2.300851417941929711e+00
1.487371893551966195e+00
1.681218643397609736e+00
9.834370423918290527e-01
1.769775942502542998e+00
5.287562198250898016e-01
