-2.573827978594513954e-01
-2.085912774667674441e+00
7.069264501199408191e-01
-1.062144222574200825e+00
-1.555194998203449641e+00
5.657819819986431575e-02
-8.763603583324894863e-01
-8.453154534500715300e-01
-1.107822033461240085e+00
-1.050926515294237529e+00
-8.172870502530281689e-01
-1.246595169327034958e+00
-1.316067595644085042e+00
-2.896108129814510823e-01
-4.045491054586944912e-01
2.252704505477254315e+00
-1.240020705255971745e+00
1.185833020948473315e+00
-1.039266266643349645e+00
1.092949636627686960e+00
1.947846981701340408e+00
-2.081688057305977058e-01
2.630398925940339971e+00
3.556539242089922226e-01
2.158618645785475021e-01
1.328724346128137057e+00
-4.202648418657866092e-01
9.212448836846883760e-01
1.833880365911004340e+00
-1.626638294271121055e-03
-1.429070929604177920e+00
-5.867036849523827868e-01
-1.163527266091656687e+00
-3.164308946413225687e-01
-6.256078535974956001e-01
7.187122449734942853e-01
1.583974721825775367e+00
1.017327339970931721e+00
7.266370040241777462e-01
1.340826655500399589e+00
7.835708705111263939e-01
1.740973999383795157e+00
4.251765139666493498e-01
2.081386184398884787e+00
1.290358126055881627e+00
-2.527824456888376758e+00
-4.554712592386054304e-01
-9.398325009936372432e-01
-1.021564337871762040e+00
-9.893902743173047520e-01
5.699403212415244946e-01
6.308024158836317286e-01
2.516770052627581578e+00
1.389330060909018449e+00
9.978888054603884950e-01
8.717325032137579477e-02
-6.975544018777681821e-01
4.053699028423022321e-01
7.920676213030373169e-01
2.618886188822582284e-01
7.891567257033537119e-01
4.109855471477921185e-01
9.213073609271235087e-01
7.416087420102279726e-01
2.631842966781218207e-01
1.283037963910253598e+00
1.108834389854488789e+00
1.377228938404582603e+00
2.060387584186232246e+00
3.902354528718543492e-01
-1.796335275133301712e+00
-1.729258023738258210e+00
1.597217210516697072e-01
7.492998991783705875e-02
3.176187937880121659e-01
-2.890219363619528359e+00
-1.251335052083013988e+00
-8.507491717050363889e-02
-9.682361466350989376e-01
-1.488584739087135622e+00
-1.546730089656737750e+00
-1.847747990835006293e+00
-5.493405944566799315e-01
-6.767209116834065341e-01
-1.363199013754886835e+00
2.228798284279744912e+00
5.999984109591860459e-01
-9.602784106579553836e-03
7.773708993241201792e-01
2.639134238083446160e+00
-2.208454087898452656e-01
-7.151778587565957856e-01
-1.404859653015590348e+00
-4.889776118221771384e-01
5.940632850582321378e-01
-1.480606233338560784e+00
-1.834897951042265829e+00
-1.685569377321963325e+00
-8.317910248596156464e-01
2.001230710769510424e-01
1.095353643876663341e+00
1.633698636840055674e+00
4.024584890378196667e-01
1.295816320531203658e+00
2.264659011885592488e+00
-1.729525777666508279e+00
1.403576118210079215e-01
-1.642335442384772692e+00
1.740926767721977519e-01
-1.072333900965148912e+00
1.306146952269461536e+00
7.518601812575248511e-01
8.143881236196892637e-01
9.115779348294644757e-01
9.256071690273817154e-01
1.666071097344493879e+00
8.555042983866785189e-01
1.963009772576554735e+00
1.272348905511255790e+00
9.669752815576926341e-02
2.672695622087970513e-01
1.224136029190383557e+00
1.730878960993981863e+00
1.436538259394550154e+00
-3.435379149336776905e-01
-7.037781998806917905e-01
-1.126302863454492487e+00
-8.450030627378213310e-02
-8.674536709330963324e-01
-1.708157901467778128e+00
-8.445171510644429169e-01
-2.505846822978776700e+00
-1.295236612808895904e+00
-3.061122796579773819e-03
-1.191288598945885902e+00
-1.140621984268155309e+00
-1.718305430459303285e+00
-8.719882071042528437e-01
-7.731697699078370345e-01
-8.016580855639072745e-01
1.891730536984806310e+00
2.898115711984539988e+00
2.582387485862051024e-01
8.331620561747232756e-01
5.059917090686399943e-01
-2.041537211005945096e+00
-5.632173003000295886e-02
-8.180952015407974010e-01
-1.412157419659748392e+00
-3.252945261909713004e+00
-1.385023965795645351e+00
-1.577384531461256234e+00
-1.779099745791172360e+00
-2.065239625333258555e+00
-7.709260150014194402e-01
1.541936864383900652e+00
9.113239065257767724e-01
1.492457615574104057e+00
7.470756320771632097e-01
1.487074541929641391e+00
-7.262743433257825565e-01
1.825147809608571592e-01
-1.083657750644390738e+00
-6.799571676441581447e-01
-8.165494990496525718e-01
4.574714353931355060e-01
-1.662159291977964859e-01
-1.175637379330557453e+00
-6.470041952999757706e-01
-1.115150854548846215e+00
-8.664467890511542425e-01
-1.143089650576463834e+00
-1.542261286374653650e+00
-2.108932961192668820e+00
-6.045311523828248434e-01
-1.431537052211485861e+00
-1.655699012701101758e+00
-2.305309591392544100e+00
-1.551119064055244134e+00
-9.038906670994329984e-01
1.878005214555848124e+00
1.649334398591542072e-01
1.210508751281359041e+00
4.774289159610332067e-01
7.691243840363152229e-01
2.317714341355843199e+00
-2.971775383010144544e-02
1.955759093523501857e+00
1.777996798763998409e+00
-2.771610714393470953e-01
-9.701160479031711859e-02
-5.361145789095167480e-01
1.642489225504735639e+00
2.236231299627149838e+00
1.322571597075330674e+00
-1.388768970582186402e+00
-7.856357452655846618e-01
-3.837277551108884133e-01
-4.073726451974386542e-01
-1.912591548929614582e+00
8.547928451745572254e-01
1.267094682397185368e+00
2.228752539673412691e+00
8.031286616566131187e-01
1.930342889203095158e+00
9.998578537595355087e-01
2.226268301988382881e+00
3.472085766019617825e+00
9.821031494934855388e-01
2.725913189675658987e+00
-1.516729627629759047e+00
-1.046785152808485719e+00
-7.785651684715733101e-01
-1.886803813822338194e+00
-6.640999255308495108e-01
7.122212195606694163e-01
8.370168039651173508e-01
1.796978389714907198e-01
1.222524119020158118e+00
9.385322663135704513e-01
1.175445034292299740e+00
2.317862470059957936e+00
7.730821713885811519e-01
9.037431599631688961e-01
8.269729693845828677e-02
1.584035987478365826e+00
1.731075236893262037e+00
-6.683181621577061193e-01
6.006767894731482871e-01
2.260191859657803892e+00
-2.005179755644190820e-01
-1.284064710923502162e+00
7.422183955411012501e-01
2.273399010260079400e+00
1.098099859389828348e+00
-6.669894361164203644e-01
-7.381496457308360792e-01
-9.516731243847091903e-01
-9.968058561085058056e-01
-7.032027387962007658e-01
-1.466096773548344334e+00
-2.240608288662737646e-01
-4.252784093276686939e-01
-1.556919418878396133e+00
-5.054094744989642285e-01
7.347028494975527124e-01
-1.554078116402989540e+00
-1.371638518935944795e-01
-7.509415333355375921e-01
-3.838391065507106292e-01
1.750023161814765249e+00
8.919415139125917991e-01
5.285416345073002953e-01
7.843364441723004177e-01
-8.107329456965839398e-01
-2.254746053183185772e+00
-1.682232664634014885e+00
-3.735104732597592792e-01
-1.282107669919026582e+00
-1.132681744943759394e+00
-5.648871157910014817e-01
-1.471767043397410824e+00
-1.984598934384180113e+00
-1.702568603406431125e+00
-7.872419849083005516e-01
1.360965536850812896e+00
-5.678077845644491362e-01
1.035850656754051968e+00
1.634717008392066351e+00
1.062956532981944813e+00
5.308150477116420074e-01
-5.309167279013504714e-01
-1.000914156070306538e+00
-1.587498561903561090e+00
-1.064284288072858686e+00
-5.338760921525699255e-01
-2.272862954496927657e+00
-9.308815256863679499e-01
-1.376072699548294143e+00
-4.671579121516258315e-01
-1.961116310171748811e+00
-1.908790184963701453e+00
-3.447527698614341052e-01
-9.968931797434532616e-01
-4.228760101517368142e-01
-2.299770971065145719e+00
-3.464757705169002611e-01
-2.021645212927080770e+00
-1.472444469710585402e+00
-8.461441010837223997e-01
-2.263218137414910736e-01
1.598871144186175819e-01
1.503700155058186549e+00
5.429597608061395020e-01
1.940114296698618235e+00
7.849025376863755232e-01
1.634526095083353336e+00
5.657874863490128803e-01
1.047960305324457497e+00
1.537764323563354907e+00
1.613772332509221474e+00
4.271398188921935457e-01
1.811670009789090319e+00
1.562852947127347569e+00
1.344837646122633679e+00
-2.063550182063432104e+00
-7.428431443791934097e-01
-2.003191515829369163e+00
-7.850999331448930141e-01
-1.812454259480134944e+00
-1.201800275447650890e-01
1.229203622091753934e+00
4.976915220407954754e-01
2.961794931477232939e-01
2.310355251750514594e+00
-3.173077298850683903e-01
8.416375721472519889e-01
2.112408752745393858e+00
6.322408518497490970e-01
1.548401712076652892e+00
-4.458951676427177491e-01
-1.830709004279682528e-01
-2.100345385701640755e+00
-3.771922820362033635e-01
1.186277579434811269e-01
1.566845737693251417e+00
-5.254945584818448978e-02
-2.316478609267598188e-01
-1.953243782969351638e-01
1.608659257073377979e+00
5.891122838585165500e-01
-1.747168679462882679e-01
2.326593492891508852e+00
7.300803594690845610e-01
3.462718605658171578e-01
1.231700942200222748e+00
1.296811993366075111e+00
2.279321805531789868e-01
1.574602343828512163e+00
1.252241858457499024e+00
1.137500510411344479e+00
1.652205975386301651e+00
1.596122654024245247e+00
1.187502725071973853e+00
1.620419916237602287e+00
-1.241162132571788312e+00
-2.317378615825880672e+00
-1.875223713928333424e-01
-3.009924960931004145e-01
-6.858060760536620615e-01
-1.134706750523632124e+00
-1.624561091353871056e+00
-2.619518183478807050e+00
-1.797900099390925988e+00
-1.781538726296937547e+00
-5.906555204614218901e-01
1.212939535440962224e-01
-7.138390780813215208e-01
1.910086101293773098e-02
2.481516011098980901e-01
7.710885772338950117e-01
1.074636300116031506e+00
3.362026286374066864e-01
1.126808463498401913e+00
4.218472050369008741e-01
-9.679224049222419080e-01
-5.895752378883678535e-01
-9.421925090686658066e-01
-1.117140729825871759e-01
-1.047038168637035582e-01
-4.286118304586656880e-01
5.176508999062989780e-02
-1.817734575814659026e+00
5.867309494301284900e-01
2.568619590407501541e-01
1.043578404984351504e+00
5.794984587811752297e-01
9.384327977574415947e-01
-7.942024244282164247e-02
2.301394919101942271e+00
-1.189459857068092541e-01
-1.062733979112939542e+00
-1.590494322119079706e+00
-1.468813088760579255e+00
-2.462232359755982980e+00
8.055336171540565804e-01
1.367543390869311093e+00
9.133553614645393282e-01
2.808375605261347330e-01
-2.194222068866391595e-02
1.064249950699512226e+00
1.075016750667035836e+00
1.305486855073084707e+00
1.495355255913183967e+00
1.083414088656361240e+00
9.292270782651774752e-01
8.516342929062593603e-01
-4.343888929932187004e-01
7.589706896455290508e-01
1.824439715254276617e+00
-1.424993515497625651e+00
1.597948073516670675e-01
-9.202884972976195233e-01
-1.536607326748674174e+00
7.092574171841516950e-01
2.407594997491817601e-01
-2.464143680499539801e-01
-1.273302308991371090e+00
-1.436194384554804859e+00
-3.928863579575875287e-01
-8.810361527544429139e-01
-1.147538729918100575e-01
-1.561221303503569136e+00
-9.856473861213909116e-01
-1.837695991707777754e+00
1.649227557602881644e+00
7.337545591881772244e-01
1.919224088188395072e+00
5.133382668777164426e-01
1.241741270931356445e+00
-1.689103790206080147e+00
-9.128566233622616988e-01
-3.177150974362574765e-01
9.588568166339950238e-02
-2.175345869870596971e+00
-1.138195794027280217e+00
-2.273389966268372309e+00
-1.252882520012096101e+00
-1.074854788899605840e+00
-1.316584002748807825e+00
1.414274218120060933e+00
1.002997441241624932e+00
6.146747356807520379e-01
2.090232184238982605e-02
2.026612623056994078e+00
-1.342069872633727901e+00
-6.173207460564755777e-02
-1.537154962898197752e+00
-9.201167819871099995e-01
-1.940323515958630285e+00
-9.862148282224212359e-01
-6.053299683910959850e-01
-6.416600815103720157e-01
-2.400138753326420904e+00
-3.803047541753714622e-01
-1.863259202121411828e+00
-1.951847306508630364e+00
-2.070851305170994472e+00
-1.461446059452703672e+00
-7.303196411225463258e-01
-2.576746841546606603e-01
-1.223964808543018368e+00
-7.516931512771485302e-02
-2.180787503362882518e+00
-2.704790701307329126e-01
2.377159161375129504e+00
5.654990946197693269e-01
2.006009610563505241e+00
8.382851630350339756e-01
7.495004223595465032e-01
9.711073722537764130e-01
2.841790529484127248e+00
1.725870789465657751e+00
1.060112676988191449e+00
6.130444063239004482e-01
1.391472203624300574e+00
6.908845323887988776e-01
1.987078705927032729e+00
1.576371490970866152e+00
1.072385944531186297e+00
-3.138715005020351612e-01
-7.687750649419778926e-01
-1.053097186095679039e+00
-2.851868989050084791e-01
-1.118366446922828938e+00
5.635058720797229137e-01
-3.573040866057908271e-01
1.778273892515718213e-01
7.556675698353256809e-01
1.359895374560707193e+00
1.657541590166405232e+00
7.037201225949498706e-01
1.079325699614847922e+00
1.428402655013769174e+00
1.565554222904828041e+00
-1.755332516269050291e+00
2.156643161494582461e-01
-1.082144969970106230e+00
-5.616849012973192945e-01
-9.981116460457744033e-01
3.049756358373988396e-01
9.344793687341146349e-01
1.036249430616637657e+00
9.490916012486113607e-01
9.829746441591580286e-02
1.471158915577067683e-01
1.446272786622215589e+00
1.468696005581261455e+00
5.788891106306015555e-01
1.661239062560512014e+00
4.935669248961539468e-01
1.935015662300970440e+00
1.595417493699737399e+00
9.155745275510210890e-01
1.400933518997334648e+00
-5.119000657744909866e-02
1.028999321240348319e+00
9.323178924922053135e-01
1.283284780685384430e+00
-5.596887434296826669e-02
-6.665723759792999692e-01
-2.058812237456622007e+00
-6.624319523805133336e-01
-1.058995842700556800e+00
-8.715138967276305770e-01
1.162050864529917682e-02
-2.273632137728378577e+00
-8.151123791168486399e-01
-5.328678953649514938e-01
-1.326613647279782038e+00
-6.863424286117527640e-01
-1.360368482945856439e+00
-2.268822450380006739e+00
-1.913774165792989201e+00
-1.311939610684337065e+00
5.434580294554054447e-01
6.554398638401293109e-01
1.505677344991361410e+00
1.060934904728797035e+00
1.320892212258151677e+00
-2.124902871032985807e+00
-1.233475479195080382e+00
4.286573529653638914e-01
-1.849664229936322180e+00
-3.138898382790979991e-01
-1.520870839131698959e+00
-4.472275334422981530e-01
-8.338995250765857126e-01
-4.257247900507914462e-01
-1.327245452487654021e+00
1.689050708711164361e+00
1.382603452844688441e+00
1.329384565710181487e+00
3.715316931385397314e-01
1.087120479250309302e+00
-1.470446571871698138e+00
-1.320740831272514182e+00
-8.901777768567231686e-02
-1.681388120884546478e+00
-5.541660451080236971e-01
-2.552845662280902594e-01
4.007224641424766975e-01
1.343582813075366644e+00
1.440492055067374100e+00
1.187856885039777488e-01
3.395322806907064006e-02
6.076834324986699620e-01
1.606727710675385890e+00
1.007544793831261165e+00
-7.284676977090405181e-01
8.316294725085505712e-01
-4.551874727068736526e-01
2.239935624595228436e-01
9.594595159816179386e-01
1.386895060088441767e+00
-1.871558704630897685e+00
-1.021270661708953087e+00
-1.041845422221657991e+00
-1.339379615485055908e+00
-1.711313566740773062e-01
-1.443550476160255336e+00
3.846445806687848190e-02
-6.481319704674897153e-01
-6.012930071697166756e-01
-1.582848267368237583e-01
-4.206584495058847128e-01
-1.350557740435711196e+00
-1.613925724205832912e+00
-1.070490945131379767e+00
2.090516006360592094e-01
-5.538709533844985433e-01
6.916362251616250401e-01
6.261905101999387657e-01
1.444906656065534811e+00
8.755362252238074738e-01
-1.767483960288230405e+00
6.252742837584257529e-02
-8.769722211689697788e-01
-8.412107553141310312e-01
-2.027438089188399850e+00
-5.939233098071159400e-01
-1.008529684221405542e+00
-4.571357545678839118e-01
-1.061522480542338442e+00
-4.510833393659376966e-01
1.413903397820201580e+00
3.781174414142375317e-01
1.635459319371517228e+00
9.978400207681932255e-01
1.156837663768773616e+00
-2.099413889012398116e+00
-6.713745117154681363e-01
-1.131892369196901393e+00
-2.470418605177636007e+00
-1.087950126719451571e+00
-4.976165088534514336e-01
-1.012706919172380760e+00
-3.094849226105911288e-02
-2.128755923718148146e+00
-7.883230327883666844e-01
-5.737993925213646929e-01
4.632378933329683868e-01
-5.143668652154379517e-01
-2.188363512147067702e+00
-2.182655726985159195e+00
-1.495860661227311761e+00
-2.027445619763880824e+00
-2.545601228814938777e-01
-7.532232210721028220e-01
-3.353359425686015527e-01
1.076311971323496985e+00
7.882238144754292186e-01
2.658429812123294766e+00
1.132589979771945199e+00
2.973620098924945054e-02
2.148098254821551922e+00
1.361938556011974555e+00
1.114476300900870243e+00
1.642799538780960411e+00
9.008965787540239578e-01
2.027954130313454506e+00
9.926643047793322072e-01
6.164807017862353744e-01
-2.327291020555835033e-01
2.016799592160743781e+00
-9.731304465811950744e-01
3.058489698484967434e-01
-2.058810490268345728e-01
-1.729157506126327792e+00
-1.819435486819780623e+00
4.423049795106359650e-02
2.685608265978972842e+00
8.371679503450274451e-01
6.392461885758593532e-02
1.688829231294528554e-01
-3.388683078162235685e-01
5.636749603497219763e-01
9.080300692059199985e-01
6.344460254693138346e-01
1.309460969856979462e+00
-1.768812778103747041e+00
-5.223038489739916246e-01
-5.665993207504602669e-01
-1.960431488234037234e+00
-1.116994384291963627e+00
1.688176204255360968e+00
1.227594580802456870e+00
1.572097564389721702e+00
1.384196965311555338e+00
6.400590394165343033e-01
-3.038802203387416245e-01
6.055740351367742136e-01
-1.081903535024961727e-01
-2.236112192586827696e-01
3.707802187392994497e-01
5.613143568491385516e-01
9.613887608442170940e-01
8.783928336940557413e-01
2.659735052543174660e+00
1.743609992056177171e+00
-7.199232368450800834e-01
6.208172535031795114e-01
6.181708566900379065e-01
1.533503538034837188e+00
3.303793042121687673e-01
-2.722924257080896471e-01
-4.176098628592492812e-01
-1.968129437649111857e+00
-1.813120973332491559e+00
-8.418282899904718786e-01
-1.972584716455741516e+00
-1.840488408945119225e+00
-1.799189060863470857e-02
-7.001504967024883008e-01
-1.588621082428351761e+00
-6.724501468837736917e-01
-1.340613694586729965e+00
-1.209057725192546284e+00
-1.587531875188620045e+00
-8.054634464165905117e-01
1.020770074850709364e+00
3.055997789066310588e+00
1.253242941788420772e+00
8.409291883829033143e-01
5.841789025093171439e-01
-1.603932974205704909e+00
-1.132885683498455087e+00
-9.301373613461563217e-01
-1.314207375844548054e+00
1.080302163737938415e-01
-2.060861192696122668e+00
-3.881283391968832763e-01
-7.139270186211155167e-01
-9.084419226679911752e-01
-6.094258472081278688e-01
8.025601513513416219e-01
7.185935438474484460e-01
-3.433140731531085788e-01
2.134330886307910902e+00
3.074711712400748365e-01
-1.805254875214694632e+00
-4.782305833962594566e-01
6.906594595123483060e-02
-1.066283945101009767e+00
-6.948964230415184407e-01
1.118442536523024389e+00
7.045439688645129817e-01
-3.338550606399135479e-01
7.600297164693816665e-01
8.013240789742446246e-01
1.189731517729659016e+00
2.422499052984246504e+00
1.331131654189067426e+00
1.476412819836674162e+00
1.558307131864809625e+00
1.794805179022687769e+00
4.534522589216931632e-01
-3.677028827385444565e-01
1.745658462061706162e+00
1.039906486044070988e+00
-5.163779841919734492e-01
-1.918310805172074751e+00
-5.614373105900936078e-01
-1.588704151440392787e+00
-7.508852893035256049e-01
-9.595188070817373127e-01
-4.294014549092125543e-01
-1.257684063512689576e+00
-7.485808428170870332e-01
-7.591548270103264384e-01
7.534926391482144048e-02
-1.045277127877865864e+00
-9.740886012350535861e-01
2.268413705741534336e-02
-1.189334277045676291e+00
-3.168340580615758295e-01
2.229671050424523848e+00
1.008057222069276282e-01
1.182737091172022081e+00
1.850392471392892091e+00
-1.719255911932326741e+00
-4.458758208432511694e-01
-1.709514881550225684e+00
-2.067397230834746580e-01
-1.824547906349104798e+00
-1.144595030552777670e+00
-1.971178330021316594e+00
-1.301810822335718543e+00
-5.725319977612208788e-01
-7.234657417869319040e-01
4.329795790008650336e-01
1.060222387069551298e+00
8.003596777611126090e-01
8.125679086011995400e-01
-3.148150467022454713e-01
-1.492176793323559902e+00
-7.998057062638388448e-01
-8.274384653201233286e-01
-7.881323503916836115e-01
-1.198562861849088002e+00
1.836181407839139856e+00
1.869933278651145780e+00
6.869676716114742065e-01
4.846709758040801397e-03
1.101671703620286102e+00
7.431594647563185552e-01
7.134986473508979632e-01
2.296599537333997576e-01
1.617339638582476535e+00
3.381261263045940435e-01
-1.675048658304600924e-01
-6.769882207235893290e-01
6.708291549016798250e-02
2.232275308223118149e+00
3.647370464472674545e-01
-1.649981402357988847e+00
-8.701727803950065621e-01
-1.574605567133087636e+00
-6.819064007442405817e-01
-3.225323205354727607e-01
-1.515174126170943492e+00
-1.232006860457385944e+00
-1.071071230447275147e+00
-1.339343399847474192e+00
-6.369021678057996683e-01
-1.894696263814691362e+00
-1.758562838202651246e+00
-1.318469781550761111e+00
-1.483380659760251241e+00
-2.700578121239021190e-01
7.893915814150097576e-01
5.626931938290028468e-01
-1.614285416522682759e-01
-1.031754447970358868e-01
-2.073924281024956962e-01
-1.817446351601645693e+00
-1.348666941920114271e+00
-1.326055762550536699e+00
1.466873511020727605e-01
-2.233289222071417335e+00
-5.335465379536945552e-01
-7.712544116281779827e-01
-1.895091294572763374e+00
-2.055393903349722162e+00
-1.278213896159629881e+00
4.691030009180767735e-01
9.653196703743524010e-01
2.063912334889645983e-01
1.130689450154592546e+00
1.291835546339149543e+00
-2.168441618916815639e+00
-8.984294326924172625e-01
-2.262026840571191411e+00
-8.488823302433530227e-01
-2.189535094808943150e-01
1.662836436831675702e+00
1.087218327368397297e+00
1.165470358102861148e+00
2.450376933060518514e-01
1.105276380547688841e+00
2.299028226739029179e+00
3.610155909747930769e-01
1.365934047447388222e+00
1.959364302042327255e+00
1.022140762998740016e+00
1.306271514235523457e+00
6.378889841418593498e-01
2.016045853890157780e+00
1.065541974036190886e+00
-3.644029449490631123e-01
-1.209245946378665337e+00
-1.316096471930600087e+00
-1.348870120980926846e+00
-1.382003081426917301e+00
-2.152270374174106937e+00
-1.689621058640542461e+00
-1.512837400862654835e+00
-1.505624567414689974e+00
-1.041004164755138905e+00
-1.042690929460073912e+00
-1.374455319727012181e+00
2.301588342095395312e-02
-1.068547918627305915e+00
-1.379360508829303500e+00
2.379684931138483783e-01
1.829729840718518519e+00
1.075636968199651156e+00
-1.238664208701936165e-01
1.140590557779414427e+00
1.360703065347836693e+00
-3.502860687172212328e-01
-1.220886705919264514e+00
-7.290571462882630138e-01
1.337421194745793684e-01
-1.087042040778659624e+00
-1.748559437135968508e+00
-8.756408699397589812e-01
1.123197357868677138e-01
1.074649305730817073e-01
-6.822433610064904119e-02
8.016701789022012692e-01
1.569082395266606866e+00
1.129400476041113821e+00
1.240675828030066485e+00
-4.883083627114270797e-01
-1.357044037457106223e+00
-1.239736164297031040e+00
-7.732873686779802025e-01
-9.019715884286519936e-01
-1.310835057187109909e+00
-9.774641343730161580e-02
-1.652226148869003985e+00
-1.549261734655662082e+00
-1.952045438800129595e-01
-1.264420246286698468e+00
-1.200281051440002855e+00
-8.129377007674871702e-01
-1.315286807171378580e+00
-6.731408570791178603e-01
-1.336898724859141296e-01
-4.530887320003827989e-01
-4.907697685566492218e-02
-1.150565957072541057e+00
-5.728133483338762044e-01
-1.996562890512654675e+00
8.124747890816141904e-01
1.962076828935380490e+00
1.155554402078540654e+00
1.172300817222932334e+00
2.332469847133567420e+00
1.660465485859738299e+00
-2.014517165200395699e-01
1.068065404333920831e+00
1.244954121853021123e+00
1.655858086834969933e+00
-1.721765209928405316e-01
1.956814001740455833e+00
2.059420888442491382e+00
1.453095908880096987e+00
2.006102659822344592e+00
-1.625780903205207295e-01
-8.241774207384791051e-01
-1.392740314662902268e+00
-1.540836510181431640e+00
-2.229756274316731179e+00
2.150291275886012876e+00
4.690236677990511360e-01
1.502939968617062139e+00
1.173632956109836423e+00
2.580159466855054706e+00
1.266192832006156177e+00
1.696509937276273527e+00
8.193625437725113869e-01
-4.146394537819779735e-01
1.003614109432619639e+00
-2.845522027485980487e-01
-8.739258645662264513e-01
-1.057162399814816300e+00
-1.493539096351692574e+00
-9.447891308059619409e-02
1.387646495479827102e+00
8.556426983682001719e-01
8.015827694081767429e-01
1.274599695473173977e+00
9.710940232668660022e-01
-3.343125940358726567e-01
9.995159937444402232e-01
1.185210693309386443e+00
3.920669771144728033e-01
7.447613868447791052e-01
1.651430500209127405e+00
7.338255974232763545e-01
1.500325880459758121e+00
1.493060331279978614e+00
7.399626139399869684e-01
1.815428397392346183e+00
1.110691349203424938e+00
1.805233014653565116e+00
1.176530008876292666e+00
3.756637904837845099e-02
-1.244858348069492582e+00
-1.259301439447948701e+00
6.293231124423126488e-02
-6.459752879979816509e-01
-1.907510464083869151e+00
-1.850120907538901349e+00
-8.447266056030509063e-01
-5.793641512298131069e-02
-7.579601560775808267e-01
-1.156605184018053345e+00
-5.570734095784279916e-01
-1.339110893149055848e+00
-1.048403411245886208e-01
4.660919733176327462e-01
-7.223503525577329443e-01
1.327569427829338400e+00
1.757091687641267441e+00
1.975727311358350669e+00
2.192653187607558785e+00
6.856121522629520237e-01
-6.595375707475832350e-01
-3.036171254910161821e+00
-1.797863376367882404e+00
-2.140544643069627329e-01
-1.718219508509453153e+00
-7.182642626839280675e-01
7.661481376027112766e-02
-1.272273451241734854e+00
-8.657259127805250198e-01
-1.579278176438335679e+00
1.627110783759718515e+00
9.880074689594052773e-01
8.906441068885935231e-01
1.299769109294959701e+00
1.283163422084816929e+00
-4.850212824836508396e-01
-1.849022925929518557e+00
-6.501081219049019699e-01
-1.782687310653742641e+00
-1.862427519470499337e+00
6.397330164551155995e-01
1.479905177367383695e+00
7.815727594143855317e-01
1.194802639103225150e-01
1.199725739397902391e+00
2.610705730073823450e+00
1.768841518624496789e+00
2.734309333987601232e+00
6.058924728305256080e-01
8.961800331323945823e-01
5.427970137288689045e-01
1.868088644076281613e+00
1.320120718611091037e+00
1.105747064200736984e+00
1.576672234796313354e+00
5.168897792173576811e-01
-5.719325189567995293e-01
-1.667749178532834442e+00
-2.244081870848524396e-02
-1.028086809298718762e+00
-6.339249103807376162e-01
-2.274468911991426978e+00
5.279699993021140791e-01
-1.025937618047188193e+00
4.952492760679740869e-01
-2.291563290198014968e+00
-2.411379127251420673e+00
-9.577429311412791746e-01
-1.868556191450572168e-01
-4.140405202390678996e-01
1.611569670051650638e+00
-5.886606291825691173e-02
-7.324472970555111484e-01
9.076549018553929926e-01
7.201995477087107522e-01
-1.158450699691527142e+00
-2.009686629877188047e+00
-1.491178544947144857e-01
-1.343127999053901345e+00
-2.158635767188920696e+00
-6.679413552134353393e-01
-9.087365526293343931e-01
-1.746155479545879352e+00
-1.012138820239415926e+00
-1.103880998483594222e+00
3.651705368879257785e-01
1.950846602495762472e+00
8.683066385062486736e-01
1.845379339484562120e+00
9.287420291436347952e-01
-2.645142215202431757e-01
-1.745321867677829264e-01
-6.444525842414277061e-01
-1.381446582324665107e+00
-5.663002847751652524e-01
-1.277629741475615477e+00
-8.003437233039147891e-01
-4.892649059690120650e-01
-1.536163069646286683e+00
-4.327128076613806495e-01
-5.577610630977600792e-01
-1.234476462880433889e+00
-8.647338941964949344e-01
-1.738115696109700181e+00
2.120840241152268657e-01
-8.625808944007031798e-01
-7.171727277053026040e-01
-1.250093795788071560e+00
-1.612650161453266451e+00
-2.050823807497383910e-01
7.233440864940496873e-01
2.942441765377754592e-01
1.143141891606221927e+00
4.795342302436433890e-02
5.368907359103314292e-02
1.152623810388873293e+00
5.376733525831747240e-01
8.858118365589288112e-01
7.557558280500427106e-01
5.849169924205246396e-01
4.517667473842134074e-01
1.610433824290151694e-01
1.049197932149997126e+00
-2.657274175924302373e-01
1.698648866707996863e+00
-9.746279518239031603e-02
-1.954985662545412506e+00
-1.574547448170855457e+00
-3.718411767872721319e-01
9.683525987528338597e-01
1.279117596302587145e+00
2.258384427238522285e-01
2.698283884879064676e+00
1.344509280578845889e+00
-7.753163699296905520e-02
6.261304733019710245e-01
7.883831126478926254e-01
2.071903844198081934e+00
2.151607626977292576e+00
-4.103171964179381792e-01
-9.512524075965421710e-01
-2.289720472029090903e-01
-8.494175199991167435e-01
-4.844150297275775507e-01
3.998798978013038408e-01
5.674950641772970039e-01
9.894304868926412366e-01
-3.571885630031608194e-01
-3.108238397617810733e-01
1.963213081929640502e+00
-6.931987700725441570e-01
-1.269248244215448462e+00
-2.118568023238530884e+00
-1.770764695725625337e+00
-4.191639020534373428e-01
-4.599571862367290986e-01
-1.978792353186595854e+00
-4.978746919472745169e-01
-1.352956531698360276e+00
-8.369682022451911951e-01
-2.268292416332313710e-01
1.137602374213282364e-01
-1.633710938211025532e+00
-2.663535434182042749e-01
-1.557269705652000846e+00
1.972349183609693579e+00
9.062058303220651423e-01
1.462650896509843701e+00
2.523057363831599620e+00
2.046957378352459056e+00
2.454994744604048318e+00
4.207452118924288609e-01
7.490027696132651736e-01
-2.567683348279428124e-01
2.126590968000158011e+00
3.097779347810915018e-01
1.095005236919621261e+00
1.651770792260442544e+00
2.156633157309773452e+00
8.931716371401876575e-02
-2.331350370149325890e+00
-5.842102163952165306e-01
-8.046213461736541062e-01
-2.377523600412524196e+00
3.987909769853814623e-02
2.801894514525273827e-01
1.197440051691812446e+00
1.550837982782143909e+00
9.479334481091998832e-01
6.774229298331209126e-01
5.006781765213338398e-01
6.450624511825056029e-01
5.410125275807387002e-02
1.347174602167745538e+00
1.025047501963793461e+00
-5.456099088260217833e-01
-5.651557863936349513e-01
-1.566803845631742131e+00
-2.373046022463858762e+00
-3.351345984193137006e-01
4.671993504974659706e-01
1.218798692583220600e+00
1.076820036217249088e+00
1.770165098472276988e+00
2.026879134423831719e+00
1.600263800220518062e+00
5.427538661994504299e-01
4.450601881039724095e-01
-5.272054310943636857e-01
1.804461294467414767e+00
8.963328104750020175e-01
-4.509264744572316630e-02
1.970310351915096625e+00
8.990422741725756506e-02
1.323471421333827891e+00
3.282601149884727398e-01
6.828249884920880586e-01
9.602471679044282116e-01
1.652983471020242234e+00
2.155334427846295142e+00
-2.017209860055571014e+00
-1.095170661024117198e+00
-1.754571392351304215e+00
-1.792778029943466134e+00
-1.782087267513121853e+00
-1.157149951512411512e+00
-8.356554730653307228e-01
-1.969018540044747523e+00
-2.541872600366901214e-01
-5.393620505357721306e-01
-1.855262071659794287e+00
-2.813650303500909722e-01
-2.376469533702318948e-02
-1.237383585788725870e+00
-6.067289071673617196e-01
9.217358693275506942e-01
1.113870070507655852e+00
3.161543576260805732e-01
1.196084897943312741e+00
9.510249499930023553e-02
-1.914882387795592278e-01
-1.637707262979665623e+00
-7.336692182616986191e-01
-1.531835257731030353e+00
-1.143039901971507621e-01
-1.065325646313138641e+00
-4.390764750064136690e-01
-1.578190396675160478e+00
-1.909767150390154766e-01
-9.861499880934996298e-01
4.821610903205286736e-02
5.540429364690742098e-01
3.749230367743847658e-01
1.092289981147002820e+00
2.647079283056527288e+00
-1.234235202768287909e+00
-6.004322147335898752e-01
-6.379472777194031829e-01
8.770178030360837873e-01
-8.968021370639899237e-01
-9.768491292405123705e-01
-8.242718172718594971e-01
-1.595820730586514635e+00
-2.902584853269039922e+00
-1.570877881707728463e+00
9.378694444309805256e-01
-7.357422061012955927e-01
-1.956769423706725242e+00
-5.976439422342381125e-01
2.778480456238920926e-01
-1.536247462151094201e+00
-1.499998096260122038e+00
-1.231916690380149726e+00
-1.026292357909620812e+00
-1.704458879790312409e+00
9.018396597683842053e-01
7.617303211563022369e-01
2.585183188793264142e-01
2.204043580989625717e+00
2.389408537581760861e-01
-1.199612581347446749e-01
1.461283768047685339e+00
7.838469539584898005e-01
-2.768750722389703434e-01
9.126363202283002130e-01
2.143403674389999125e+00
1.355498727584274254e+00
1.273862045731183557e+00
8.795035923847328574e-01
1.402189028279492433e+00
-1.201086784124868911e+00
-1.609588624550563063e-01
-2.056117067237348994e+00
-4.332482846164775747e-02
-1.827091288787205947e-01
1.621861934888240597e+00
-6.628877747106800555e-01
8.740199267989177123e-01
4.046308026987973649e-01
1.077282985565747975e+00
1.532549204926579867e+00
7.047969144482713055e-01
1.039946818981185350e+00
1.952043300821775462e+00
2.143806940162973351e+00
8.038268385322266951e-02
-2.186059293754586186e+00
-1.238891286844856277e+00
4.588791544459707161e-01
-1.184701865199631055e-01
-3.665067773712631372e-01
1.126663411761028799e+00
1.001188249081306214e+00
-4.814078651380349072e-02
1.538155884505299387e+00
-6.288897127137609289e-01
7.452788634354745589e-02
-6.482068175659521092e-01
-1.072524718003155630e+00
-1.463869136000214732e+00
-1.186798707941278508e+00
-1.912364494019459515e+00
-1.129748226061378036e+00
3.906403623411625059e-01
1.054105792321597956e-01
-2.054790128022980777e-01
-8.899990842776653865e-01
1.873447511781911601e-01
-9.552032031809833956e-01
-9.993608899447213867e-01
1.233463097973106493e+00
1.204316118127294333e-01
1.269867564487410672e+00
2.006193816065783952e+00
1.089960926347411041e+00
2.572281365202900627e+00
-3.091488009393872360e-02
8.845152931315616307e-01
1.081047951064834534e+00
1.256974601079238640e+00
1.225457517593067536e+00
4.565261967437539425e-01
2.659159646145576428e+00
6.490405069600121424e-01
1.323673356576924309e+00
8.460922004875115476e-02
-1.220503653406296962e+00
-1.853604506559159093e+00
-5.388902021068343595e-01
-1.192990439666811398e+00
6.883930513371114834e-01
1.761455094282027067e+00
8.855157824898528540e-01
-2.522446101468833746e-01
8.017175424343426782e-01
6.754663054975282854e-01
9.299737335959583628e-01
1.098565337809912723e+00
1.452572958934043257e+00
1.505723675079846391e+00
-1.719316609669751195e+00
-2.488263842898307265e-01
-1.200170270378834836e+00
-1.050608148691836163e+00
-5.310342973984220061e-01
2.457267071865285590e-01
-7.198887922761654234e-01
1.020854527768402464e+00
1.022135562241255347e+00
1.175992746449276538e+00
-8.990836160968918023e-01
-8.793564421077580961e-01
-1.898685062347240216e+00
-1.494964114785451770e+00
-1.211070607197420212e+00
-4.355364363986317100e-01
-4.422806033372828072e-02
-1.806209121210015311e+00
1.221916418201988819e+00
-8.069657363000677375e-01
-1.717276351507116772e+00
-2.003769546683511482e+00
-2.598795313876542945e-01
-4.606611358514405286e-01
-1.223155768670100674e+00
1.190983264224679372e+00
3.665226080111066986e-01
1.635720047658981047e+00
2.253602447109106510e+00
1.686813578283542725e+00
1.589595676387764112e+00
1.364847642571536790e+00
-4.913451768848773327e-01
1.871115804921513082e+00
1.060991573339892025e+00
4.391189236770799420e-01
8.551182896143472156e-01
3.047151245004826592e+00
1.491165427688042833e+00
1.242727244324677294e+00
-7.151314813703273376e-01
-2.058641361417639093e-01
-1.014121859991341301e+00
-1.586241278700314172e+00
-1.642328196127609496e+00
5.952727444369816379e-01
8.423133579096514501e-01
4.958732865244351862e-01
1.359285005819323988e-01
3.641246633943766575e-01
2.091054202127220485e+00
5.113873631992145175e-01
7.154818412277133000e-01
6.642030896927890726e-01
1.367897254794682604e+00
-5.500210278492640992e-01
-2.825619488187423034e-01
-1.335801437908338052e+00
1.460104241619992749e-01
-1.945133434643102177e+00
-6.104533055054202073e-01
2.107151463725059237e+00
-4.344799082627610609e-01
3.452761500929913963e-01
6.993702179581259282e-01
6.549016609781151965e-01
4.571296855222022337e-01
-2.600500267021188527e-01
3.824568340190095395e-01
2.982653396101295762e-01
6.974942186698419588e-01
1.022878683645717102e+00
6.708002288294228066e-01
9.878295569996626835e-01
1.235170818952086247e+00
1.175093081496733305e+00
9.111650959273190908e-01
1.248728353286111314e+00
1.646040810882064998e+00
9.760858416954708572e-01
-1.179325612544347202e+00
-1.909746020970918945e+00
4.061920748799532355e-01
-1.483782538684597085e+00
-1.061132471333984917e+00
-4.792576334041975805e-01
-6.531305944163728894e-01
-2.004060917139909304e-01
-1.747672366249001907e+00
-2.370074910754545350e+00
-7.275249089580148043e-01
-6.915424951192090663e-01
4.325624967551022770e-01
-3.235792626098960678e+00
-3.757710461353569453e-02
6.700647964246211341e-01
6.951011491495824313e-01
3.847312169296176476e-01
1.781156808287804205e+00
-4.400552645383548622e-01
-6.669532388900545339e-01
-1.620146836244379607e+00
-7.888046410432103528e-02
-2.357309102824125091e+00
-1.570339368637337030e+00
4.144829851744940008e-01
-2.251223356865370562e-01
-8.076909908638217894e-01
1.919713353676919532e-01
-6.982459595515906337e-01
1.069216003361668887e+00
3.230339990518669158e-01
1.493751977137805831e+00
1.244968513397871401e+00
4.934900288121175649e-01
-1.259832388714309470e+00
-7.990110257593694421e-01
-9.594852261006465710e-01
-4.829715808758445750e-01
-7.656360378222657470e-01
1.103400889724387657e+00
-1.034721022786531108e-01
3.302052638786789895e-01
5.326196295923142365e-01
1.127213453466370474e+00
1.034583965488997226e+00
5.880811210233731767e-01
1.280110246752312886e+00
-2.047011996918617349e-01
1.941644709999221785e-01
5.182238588099219445e-01
2.244151658780993319e+00
7.588547487974637296e-01
-7.353622464974485240e-01
-4.922465397895001704e-01
-2.889031531985339907e-01
-1.512474554859345677e+00
-1.810379020133537464e+00
-1.194799672289105441e+00
-9.257670419183302579e-01
5.600545694470655533e-01
-1.566050336667015763e+00
-1.422927243164094246e+00
-1.848031467331080480e+00
-2.504472962688935045e-01
-1.281064056764652737e+00
3.425898897016317335e-01
-1.635906963082825794e+00
-4.617977356865243799e-02
-7.296409718701870606e-01
7.808475061304915865e-01
9.247686028918894463e-01
5.983568818440181403e-01
1.949502837418481960e+00
5.716115789091911203e-01
-8.298805401373914314e-01
-6.428566230557740679e-01
-1.065028104344282189e+00
-1.450099269940685165e+00
-1.567974019227204474e+00
-1.023701303510748950e+00
-3.087390296773450116e-01
-2.253454058196525445e+00
-7.410046942852344110e-01
-1.728348058978858681e+00
-5.018524628615814720e-01
6.998708494292245064e-01
2.437118025307039026e+00
-5.039642792342262645e-01
2.012080372460546496e+00
-4.560663558065323198e-01
-1.814017703920446589e+00
-7.808393676107183712e-01
-1.597684547116565046e+00
-7.822343222531564777e-01
2.283005936515510648e+00
1.424100355347982072e+00
2.575303407747202566e-01
1.709447991667638833e+00
1.325620766693484054e+00
1.376573894719759661e+00
1.054493597168547181e+00
6.778416544903087537e-01
5.387487769593055642e-01
1.336378853564539337e-01
6.475754180948971594e-01
1.450212780209733321e+00
9.522515444199570744e-01
5.616947337242805816e-01
3.113738633323760441e-01
-5.961507463657675920e-01
-1.040595390372178963e+00
-5.135419477322636927e-01
-1.639386396299238324e+00
-1.963539605532512500e+00
-1.230608436356341429e+00
-1.196290973731853224e+00
-2.127339065578493837e+00
-1.068414496696569849e+00
-1.744272822896848707e+00
-1.416051117283438909e-01
5.595998284842065296e-01
-1.699761956758116588e+00
-1.335801512621541676e-01
8.636024779211215474e-03
1.455841479523570570e+00
1.431690989645643342e+00
1.224654650740061523e+00
1.205234853854728616e+00
3.067512988348121139e-01
-1.941129501885865194e+00
-9.997432325562195521e-01
-1.550776036420152826e-01
-1.072536147752171098e+00
-8.370010239200038615e-01
-1.656466615926945884e+00
-1.041953753417314665e+00
-8.566813911316351060e-02
-9.807907898895751320e-01
1.124850986326868529e-01
-7.736087316620841037e-01
6.027497869656688323e-01
-4.396586928302337327e-02
1.706043487405084713e+00
7.337511886144280071e-01
-9.611800599264657130e-01
-1.278233286303589678e+00
-2.961716504248095294e-01
-2.115453724632716526e-01
-1.213460079446504469e+00
5.127774605147499276e-01
7.555644561340623122e-01
3.594767703260461911e-01
1.872249841799180636e+00
1.128990445789119779e-01
1.669264474770329798e+00
1.235674097197625887e+00
1.632154295603743810e+00
2.227219801049323600e+00
7.408060923734084424e-01
1.292169471841177142e+00
9.724177383689200926e-01
6.006510216451815820e-01
-3.014136664380946407e-01
1.779712675615272577e+00
1.030982271113169979e-01
3.055989200072612988e-01
-2.899136445313443833e-02
6.561130773061780719e-01
-9.674863279687200279e-01
-2.829907896598882200e+00
-5.087295453744541396e-01
-9.152276567804029650e-01
-2.447712227086424885e+00
-5.490398208705504768e-01
-1.965421867929489252e+00
-2.154784570822353640e+00
-1.346622494716022134e+00
-1.065261165086008655e+00
-1.926128479088481171e+00
7.399376081545818717e-01
1.031734438899795547e+00
-7.045332787404365860e-01
1.139720585148756848e+00
4.242311190756634653e-01
-1.646450498848572863e+00
-1.592393468733515061e+00
-1.653445151644367783e+00
-2.341972768730934185e+00
-5.992663449669111131e-01
-1.336843580565018286e+00
-6.455661865684713119e-01
-7.380930872706240597e-01
3.293909157516987651e-01
-1.312820635834721639e+00
1.276437038485811915e+00
1.819516807543356984e+00
1.028605886338821884e+00
3.998682983516085310e-01
2.507481274577375574e-01
-1.791020691510538887e+00
-3.589782143174025109e-02
-1.126535530266425056e+00
-8.088487652502107661e-01
-1.191786136687756015e+00
2.801382078402958609e-01
-7.568916753308237988e-01
-5.083772113642948121e-01
-1.671871096071494645e+00
-1.247370907337413293e+00
-1.028602811551159402e+00
-5.385002465730331922e-01
-1.602568670051239152e+00
-1.445179980284436061e+00
-9.954076541678449352e-01
-4.252225373459725954e-01
-1.435352523936455071e+00
-1.505777391010031163e+00
-2.353408480345176912e+00
-1.962783001995163312e+00
1.752908854223722113e+00
2.240142687852453740e+00
1.239269217938476331e+00
4.321246713141790874e-01
1.742345487126935044e+00
4.328229108340204689e-01
1.187418023794734268e+00
1.789768349725028074e+00
8.500801604191879912e-01
1.377300762394480405e+00
1.844738173733901032e+00
6.700237801456591091e-01
2.655373528033257990e-01
-7.745331135940525247e-01
8.683605546724669777e-01
8.520640634673313230e-01
-7.328668859817600856e-01
-6.037094504133904138e-01
8.536594860373962756e-01
9.569291441047322877e-02
1.103584505331657084e+00
8.737756340676421374e-01
1.487168826800313148e+00
9.537468503311686829e-01
1.579541359323325622e+00
3.853603262912854710e-01
1.053590648025131360e+00
1.140110274189138240e+00
-4.499304249948623546e-01
2.875878363667596638e+00
-1.549762802708084308e+00
1.551421541053539244e-01
-1.207917226536638022e+00
-1.914141433077509724e-01
-9.642287899843289267e-01
2.505545056539264070e+00
1.459101943520066724e+00
4.446127604473316675e-01
-6.056410430748346840e-01
1.795317800921049756e+00
-5.172272253851125656e-01
-1.686364493450306146e+00
-9.028503452525165063e-01
-8.203761122554051877e-01
-6.093908710477833335e-01
-1.540629837817200531e+00
-1.411281386988337605e+00
-1.130458757331723740e+00
-1.820005522743063597e+00
-1.532936013280330911e+00
-1.077132517201215167e+00
-6.503087144506900508e-01
-1.464751942625873049e+00
-1.396188024731068733e+00
-7.565125623056837556e-01
2.769221691577917532e+00
2.108797223675703769e+00
7.109056935150043222e-01
2.489967198005462734e-01
1.045896966249460380e+00
1.190432469518861947e+00
1.582968924118446807e+00
1.846471285557847786e+00
8.291137610484803355e-01
7.409524812564275420e-01
1.840070069053182156e+00
2.191215306903937510e-01
1.788839424475478612e+00
5.754689209241776737e-01
2.230503598136979182e-01
-1.106521219379775989e+00
-2.008195774967255209e-01
2.664724947717371784e-01
3.089382092013599479e-01
1.741552707685403156e-01
-5.467171718023133842e-02
-3.066947251194518387e-01
7.702181919774730989e-01
8.755506591398828364e-01
2.446590087630085009e-02
1.729628899335234671e+00
8.150332310494226018e-01
9.932359517978353036e-01
1.237015586092464314e+00
1.836404561556511217e+00
1.462760205818303128e-02
-5.166553295513487409e-01
1.477851824919151902e-01
-1.089696936759061430e-01
-1.704281147645912764e+00
1.293816986827601712e+00
4.280191017920816909e-01
6.273188623757499638e-01
1.186630904148655796e+00
8.813045642723005280e-03
3.919163147044595341e-01
1.324394274702335395e+00
1.504187423516840205e+00
1.358040522495037372e+00
1.864855254961567343e+00
9.332309919390499031e-01
1.215964420392048773e+00
7.230364242055042912e-01
-2.351521692946718645e-01
1.227163658526921886e+00
1.259890182535199132e+00
4.361341514536076769e-01
2.066871495008266280e+00
-2.329646249702812533e-01
1.571626842377268574e+00
-2.290599881482481059e+00
-6.818406898998937704e-01
-9.806422569320147886e-01
-1.315274785502402288e+00
-2.235156353894068637e+00
-1.236474559502913184e+00
1.897803502713921731e-01
-7.543679279058617126e-01
-2.691395242461214199e-01
-7.512905853859824790e-01
-1.349419918385631911e+00
-1.536048456088745962e+00
-2.022713075478743683e-03
-8.714549184277654570e-01
-8.299897237338266232e-01
4.548788850552502039e-01
7.769821996374987050e-01
6.971003762161938067e-01
6.584908356022813880e-01
1.574867711034143802e+00
-8.063472763604320193e-01
-4.752235431409657096e-01
-1.409753662138510943e-01
-1.224616396181486211e+00
-1.116208789480507724e+00
-1.850086119813371788e+00
-1.047347200322961802e+00
-1.302985369338174992e+00
-1.457974089315897448e+00
-5.541047041588015309e-01
1.499379570817039431e+00
7.535095732314514017e-01
5.180710172981302097e-01
-1.243514129337162100e-01
1.315291820974447301e+00
-1.047710951589055917e+00
-1.371227761771313114e+00
-8.907036768730545173e-01
-4.851759062745470974e-01
-1.063845906885571457e+00
-1.078224675588792758e+00
-1.286938781929909847e+00
-1.354642756859344210e+00
-6.619313192532068069e-01
-4.287457241354084569e-01
-5.069305375750268183e-01
1.510529648070999542e-01
-1.207468422474597958e+00
-1.105746361294783542e+00
-1.578793866421031478e+00
-6.894120090309443505e-01
-1.356675206882337559e+00
-4.394455104150907232e-01
-9.025630200687460025e-01
-8.543096864950812108e-01
1.036732395071774393e+00
5.610218463549033752e-01
1.314563870324054307e+00
-1.355150751171403822e+00
1.506534804014646678e+00
1.878653497893101321e+00
1.263535625210632007e+00
1.012974451389989206e+00
1.238766655532073990e+00
9.481623863672955510e-01
-5.092925163467865168e-01
1.394669681619488566e+00
1.947293376256900244e+00
8.754330294748039476e-01
1.117930296455631023e+00
-1.346152216601112617e+00
-8.962128519520990988e-01
-1.345645028666397014e+00
-1.399742952232163162e+00
-3.832948423890935041e-01
4.066515701549598960e-01
1.373619876152442743e+00
1.263042092706565089e+00
3.996767095177650164e-01
1.052626243589522392e+00
8.110554953137816270e-01
1.820064502448338617e+00
7.130906844333519956e-01
5.858826443597446865e-01
5.231715550099893530e-01
-7.912171107429676331e-01
-7.441010244170170873e-01
-2.388162956368591772e+00
-1.041224968808364348e+00
-9.384572460492670576e-01
1.292537028163781132e+00
3.062185698413386614e-01
4.586035022805988737e-01
2.431172463690767227e-01
1.669139192956802464e+00
2.476881814395450299e+00
5.870289717957983822e-01
1.327294785643662989e+00
4.922592931578362307e-02
-3.331100192285507688e-02
8.717261449745140611e-01
1.901494010319639605e+00
9.805780489224940055e-01
2.138569606011785584e+00
9.707013529121205631e-01
1.367730982196815326e+00
5.927126755271083791e-01
2.606775825839594773e+00
1.332669810955966483e-02
1.983306190158004467e+00
-1.629028603239881967e+00
-1.232270848045442735e+00
-9.642229946273047636e-01
-1.303638073113211782e+00
-2.173850072132089473e+00
-1.659244360470027768e+00
-9.856831477229710536e-02
-1.351574518842482364e+00
-2.236312936784133232e+00
-2.158821210083300635e+00
-9.523980086404446599e-01
-3.123978585369271421e-01
-1.646275685986885673e+00
-1.222639473423437151e+00
-8.999518120015204126e-01
1.261196866989681808e+00
4.630190028341841790e-01
1.528538080170178670e+00
6.021243981462580663e-01
9.019090894747461284e-01
-8.161478273851252574e-01
-7.669026779199352717e-01
-1.246959597354207361e+00
-9.648020373445894693e-01
-1.020790557393203457e+00
-1.568883830892866316e+00
-6.759806601931601655e-01
-8.441326691714055031e-01
-8.256828460201559583e-01
-9.428790946408285301e-01
1.700432632669598210e+00
8.279623297383140734e-01
1.160313316969999287e+00
9.904776350339504765e-01
2.718150339542947158e+00
-1.756373225852563502e+00
-1.596480728952600181e+00
-1.965458315537470524e+00
-7.827714543611883347e-01
-9.225013622226929666e-01
6.512668062653903522e-01
7.160788679411719260e-01
7.758097153802361312e-01
1.138615682509705129e+00
1.722771793509858318e+00
2.520633213359915192e-01
1.078264081489849868e+00
2.704785488018887074e-01
6.787873183886912187e-01
1.133580657530204316e+00
-3.208276745525771023e-01
9.256863903855170328e-01
6.144971412345378026e-01
5.143929066897992008e-01
1.608153490112886885e-01
-1.490136006915364852e+00
-2.370205786194105713e+00
-9.693673535765101601e-01
-3.301893277167352592e-01
-2.418886099876630613e+00
2.465056808071508510e-01
-1.447277998582451097e+00
-1.118923675308549193e+00
-8.097243103737525871e-01
-1.741939510285942738e+00
-1.010135721909946049e+00
-8.280375445393325373e-01
-5.056777074772824676e-01
-1.579184660982859922e+00
-6.461271651700739582e-01
3.233081504113128890e-01
1.138959712044418593e+00
2.778039134838503621e-01
7.408159712997822721e-01
1.270772422722942441e+00
1.185289850591721983e-01
-2.108886402730563159e-01
-1.938587712130205976e+00
-1.925455757075683616e+00
-1.350173385993507225e+00
-5.985290187992298172e-01
-1.857277323736283625e+00
-6.238243015869335828e-01
-6.710329594702590938e-01
4.630950094356185431e-01
4.838675289338449925e-01
2.291902952167852892e+00
6.205339445324473679e-01
1.357185138713604688e+00
1.389779352801060908e+00
1.176487666668020182e-01
-1.813884385722178694e+00
-1.721710630093964634e+00
-5.945722060688458654e-01
-1.505520796392001870e+00
-1.250184829366556727e+00
5.699676799283674988e-01
-1.949960260692414460e+00
-1.314263220100945428e+00
-1.557925960539579435e+00
-1.740456838497295600e+00
-1.309974575485121306e+00
-1.613127185197249513e-01
-1.287297740594837814e+00
-8.403644123436895264e-01
1.225867209979818462e-01
-2.586722717178703501e+00
-5.624798392919950762e-01
-6.467813868827454460e-02
-1.702588850794243047e+00
1.888803631173670894e+00
6.502940613188066266e-01
9.404730963092567952e-01
1.647600439123093619e+00
2.131532943773307487e+00
1.671511356115927827e+00
-5.531831318842139744e-02
8.147025350946186517e-01
2.849904141307365801e+00
6.865551712108024507e-01
7.033072740934596112e-01
6.552702529141147814e-01
2.364474169677664328e+00
6.163696159896708826e-01
1.203412963159565585e+00
-1.498687550111580391e+00
-9.174702182887527480e-01
-1.705198210843963835e+00
-9.283571938572483528e-01
-1.204291538108102522e+00
3.099219051717800877e-01
2.601694560316390348e+00
7.258206540077369873e-01
1.162565318295249561e+00
-1.886584248940714748e-01
5.156102783731131289e-01
3.981022268129829067e-01
2.969417109217856732e-01
2.392399041670805637e+00
1.137115139777510775e+00
-2.315726055717333143e-01
-1.031336012900522237e+00
-1.134375108069713978e+00
-4.174345946815338770e-02
-6.627708076741303245e-01
7.475263199472681475e-02
1.560914124574768191e+00
6.598163399470574619e-01
1.952260880293352763e-01
9.019607878927542455e-01
-1.255734476845538072e-01
-2.584062430452547243e+00
-2.603282163670725957e-01
-2.194145026512517305e+00
-1.605498424300775939e+00
-5.575976240761723046e-01
-1.190006479768237257e+00
-1.421668448248821548e+00
-1.550443304789625998e+00
-8.188298133314241278e-01
-1.911673959744559115e+00
-7.803506053051862956e-01
-1.483934689969905740e+00
-7.060203559449788058e-01
-1.225552244371392652e+00
1.715303761176120600e+00
5.145860621235296417e-01
5.668439539586404008e-01
1.201944683081010989e+00
1.403258843078874385e+00
1.727796616377883065e+00
1.667936251007920534e+00
9.006557263499198607e-01
1.343508649679830746e+00
1.802314895735705136e+00
4.836496735725451801e-01
-4.566509191931020784e-01
1.177489524280804778e+00
1.918462161136298194e+00
1.187513896017073467e+00
6.271975140287511241e-01
-4.343858019052594388e-01
-1.397856418563564240e+00
-1.409449245624510016e+00
4.016519012775843223e-01
3.987502341415347651e-01
6.298936397820813493e-01
2.110890938660536786e-01
5.822065644109490901e-01
9.694560892997987622e-01
8.818928059029799149e-01
1.894794671287617360e-01
-1.459898174200005005e-01
5.844263492936730975e-01
-1.384411503617788419e-01
-6.517542753163163560e-01
-8.566415806717915249e-01
-6.377576882601149189e-01
-1.045292588442591875e+00
-2.643356316581089160e-01
1.208310033708930309e+00
5.475181622607536713e-01
1.278287361236405406e+00
-5.457874354400091832e-01
9.503588486553584680e-01
-1.207990590581886847e+00
-4.250023341983382164e-01
-9.972244867540522861e-01
-1.726787740260228077e+00
-1.371051792269405434e+00
-2.377020354561423687e+00
-6.416046150244726354e-01
-3.717859547262720721e-01
-1.440614423243148590e+00
-1.055964023091208626e+00
-1.270444381569448167e+00
-1.681957439002064181e+00
-1.631117145853982819e+00
-2.085683253959869976e+00
2.775231362377406086e-01
1.466478211556820455e+00
1.345218742597475980e+00
2.071241174001623442e+00
6.681758028612050371e-01
2.634216006061268489e-01
1.050369695785178914e+00
2.912110482534695066e+00
1.018457544065469733e+00
2.277863038011048058e+00
8.473089776147709751e-01
-2.448981473939404463e-01
9.907260565108749750e-01
-2.872704274470898600e-01
2.531292568733159332e+00
1.212229563024223022e+00
-9.896457706064849535e-01
-1.944242586512551441e+00
-2.467466486547586602e+00
-1.932018564464882404e+00
-1.568738263400898614e+00
5.977946276356581601e-01
2.306584293366558569e+00
1.185168247233983285e+00
5.184981005084414729e-01
1.655934227686209459e+00
1.616085492362663967e+00
1.049088106414530541e+00
1.328761755998768113e+00
-3.477334250692900586e-01
1.775398465161907247e+00
1.116066749681290382e+00
-1.242008990429065651e+00
-1.345921414591282339e-01
-1.053593894785338048e+00
-1.227626166329059076e+00
2.015382002602592149e+00
1.391390330248766904e+00
1.047823525805466227e+00
1.087688651443085242e+00
1.669731462249881560e-01
-1.009329473371321395e+00
-3.310662674483093593e-01
-5.441490473419650087e-01
-1.092083319933281560e+00
-9.673990502931589797e-01
-1.924631533919745063e-01
-8.230348560029472349e-01
-7.943237745731877020e-01
-1.073917921637677964e+00
-6.589067605477132439e-01
-7.235230514604136243e-01
-9.027974605534078156e-01
-1.081737234385997670e+00
-1.558233243173595683e-01
-1.358250473505441036e+00
1.537118001142594448e+00
2.710809278986190396e-01
1.136761018087213637e+00
8.432469355612758344e-01
2.003648995149891476e+00
1.743758628302312097e-01
1.291042238041602008e-01
8.103440010524592951e-01
1.661919924223293599e+00
1.101980616325871853e+00
-1.485413091204228486e-01
1.952230258000394958e+00
1.462878507813146323e+00
3.740936533053506041e-01
8.547710741174965321e-01
-1.551472505559361004e+00
-1.742646519028627772e+00
-9.754253411403200902e-01
-1.661416328787654439e+00
-1.123248668933867656e+00
6.706157842692623827e-01
1.200126919481552257e+00
6.496949164217113992e-01
1.496412676507599127e+00
7.750239943478285376e-01
1.173144142077347851e+00
-1.209039351584587862e+00
5.313533966323178426e-01
1.548101455152388173e+00
-2.194036400109431462e-01
-7.158164095162297125e-01
-2.172292355103352612e+00
-1.440184007345662431e+00
-3.122137112399426817e-01
-1.579795884015124940e+00
7.978384747729738713e-01
1.075743036091995952e+00
1.568258585020846141e+00
1.346761884573956625e+00
4.862808062327073078e-01
1.447085551777398171e+00
9.540302530413892201e-01
6.577772449766470242e-01
8.058020020075647993e-01
-2.174323550444845488e-01
1.630537640289368317e+00
1.329149528634700150e+00
7.825162127892086872e-01
-1.922027991460986129e-01
9.384972905170007040e-01
1.438819751498357391e+00
1.064783652144791537e+00
1.197246261835869463e+00
1.573393901958613394e+00
4.824399653911088937e-01
-1.564125449211674956e+00
-1.529865955745848494e+00
-1.485521814174760813e+00
-1.115631626134521825e+00
-2.286669891143326083e+00
-8.925388697989562470e-01
-1.114109287913001012e+00
-1.228360649517589609e+00
-6.599718845810006451e-01
-1.287660836957916555e+00
-1.047032548593571422e+00
-3.434745216113543886e-01
-9.377836129861372161e-01
-1.141043755344291810e+00
-2.011007600883477409e+00
6.464114303375486648e-01
2.858599443634091131e-01
-1.602057588394261600e+00
5.986334773137214071e-01
1.260629159795564114e+00
-1.757815202696543677e+00
-1.956032807609385804e+00
-6.861974738192250234e-01
-1.136443382497695165e+00
-1.403654965848335046e+00
-2.186652864231178217e+00
-2.063149073838907555e+00
-1.364779797166345343e+00
-1.942816440049851545e-01
-4.916313040956503677e-01
7.199527508593875913e-01
2.348976926108922836e+00
1.803647962258918991e+00
4.085103148094061387e-01
1.425448983067831410e+00
-1.143564081618735351e+00
-1.225591452006637549e+00
-1.535262828285147929e+00
-2.099169786790070713e+00
-7.166154125048835866e-01
-2.137497548954167215e+00
-1.039236234386000435e+00
-7.575082354117976813e-01
-1.710704131654882776e+00
-8.716333003063454488e-01
-9.946002945309374565e-01
-1.198018211964310575e+00
-6.647038670349125766e-01
-1.577799207067253739e+00
-4.350300373043332058e-01
-7.192720777048202674e-01
-7.570244489165821600e-01
-1.987379418007048315e+00
-6.609380791570078628e-01
-1.290416669230591840e+00
1.334347652968370657e-01
8.008123791257133472e-01
1.252614909156126721e-01
2.517394863160554941e+00
3.384471925218962562e-01
9.446397628753272491e-01
1.266773723517000017e+00
5.593500380374692993e-01
6.740548426737423826e-01
1.824461238851158296e-01
2.473829507697173913e-01
-1.442434910877994358e-01
1.977119987614644359e+00
2.173520874340210796e+00
8.235935566980622236e-01
-2.375704693642195053e+00
-1.379728425083931453e-01
-3.779188965393746047e-01
-4.076873906223714705e-01
-2.221955078044040910e+00
1.943496480293925188e+00
1.424766573586934593e+00
-4.363293582673910542e-02
5.851154443775322678e-01
1.840432751292617963e+00
-6.980958283867515490e-01
2.020787257358729327e-01
5.407542690058217971e-01
9.855176480844913822e-01
1.512265700062437324e-01
-1.118001696274842249e+00
-1.957203725808624784e+00
-1.819349529943918409e+00
-1.184904431617564979e+00
-4.861554699271843916e-01
6.050894536956852310e-01
2.132899741024408824e-01
2.139445286369280330e-01
1.282219876347644227e+00
1.267689574101895200e+00
3.323526806520419319e-01
8.198059329528547545e-01
1.628075981426356122e+00
9.182722432566676751e-01
1.648499371675882008e+00
6.739082380341196998e-01
-3.007265325887611418e-01
7.307329828164880192e-01
1.600451652157444116e-01
2.634993674117599660e+00
1.483043543047831925e+00
2.309816543293070623e+00
7.224738873636246117e-01
-3.296246952229313631e-01
3.253935142869518460e-01
-6.034930794975725821e-01
-3.875209945402952050e-01
-1.485622023399821190e+00
-1.068989181163663371e+00
-6.071860335287149191e-01
-1.048618100254660845e+00
-8.559313243450569209e-01
-1.291730084280856117e+00
-7.877699223838062759e-01
-1.259893673610867237e+00
-1.336456544695633797e+00
-1.409993080033791646e+00
-1.420543663893354180e+00
-1.062237549303533424e+00
-1.292270455342070745e+00
1.457105423717482307e+00
7.094330428720750925e-01
5.651709413990113617e-01
9.886232096697702421e-01
1.622845223491688138e+00
-2.306887131252191026e+00
7.678334681887288848e-01
-1.025958286002049524e+00
-1.090081669955087929e+00
-6.174168609058799939e-01
1.435121981622424769e-01
-2.603882762942699713e-01
8.415551185788954225e-01
-2.228380971829579060e+00
-1.739198066932690745e+00
1.284896445786970487e+00
1.144036897181957446e+00
7.533100461407111759e-01
1.244749928342672174e+00
2.122585614451590885e+00
4.375257252884476866e-01
-1.018514901764904224e-01
-4.778026433280102570e-01
-7.602931666965396795e-01
-7.135460394309880439e-01
-1.942962557819236880e+00
-8.417915432004187126e-01
-2.661808794092054953e+00
-8.161049645576201605e-02
-2.795378215482582807e+00
-5.200189943979491858e-01
-1.609285856044171847e+00
-1.010251425617025189e+00
-2.827143841718852135e-01
-3.430982901431907095e-01
-1.618034843785948862e+00
-1.621587265058376692e+00
-4.391872482495527974e-01
-2.559793638685471606e+00
-6.130783312614163094e-02
1.415045550908258898e+00
1.357376188879630297e+00
1.606607439189468467e+00
2.661499058655521388e+00
1.120620066342045806e+00
3.179231755642087931e-01
1.388454833331353111e+00
1.060971825726774842e+00
1.462738515334415457e+00
1.614416631059215845e+00
2.081099989505548198e-01
1.582079693607823856e+00
-4.716945205659679452e-01
6.697082170355241892e-01
1.631472292949975422e+00
-1.190573728126663511e+00
-4.418052264263176987e-01
-1.241239153005211371e+00
-1.601003960031212481e+00
-1.213642736421726598e+00
3.104569729621168284e-01
1.226685175868778233e+00
9.239171292724924767e-01
-2.277988870431446600e-02
1.622456973122905488e-01
1.732790856208207275e+00
4.122338454573990507e-01
9.953998272294621863e-01
8.011026999651653657e-01
1.941955603011500386e+00
-1.570465276961109380e+00
6.568864772100841964e-01
8.172214000343305251e-01
-1.279430521094030659e+00
-5.146109792224696777e-01
6.714003433895673334e-01
1.398987032495193183e+00
1.116436242022583958e+00
7.027967073860146296e-01
5.050339597825523885e-01
-2.950923420996378610e-01
-3.366021479638374725e-01
1.990125843805046202e-02
9.685049851479223815e-01
6.148517337107338721e-01
8.187648702148727642e-01
1.108804515667464852e+00
5.613120722301943033e-01
1.144303147167922807e+00
1.283872826273363632e+00
1.851912161240814036e+00
1.738167474027834780e+00
1.116728349901956241e+00
1.132196130244457644e+00
1.461627367702897917e-01
-7.598233644380039120e-01
-4.592519227747746680e-01
1.717992788447517682e-01
-1.047636398694625770e+00
-1.108053510190800006e+00
-8.111814715758081107e-01
-2.198766593037922323e+00
-1.861841068686745038e+00
-1.493715247300371418e+00
-1.413779165813744410e+00
-6.974549828654725836e-01
-7.301762882143363331e-01
-2.539747656356289074e+00
-2.148664500887914830e+00
-1.383333734147423444e+00
1.734987480481297251e+00
9.012602171232382275e-01
1.770844731549802376e+00
1.461444455482975746e+00
-3.296302886392630249e-01
-9.182723684282502186e-01
-6.549198244804759206e-01
1.064131905232457154e-01
7.331164260066771465e-01
-2.841133036978682469e-02
-1.366928322808705243e+00
-1.998051214235458950e-01
-2.096975581855469173e+00
-6.111780517075428021e-01
-1.050292554437294523e+00
1.603163785285746989e+00
1.650450651807962021e+00
1.849404373778468447e+00
-1.219097786785325876e-01
2.817959476114353379e+00
-7.734641581362280416e-01
-1.366310775489333995e+00
-5.824001622161029124e-01
-1.519038558997221511e+00
-8.374839787078376396e-01
-2.567562441182253519e+00
-1.087245522176417900e+00
-7.055362866143319867e-01
-1.516719886445158538e+00
-1.315205861823393718e+00
-4.015546532441416350e-01
-1.323323167518992705e+00
-7.959501637714667677e-01
-2.208575912443677680e+00
-1.144552223503881194e+00
-2.804947091342038679e+00
-7.004643939496959515e-01
-9.779518041400091510e-01
-8.826734056641301063e-01
-4.875121695540234334e-01
1.527482607693273042e+00
6.378406868367512139e-01
9.050985685397774372e-01
1.646024630233667185e+00
1.754787185684349549e+00
7.168524837026732932e-01
7.402604405191844927e-01
2.105516664612339994e+00
5.187783015937887932e-01
3.992682512630870706e-01
1.557418596350339968e+00
6.910243941430207482e-01
1.368496226423826956e+00
9.454394876251470681e-02
-5.558209838245820045e-02
4.453757029010412261e-01
-1.514588582694902374e+00
-5.665762851189743987e-01
-7.796515795447693797e-01
-1.000332982179828356e+00
6.297910318200333757e-01
9.130861150741484966e-01
-1.248954306840892592e+00
5.500265964056780810e-01
1.270513573047268974e+00
1.338647550883693027e+00
-2.165774150665888964e-01
2.043627062505375847e+00
7.839833517259551243e-01
1.688515974486129556e+00
5.168783448188762897e-01
-9.502075730928081221e-01
-2.136814721410491558e+00
-9.349822634689168854e-01
-2.755421913215168050e-01
2.053609220332747842e+00
3.001902205300270854e-01
1.178002850354660902e+00
-1.071281308925506437e+00
1.572258826274223642e+00
-7.300283886888300211e-01
4.002717424453194894e-02
-5.514903857073317761e-01
-3.939386427594249174e-01
-8.931850731795218934e-01
-8.731175069085650442e-01
-1.710991466339431000e+00
-9.115597553720622415e-02
-5.299895899596029913e-01
-1.452374504986846393e+00
-7.576622084321879003e-01
-3.157336018551814005e-01
7.267165546116696184e-01
-1.458653440464264150e+00
-2.852023620670478543e-01
7.083507102842577785e-01
2.641823563990320922e-01
6.421392491282325032e-01
1.842945999985589722e+00
2.112850416882684268e+00
1.096062918406013997e+00
2.501725885280431161e+00
1.232743810112510774e+00
2.365884983338109038e+00
1.117058904047821377e+00
3.583016003728421994e-01
2.906247309552283831e+00
1.776905220377584804e+00
4.757328062357260023e-01
2.842458442355859205e+00
-1.651302824648593681e+00
-7.265180992496866885e-02
-2.080873851856953394e+00
-2.171166321899420382e-01
-2.848261848729105594e-03
5.273679365641009698e-01
1.706021396105173116e+00
7.773994457662176671e-01
7.242885630412849718e-01
3.222199019036858791e-01
1.385454891314901404e+00
1.353625634685019952e+00
1.245179831557426287e+00
7.200129380457291894e-01
2.294711494352445591e+00
-1.644543815955310517e+00
-1.689611949793696333e+00
-1.627935610182189130e+00
-2.143894610658188427e+00
-1.734085552307631506e-01
-3.474375130099727205e-01
5.366232351504007791e-02
1.612806637646113650e+00
8.986149425027033510e-01
7.955692932400890705e-01
1.398610782007220887e+00
1.128941270434237643e+00
1.424136851665060988e+00
1.408022917067589308e+00
8.341738539917173956e-01
1.962929969433515165e+00
1.451634256647172272e+00
1.796349561341660461e+00
-8.963169021952204218e-01
1.003738049438154700e+00
4.585612892672585872e-02
5.648980773605829508e-01
1.017647019689387200e+00
1.867554812615432658e+00
1.136090884765857512e+00
-1.496263709871507031e+00
-6.247251478125868118e-01
-1.992128482799077505e+00
-2.934991323751431347e-01
-1.518686626127807360e+00
-1.013442709376108919e+00
-2.030646959651075001e+00
-9.275716205108123225e-01
4.785134550155238919e-01
-1.522538774046049426e+00
-1.925538145201175277e+00
-1.560328647664966706e+00
-1.279122477231359412e+00
1.573090098329987807e-01
-1.364268673236281426e+00
2.011456928311222025e+00
1.198384412358582063e+00
1.012292932873958939e+00
2.110143747548397508e-01
1.492410536180367009e+00
-1.548432112569386288e+00
-1.436128946753644886e+00
-2.703388077467002493e+00
6.377006143243058034e-02
-5.761032481270852434e-01
-3.322359786081812150e-01
-1.558380560438973106e+00
3.281301680739550086e-01
-1.706054181047926832e+00
-8.911270437943437095e-01
1.259527928246700679e+00
7.340685497799425141e-01
4.226619795510072608e-01
1.013124289714669723e+00
4.051224243594487850e-01
-9.592795545441318295e-01
-1.285785728442960352e+00
-9.681839633779620868e-02
-1.330652802005342528e+00
-1.147916291918152254e+00
-7.483630294552678919e-02
2.255188410788327769e+00
9.836753429639273349e-01
1.038482574961684168e+00
8.247291107806600241e-01
1.738124455023284831e+00
6.703511358696215838e-01
2.075362259852032043e+00
1.469414918179068774e+00
-1.470340419685784994e-01
1.071304400610616936e+00
5.582153858869092211e-01
1.297833322758172425e+00
2.329093701761341784e+00
1.658782925718645718e+00
-4.665609556349357145e-01
2.604024122832553356e-01
6.197184134916744469e-02
6.635775610790159984e-01
-1.454973674445540377e+00
-1.038672661978500722e+00
-6.499725379504650569e-01
-1.300334200527342166e+00
-2.354477037697549235e+00
-5.935083541067703861e-01
-7.572816476324649715e-01
-7.329018312784468803e-01
1.184477860325972021e+00
-5.838953465657131803e-01
-4.332794832281231523e-01
9.074359939966152311e-01
6.368120725804679028e-01
5.820227356089274773e-01
1.663641337489660810e-01
1.718362041891828396e+00
-2.141843586914995434e-01
-3.951956043227640158e-01
1.154051614877880105e-01
-2.129204799795050285e+00
-6.072463003836835460e-01
-2.193943429906374476e+00
-1.539004097773216229e+00
-1.499001621070128465e+00
-1.519202054338422370e+00
-5.947302120218742605e-01
2.001580699801953855e+00
2.438705808343207160e+00
5.901649477894576057e-01
5.246102344269251150e-01
1.076336841658969812e+00
-1.738785300904452491e+00
-7.734868442368246777e-01
-1.100755918847356130e+00
-2.150557012709818583e+00
-8.257514832000583116e-01
1.462928905731855078e-01
-1.076253384394506352e+00
-2.093653148785494356e+00
-7.687167304672151147e-01
-2.339280734587273258e+00
-1.027094085685762437e+00
-1.676787873411276664e+00
-1.847797613517411897e+00
5.772562275361572404e-01
-9.163778783252229942e-02
-1.609601145717021620e+00
-4.559511819785686537e-01
-1.909023744502772235e+00
-2.152775379237575670e+00
-1.270010601489502733e+00
1.714386074154109707e+00
2.326134087100534487e+00
2.975415514201698031e-01
4.137810287652685659e-01
9.793187227474595691e-01
1.745171613796427712e+00
3.238525070626401270e-01
1.016422767808784267e+00
1.246870972994014393e+00
1.357737992108713376e+00
1.688572043645105492e+00
1.799998743783324251e+00
7.692717054621143191e-01
1.619743821838142139e+00
1.709315423526981181e+00
-1.219539365891892935e-01
-4.106118613744804691e-01
-7.755737130286526337e-01
-1.330100152394008584e+00
-4.687069414305297110e-01
1.010875608673165171e+00
1.673437978411314919e+00
1.597223444418374605e+00
1.314793060129112678e+00
7.777056827972990138e-01
5.244012915322102675e-01
4.434968875683716893e-01
1.398379782517303216e+00
3.489290337874016990e-01
1.632781634646847557e+00
-1.552430121073884450e+00
-2.874576609567198737e-01
-7.864227214833552360e-02
-1.864945447717392124e-01
-1.181775329357296567e+00
8.719150514120430628e-01
1.811401786621559262e+00
5.768755413258455089e-01
1.286598102484128647e+00
2.023219175627797739e+00
-1.727591916950161455e+00
3.803666634692370874e-01
1.322133085034073563e+00
1.396956436186807204e+00
1.187311941665831094e+00
1.802749563197301397e+00
7.703019614208905796e-01
-2.755289523331041490e-01
1.749652924524562891e+00
-3.327040044996172341e-01
6.562256297440312025e-01
4.496990384855313883e-01
1.058438889932051152e+00
1.777263687236631196e+00
-6.764644121832588120e-01
-1.652438400828508236e+00
-7.240597607050081042e-01
-6.488377069453959978e-01
-7.775640748555262549e-01
-1.277165519512347691e+00
-3.579253489258693577e-04
-8.812621718993463027e-02
4.479217367862275978e-02
-1.392335501330111969e+00
-2.274686879819191709e+00
-4.501105568589781614e-01
-6.522033860832718855e-01
9.766257026092106663e-02
-4.898646340249713793e-01
-8.109316222967974941e-01
6.686992970919911627e-01
1.788641148648734802e+00
1.547396933938695707e+00
1.031567264069760181e+00
-5.826527101302314549e-01
-8.936201449126001117e-01
-1.783718137694314088e+00
-1.286241609418923293e+00
-3.511175474189764945e-01
-4.026762761702393778e-01
-1.457757561426113568e+00
-5.169045911749423627e-01
-1.829983579592608267e+00
-5.600385779011333165e-01
5.281154374792131900e-01
1.278910287478054908e+00
1.786469944585272307e+00
2.835633037442403248e-01
3.926739437123314413e-01
1.749994861191195294e+00
-8.119158425625037090e-01
-3.915654901076264238e-01
-1.082062241966357030e+00
-1.655207338630422242e+00
-1.101364507289039896e+00
5.154926938132828873e-01
1.990536666699271873e-01
6.693252825698090547e-01
5.687177271555612368e-01
1.128576219059458596e+00
2.201017843248666672e+00
1.119118069936499538e+00
5.265775592212673661e-01
1.827163618097582543e+00
2.032794021192923850e+00
-2.813394660410548642e-01
2.174233266054931502e+00
2.445841480494355125e-01
1.653100903386597986e+00
-2.055105260197511718e-01
-9.327780443624610340e-01
-1.031775732266961842e+00
-4.167099100531990175e-01
-6.488650841555889670e-01
-1.371197415930441643e+00
-1.283457718004876735e-01
-1.591536576994903029e+00
6.595067295350753867e-02
-7.826905075653571853e-01
-1.570880333728458034e+00
-1.521300811252171759e+00
-9.893264477621900310e-01
-9.942213360667973010e-02
-1.228092460840058076e+00
-4.777247680865152057e-01
8.036960933080199432e-01
1.273168021429441632e+00
1.400305183114713969e+00
-2.745113407686372575e-01
7.288468862610252286e-01
-3.580421246284983816e-01
-3.794309433814825328e-01
-9.722434586138882784e-01
-1.555530843408297059e-01
-1.433259256830548889e+00
-1.673145071756991564e+00
-2.059082508952729373e+00
-2.283165833149347623e+00
-7.297814747629578491e-01
-1.307726053521777398e+00
1.285603814447240811e+00
4.274510285528160258e-01
1.599362584330531245e+00
2.917908968329303576e-01
1.897173828901763226e+00
6.447598059863057784e-03
1.175530968321842451e+00
-5.043891310281229945e-01
-3.221601719351118165e-01
-1.605559080646018044e+00
1.704885168318641675e-01
7.438594483291413040e-01
9.586619517706168603e-01
1.557158835542304942e+00
4.255220497267867552e-01
7.281520359731670222e-01
1.718566024479569965e+00
2.040863941401655168e+00
4.956237605808317959e-01
1.798837277790397815e+00
1.537811764494398936e+00
1.174852208073489779e+00
1.350208938269440662e+00
9.664799190468335022e-01
5.110216433189540552e-01
6.898994695501046159e-01
-1.179684678976352874e+00
-2.490051131627303516e+00
-1.229301925494525882e+00
-1.143428595504537570e+00
-8.934496770658401088e-01
-1.347910920547522595e+00
5.102905618982456204e-02
-6.115811997766835706e-01
-5.926333108425803076e-01
-1.130930710485182011e+00
-2.008870800431017400e+00
2.993377085395292347e-01
-3.093121957536286715e+00
-2.267405076262195562e-01
1.626666533405882742e+00
1.652790872769082986e+00
8.891369555213458620e-01
9.920526605427218980e-01
6.831800851715118528e-01
-4.711142948011763920e-01
-5.757589275607027934e-01
-3.615411704761564149e-01
-2.185223475662235515e+00
-1.704766935553001961e+00
-7.805232317981765089e-01
-7.333075844767893425e-01
-1.274949489320606144e+00
-4.849940134040049422e-01
-4.353513015086911686e-01
2.869553102614719187e-02
1.280256537327548960e+00
-3.752782594747601230e-01
7.437644646505084944e-01
1.575168447792636650e+00
-1.631518220151621179e+00
-9.666580999690510545e-02
-3.715969422389526766e-01
5.622876292232148465e-01
-4.267799841586519261e-01
-4.136283624602821174e-01
-5.584433000071642450e-01
-1.522812175485432462e+00
-1.760053094557492592e+00
5.400904607364163112e-01
-6.354224711670162229e-01
-1.466496400733841021e+00
-1.103469822855329685e-01
-1.643672238749109171e+00
-9.785074076768607299e-01
-1.482379546332746934e+00
-1.900804429128919448e-01
-8.424026897037539818e-01
-1.332431901824834952e+00
-1.922923834677221278e+00
3.187374106548100938e-01
1.476973088489644370e+00
2.821588106151360353e-01
2.099424060247870649e+00
1.205545522529923419e+00
2.185535748893271180e+00
1.438487597495064385e+00
1.531777246492557198e+00
1.382744609927037072e+00
1.105358244691319047e+00
9.302479241640543295e-01
1.264612319278957342e+00
9.396649536504018130e-01
8.802959568275574576e-01
6.776272422098016390e-01
1.213682070099729504e+00
-1.431048148842976708e+00
-1.554906367665342959e+00
-1.489408203394944286e+00
-2.051674912128534700e+00
9.742998413446457562e-02
7.445833428047538005e-01
-1.943185118202199746e-01
1.350587482845838183e+00
1.163087847312210377e+00
1.323479245907028812e-01
2.513770806796023827e+00
1.422109445020542484e+00
1.264389853870164782e+00
1.684076253975375081e-01
-9.342770356172351853e-01
-2.185400303024697788e+00
-1.613130608700828361e+00
-8.834159043003755318e-01
-8.157298544730494649e-01
8.014624870597016892e-01
2.104645063011099548e+00
6.470504928949614154e-01
3.321803563899961009e-01
1.016495290710897059e+00
1.394213996899555941e-01
1.551925393902191752e+00
2.347806800301381891e+00
1.749735073337345570e+00
3.742766514119414412e-01
7.696499679363818514e-01
1.799998213231751798e+00
1.467050372952634074e-01
5.296387934175321721e-01
2.719175352867857498e-01
-5.213239019703126420e-01
1.393601870716163482e+00
1.884205300192690391e+00
7.405806108341719263e-01
8.756381628250420324e-01
-1.856910539130659954e+00
-1.565397992486678991e-01
-8.637194427594665491e-01
-5.804804725588719183e-01
-6.008374326770792306e-01
-8.145778892429282880e-01
-1.320849583215930600e+00
-3.871237737670993884e-01
-6.408222846012152640e-01
-5.385785775923522811e-01
-1.166096820507534160e+00
-2.223277875853639785e+00
-1.515883117344755338e+00
-1.542343373646704041e-01
-1.767238387392149335e+00
7.721599312765239365e-01
1.101901063899343169e+00
1.616385097622395683e+00
1.590884367410234201e+00
1.668809148476463777e+00
-8.719980813876097026e-01
-2.375791919687910703e-01
-1.238243358795297899e+00
8.891338510276525220e-01
-8.202723308007566771e-01
-5.267172686686280025e-01
-2.429962396636127231e-01
-2.139997771925055581e+00
4.924423068415697546e-01
-8.795771751333969490e-01
5.453985820523572503e-01
2.172578442243144892e-01
-1.971515044615821388e-01
-6.651964591135410831e-01
8.941208116752893398e-01
-7.235078422595047076e-01
-2.529156589806045297e-01
-1.058532818175081935e+00
-6.471204306056177469e-01
-2.211101031573083908e+00
-3.135499574335791628e-01
1.641416524272592214e+00
3.754872921130953944e-01
1.436177357109053032e-01
3.096310879955425088e-01
1.636633146934863170e+00
-1.103336307887312628e-01
2.216312048590528772e+00
2.264383554259108422e+00
9.165522215474160017e-01
5.121062604862589573e-01
-8.824110112668250849e-01
4.182178894352848175e-01
4.425492253917728824e-02
-1.249087457018489555e-01
-2.414003588290905888e+00
-1.609920570354471225e+00
-1.314535650762339802e+00
-2.027746643268570903e+00
-2.264932099512770858e-01
-3.389062497946981889e-01
-6.149490592888972040e-01
-5.252497283830772634e-01
-4.850715035894951344e-01
-4.377969698726904557e-01
-1.893375732634208441e+00
-1.209456432773328594e+00
-1.739450440635388784e+00
-3.871637755135131087e-01
-7.783713833859239317e-01
1.350980842559284856e+00
6.312870617065795553e-01
2.020316482971616701e+00
8.670481118850883462e-01
2.078950255347908893e+00
-1.748777695400399290e+00
-9.894858506614571114e-01
-1.932205188460671463e+00
-1.274790398787568391e+00
-6.672227335830338557e-01
-7.996213384563664039e-01
-1.328455990559107569e-01
-9.534384342112707245e-01
-1.675970079127827361e+00
-4.578631897556335595e-01
9.267587368646973411e-01
1.114003069976588378e+00
2.231507803364062070e+00
9.090440975303969440e-01
1.547137518373443932e+00
-7.798326141781195542e-01
-7.035411743434908383e-01
1.247989661964314934e-01
-1.230425686592861556e+00
-4.311935530101937974e-01
-3.602143834001032552e-01
-4.461347196477256638e-01
-9.209137087576646508e-01
-1.565730889606169240e+00
-8.138676024461617420e-01
-3.038060594601516007e-01
-3.620916398436032635e-01
-1.035218170313653152e+00
-1.591736313630125466e+00
-6.172795405431226179e-01
-2.054934370502004004e+00
-1.745152557605293531e+00
-2.475530201438183031e+00
-1.481961679445386704e+00
-1.786502801815298191e+00
-4.320120164671936713e-02
7.705975775660411919e-01
2.082479926595603992e-01
1.171090030829309514e+00
1.168804910262442265e+00
-3.476541063233757889e-01
4.284950841364014718e-01
1.880591405771403934e+00
1.385706954241489264e+00
1.088362361446522097e+00
1.736839928552822432e+00
1.422703363540136934e+00
3.725261926972354143e-01
-3.420067333741454441e-01
1.890022440606803356e-01
-5.327189480417215961e-03
-1.799499075629654277e+00
-1.188680244613364856e+00
-6.455358896578614614e-01
-1.826890737675950005e+00
1.258731777313264688e+00
7.403352802034725011e-01
2.675514519458594531e+00
8.639651600517300745e-01
-1.186122725727245530e-01
1.593866520306708612e+00
1.736424222585804644e+00
8.727476104776004107e-01
6.662211708649830033e-01
-5.919008528302907024e-01
-9.873247126579109967e-01
-1.519282037790704809e+00
-3.847745252248153669e-01
-5.031311976772843142e-01
-3.069431482068387673e-01
1.208949806928248716e+00
2.127471498835789010e-01
1.244770410653899040e+00
1.445127895832739817e+00
1.072559968268908870e+00
