-1.149900324862135559e+00
-1.336302549123588035e+00
-2.094653749668766718e-01
-9.771557069867258249e-01
-1.357661738142193819e+00
1.726108976983384835e-01
-1.805979766134859554e+00
-2.701541755630219033e-01
-1.808283837180290288e+00
-1.840671192411262425e+00
-1.308159687726123011e+00
-1.137536588008601468e+00
-2.048756971370409019e-01
-5.104106981415967859e-01
-5.520945288249272664e-01
1.726960654727781819e+00
1.834030735071374485e+00
5.601789926141897968e-01
1.041049466763683373e+00
5.828574861782060967e-01
-1.494685140410549895e-01
8.834541566395852641e-01
2.121883332045611859e+00
3.260179180519132691e-01
5.538325416852440952e-01
5.691841862564410714e-01
2.473227146254275421e-01
2.052927142665583737e+00
5.615255417448412611e-01
4.214025366234874781e-02
-1.711074722213083543e+00
-3.849493187764940760e-01
-2.466836283026481169e-01
-7.372933210426966255e-01
-4.183783478307834258e-03
1.165099337615253861e+00
1.950721540398091980e+00
1.404136537825166897e+00
6.653608305361533581e-01
2.497350509387840756e+00
2.125971152865786973e+00
1.560051931156881455e+00
1.220084867382757787e+00
1.480509972715978728e+00
1.184130264650210096e+00
-1.663024237495671631e+00
1.046061757117534796e+00
1.491947001419921648e+00
-1.214130572420558440e+00
-7.532711862993832774e-01
1.223387563180549975e+00
1.287502175228346424e+00
1.135385757456759181e+00
1.097900271542024297e+00
1.637621985807453218e+00
1.503457809727205774e+00
1.896157655416590426e+00
7.698461874729617405e-01
6.912131750633281335e-01
7.827477445418922208e-01
1.441098858866928456e+00
1.947407247974293210e+00
2.387109041040400115e+00
-2.175943848026218319e-03
8.280017797707966976e-01
2.216536682222722376e+00
1.174901177245694095e+00
1.345933822485317233e+00
1.226427430786758421e-01
1.854998940990658651e+00
-1.580156693738429041e+00
-8.128700208631607360e-01
2.318392985386574789e-01
-8.618514298367667692e-01
-1.524181649389507731e-01
-1.693655829015326741e+00
-1.869058206607869810e+00
-3.189481169611594336e-01
-2.058883566364904105e+00
-1.059682577246243707e-01
-1.931206661456235540e+00
-7.122066361061778483e-01
-6.594957201090545507e-02
-1.891558822786032934e+00
-1.122415166761904892e+00
3.827777110087580148e-01
1.742855902562487902e+00
1.298720883623130762e+00
1.436732463292471174e+00
1.578442934007522336e-01
-6.149901447256962417e-01
-1.123353409847289708e-01
-1.649135853701926724e+00
-9.328348815445970388e-01
-5.063498975827254167e-01
-1.895348118313823882e+00
-9.167029017727498230e-01
-8.252887619945125097e-01
-2.059331318175956049e+00
3.192373309160441153e-01
-8.121117166267584064e-01
1.166928538224246914e+00
8.567998112709873659e-01
1.713504035918753665e-01
1.814916104630632132e+00
-7.887738281459989453e-01
-7.615843588948291165e-01
-8.382585604133074852e-01
-1.127360300934827864e+00
-1.727290155405381888e+00
-1.822431816379810332e-01
1.746402410642904801e+00
9.109362573219600412e-01
1.229880775641639445e+00
3.729015982186250078e-01
-3.225397317752953796e-01
2.409177379776137329e+00
8.161594581512778834e-01
1.280308384993120940e+00
-3.260179665529783222e-02
1.128481661490351673e+00
7.183530505065952587e-01
1.310978167117184068e+00
7.655283302855484528e-01
4.116316928991909929e-01
6.888864214972194588e-01
-7.384922293136845228e-01
-9.301260064922652893e-01
-1.718239783497134354e+00
-3.491668568677782636e-01
-3.353289994263946028e-01
-3.273539012629484990e-01
-7.711903754831009872e-01
-6.391866652530506787e-01
-1.409185269465055068e+00
-1.275786066588632695e+00
-5.651070208943347328e-01
-2.486807069630633915e+00
-1.652217489512253223e+00
-4.070447878867450298e-01
1.055210459881287033e+00
1.160761566925350596e+00
6.658514575097939092e-01
2.919224402434290599e-01
9.964607197880315237e-01
-2.206491823887096082e+00
-3.445026207336825408e-01
-1.307537254648765135e+00
-2.080471823792321651e+00
-1.873700045455154894e+00
-1.660472691814658397e+00
-1.014520023427866180e+00
-4.106949558714805271e-01
-5.228008331233098271e-01
-8.916351878270953879e-01
1.628208787289449955e+00
1.636544345559090452e+00
7.469466228956943565e-01
1.027729534876314688e+00
1.956382683494466201e+00
2.117723033954188594e-03
-1.454882254975601086e+00
-1.735433056124466411e+00
-6.430229578375452615e-01
1.743595583884598454e-01
-3.131745171708287812e-01
-2.516636474233890031e+00
-1.760302013251898501e+00
-6.427967459510379733e-01
-6.604488709027812599e-01
-7.106461396541535747e-01
-7.814289407833907575e-02
-1.407880483080584444e+00
-1.687537305352014627e+00
-1.969894270305679207e+00
-1.380773304913298194e+00
-1.502518503364876468e+00
-1.813482154520254852e+00
-9.934970975573488294e-01
-2.276302617706356113e-01
1.484184612641044065e+00
4.774763713746406069e-01
3.012496990101213967e+00
1.799047783098719488e+00
5.568681227276615076e-01
1.668797543891467061e-01
-1.576954833648547272e-02
1.785683405969099802e+00
-1.960838213206468339e-01
1.943613139682773827e+00
-4.146537444361531044e-01
1.065314134227683507e+00
1.087478400380407439e+00
6.203524023614694904e-01
1.341621369731196722e+00
-1.107096789471765153e+00
-1.358493132101607603e+00
-1.536558099896684570e+00
-1.174490507751413615e+00
-7.902812339783096274e-01
1.971286442824817797e+00
6.593110014012892872e-01
-8.391669642185961564e-01
-1.921506070456269200e-03
1.201380070939821243e+00
7.295823705303702278e-01
1.584995969143491390e+00
2.072578464164744005e+00
1.754409689835924935e+00
5.195488895321294098e-01
-4.094303681718697296e-01
-1.793926548528750775e+00
6.673205720079073977e-01
-2.968632415907064281e+00
-1.266898657170971720e-01
1.379453490986655373e+00
1.103035135220211016e+00
7.742492727264442820e-01
1.475772921134474558e+00
9.699786553245886012e-01
4.649988202728401188e-01
1.895529169313549200e+00
1.298544602979180285e+00
-1.568449550862092146e-01
2.195204479592818281e-01
2.009082965913909780e-01
8.013171089977828565e-01
-6.026068076917383554e-01
7.890415956180024670e-01
1.406483437347789245e+00
3.790303153037006823e-01
8.536173380644928033e-01
1.966351853503039981e+00
2.219398738586155773e+00
1.049588453889072071e-02
-5.422573681506072107e-01
-1.925389620742968155e+00
-1.451943915323173906e+00
-3.796100098625068142e-01
1.195095936854784213e-02
-9.106356107256303734e-01
-1.247057438683524033e+00
-5.431304194462232005e-01
3.055683264347910377e-01
-1.118838653263079852e+00
-6.270007789370433127e-01
-4.042658758327439816e-01
-3.383058312896829456e-01
-1.915288902921424175e+00
-1.430064764755519580e+00
5.490728095797445807e-01
8.327638020364074301e-01
1.064577345057938329e+00
1.102705847025647667e+00
2.132127846319565645e+00
-1.534522795542334395e+00
-1.550354692869640338e+00
-1.881042341799720630e+00
-1.241313027592831242e+00
-3.529085906938878026e-01
-1.869056796740712345e+00
-1.796325188804348327e+00
-9.487381710300847315e-01
-6.640328726106763391e-01
-2.241991916266835361e+00
1.269567498963885432e+00
1.437582765714161548e+00
-1.068661790922958321e+00
1.117509833245927453e+00
6.144008945480747830e-01
-1.363362907665525370e+00
6.480352767098374045e-01
-2.472714464523493305e+00
-6.141032571648276095e-01
-3.815026961804668382e-02
-1.293634593730501603e-01
9.728017438155973640e-01
4.604640516256752747e-03
7.107046598833353102e-01
2.487247457855507715e+00
-1.160795980501860836e-01
9.553870496595656681e-01
1.374099883626117569e+00
2.887445093207707814e-01
4.075978153957051653e-01
4.046946049094751752e-01
7.403004409362593519e-01
1.400923553488367057e+00
1.749987137811674920e+00
1.534094299571205910e+00
-7.034653477259426024e-01
3.077156628719264209e-01
-9.763424486740738262e-01
-5.870893292829771903e-01
-1.712288591055459719e+00
-1.028343347018549014e+00
-2.262796108837966003e+00
-2.002944533248323111e+00
-2.134185428624745251e-01
6.937723403786875132e-01
-2.949935355897024269e-01
5.364678536120459640e-02
5.496850564849498078e-01
4.815912758859202114e-01
-4.700796783373951682e-01
1.107860888887461925e-01
2.347905899753452985e-01
9.033902123027914843e-01
9.010018610561825181e-01
5.767688751619286514e-01
-8.029693608024315310e-01
-1.223952287376580017e+00
6.113146449019175588e-01
7.116507729199987864e-01
5.409873971119703029e-01
-1.389387260961949533e+00
-5.610826071858540098e-01
-7.764844450065795378e-01
-1.363221093736302514e+00
-1.180559087895452386e+00
1.839856383254663941e+00
3.251947500887177878e-01
1.830096430741843694e+00
1.532628002885411789e+00
-6.538241408045486480e-03
2.010572260556611202e-01
-1.955959099193386841e+00
3.355291852459865165e-01
-8.743275633561198301e-01
-1.454889003026448302e+00
6.962949755491286696e-01
1.728097918494519991e+00
4.416240378450391191e-01
7.101293684737964851e-01
1.699894956838597926e+00
1.292643327346137072e+00
1.313844911041697205e+00
1.260583631933688054e+00
7.161603356888448513e-01
1.337199818123901540e+00
1.170352847706397581e+00
1.792679568742934659e+00
2.157821807833279593e+00
6.065641124214985469e-01
6.897969035214226441e-01
-1.403581756405335224e+00
-1.046314340534287179e+00
2.011029936594423972e-01
-1.728436368866039796e-01
-1.724508659615148876e+00
-2.431548886889389749e-01
-1.297199298398318046e+00
-2.281970282064002653e+00
-7.762294145735282314e-02
-7.594252378483588029e-01
-5.708514340786126073e-01
-8.323104314514322422e-01
-7.364144683497522159e-01
-1.894979435233508536e+00
-1.281696963300207104e+00
3.723151707669530852e-01
2.474418762825558282e+00
6.135086585820894722e-01
9.948164430545334280e-01
1.644327476355946782e+00
-1.003657189577297437e+00
-7.677329062804982840e-02
-9.432275587242643367e-01
-2.616368966355046233e+00
-6.872912290498386367e-01
-7.403604999340893666e-01
-8.482276028393201939e-01
-2.829273449862033107e-01
-1.766688839324327631e+00
1.170589908480159647e-01
1.857874467657332884e+00
2.259331977937058422e+00
9.758652754360808146e-02
-7.082164653035238899e-02
4.327073263840102157e-01
-1.245921415613222782e+00
4.334085646910468270e-02
-4.258414752502057699e-01
4.700472806582578489e-01
1.970834854617455889e-01
8.054866016972068721e-01
3.856023839878144344e-01
9.931405280438262428e-01
1.111528195259863239e+00
9.391679250879805263e-01
1.084175123278897646e-01
7.656987291464607548e-01
1.729320321469309141e+00
2.510129859813127418e+00
-2.655876840137505468e-01
6.128201830695724217e-01
1.738355540324608484e+00
9.008191849840514465e-01
2.275197479401398049e+00
1.892112252092792435e+00
-9.587668074325372825e-01
2.567295913786074024e-01
-1.009340173971561727e+00
-9.947610887228134358e-01
4.655548121394230687e-01
-1.663460727403473616e+00
-5.621965886702987580e-01
-1.749091568857018775e+00
-1.230271976776653009e+00
-2.154560218978809338e-01
-2.223524038970280614e+00
-1.322169981482545387e+00
-1.734610409557023170e+00
-6.045918082626008383e-01
4.879465185169484798e-01
1.184515926589347234e+00
7.153174430013444773e-01
2.465285717074646055e+00
-1.682714401485310152e-01
4.728564265471979500e-01
-1.375569042273136811e+00
-2.187592554212085982e+00
-1.480451161155520445e+00
-5.297121616786635290e-01
-9.471581650172994360e-01
-9.552012074610854997e-01
-2.420775105301293806e+00
-2.014944401374108018e+00
-9.386595037630086624e-01
-1.620224075220205728e-01
-4.715630921276394716e-01
1.896609136398582196e+00
5.562445394531431164e-01
1.873401654795591842e+00
2.291113891217999576e-02
1.506998319379981854e-01
-2.383197729352937166e-01
9.856954368016843659e-01
-9.123767187886588914e-02
-1.539383302983157620e+00
-8.337274385875870220e-02
-2.572153761432926622e+00
-2.380476263714918606e+00
-9.196034537846687895e-01
-2.587644670280480508e+00
-6.053615176657359820e-01
6.017313776634902744e-02
-1.306243890627781568e+00
-1.158622088693063823e+00
-6.801165383834326672e-01
-1.490522791120352686e+00
-1.966547977868988273e+00
-1.061880460954814254e+00
-6.718757766191835179e-01
-1.354671246402405327e+00
6.536046916935547291e-01
1.186556003927361935e+00
-1.667070844617577485e-01
9.938057697778046595e-02
9.595052118950345710e-01
2.540791743498833632e+00
4.439127435043510594e-02
6.222776042593524126e-01
2.043596237323892506e+00
1.076434141766948072e+00
7.039899658948853833e-01
7.204405323428131336e-01
1.651815777044225442e+00
1.199267052257135369e+00
2.348246447092806388e+00
-8.182296824824980552e-01
-1.716057366246287241e+00
-1.562432083069892563e+00
-9.579136976636395406e-01
-1.819851818353600770e+00
1.186989950380167969e+00
1.580739536047961469e-01
1.991447134373688810e+00
8.916592310070170502e-01
2.600689598837846450e-01
1.196223324590805825e+00
1.701010005290521487e+00
7.187065297430377253e-01
1.190954926050303841e+00
1.213368261297541828e+00
-4.717068839137985581e-01
-8.335854906086193061e-02
1.310700761522631819e-01
-1.439381517249304743e+00
-9.658604128286404356e-01
1.891297685013068719e+00
1.269230304821407973e+00
1.618678621974820597e+00
1.385828576870455020e+00
8.949770286797347207e-01
8.453410519048240035e-01
8.270877892035097823e-01
-6.172286211171200687e-01
5.959291705608793510e-02
1.817982281422574564e+00
6.133417215943300915e-01
2.074327607153898523e-01
7.730083723701642873e-01
1.321136663550811718e+00
4.837669508433276588e-01
2.238717000911338850e+00
1.557224331064258394e+00
7.927106766135805227e-01
1.574554453296351131e+00
3.295904007031374983e-01
-3.295797715112891435e-02
-5.242784832056202049e-01
-4.745952916782036901e-02
-1.842903455760148912e+00
-1.328249202000720164e+00
-1.178001492449614940e+00
-3.823500120608306352e-01
6.536900497378486108e-01
-2.256480276859758938e+00
-9.864330956200537681e-01
-6.811545354707407851e-01
-1.311400659172943683e+00
-1.046799081394911957e+00
-7.403762480006241820e-01
1.082221425163308215e+00
1.951155223980098441e+00
-1.202960049562697975e-01
8.678169714990946471e-01
9.176648358231560554e-01
2.712627008015683350e-01
-1.373611802256029524e-01
-6.219443232622717810e-01
-5.853749469355074009e-02
-1.696147750865771187e+00
-1.110016951426328058e+00
-2.138629318481191532e+00
-1.011850768138678358e+00
-1.702737862866329888e+00
7.715314036542841869e-02
-9.297555663779353274e-01
-5.404382771799098872e-01
5.393931652309648106e-01
1.510456863526302929e+00
1.422661166224228113e+00
1.756429743575931957e+00
-4.302128879718560839e-01
-7.648727783926858592e-01
-2.532948469560345472e+00
-1.068230832111074280e+00
-9.174102613022747654e-01
8.257101852045920509e-01
5.744742446058070939e-02
9.966430415026137357e-01
1.024872824636988478e+00
1.305971123261711053e+00
9.014848686070240369e-01
1.123325558029530935e-01
1.118248030004781901e+00
1.304656993742317805e+00
2.690327372547719476e-01
3.336510953173852378e-01
5.042844142436194721e-01
1.016574561602376692e+00
6.342623928128301447e-01
1.579791175804950765e+00
-9.777252829736242656e-01
-1.544151786705470375e+00
-6.054146282682336677e-01
-1.604860183715477007e+00
3.643240593567289576e-01
-3.634052612426483808e-01
-1.679528248118226763e+00
-6.460858313032140643e-01
-1.339499867372907715e+00
-6.258244434492821195e-01
-1.801427621664679624e+00
-1.497735763761189220e+00
-4.923319081018674437e-01
-1.442574505308299671e+00
-3.630096488599598992e-01
5.733601277043853806e-01
4.170998119369113688e-01
1.599652545055547437e+00
1.329492023991684757e+00
8.584673947552848849e-01
1.257432622139913470e-01
-6.591692541114411164e-01
-2.692958801760461096e-01
-9.493483650603240509e-01
-8.905884763741073185e-01
-6.511168772012345674e-01
-1.722519273699961495e+00
-1.165858691467020591e+00
-2.362766429508467159e-01
-7.723067981372419011e-01
-2.068564677469517665e-01
1.653306348739148834e+00
1.147600493301466740e+00
7.673849907454085573e-01
1.680013530487409756e+00
-1.113521754187305923e+00
-3.813959846834591438e-01
-5.587142723953022472e-01
-1.728272132761830004e-01
-8.885567351099061817e-01
-3.522409507786586902e-01
-6.317212679355290739e-01
-6.543817467448223013e-01
-8.182450846924693710e-01
5.113544075887657137e-01
-9.219401801091973159e-01
-5.498616524098327574e-01
-1.280707670896005235e+00
-1.116085926238076009e+00
-1.411822611907799230e+00
-8.586390260738909763e-01
-1.504474847456570785e+00
-1.436782808499977415e+00
-1.160570252779687950e-01
-1.387097701636266223e+00
1.459963859071865766e+00
7.893407312032774126e-02
1.568522030785489907e+00
6.877234551572746213e-01
2.541766780714107110e+00
9.686028134357833608e-01
1.056007431819561138e-01
1.380691091870684284e+00
2.073192256163745917e+00
9.831437269064542406e-01
1.101981436337229781e+00
6.121544004720548271e-01
1.697503101377038526e+00
1.387988422300572289e+00
1.312981140068050667e+00
-1.660864928907510585e-01
-2.932608038873614209e-01
-1.026336634372749801e+00
-1.656930488681975566e+00
-1.351415651194379786e+00
2.472511134381605302e-02
1.664785946634642633e-01
1.122619203058597970e+00
1.087840174151097461e+00
4.863636949515715013e-01
1.825861362751578509e+00
6.094534154383051128e-01
1.577440529884483578e+00
1.257035675835918909e+00
-7.773668091853851436e-01
-1.768915404350244858e+00
-1.443706309226294282e+00
-1.808329871931719346e+00
-3.567060524640353059e-01
-4.532736484704233959e-01
-6.125702246470754453e-02
1.297672306151394617e+00
-6.109627587443657859e-01
1.635766795563537102e+00
5.525463185384817955e-01
6.749263367057961593e-01
5.647603365783578910e-01
4.029278776487118519e-01
1.518691975087657742e+00
1.341226903185846808e+00
1.478397098222621109e+00
1.326004250297990739e+00
1.996757082713573883e+00
6.948687839461500371e-01
-6.458476950561797825e-01
1.705680769769464700e+00
1.942742509225721559e+00
1.180254637235712112e+00
1.073624446349045192e+00
1.683594762051145999e+00
-8.829186181741085493e-01
-5.884413157575449915e-01
-2.443310082661994009e+00
-1.292372265998035452e+00
-1.261565405730235456e+00
-2.131390396815183053e+00
-4.081210017938249335e-01
-9.237771152172272737e-01
-8.550030771485779280e-01
-1.281628793272519440e+00
-1.876828431211761128e-01
-7.976622233505372694e-01
-1.281146731642714975e-01
-5.362041152596506155e-01
-1.203338099896664737e-01
5.340559193182348174e-02
8.480338058882177510e-01
1.689656358998641750e+00
5.897203795382301994e-01
-2.106245903332562008e-01
-2.435598074089779352e+00
-8.067381927386958473e-01
-3.425861728394274941e-01
-8.418276177682650907e-01
-1.452605139417675773e+00
-6.933556996131153838e-01
1.428880130999625742e-01
3.723759526820509258e-01
-1.338854206982110107e+00
-1.125710809241943666e+00
1.733557901507296828e+00
1.712919406525524879e+00
1.008559825317671299e+00
1.188846710720667943e+00
8.035446368827462438e-01
-7.237536024052053651e-01
-6.064427238838722145e-01
-4.544924291843057684e-01
-1.501809560643580621e+00
-8.410973558799779148e-01
-1.132183776613589821e+00
-1.386832631900835278e+00
-2.461239614410188903e+00
-8.373271597545259848e-01
-6.727168508874463715e-01
-1.371282529947458695e+00
6.249812852381775308e-02
-1.197431784937054378e+00
1.273698032608063802e-01
-1.966093155983155372e+00
-1.182094233489225488e+00
-6.149593598605831435e-01
-1.174253353639158615e-01
-1.917517721605698666e+00
4.878901371525421471e-01
6.973622079683983177e-01
2.190874496922853965e+00
2.421080827234071808e+00
1.963564236216110093e+00
2.833404802948196188e-01
6.808013584910509453e-01
1.739813373985201306e+00
1.022401176190317784e+00
4.617818159451572146e-01
4.083049142098581497e-01
1.411557587394600688e+00
2.019964781641591767e+00
1.891641365369757244e-01
1.122217309177843125e+00
1.461302050484217130e+00
-7.147144197373691554e-01
-1.608643441477818126e+00
-3.289166434949909457e-01
-5.275874035393497419e-01
-1.067861244330148063e+00
1.174841239874474752e+00
3.330201704314333933e-01
1.688005949745891243e+00
1.329473329531029258e+00
1.251142268432513305e+00
1.879234950119077707e+00
1.072115086240200688e+00
1.891257949792240822e+00
1.206817609034145367e+00
8.007032173594206270e-01
-4.900487719082307070e-01
-7.928141449339367597e-01
-1.144638101089906046e+00
-6.705712339962146551e-01
-1.878167232280947063e+00
2.465062550973671218e-01
8.693782405523933221e-01
1.162094595325021462e+00
1.498473667882982641e+00
1.163772112913697310e+00
1.504262889579950357e+00
5.645911689618713369e-01
1.712446255794496164e+00
9.003548599915164319e-01
9.566853351528868954e-01
2.752152777522885785e+00
9.845257608399768934e-01
1.133719985408853992e+00
1.973281146042761058e+00
1.917816234050499613e+00
1.421455245400625511e+00
1.431102560589673889e+00
7.002777540183988680e-01
1.298405395848893695e+00
-1.765378549404472697e-01
-1.418758526879047910e+00
-1.643475751511768612e+00
-8.926825233830781858e-01
-2.199005903871244172e+00
-3.267685825417804502e+00
-8.297658408305839117e-01
-2.184697185058423141e+00
-9.942124343001199627e-01
-1.358286272477474022e+00
-1.278200203745841979e+00
-2.218012902465835712e+00
-2.248084498588186264e+00
-5.867311634745058235e-01
-1.180025676034932358e+00
-1.732556965702270579e+00
6.390795920681904274e-01
1.254323482957413249e+00
-6.404122870293029735e-01
5.667422378387795279e-01
1.575980815958060610e+00
-2.221756420664847909e+00
-1.124060917502448298e+00
1.525268497891070218e-01
-1.890047867207631516e-01
-7.632184541464049898e-01
-1.169141211271277792e+00
1.027902889329075364e-01
-1.909122413917228256e+00
-1.743614631460032482e+00
-1.032120900129646301e+00
2.234606271552666001e+00
1.158817716685851540e+00
2.581847113971423857e-01
4.064900691951394140e-01
1.914546733012958413e+00
-5.838137619568239955e-02
-1.009639696412836685e+00
-6.288137532194723045e-01
-1.573671403041967398e+00
-1.253939770328247771e+00
1.929279103835008558e+00
1.108934513682890977e-01
1.343077037228022519e+00
1.988392691143832991e+00
1.241659612344298003e+00
2.219366787153952636e+00
1.492818884763462917e+00
1.051530658440536614e+00
9.565116121993755272e-02
2.081317137450873211e-01
1.766501606767313604e+00
8.475004887997423797e-01
1.725161784415097266e+00
8.077070133154815590e-01
1.386849921737662639e+00
-1.332698368445355719e+00
-3.733712047595031391e-01
-1.565597364951927029e+00
-2.011914941346872432e+00
-7.883541436328391772e-01
-8.165236052049041904e-01
-7.269934955249683917e-01
-5.233575066477025306e-01
-5.933023397450017944e-01
-1.165758431050076371e+00
-6.778982503608348420e-01
-1.201599769666817252e+00
-9.353100208667040061e-01
-1.517405292166316588e+00
-8.406672484079052987e-01
1.981343720696019384e-01
3.594507750999531570e-02
1.798963936950082720e+00
2.401914285593576004e+00
7.125281580591473762e-01
-7.934965827333992916e-01
-1.715037827727213582e+00
-6.691004102430777589e-01
-1.137963711546656320e+00
-2.237682645632377287e-01
-1.328379006681011942e-01
-1.305333665882695060e+00
-1.601276382455909753e+00
-1.835456437413521380e+00
-7.064447058633873677e-01
-2.562147633606493002e-01
8.207278896167428117e-01
1.566525895207270702e+00
-8.527654880896484713e-02
2.461329110764445716e+00
-6.051264200093711132e-01
-1.155057951559815166e+00
1.092373025910333695e-01
-7.161240274169196063e-01
-1.869797074330300735e+00
-3.425416591774110842e-01
-2.317921627164533760e+00
-7.608986741725772829e-01
-2.239482682587289553e+00
-7.608400590834722976e-01
-9.988630359001133829e-01
-1.688579532920021942e+00
-3.595986267650749246e-01
-5.998602024798063148e-01
-5.202245526090397698e-01
-1.261531299928223326e+00
-1.697652791877862111e+00
-5.131005170391781389e-01
-1.976525786000970397e+00
-1.808132390645551535e+00
2.224280341209527112e+00
1.926529293259519493e+00
1.375118660255017611e+00
6.473862816910149753e-01
6.446795940987649631e-01
1.011166665106787210e+00
-7.638767694493275862e-01
1.704387261679439547e+00
2.079509400563959609e+00
1.196959130932300219e+00
1.697925057037606766e+00
-2.741995412430742185e-02
1.860167460014049201e+00
1.974526554607537232e+00
8.114393662495618109e-01
-1.031608453679331294e-01
-1.221980381390826542e+00
-1.514574342695863107e+00
-2.375479744484104927e+00
-9.867816657269774527e-01
1.985525175475647330e+00
7.264536925389526445e-01
1.857855449767667588e+00
1.756969407629113133e+00
6.716755319471106045e-01
8.244133881062122304e-01
4.553653781236716158e-01
2.153895640550302915e+00
1.593568627260138371e+00
1.117323426176772383e+00
-7.595883973833590375e-01
6.979317498927462005e-02
-7.570352570036196216e-01
-8.225870429092192460e-01
6.078263013318025987e-01
1.886053619147244342e+00
2.419603457612806707e-02
6.740825925381238592e-01
1.412865982936100995e+00
1.046073358777863893e+00
1.905229862729301171e+00
1.189615689457020231e+00
7.265978734042264353e-01
8.780815778775661329e-01
2.716120393910161468e+00
2.193854258198893792e+00
-7.869039290393864405e-02
1.038336065106489015e+00
2.268054114496604878e+00
2.252308160550885674e+00
-5.333605129822949209e-02
-7.911440199181885014e-02
9.828164025007884996e-01
1.031221953617253329e+00
4.671554335127181545e-02
-9.957599452945101737e-01
-4.873500559370945728e-01
-1.833458200429320506e+00
-2.907001963261164335e+00
-6.118595993489084339e-01
-6.474305437493884652e-01
-7.228246897113537184e-01
-1.321773918338523757e+00
-1.346042888575727847e+00
-8.149611624973247537e-01
-8.008678681297787261e-02
-6.768696416197131915e-01
-5.897619160342326694e-01
-9.957818119020148684e-01
-1.071444216672458927e+00
1.501674659272268508e+00
-3.853739365721811083e-01
1.733718065035610323e+00
7.737830150312107191e-01
1.660536207236850359e+00
-5.716337971661655804e-02
3.340918547171685127e-01
-2.673027472636627655e-01
-1.354669768611860947e+00
3.924719085021677323e-02
-1.517699176967479691e-01
-1.178842637688106487e+00
-7.167005928856668984e-01
-2.954158724904546451e-01
6.373821685142961879e-01
9.004849590697814321e-01
2.095549410419984326e+00
1.215799576729906128e+00
4.163277103503645327e-01
1.686205682910004722e-01
3.349472108161528627e-01
5.855356951322419068e-01
-1.703807054783369690e+00
-1.190610119480020934e+00
1.019340574871105964e-01
-1.194577355085668868e+00
-8.517155400392240061e-02
-1.729260859117158544e+00
-1.512384831697243914e+00
-7.191471753078537699e-01
-8.799770065354520776e-01
-4.538518439179262121e-02
-1.749465882836682695e-01
-1.555698041219102601e+00
-1.381660120558040994e+00
-6.939190071846071950e-01
-5.977377651441279083e-01
-2.583862131102398596e+00
-1.208945889549768893e+00
-2.079814827278896328e-01
5.538585967159812551e-01
9.831393846006386550e-02
1.730529001449300219e-01
9.548862282033874216e-01
9.555018773985358704e-01
1.881455468515506713e+00
9.797703944351153771e-01
1.042258480561274236e+00
8.277533767616948035e-01
6.567519789654685525e-02
1.139098604870717235e+00
7.999645772927042042e-01
7.614988257026112928e-01
3.821684819185799942e-02
2.087759123940620576e+00
-2.304383224772740490e+00
-1.696638946571563444e+00
-2.719834586071432359e-01
-2.193866384587807694e+00
-6.010035930011948802e-01
1.934253240494962833e+00
1.486480555146393545e+00
4.035515823630583254e-01
9.157628151323982113e-01
2.023160011516944579e+00
1.042773492089523302e+00
6.667528980996944021e-01
4.264093381206696121e-01
2.071149268859487247e+00
6.820772694509671386e-01
-3.613750745000323672e-01
-3.672581527648888233e-02
-6.882921350801765037e-01
7.197798868258755700e-01
-1.016968804067903687e+00
1.156451021068300999e-01
9.346722109476656160e-01
1.577085825849080525e-01
7.391913972456726212e-01
9.331252844202642116e-02
9.712636240655214692e-01
-4.017226993855769202e-01
6.022985999448673411e-01
1.273010563372242165e-01
4.979092110840142027e-01
1.746818787901768921e+00
4.932984691131288013e-01
1.483565521656452502e-01
7.337579404569711805e-01
1.352266200415240371e+00
1.343932588234918457e+00
8.837451487979157694e-01
4.523421392074455927e-01
2.001992287684251526e+00
7.518486884979108664e-01
2.756206282399793484e-01
-6.701049296299583791e-01
-1.134842223092742852e+00
2.439933347549059217e-01
-1.656510208002253570e+00
-9.335987589803682596e-01
-1.575016401711306635e+00
-9.526737519210589644e-01
-2.178163156389193666e+00
-1.399976866712611567e+00
-7.477223896937199576e-01
-8.251818846418694786e-01
-3.820002796610206808e-01
-1.602021079196243258e+00
-5.628446853982592701e-01
1.564506105807098590e+00
6.264605926132826852e-01
1.169784851228936828e+00
6.021132999406813013e-01
7.066409560017279379e-01
-8.176890520514883409e-01
-2.271954124388961826e-01
-2.070567082690838667e+00
-1.696842858955578182e+00
-1.271784536895306461e+00
2.456635826669306688e-02
-7.317773031441527909e-01
1.895360369533243272e-01
-1.229981038987097985e+00
-2.094448570771604956e+00
6.820228020534817581e-01
9.641943220386028912e-03
2.947275362928844622e+00
3.208200288836926539e-02
8.422854251022706684e-01
-1.072167762354939713e+00
-1.459933747951163596e+00
-5.518563493243356932e-01
-1.282543403895400669e+00
2.519455182730214737e-01
-7.354299491740241557e-01
-1.502303806776967177e+00
-1.888905277400565019e+00
-1.881887337065419219e+00
-1.074055031023445350e-01
-1.110536382975592540e+00
-1.186003297390365585e+00
-2.162145468493897660e+00
-1.090261523997704041e+00
-2.143780449816008460e+00
-1.077645934063436339e+00
3.932535517656639001e-01
-1.174129015561017564e+00
-9.607020410959732359e-02
-3.334641485403725403e-01
1.578131048041042206e+00
5.365721519345085788e-01
1.109701925702500480e+00
1.560567881820905001e+00
9.889900835097628073e-01
1.538144626361374723e+00
1.464318234850114919e-01
1.344573897960879449e+00
1.648694218567155811e+00
5.735710728809272352e-01
8.963631804469991415e-01
1.016936709302098896e+00
1.536960197473421053e+00
2.071003446357543520e+00
1.037038496449715685e+00
-7.921352733271582736e-01
-3.194508936523486886e-01
-2.347603686745743268e+00
-1.409464153170971068e+00
-4.676789762350023194e-01
1.894970486605647819e+00
1.320390487166626992e+00
5.221255593523985716e-01
1.005050185482690983e+00
-3.301647636833737742e-01
5.134431100987731922e-01
6.015365214204820843e-01
2.028280285887945844e+00
8.724952966491037465e-01
-1.124921275376937757e-01
-9.834357331543990277e-01
-4.738015377205895273e-02
-1.663910690772606449e+00
-4.774924004250049592e-01
-1.237365620687412848e+00
8.532376326409776279e-01
1.589676764325222980e+00
3.088007061335495962e-01
1.412312225205792915e+00
1.838156714100744660e+00
-8.295191557249941283e-01
-9.876073590087256493e-01
-4.785180870492605765e-01
-7.204370739694432313e-01
-1.137484827801961140e+00
-6.107963906728961501e-01
4.416241390460562410e-01
-1.476985317367793371e+00
-1.319833287739689442e+00
-3.263442811970291846e-01
-1.455472095566877844e+00
-1.122486972708895525e+00
1.631583291821205872e-01
-1.579770381667385593e+00
-8.172724011000388478e-01
1.457375068484372482e+00
1.433002093123524112e+00
1.185627320226403381e+00
2.301091175537003153e+00
2.483563925619254320e+00
-5.820435263521117619e-01
1.011022525179181120e+00
1.054667558515467451e+00
1.252260880721104641e+00
1.847284772947478171e+00
1.014909938841527470e+00
8.357226442200164085e-01
1.074323291282712534e+00
4.290853430332625118e-01
1.548946656864643057e+00
-5.092655987829244335e-01
2.692112363397185515e-01
-1.640879676283562461e+00
-1.262852495451145751e+00
-1.481837160052629443e+00
7.626172031628516423e-01
5.823569800208672209e-01
1.131373614514951553e+00
5.552941948432101871e-01
1.124346012757217572e+00
-8.911646008684215303e-02
1.254459392481461766e-01
-1.923279704742337781e-01
1.449957750439251569e+00
4.317338517405022724e-01
-7.919107498703468195e-01
-7.013322787362139543e-01
-1.423650786142220959e-01
-5.546865919030274927e-01
-9.055686669688605139e-01
3.074888394970952676e-01
2.119371137461356192e+00
1.122845609615965579e+00
1.466365158543425640e+00
-2.285673058571380256e-01
3.038186563973847676e+00
1.121398339734980931e+00
6.799668423950242513e-01
1.177387688150253187e-01
8.429559353686822964e-01
5.266150922847586680e-01
1.757479776552149042e+00
-5.732299750090539270e-01
3.128565235626564744e-01
3.713044978652413342e-01
1.570130757306302804e+00
2.479283098755462156e+00
1.417396799840710209e+00
4.798775187115075225e-01
7.298636048333329018e-01
-7.900705715934380757e-01
-1.562921196045464090e+00
-1.329485206548361997e+00
-2.559511787869110488e+00
-9.810121816679735485e-01
-1.987973598505470285e-01
-3.447251055841049627e-01
-2.076662994133722684e+00
-8.580628716764808761e-01
-1.856217149867744665e+00
-1.153726128735862222e+00
-1.099588218092139247e+00
-1.330158205840191066e+00
-3.785141530031091994e-01
-9.663118657734993677e-01
2.478069076316509189e+00
5.230942382497287824e-01
2.403604046174034892e-02
4.397092577725645324e-01
1.968389919728291915e+00
-4.932785661686861500e-01
-1.543578986899121652e+00
-2.386108013377890025e-01
-5.067691921369260610e-01
-1.154721518676461667e+00
-1.220559327688980789e+00
-3.541079094990842169e-01
-8.270381760280568484e-01
-4.396301358467176179e-01
-2.466844883553719114e+00
1.593963089512969056e+00
6.525123016638489926e-01
1.589699940657411936e+00
1.902544677497908232e-01
1.415605682691701617e+00
5.023631134341166593e-02
-7.137071378352819462e-01
-1.185255203998287543e+00
-1.795245252062253050e-01
6.224650889564862233e-01
1.429915922966473962e+00
2.234063037216361014e+00
1.270038415966911582e+00
6.166079350187764208e-01
1.124054774715371297e+00
1.773895109657718905e+00
4.644742364071393625e-01
1.414397756543439577e+00
1.445710146630442283e+00
1.189256498459757339e+00
8.993207421327362727e-01
1.563220153926597522e+00
-1.117524840624477545e-01
6.946579253055721326e-01
1.565016960687751091e+00
-1.780103000987951933e+00
-1.629501266757369837e+00
-9.710476875780748029e-01
-1.489787220292096315e+00
4.640668945469272888e-01
-1.060488034630722165e+00
7.964825311419925224e-01
-2.885023238059194028e+00
-1.387786583457311540e+00
-8.684501282383338960e-01
-9.343497834168903449e-01
-6.556994131766795686e-01
-9.735799788347855310e-01
-1.762085219202857989e-01
7.501322383544968275e-01
1.408176084362834590e+00
2.444296347599512753e-01
7.022246105063059129e-01
3.606402800863098834e-01
1.521599165298998635e+00
-2.042044776013232976e+00
-1.659550714093216417e-01
-2.088503376570218784e-01
-1.889525680536954688e+00
3.699569115238388051e-03
-8.513689492429543648e-02
-1.694410713582391370e+00
-6.728582982921000877e-01
-6.949797435271407586e-01
-1.891809335973230199e-01
6.413389114972053440e-01
1.816770892920836378e+00
1.945561680884111411e-01
5.816491584707204066e-01
1.457788705080737879e+00
-1.848818388780886890e+00
-1.572164325399145302e+00
-4.731845493442714545e-01
-8.363948201958470996e-01
-1.420177851700014759e+00
-9.654109488732908195e-01
-2.084135463644754438e+00
-2.371164351253161939e+00
-1.106702290093539709e+00
-4.532253851054601768e-01
-1.755217922617890114e+00
-1.603238377564552675e+00
3.870266594302729235e-01
-8.907590959682729626e-01
-7.214777681060187131e-01
-2.373645371935074078e+00
-1.262561245663707421e+00
-1.397634435322094637e+00
-7.110373246501450195e-01
-1.545666342838117657e+00
1.332491265872243424e+00
1.555983596027907812e+00
1.494723883374591278e+00
9.171117451647493590e-01
1.880157872012673259e+00
1.206167495142297152e+00
1.423370260807076404e-01
2.858321821612275215e-02
3.745193758072484780e-01
6.492838588550611245e-01
1.299688530614792059e-01
1.449167361951193111e+00
8.444747195420302388e-01
-8.369610360525436832e-02
3.515966885312331591e-01
-1.600775659943877827e+00
-6.301013804035954236e-01
-1.420368290462354688e+00
-1.320488028390075064e+00
-1.502768575849005472e+00
1.852315236995911940e+00
-2.302433679398174782e-02
4.072063422324168069e-01
1.318803406370997688e+00
2.375475798392717941e+00
9.951266445013068340e-01
1.440660075256851247e+00
3.313162341147365408e-01
8.274775996140528722e-01
1.319615529849589297e+00
-6.785922856870938435e-01
-9.844048520195892715e-01
-1.448527757604390676e+00
-1.231444873740524137e+00
-4.013435773875095869e-02
1.976557612642326323e+00
-7.799863084093638932e-03
2.713856410102773342e+00
8.763837841317604349e-01
2.259277737786407947e+00
1.694073227388616321e+00
9.906871391749647593e-01
6.980291927282324949e-01
2.395173619567566803e+00
2.002423888462466550e+00
9.959043962801628069e-01
1.036287430342660132e+00
8.479389569186223108e-01
1.966583917411517834e+00
6.629773040729159961e-01
5.747104332519875625e-01
8.605068082850145794e-01
1.201782114121418887e+00
-1.254145317512931346e-01
1.900277507162912327e+00
6.692710400843737695e-02
-8.900458925999904514e-01
-1.338310146496387798e+00
-5.533393740190173382e-01
-1.447802968744237528e+00
5.151899192627449331e-01
-6.758850511502701996e-01
-6.616298035203994621e-01
-1.170546316298926026e+00
-1.634687035016383350e-01
-2.090009856759006190e+00
-9.095591679972202526e-01
-9.922199882682281036e-01
-1.632513801425966360e+00
-1.474241301817669436e+00
1.179577096190482788e+00
1.036772458700129018e+00
2.304881648401801542e+00
1.979461032666135267e+00
6.890334377300733060e-01
-1.914941257696564314e+00
-1.047324910059624692e+00
-1.132246051990765778e+00
-1.075228768014160341e+00
-1.154417371561794026e+00
-8.001725707212273830e-01
-1.321115207699095073e-01
-1.534525087120545805e+00
-9.210259979249511009e-01
-4.709308372245389895e-01
1.310770311871287452e+00
1.475985514103879126e+00
-6.239978194683324375e-01
1.541340378322646920e+00
9.228889728792460945e-01
-1.095651073502406536e+00
-1.291806903196606182e+00
-7.566562496958109119e-01
-6.945470245271936349e-01
-1.121167587666763721e+00
-9.661206540680167265e-02
1.962527959300095493e+00
5.364542321135098435e-01
5.732183477499449564e-01
2.005862435270833188e+00
1.158018958368970397e+00
1.296550898721993139e+00
4.404958988262046571e-01
-1.037279377441401973e+00
3.229196111858843032e-01
-3.270776595208049198e-01
1.042110486543157855e+00
1.519574442728337305e+00
7.820182332363403432e-01
3.839353648428849297e-01
-5.323539192583873758e-01
-1.587801752190827198e+00
-4.266832924041379371e-01
6.113479449627532425e-01
-1.731055533277210845e+00
-5.763327568817007140e-01
-9.470900942840767556e-01
-9.004919282928569579e-01
-1.059705691356879642e+00
-1.915064707514418929e+00
-9.069111287344796546e-01
-5.383367566854131425e-01
-2.725307761846584853e-01
-8.934055296271005142e-01
-3.025546462099224510e-01
7.046856452828842432e-01
9.555734888623930168e-01
1.784237456684793610e+00
-2.980766017335692020e-01
9.588965537712305087e-01
-9.620495169876178698e-01
-1.154850740747947357e+00
-1.059001517411779281e+00
-5.574904568234222424e-01
-1.114568697263492725e+00
-9.150753428246357624e-01
-7.380068894679152613e-01
-5.730241562738934702e-01
-5.893004677796038759e-01
-5.642302192157913066e-01
1.429471567361410234e+00
7.792271479242081078e-01
1.610205915205593197e+00
1.988865093902414838e+00
1.127832189370129079e+00
-8.976574603369726901e-01
-1.319719041924508618e+00
-1.146636371493178874e+00
-9.509909221601779983e-01
-1.682671322883434684e+00
-5.144589647972109825e-01
-2.332341827789218947e+00
1.351102244796258400e-01
-4.794783529011510392e-01
-9.291603643272050572e-01
-1.543509259981727944e-01
-1.741641451828838338e+00
-8.568979890403288779e-01
-7.844423321424782714e-01
-1.160306205861645568e+00
-1.009052246104451322e+00
-2.255659759797305597e+00
-1.252610380420796865e+00
-1.662849674094379449e+00
3.286934485563097752e-02
9.825808631267097804e-01
1.858316918059225831e+00
6.531403283324805908e-01
1.006082208674967893e+00
2.005092013590711097e+00
1.810305303340020711e+00
3.158634085584166584e-02
1.692212156035786119e+00
1.149591084296035737e+00
7.144115469821632480e-01
1.294675207051704025e+00
1.025162994044597653e+00
7.925628084974867260e-01
1.878138007380906416e+00
9.157836346307629549e-01
-1.074131319523460970e+00
-8.932992472328741274e-01
-1.344430275220832360e+00
-1.822528497797438085e+00
-1.580580012188074646e+00
-2.659123612374036938e-01
1.578488764592726135e+00
8.708270953769395861e-01
5.228977955071535400e-01
9.632796612560140526e-01
5.921317302308205521e-01
-1.549372602289977863e-02
9.601837135892344888e-01
-1.198497911861582388e-01
1.221228164675145278e+00
-1.238656782730611416e+00
-9.720802550387975804e-01
-1.489062508838895349e+00
-1.659400419435182128e+00
-1.309624598341690094e+00
2.068928384853977676e+00
1.309534323255828747e+00
1.363620790740405653e+00
2.014994320560908214e+00
1.831020730438757127e+00
2.155766902548792441e-01
-8.069452090624553708e-01
-9.892073073196493427e-01
-7.963438936246229893e-01
-1.126443846057829212e+00
-7.261293158390345059e-01
3.830817258494478850e-02
-1.105522262604596406e+00
-1.786653457828161429e+00
-1.372004977839548223e-01
-1.075830261262087362e+00
-8.838625086916829243e-01
-1.126946619969589003e+00
-1.851785486454437635e+00
-6.079352690028996253e-01
1.797016945520876430e+00
1.361669091305319323e+00
1.099482457324177931e+00
1.787187061465982385e-01
8.437672709702692675e-01
1.722841842729797346e+00
1.181719854771739353e+00
1.227915605356313167e+00
1.781378961410271744e+00
7.708479023030091470e-01
1.361141199647994293e+00
6.628208385990708162e-01
1.761189809679092555e+00
1.550818609665538528e+00
1.453426981654140082e-01
-2.432996911571722265e+00
-1.868019418781221574e-01
-1.786507163905482365e+00
-1.022113421317062398e+00
-1.474827505508182979e+00
1.479299796647988163e+00
-7.347576132776754143e-01
1.930749122334152190e-01
1.215949232531256863e+00
2.591084771635195239e+00
7.105203099499418640e-01
1.296425203893347700e-02
6.509197790802254691e-01
1.125218192099197934e+00
1.089462839276650330e-01
-1.511107107417033468e+00
-2.487600688676881777e+00
-1.293648943005624163e+00
-7.690890407566892684e-01
-1.999328731911321100e+00
9.657459241344947820e-01
5.425897336309321028e-01
1.218382838467607865e+00
1.131904798066741824e+00
2.343109781234768541e+00
-2.422758152124981912e-02
-1.455189742175800882e+00
-1.945538973557139562e+00
-3.989658368428276036e-01
-2.631309053246529972e-01
-9.480418306791645877e-01
6.046132184240695651e-01
2.974139117873408900e-02
-1.939982142360040074e+00
-1.522519110621279204e+00
-1.701817114931995167e+00
-1.460660010484069682e+00
-1.339673578783032948e+00
-2.791448930601306833e-01
-8.244603160898531513e-01
3.413660683566905885e-01
6.971679807909267890e-01
1.271448325051966144e+00
9.538009951585481039e-01
1.913123641242357564e+00
1.944831420643637898e-01
9.965067686420565618e-01
1.460671437764535341e+00
-6.412273214087211848e-01
7.551157700992527921e-01
7.538869990312220271e-01
6.244568662936085257e-01
1.593029673007148039e+00
4.194127262259796929e-01
5.483606504292182215e-01
-2.643106508084154260e-01
-1.137544220075343393e+00
-1.373736661670812209e+00
-1.257201558281991982e+00
-1.258460574432930690e+00
4.037249004659317908e-01
8.852635614648138862e-01
1.040686448821075416e+00
1.094570466471995740e+00
3.489735256765351679e-01
1.585091185800281410e-01
1.243045394118864166e+00
7.507674413241731681e-01
3.926428944539768207e-01
5.638194009658379358e-01
7.294641211367025591e-03
-8.927889815716237853e-01
-1.326908080454336725e+00
-1.672238057148303980e+00
-9.076737011966240498e-01
1.429666164892123614e+00
1.140213613071449084e+00
9.128849388393045494e-02
2.106235934490664263e+00
2.658986782994652742e+00
-1.218247693720946323e-01
-5.711586863515861756e-01
-1.296112527143038928e+00
-1.667827528220949151e+00
-9.386579372302553681e-01
-1.169020506972310525e+00
-1.056981225730863061e+00
-1.442456675041468905e+00
-2.014609913386010476e+00
-2.569788053582988674e-03
-1.762890017544247456e+00
-1.122941472920684358e-01
-5.443699860839423810e-01
-4.030333508575597579e-01
-1.182906367823907123e+00
1.665180883736121942e+00
2.015180356986374655e-01
2.048546646361223633e+00
1.778524142359618754e-01
1.942248865192926166e+00
3.286671770803680115e+00
2.874078891180591455e-01
1.527330860804287260e+00
3.897769431391928663e-01
1.471255259142628891e+00
8.182699716413969204e-01
1.300197052895719851e+00
5.654660564821284430e-01
1.138058803348941161e+00
1.693277870767087689e+00
-6.763621884470087942e-01
-1.825600928571187387e+00
-2.275236091478162193e-01
-7.415331996727779762e-01
-7.057851708395608270e-01
1.058699886920072553e+00
3.503372913323987703e-01
1.485639141278950470e-01
1.868555434232395562e+00
2.258430564319325207e+00
1.299576088679349262e+00
1.050693107588233755e+00
3.188827127185089871e-02
2.548043143446384606e-01
4.560071931016826952e-01
-2.565243991889149644e+00
-1.064001861281695049e+00
-2.824123570821500007e+00
-1.085884347600404087e+00
-8.045501837349759988e-01
2.134864120227502049e+00
1.994332808328887374e+00
1.052958744727009233e+00
4.105961428700016791e-01
1.471889781681351650e+00
2.593320747196106169e-01
-2.746896904554501084e-01
1.219040009859748475e+00
5.335004232029811888e-01
-3.130224020634366777e-01
1.712894273949900903e+00
-6.175764530079768111e-01
1.391841464882884072e+00
-1.116776284460696544e-01
1.035798749113122197e+00
-7.492242116142440178e-01
1.734074315247311038e+00
1.091995206333067792e+00
1.350095058812218696e+00
1.888794885652914868e+00
-1.579797605029189533e+00
1.602418820088653550e-01
-1.534785593777620027e+00
-3.077612781445789869e-01
-1.390666781921539252e+00
-9.714296969799243175e-01
-2.665852137017705736e-01
-9.401387760439980923e-01
-2.239986530478047300e+00
-1.211974809917704565e+00
-1.385234230375941733e+00
-9.370752544866253197e-01
-1.431862382266655853e+00
-1.041741094212500940e+00
-1.546152969865786098e+00
2.537502218648040930e+00
2.071297243448475989e+00
1.665444753642266518e+00
2.252708092326102030e+00
1.201168792208319402e+00
-1.077441907258452902e+00
-4.486782801381494767e-01
-1.675826906901028757e+00
-1.430140266659249981e+00
-8.745670515489749608e-01
-1.175554922038192007e+00
-2.071716843435711386e+00
7.822605689007411378e-02
-6.854230634820034362e-01
-2.166202653280825174e+00
-2.145046019368734846e-02
8.663553935394037175e-01
4.527287434356280782e-01
7.921948379852772337e-01
2.717080219334571556e+00
8.911868513804166447e-02
-2.070387174082047643e+00
-8.295787574334385628e-01
-2.150824811540958947e+00
-9.598218049292105425e-01
-4.681722199969644560e-01
-1.494626000881243755e+00
-6.842724082924203088e-01
-4.627629126457376563e-01
-1.399859473579392111e+00
-4.300074742619119927e-01
-1.397242812701872783e+00
-9.225543237213419401e-01
-5.342578373649791157e-01
-3.298645778395592476e-01
-1.120202441147893468e+00
-1.150940327079991388e+00
-1.191945614807491616e+00
-4.116084033085211091e-01
-1.140015601090179631e+00
1.028693804273684620e+00
9.587239461292117459e-01
7.598573658993832414e-01
2.750717880599289344e-01
-8.756682899403198661e-01
9.921956378388790965e-01
1.212007701638551538e+00
1.844798276779432422e+00
2.109684756798339222e+00
2.052913563440579736e+00
7.286672771743819554e-01
2.614654226796275793e+00
6.556024434671984258e-01
2.202729864753134592e+00
2.142902951965593328e+00
2.774684003673615340e-01
-1.030510366803434330e-01
-6.556436983961448917e-01
-3.928798048287385214e-01
-2.598310472817307870e-01
1.398562575056058188e+00
1.070855516704088739e+00
1.438614126173642482e+00
8.234607343012871894e-01
9.522644850292120156e-01
7.057281958024071988e-01
-2.619060775042514333e-01
2.215776161399276134e+00
8.240945573249585099e-01
3.611692034058826550e-01
-1.318248865660388791e+00
-2.149045271000165513e+00
-1.004826957470992044e+00
-1.901210076232686674e-01
-7.925138410264569444e-01
9.114425464285962342e-01
-1.774276305678124110e-01
5.996222368172839934e-01
1.270545571969660781e+00
2.134984703744774448e-01
1.725925942363367493e+00
2.012547059501754276e+00
1.611889218320616379e+00
4.591162140763966892e-01
1.344263633896104260e+00
1.153498418925233748e+00
3.000577146449076693e+00
-2.984760327299875726e-01
2.731634717840314863e+00
1.089584257326548400e+00
1.463068656450414728e+00
7.156175276300074106e-01
8.550139727360765995e-01
8.391163031716675214e-01
1.512654588094292318e+00
-1.206432942052291679e+00
-7.298179398351739566e-01
-9.141469342221323346e-01
7.928727888640580979e-01
-2.622463764914022555e+00
-5.960527420154210221e-01
-5.208403745674780039e-01
-2.397031748080578062e+00
-1.282339070856965968e+00
9.790676820644783618e-01
-9.113533185947473303e-01
-3.691508747419333103e-01
-1.303977736812209631e+00
-1.330075915197854508e+00
-1.123950943004385472e+00
7.661120714803812959e-01
1.202460143876769694e+00
2.511758016617151590e+00
1.220498254312111897e+00
2.023092113350183130e+00
1.416844817457088013e-01
-4.125912916701526267e-01
-1.114060895155814412e+00
2.699075847519893934e-01
-5.777268902980248200e-02
-8.934025805389746999e-01
3.044941057684709129e-01
-6.549814991716527146e-01
-2.270474105188702296e+00
-1.892498007700984086e+00
2.659914549056452415e-03
2.227672298745134061e+00
-5.438088134082086356e-02
1.332676396701903965e-02
3.677724537324910115e-01
-1.360142839436073947e+00
-1.358794794976746712e+00
-2.818848504265365484e-01
-1.767455270970733405e+00
-1.858675296614985983e+00
-3.751482554458553942e-01
1.990032152796112008e+00
1.638935790193603248e+00
2.868619721784846366e-01
8.060413587950016057e-01
1.621644234404352680e+00
1.277583000146488956e+00
9.972133410290472399e-01
1.710494284381351759e+00
1.326468588097495571e+00
7.396476489677313859e-01
4.853320643728165074e-01
1.194846132438850184e+00
1.563521382961412520e+00
7.792415473956348926e-02
-2.374512061569716614e+00
-4.921039596361809210e-01
-9.184689778319629072e-01
-1.240453112894327026e+00
-1.399634691356511196e+00
8.608954222148756941e-02
7.428494484567551570e-01
9.588469157107293306e-01
-9.541533952188102630e-01
-8.425514376931371174e-01
-1.477803000523149501e+00
-7.073926259181417819e-01
-5.618246896164506010e-01
-2.423503925141369031e+00
-4.445493645203247857e-01
5.091004169854537187e-01
1.257920263249483472e+00
1.500437406414629082e+00
9.692684414756517208e-01
-2.004588291220610330e-01
-1.311779703573597189e+00
3.805644216157588744e-03
-3.200071939506607954e-01
-9.112158511822863183e-01
-1.227013641768469165e+00
-5.221544193325253769e-01
-1.108184328860169821e+00
-1.876585476009463127e+00
-1.382572679877010158e+00
-3.016673607969425408e+00
5.306072104057923955e-01
-1.760354765029559232e-02
1.898566379487651723e+00
1.463865194919695467e+00
-1.529872730188848173e-01
-1.048538315749667715e+00
4.419707716482907944e-01
5.852802256156166560e-01
-6.714286544776089105e-01
-1.464078450784669805e+00
1.395009432854029008e+00
6.633284175526892312e-01
1.200310357147150064e+00
1.069593907412429434e+00
6.651177474836823533e-01
7.560194286657541118e-01
1.276115072291966079e+00
1.463076767522804689e+00
1.270544913628181671e+00
6.692371096394256202e-01
1.053844216939583633e+00
-1.267113814281279893e-01
9.851617737383332463e-01
-1.193121054706550499e+00
1.456608340096598564e+00
-5.420234389177444045e-01
-3.507941599490003171e-01
-2.432523933089307810e+00
-1.251913241746442917e+00
-2.609501603308415074e-01
-1.462179568890787262e+00
-8.896245618836147173e-01
-1.178990499374195977e+00
-5.244012009901646287e-01
-9.199824224018690044e-01
-1.624339145297682530e+00
-1.290362174795552708e+00
-1.333504604572381069e+00
-1.218645728406317463e+00
1.202685527096808205e+00
1.344273842036084687e+00
1.632759164615425362e+00
9.166314223877326528e-01
2.036525276514517202e+00
1.382132221743822109e+00
-1.104337402190467277e+00
-1.366189573286347603e+00
-2.053883164118714078e+00
-8.279719894323537277e-01
-1.374766841133349793e+00
-9.683214964964497184e-01
-1.889948169289579649e+00
-1.337334773299727608e+00
-1.324183745459384776e+00
-5.298535946888721648e-01
-3.542272328876578946e-01
1.503956974134350366e+00
9.397892176613026338e-01
2.246428666024875564e+00
3.197363073677428336e-01
-1.275166791131799426e+00
-7.457289517490729436e-01
-1.622428281380865478e+00
-8.215264378044577764e-01
-7.725832653267646899e-01
-1.550028139644290981e+00
-1.566402158746289075e+00
-6.678791428694700327e-01
-2.216609257277389666e+00
-2.352767940650176470e+00
-2.751326457779311507e+00
7.654503636793230648e-01
-1.089229978499037355e+00
-7.721943744281107858e-01
-5.502917049043996034e-01
-1.139308420142956413e+00
-1.626878635153442776e+00
-1.011330898554611668e+00
-3.247834192507323969e-01
-4.303340022129964471e-01
1.731868117452848521e+00
9.575134614447619041e-01
6.467166339654923934e-01
2.408598515632508708e+00
-6.117799186205972184e-01
-2.872572672911544167e-02
1.230988742409075298e+00
2.789007884480776411e-01
7.186719345683124649e-01
9.140600851860537501e-01
1.618010016446018051e+00
7.286182415195833206e-01
1.425582507828628165e+00
9.180451062771849413e-01
-6.647780766348412307e-01
2.375424613213250602e-02
-1.116438838999076477e+00
4.610866668908597532e-01
-1.000398699812948378e+00
-7.959061699841407655e-01
8.800614181616371878e-01
4.685712866934330645e-01
4.574233735375259347e-01
1.075709794994387680e+00
6.787902861681517352e-01
2.037893656281829724e+00
5.818049237918689887e-01
1.897503963664047166e+00
-1.938481978575021802e-01
6.944159089437849097e-01
5.127725376838503379e-01
-7.033654758100609250e-01
-1.464196813063764813e+00
-2.201520152413831699e-01
-1.787312007250803525e+00
-5.553238262230797417e-02
4.758724540145520265e-01
1.856726655516850899e+00
1.500861865947091145e+00
1.363286745059400840e+00
3.545378058665222376e+00
1.230022101829848502e-01
-4.698778003358352606e-01
1.024002109331631383e+00
6.035111015787995026e-01
1.556090599635869598e+00
5.271659763548299793e-01
3.854795448723163931e-01
1.152999601678097008e+00
1.089873760044145046e+00
1.696330114972854020e+00
7.857425732020973941e-01
1.370729377842278218e+00
1.662078473538060930e+00
1.522507199545782175e+00
-1.576966336108789335e+00
-1.464778195452945742e+00
-6.321557368575383418e-01
-1.557493700743862064e+00
-1.903045663867477089e+00
-1.407768234069374236e+00
-1.075324757065967640e+00
1.796062474208603987e-03
-8.788432563468194791e-01
-1.341849283449556784e+00
-1.864128608998516956e+00
-1.443675994147916697e+00
-2.524298477031848620e+00
-1.456487359694065287e+00
-2.484364287744575517e+00
1.315783351264622647e+00
4.956261681176640232e-01
5.887915659537439339e-01
1.203925601608330176e+00
1.245077833938317280e-01
-1.577816429428368528e+00
-2.910114628815771987e-01
-2.459556483416653894e-01
-8.790467538699999750e-01
-1.997351749214881789e+00
-1.018817527287578795e+00
-1.439797292659608985e+00
-1.641348782224790082e+00
-4.469729762617011826e-01
-3.454280880521876096e-02
1.604177604551987546e+00
1.574986395876624146e+00
-1.238422857304182223e-01
1.087013470783971369e+00
6.464372075113167249e-01
-7.594636065351032528e-01
-1.057381874244235131e+00
-1.517117824108400015e+00
4.152684563349302582e-01
-2.101511350209767759e+00
2.154595714748963609e+00
1.350299072035952008e+00
-5.885518620011997992e-01
1.071284501755722207e+00
8.018382204021721193e-01
7.560643396211633727e-01
1.530447060940908877e+00
4.960631008340196102e-01
-4.097621604645347304e-01
1.450168811212841691e+00
1.373091854944504142e+00
5.974971059812950180e-01
6.001040960930557056e-01
8.609339631139310001e-01
5.157023961186127936e-01
-1.142423225484496818e+00
-9.518064917506787737e-01
2.280334018128629125e-01
-1.578196558594652910e+00
-1.660441234780712261e+00
-2.600379592671389517e+00
-1.122048436677460570e+00
-2.261165610174405316e+00
-1.247826432529598240e+00
-9.780842418908132219e-01
1.596732402559331021e-01
-1.100930459432121200e-01
-2.099875995605007262e+00
-1.201024115503269929e+00
-5.026846450724424820e-01
1.683330867480855808e+00
9.682194524885816556e-01
7.067096480281842563e-01
3.089468673442261615e-01
1.418959885620872940e+00
7.801055400771335080e-01
-1.643639442008559381e+00
-2.403665222117707945e-01
-9.836509899415698532e-01
-2.685062237658686346e-02
7.681108673640104634e-01
-2.235253995044913289e+00
-7.446378885512181522e-01
-1.119603770987686264e+00
-2.188951287711405236e+00
2.189565616651953039e+00
1.181841249409601113e+00
1.661566985883500713e+00
5.830768272819908393e-01
1.167863722894077361e+00
-1.306077788815830365e-01
-1.595572388741952619e+00
-2.448588657167913851e-01
-1.505800171102467111e-01
-5.890640028674096751e-01
-1.971048481567506450e+00
-1.254869312982927143e+00
-2.110264808523100832e+00
-8.321335180220825745e-01
-4.823291509742427818e-01
-8.901955017988583130e-01
-5.351868801385203378e-01
-1.313047334073732308e+00
-1.370811837667904598e-01
2.152557802173582502e-02
-1.885639546372418263e+00
-1.890019545183447169e+00
-4.618876926111195047e-01
-1.485418509882969085e+00
-1.218258373928202687e+00
5.183047338125967851e-01
1.964832537173945681e+00
2.832040648348390199e+00
1.363914109965667087e+00
6.394287784942487285e-02
4.320005933088580941e-01
1.513511437660837622e+00
1.329907128099144797e+00
4.439539467995700095e-01
4.702075880504550387e-01
2.242957091120461932e+00
5.344065341254989887e-01
5.502969484671419442e-01
2.401464252359834628e+00
1.378885873773170623e+00
-8.287498951146105020e-01
-1.689612120964898878e+00
-5.703225970534262501e-01
-9.760714113367755518e-01
8.913108148082060644e-02
1.443239854966441138e+00
3.510071654233402061e-01
2.235780325983059758e+00
1.289624681377290250e+00
1.148238802291558613e+00
3.611801133563971034e-01
1.258250013550723967e+00
7.391001765285697411e-01
2.247262862310733134e+00
7.792486867998812405e-01
-1.740431260314893258e+00
1.101393295085991486e+00
-7.948069531583095149e-01
-3.463612487335665513e-01
5.635168514874184797e-01
4.214947930414634225e-01
1.763845113849457302e+00
2.274550794187082836e+00
1.399464870167301145e+00
1.022693918026563287e+00
-1.344037938786703190e+00
-8.354493067396158157e-01
-8.413322800389536615e-01
-1.092262072184633226e-01
-3.488545516209766717e-01
-9.993917233276360390e-01
-8.306010920629834926e-01
-4.863363300572393078e-01
-1.813389017761437572e-01
-3.047415882854004998e+00
-1.671875364689656251e+00
-1.577217251916755103e+00
-8.777965788925143897e-01
-3.394165625141681852e-01
-1.245353535193332029e+00
3.717291000960655234e-01
2.952208736147274859e-01
2.202459479011000365e+00
2.079064127134134132e+00
3.579971890068092133e-01
1.315830956316384359e+00
-4.663171257941995940e-01
2.416482429573538315e+00
2.799412070518902951e-02
-2.417665644546489467e-01
2.658718788886980544e+00
3.700783116488949309e-01
6.643836989034781482e-01
5.567451922003164855e-01
1.717148923357133317e+00
7.390793376322135622e-01
-1.416105491674736871e+00
-4.715368945168313397e-01
-7.603026868876578970e-01
-1.607156713244685786e+00
2.929392297799220390e-01
2.082727495171171839e+00
2.903121539899831127e-01
2.937931861494114116e-02
1.134178174856993904e+00
1.012357010990912798e+00
-1.460243887560896958e-02
8.375557128637454163e-01
2.226304762546270410e+00
2.495080562703368088e+00
-2.258364308991212432e+00
-8.864995125795794850e-01
-1.962499684447410742e+00
-1.944662042423751291e+00
-1.066720704497349903e+00
2.642386034659533589e+00
-9.881704683669751965e-01
2.465146051175046260e+00
1.130461952341462295e+00
2.315448665053053467e+00
9.390443781953180524e-01
9.481128572921481146e-01
1.666121145911084511e+00
7.057666804257922699e-01
1.493576311214097840e+00
-3.031351015294725393e-01
8.946950903056840598e-01
9.320403597753683655e-01
1.683111755675507748e+00
1.319874826880962360e+00
1.418442887995708945e+00
1.246991403868598747e+00
1.318709637088240294e+00
6.318061897163718132e-01
9.030961937850644494e-01
-7.404102901312252794e-01
-2.097749529780131628e+00
-1.295993471157456112e-01
-3.160884658660203517e-01
-1.124852407678365696e+00
-5.759750544239922165e-01
-1.947299345364911005e+00
-2.059342668898766604e+00
-1.087306178773959076e+00
-6.762787616534270407e-01
-8.044449724902686949e-01
3.373566184704026583e-01
-3.948191637886849792e-01
-1.888110100263333369e+00
-1.546162971229346539e+00
4.650484179846923194e-01
3.874897280991247417e-01
9.508987457420724487e-01
5.153868626088768945e-01
1.421995779817956773e+00
-1.026698181058268933e+00
-1.941886875452758954e+00
6.591823907841987129e-01
-1.138893805203041065e+00
-2.070946806772444582e+00
-6.973413752968675716e-01
-5.140616477836617015e-01
-2.264451841083438000e-01
-8.058114517585384107e-01
-2.589052737480691535e-01
1.251362525597451425e+00
1.226466620720672918e+00
5.817577350734500774e-01
8.664695648093920788e-01
1.833988514897991084e+00
-2.586744544672333612e-01
-1.040024684218888273e+00
-9.396029123628943935e-01
-5.950948562999716085e-01
-8.111744391816114730e-01
4.235030818295389965e-01
1.093149086409573645e+00
1.811759407773346098e+00
3.916497575823656430e-01
1.176636915686261720e+00
1.023788343642120457e+00
3.619699208046187611e-01
1.805595879511518786e+00
2.207072836715490816e+00
2.315624686535074694e+00
1.055611216293005583e+00
1.077211944929904908e+00
1.900454685127728638e+00
1.384684169763031880e+00
1.445030254090190702e+00
-2.248090965147406806e+00
-4.830108347653716550e-01
-3.706567273898018211e-01
-4.825204046176154726e-01
-5.068909804419230447e-02
-3.974267033372591573e-01
-1.036394915210260725e+00
1.603343220007158454e-01
-1.209647651500734611e+00
-1.082964341316109413e+00
-1.116047992006101941e+00
-2.569849528630062441e+00
-8.625779621404100483e-01
-1.263126463670454669e+00
-1.145041184779974852e+00
1.529272532197513357e+00
5.887963584431492592e-01
1.994206022261237887e+00
6.677202297021571642e-01
1.872657604161482636e+00
-3.600082550148033800e-01
-1.186338039546169565e+00
-3.048189420077533907e-01
-1.290787390972290227e+00
-4.986149529563802529e-01
-1.247285578823128516e+00
-1.246913944934608276e+00
-1.289674967921425663e+00
5.728084320085646830e-01
-4.281430700111981125e-01
1.913501925939131709e-01
8.257861715343871589e-01
1.295173740180673772e+00
1.016178927080130245e+00
8.144987153998433094e-01
-3.001659760607516159e+00
-1.272781140670302458e+00
-1.338836756361087010e+00
-2.869928525407274833e-01
-1.136530821776694733e+00
-9.969525200872403348e-01
-1.258917423440536254e+00
-1.886957739661964339e+00
-6.931627337415754431e-01
-1.171738062593549845e+00
-1.762486050608445209e+00
-2.839444924284857397e-01
2.868276763323889256e-01
-1.408634972298941079e+00
-1.608844135876186909e+00
-1.556509307123111974e+00
-1.890717543413068968e+00
-1.339848650094236149e+00
-6.840453241031696496e-01
-2.166319800790359906e+00
9.435845195133929497e-01
3.337094553945265663e-01
6.548289125163746505e-01
6.669333248694185867e-01
1.106373365493438898e+00
7.084641681514078915e-01
-7.504536650250668295e-01
1.508661425584473914e+00
-1.263511761569293679e-01
1.260176789106737250e+00
5.441604753976538866e-01
9.751850136963255977e-01
1.056575954449862742e+00
5.206980016745599293e-01
4.245979776098928182e-01
-1.617931924075504124e-01
-1.888725612172090118e+00
1.713221267047950747e-01
-6.350126825799595753e-01
-2.108196886690794081e-02
9.877965345351203963e-01
8.005377593742725173e-01
1.230429112502640532e+00
9.237752328789958778e-01
2.373498152368545000e-01
1.497899682851787428e+00
1.442333095007020116e-01
5.078362713308286480e-01
-3.375095369891718544e-01
6.097391409096264425e-02
-1.310129063644182246e+00
-1.873746317984164911e+00
-1.558314243929041609e+00
-1.410491970515793225e+00
-1.217394307997843761e+00
-3.599565322307407556e-02
2.284930941502690160e+00
1.945061441168977723e+00
1.614734729837583593e+00
5.135171705377111762e-01
1.744817539837201226e+00
6.372368287928867892e-01
1.020994039309253143e+00
6.505872558725258603e-01
-2.879570828806825578e-01
-1.393574447227867719e-01
1.039841940604198101e+00
1.384174304594341320e+00
9.709427298241658510e-01
-7.341440526302558389e-01
1.453712944181152711e+00
6.546472970410674996e-01
3.304505251257854326e-01
2.235794779336366389e+00
7.438417011047653293e-01
-2.531501360080182561e+00
-2.274163783657957350e+00
-2.085545710257770136e+00
-1.685298501531897752e+00
2.059593068016116746e-01
-1.883116457596411220e+00
-1.209013065017071398e+00
-9.324503242847428375e-01
-1.375975365138558226e+00
-3.888819361919703121e-01
-9.262046533567540596e-01
-7.897706086790645674e-01
-2.227103956567945353e+00
-2.539475130908119827e-01
-9.398038401039221501e-01
2.068614857072901714e+00
9.077118071736822724e-01
4.163162750851875371e-01
3.199270871696633378e-01
1.126588165382875317e+00
-6.668041470942681626e-01
-5.686755087703916356e-01
-6.581666608236018678e-01
3.244895163085335099e-01
-1.099418950603951561e+00
-1.671950494463932957e+00
-1.593224257025689816e+00
-2.496895998141472894e-01
-1.312164175584750847e+00
-1.567274171315509612e+00
4.514871656322889670e-01
1.752711012298359794e+00
2.400816165571364458e+00
3.198311788391555721e-01
5.113713405244881827e-01
-1.030797048260639226e+00
-1.247780157802452994e+00
-1.049998674275341326e+00
1.912641458831572105e-01
-1.343545715464544044e+00
-1.140804341959591239e+00
-6.594469324063576554e-01
-1.209313441755552443e+00
-9.295239386085119015e-02
-8.037567439361068544e-01
-1.427720996429520550e+00
-8.592734285947589701e-01
-5.413063296433668903e-01
-1.755414671369406321e-01
-4.102506147779441115e-01
-1.476328219354636095e+00
-9.697644643866029091e-01
-1.498577851906816694e+00
2.745117057196821975e-03
-1.665662910752319981e+00
9.897181157071086588e-01
-5.160102514662225914e-01
1.918258178248308798e+00
4.767006569116275516e-01
5.566157658152097731e-01
6.416019823428937841e-01
5.126596449444573711e-01
1.193509565556189589e+00
1.287087534669958400e+00
1.241458798920903606e-01
9.712492651597772753e-01
1.251380163210472851e+00
4.625726842432789088e-01
1.063400423459938349e+00
3.935035402783999547e-01
-1.327211277190397443e+00
-6.276692966213768266e-01
-1.437572979610525215e-01
-1.195541303783729470e+00
-1.198809976277089850e-01
1.396175586365135057e+00
1.726751350888421577e+00
2.614401365482174278e+00
1.130959027885327650e-01
6.767519668690900048e-01
1.322882224617669022e+00
1.480306797126704321e+00
1.400501961054789302e+00
4.922373544941297530e-01
8.034005180045402650e-01
-2.641647801765569348e+00
-7.011299767621061996e-01
-1.772543560405297924e+00
7.760694182387473106e-02
-1.765458223481395361e+00
7.114497083819841805e-01
1.625511599420914166e+00
1.395751416733156836e+00
-2.974743732478142277e-01
1.668001522550021098e-01
-1.644787013753013172e+00
8.733994588859217423e-02
-1.157950706645880068e+00
-1.349178310627449973e+00
-1.433219022258317654e+00
-4.787313973340665552e-01
-6.795519396614606578e-01
-6.417568121251605584e-01
-1.645072653594107148e+00
-9.506745845738076017e-01
-1.918957929284756947e+00
-2.642218554876049064e-01
-2.724892630212768507e-01
-4.345871162834291646e-01
3.742287480396937482e-01
5.754799166597139859e-01
1.803012756410814710e+00
1.178280962810675403e+00
9.290820742928503906e-01
4.474565604104259187e-01
1.383150638787976172e+00
4.907764557505523983e-01
7.961534961708417457e-01
1.550656199199908158e+00
1.493555176384368854e+00
1.167383381591728053e+00
9.538924204409497953e-01
2.928191745460804185e-01
-4.376931081213950581e-01
6.965601353721352362e-01
-5.808938534280144728e-01
9.004158230297432119e-02
-1.600850684843905247e+00
-2.422241907908237124e+00
-1.981353255404306513e+00
7.288476893722772854e-01
2.497959046547519879e+00
8.385581383255348298e-01
1.541261068708128512e-01
7.912565785149718867e-01
1.699835727492348791e+00
1.294830066802475255e+00
3.270266864743174295e-01
6.734918373438443240e-01
8.793793880543196995e-01
-2.144190632403296881e+00
-2.376056703882198029e+00
-1.609234874166892038e+00
-1.167488887414912746e+00
-1.060720717280192460e-01
1.076387867187943659e+00
8.267984723608456932e-01
9.691055477030902088e-01
1.174508085418600523e+00
1.913475932232235222e+00
1.272146330795853153e+00
7.576038679303586099e-01
2.673961853492980545e+00
2.017868161921429593e+00
1.732815233675502054e+00
1.232570776154308989e+00
2.076535940468049901e+00
1.251595117020198433e+00
1.435053922563601203e+00
8.940729370438007528e-01
6.534127536394680469e-01
2.197112412138101600e+00
1.218101232685977253e+00
8.154399239299885416e-01
1.449371290512443178e+00
-1.843147432045473266e+00
-1.548129230274383650e+00
-2.129406319887224619e+00
5.020332590124292338e-01
-1.331495346117774314e+00
-1.913328638622472599e+00
-1.919217666731241057e-01
-7.974908705440956203e-01
-4.833656969328928854e-01
-5.862960652193662803e-01
-6.943209696538559239e-01
-8.179309900211015893e-01
-1.258542037907264932e+00
-1.088927013308576441e+00
-1.172787715471061532e+00
1.133732826206526267e+00
6.720140250352285571e-01
1.622699693862848846e+00
2.180828376739659458e+00
1.710265481529060105e+00
-3.268163842517203266e-01
-4.658207561945132413e-01
-1.782022874317248373e-01
-1.112652734460339854e+00
-2.163490052085505155e+00
-2.505711393093426054e-01
-9.218065078012357416e-01
1.780331852901289036e-01
-1.134845218539254352e+00
-7.331541491311355241e-01
1.550002690951241657e+00
1.144893019688453251e+00
1.157619521533582274e+00
7.070825259180446576e-01
9.009310717601171081e-01
-1.052337020876271678e+00
-2.997381513718484491e+00
-1.403055863048004559e+00
-1.368073492207566133e+00
-1.807926481055692314e+00
-9.601179859578504727e-01
-1.697441546824354219e-01
-1.889373456163685017e+00
1.822440087703214306e-01
-1.642954677887984882e+00
-7.858880473132159317e-01
-7.480901350266179195e-01
-1.332247925734791227e+00
1.707379715750654281e-01
-7.303259057951549948e-01
-8.773920563929004102e-01
-1.405732985484094755e+00
-5.077968560027150691e-01
-1.096730384573328054e+00
-1.704009594698056240e+00
2.577891998894095149e-01
2.235362319636034378e+00
1.207387815076824245e+00
1.322277743502517255e+00
6.317181205756698947e-01
5.595336366409621176e-01
3.662133705132079031e-01
1.215835067571199080e+00
1.209474917955177808e+00
8.142234446640562728e-01
6.208738263770521293e-01
9.244324169319352302e-01
1.654302319239512542e+00
1.330298341753819003e+00
1.039544832477359293e-01
-1.741443738214985437e+00
-1.440660992261909357e+00
-2.061834927248043403e+00
-6.466856553220867720e-02
-1.170246050147573769e+00
7.509201327730512521e-01
7.877821520168277747e-01
3.076178943138885291e-01
1.349022397577249510e+00
1.218651244995128557e+00
4.629257220348578228e-01
-6.735678663848232439e-01
1.241486026592639069e+00
1.772907756890840680e+00
-9.337101663533897700e-02
-1.264671519795712573e-01
-8.936470701967840213e-01
-1.482516562926197823e+00
-2.014243689144080696e-01
-2.370672927952846454e+00
1.360942777917576674e+00
1.486125616547476103e+00
1.565227271935881959e+00
4.499338122254505912e-01
2.759788298440479792e+00
9.410430947699982562e-01
1.794019733953647444e+00
1.680438968788073861e+00
2.041021971671863611e+00
-2.335960231661131647e-01
4.763653147396056386e-01
2.084671035001346873e+00
9.991138563419486029e-01
1.245126416440373252e+00
8.741401626147312642e-01
1.227498051947961022e+00
1.649430017841083451e+00
1.955720337772045569e+00
5.866774470171052247e-01
1.224352290667028553e+00
-1.740665638030982176e+00
2.560385027512790401e-02
-1.082192291277690677e+00
1.181731902868410344e-02
-1.683859536599182860e+00
-9.508635147086644812e-01
-1.565570438635439210e+00
-5.980964640668765542e-01
-6.072277042288742877e-03
-1.516230373423500977e+00
-1.592969059738490234e+00
-8.341809364732942766e-01
-3.784521134101195283e-01
4.622088439771743218e-01
-1.722814587154962496e+00
3.434922341400217238e-01
1.467185377261811752e+00
2.887659321552455971e-01
2.272046289569320532e-01
2.110336747650808142e+00
-6.178369074265104288e-01
-1.680796158360182702e+00
-8.784329369673422594e-01
-6.669052516642794970e-01
-1.688889878205723338e+00
-1.255680401691712245e+00
-6.031003357187670888e-01
-2.708529027437871939e+00
-2.455286473441178785e+00
-8.907970399943349049e-01
1.136928620782909016e+00
1.248129007762248222e+00
1.591437765708687557e+00
1.362700196358656690e+00
8.015348866554101726e-01
-1.644182038732654672e+00
4.833388841881072207e-01
9.980686265913396582e-02
-1.035806145238504339e+00
-1.383107309357526571e+00
4.290427824825838732e-01
9.191028130451974754e-01
1.879513714213900899e+00
5.980457401284628993e-01
2.003597540678698330e+00
1.357633290607179077e+00
8.634128793110535938e-01
2.494533911179138919e+00
2.837975218946271916e+00
2.122212909015067872e+00
1.879926787120045351e+00
1.445186936074665196e+00
8.916655074569792561e-01
2.242907714843433986e+00
2.250926151884492299e+00
-1.922923962029417844e+00
-1.560851281677138713e+00
-9.204489920907861222e-01
-4.335265207904356322e-01
-1.745006076273418749e+00
-1.163466731205842430e+00
-9.060266480590569715e-01
-1.111162349762081725e+00
-2.190817286370795536e+00
2.327652303682412605e-01
5.967089315744034117e-01
-9.100232841247043458e-01
-1.733160400163107795e+00
-7.181430690746846146e-01
-9.416844122210963342e-01
2.399236075867304585e+00
8.645156334437316126e-01
1.180526596206264101e+00
1.412661124673681323e+00
1.392600847777918371e+00
-2.116414274972096443e+00
-7.731073447027158041e-01
-9.921678029912820440e-01
-1.553415643969979332e+00
-9.469662187373146800e-01
-1.327635749654058728e+00
-2.070099294410323143e+00
-7.197871244108355882e-01
-5.443361451142800789e-01
-3.610342434652200616e-01
1.537222550493926088e+00
1.010191300223006738e+00
1.644612048876155530e+00
9.249276062353078975e-01
3.363117534731848712e-01
-1.085139177943106548e+00
-1.215531333002567438e-01
-1.013201413687665697e+00
5.319969819767367269e-02
-9.010528666628918604e-01
-3.746314401389456705e-01
-4.869473413216230950e-01
-1.895584838025768271e+00
-1.302102617081614788e+00
1.732159007776523652e-02
-6.328775318263712979e-01
-1.295934703532468646e+00
-1.067671481895353436e+00
-1.379552486113025278e+00
-1.077644553219069268e+00
-4.411140672918467676e-01
-1.980693191520555896e+00
-1.668100095810198358e+00
5.891868471432593068e-02
-1.814699048453085162e+00
1.700267756010425568e+00
1.148396478577130120e+00
2.928654808382725738e-01
7.740432953515656855e-01
1.240899057770431080e+00
2.761402093390574741e-02
8.635673873222822206e-01
2.338180073900184563e-01
9.417263835511735515e-01
8.034891860094379723e-01
1.861258856822280094e+00
1.503785804744441457e+00
1.332022135827323428e+00
5.729931874344382781e-01
4.741375640988638729e-01
-1.168570063912194312e+00
-8.432391042617395360e-01
-1.092152534735533198e+00
-1.722557171399709652e+00
-2.159995984135021807e+00
1.421851405592645445e+00
8.622890466287475020e-01
1.995910284508995103e+00
2.356636123946851402e+00
3.675257513873784188e-01
4.140914231989767380e-01
8.370303981435949225e-01
1.462621121397204238e+00
-7.325324897902962817e-02
1.177500273425517996e-01
-1.143228178635072201e+00
-4.120738859489717631e-01
-2.019811151038237274e+00
-1.062187174670230716e+00
-9.123965585226297970e-01
3.503053538274707446e-01
1.427542525639245774e+00
8.284768085477204336e-01
1.326687977412564168e+00
9.251532196291414323e-01
2.173392651946980614e+00
7.980679722141659216e-01
2.153302814490421380e+00
1.610777563589704808e-01
1.127948774661917009e+00
1.655757072227602267e+00
1.109790911261864466e+00
2.494301731504191544e+00
1.449610471437974946e+00
9.924870688492173354e-01
1.198089603232553202e+00
1.118008048695287471e+00
4.846111600883070691e-01
8.232073514878464060e-01
7.819875311450925626e-01
-6.766344182976249400e-01
9.449541036784592229e-02
-2.095644278853430187e+00
-5.033920392837942792e-01
-1.493736046182918553e+00
3.776571263608863305e-02
-1.890014868433394390e+00
-1.618249546785176740e+00
-6.930537409985098041e-01
-5.523331544575356133e-01
-9.104500325070415956e-01
-7.939360165208519948e-01
-1.202307433287562732e+00
-8.058428226844587261e-01
-4.899121990769652601e-01
1.966317781747998206e+00
1.430336451964251410e+00
7.912843337299337865e-01
2.427068312434627062e-01
1.088808237824036018e+00
4.804618388636261450e-02
-1.185406696280261185e-01
-1.954930017386319330e-01
-7.728040728141323257e-01
-5.334993397393662518e-01
-1.187872806892176225e+00
-2.136429484801150469e+00
-1.358593724797719116e+00
-1.077717328966532717e+00
-5.973848307767251065e-01
8.451284039045172669e-01
1.963206877475122791e+00
1.188819419056095006e+00
5.628781789732217877e-01
2.222968016064015728e+00
-5.418749314712039133e-01
-3.708639978845713614e-01
-4.132726406832623045e-01
1.679246212460627774e-02
-5.729091802992002380e-01
1.329577323760242624e+00
1.017312455995659892e+00
1.315583433191126472e+00
1.662794904048688460e+00
1.846987233468937228e+00
1.413566743056698716e+00
-1.456509777545067497e-01
2.059816812499849270e+00
3.644716066669674293e-01
1.076140989757505828e+00
-6.863355648415048194e-02
2.769438548738540895e-01
7.513781480627765852e-01
5.762276707130605802e-01
1.791085289310008877e+00
-5.817745753243172002e-01
3.058410373797131321e-01
-1.500192678048184902e+00
-1.388796403818677305e-01
-1.980431164411101674e+00
-1.143559957674868066e+00
-1.053393286435002629e+00
-6.431105196252566714e-01
-2.847652217092088156e-01
-2.157704019420840780e+00
-1.243592868529388440e+00
-3.959668399439291164e-01
2.188182077918343627e-01
2.206408576122276255e-01
-2.083020183603284892e+00
1.888093569306512620e-01
7.460424720914754504e-01
1.411236505674450470e+00
3.459536352658518776e-01
9.524818631463072283e-01
-8.470571433555001972e-01
-1.702389561532929196e+00
-1.623982825048074563e+00
-2.021346160850317375e+00
-2.200467690718996838e-01
-2.113189750927426225e+00
-1.763035058313535686e+00
-4.734372967343797312e-01
-2.291863948765034298e+00
2.032048768124519178e-01
-1.129192519284620833e-01
1.928106438174224557e+00
-6.915458150093014567e-01
2.717569063182014855e-01
2.443111393029375300e+00
-1.061687472059545723e+00
-1.399429081841990774e+00
-3.814544416424826556e-01
-1.234164761308138569e+00
-3.741190082578194076e-01
2.785980287346059292e-01
-1.794455454503810943e+00
-1.196841042422169821e+00
-4.692614513031131418e-01
-1.035466270545302159e+00
-7.144311138876755507e-01
-2.048063184333122067e-01
-1.508867996643677101e+00
-1.696746172313370327e+00
3.610945213335354786e-01
-6.947213661221036674e-01
-1.723551313353497871e+00
-4.720057645776803978e-01
-1.107153695166242624e+00
-7.598746363622362887e-01
1.182918701102964709e+00
1.706022600597436600e+00
8.746793479405672311e-01
2.150657065060401330e+00
1.898469255682885715e+00
5.212992277213676084e-01
9.617775350327912864e-01
-1.131401281026143124e-01
-3.304111686916884061e-01
1.621234205005026574e+00
6.660262222775988894e-01
2.439806342320762766e+00
1.246198645482331946e+00
2.626389310121807874e+00
6.324062455861989562e-02
-4.807478584138100697e-01
-6.121914503325321943e-01
-1.430998479441848437e+00
-1.626806977733256554e+00
-1.761718565261456426e+00
2.690326199792231865e+00
8.325746230096501277e-01
1.639399973049554760e+00
-2.188289777811580628e-01
9.936765426704973203e-01
-1.006476477140345605e+00
1.029883074229320794e-01
2.710667836049679202e+00
-1.312539566189938611e-01
6.253980340361584567e-01
-2.532429520612205387e+00
-2.524837082213716721e-01
-1.043905169633013053e+00
-1.605409719819338443e+00
-1.340571951320869148e+00
2.332695998061418585e+00
-1.538078505280979780e-01
1.807607006895867618e+00
-2.660133993966442567e-01
9.817312953543472220e-01
8.013757162631442998e-01
7.864879874234564916e-01
1.033806328764228954e+00
8.773978140538321036e-01
2.183689148322856433e+00
1.542796269125690234e+00
3.390531784147499117e-03
1.040404929178324833e+00
1.041139768572091784e+00
1.087375051442639462e+00
5.783637190525827698e-01
9.142914042448512246e-01
3.031378920826294232e-01
1.549969351493818648e+00
7.803791398971475779e-01
-5.684435298946919346e-01
9.165241921324511765e-01
-2.317694550127844533e-01
-1.658589226538786709e+00
-2.753803775436506340e-01
-1.132316990574817162e+00
1.565470973604448091e-01
-1.045762858632115044e+00
-1.870652829846230603e+00
1.942256181460071396e-01
-1.001345450118699576e+00
-1.520621829595438790e-01
-9.709342799308934291e-01
-6.790955508657658957e-01
-9.542652326013500996e-01
5.562153085154663001e-01
4.543170560791367496e-01
2.656503783052881484e-01
5.505476485885629767e-01
1.678916161185216582e-01
-1.452792170485080581e+00
-7.352276424201166227e-01
-2.017204833247211671e+00
-1.136179868265678072e+00
-1.264641543901153797e+00
-9.499278389692158431e-01
-1.437357375740686116e+00
6.085214603433377611e-01
-6.328308402336318972e-01
-7.348356116110973391e-01
3.228591072670310425e-01
8.960913447580040048e-01
1.156778738749443036e+00
-4.452829817259116307e-01
1.704322959142352323e+00
-7.765927482413242933e-01
-8.166502518510755371e-01
-1.674528294729032307e+00
-5.382250656116478460e-01
-1.589012831937319348e+00
