-4.197758085415436158e-01
-7.749026651803979648e-01
6.104029670812576303e-01
6.128090945377526744e-01
-1.394206920001084482e+00
-1.921486813662731219e+00
9.579034251242068976e-03
-1.794448629382675575e+00
-1.366870504673334263e+00
3.832888697888083840e-01
-2.664078281580435359e+00
-3.869491570341833109e-01
-1.155938419721707300e+00
-1.309207421723448839e+00
-1.501805930622567509e+00
8.293025561860370987e-01
1.221049439822038618e+00
1.395564278534468183e+00
9.854752149877993306e-01
-2.767484516414269180e-01
1.494589788581408785e+00
2.032024793686940445e+00
3.391849945704273894e-01
1.133473931187860551e+00
3.886836368109709561e-01
7.970221338000680333e-01
8.930181144314861541e-01
1.180906998512258888e-01
4.130942637946900531e-01
1.314596146995074433e+00
-1.926190634299857152e+00
-2.187259663232741680e+00
-1.110169332023559718e+00
-1.287515548001343157e+00
-2.255485542776366259e+00
1.999746604215883572e+00
1.081519086030356069e+00
1.022470432081177050e+00
1.602111981068405910e+00
1.227450774007925016e+00
7.825174485023251858e-01
8.375511175396732622e-01
-6.267167575289489534e-02
9.350600941715814240e-01
1.307499639003764536e+00
3.318059758595073294e-01
-2.156853921055156498e+00
3.203845062197192561e-01
-2.269341814096319077e+00
-1.046648368104935667e+00
1.787993410241698999e+00
6.692543467555511771e-01
9.724398638029565500e-01
7.519191507259286311e-01
1.148586637998935123e-01
-9.785155409598680354e-01
7.197853909979601283e-02
2.687797663950464155e-02
1.504581487425507014e+00
1.505119684197574692e+00
1.670358572246218642e+00
9.454169500106710533e-01
4.471222917333196323e-01
-1.542001486533075560e-01
5.674032513405088407e-01
5.959592305644448862e-01
4.547280574669813058e-01
5.206548326370925572e-01
1.502204301271526710e+00
1.018070919635421401e+00
-7.436299150373391065e-01
-1.822835931043840230e+00
-1.908183510146406192e+00
-3.690584527765844447e-01
-2.578763602863508586e-01
-2.767814610839838263e-01
-6.734909836415995388e-01
-2.694838750800633287e-01
2.931988328959187484e-01
-1.768832834250160246e+00
-2.420737165799565993e+00
-1.101051866044582273e+00
-4.734243737546216524e-01
-5.585895947026995323e-01
-1.065258764782219814e+00
2.550159687142537379e+00
4.963629187067503112e-01
1.145986581069785792e+00
1.640227360821909341e+00
1.124404500859615297e+00
-8.084907089234039113e-02
-4.345959435561275175e-01
-1.506737070044211313e+00
-1.410737896080060061e+00
-1.427045876946887670e+00
2.331226665544701149e-01
-1.086456026074958281e+00
-3.268058014521012300e+00
-4.583906477158057324e-01
-2.111933843856237836e+00
1.642847394851350451e+00
9.587654024587236590e-01
8.936619031248240752e-01
4.583518307531592173e-01
-8.264094812102147358e-01
-3.049416311464806517e-01
-2.135008674928681849e+00
-3.286757693689298376e-01
-6.695228731463622740e-01
-2.283069337471716143e+00
2.310626678187800431e-01
6.262170359752128324e-01
1.971533087085792779e+00
1.058945897009315074e+00
-6.710590946177779070e-01
8.330695403454234649e-01
4.774407952640657982e-02
2.861971608847685644e+00
5.582209272615026308e-01
5.100218725112120044e-01
9.866756069220387060e-01
7.576817373045567905e-01
9.988250218343677211e-01
1.172167652685422112e+00
9.897506707979465412e-01
-8.545680614649190376e-01
-7.277571363302929308e-01
-1.036282215175399202e-02
-2.752734358334942844e-01
-1.506234185316491780e-01
-1.206315920487107229e+00
-2.402554266664004956e+00
-1.806204032174026475e+00
-1.098781706788593437e+00
-1.767731284278885928e+00
-2.120431449767134602e+00
-1.038937528069345806e+00
-1.494914336189960835e+00
2.077160272212525971e-01
-5.381298117926303082e-02
-4.705681314246201730e-02
1.622649953956902591e+00
1.437656476698118135e+00
3.202593328935554151e+00
1.794223199438679028e+00
-9.260078121645088922e-01
-5.374377866158990269e-01
-1.381843592962347378e-01
-1.315915211831473641e+00
-3.268181211440200240e+00
-2.011137727740130998e+00
-1.598298583402973705e+00
-1.015390371202083530e+00
-6.354032279042820530e-02
-2.287823149586385885e+00
5.332297801955818706e-01
1.527526733568991490e+00
2.284917821398813498e+00
5.874666190136477173e-01
3.567881899751602637e-01
8.196216985712445613e-02
-9.468206152577189894e-01
-3.733474143545297830e-01
-9.055328112144389596e-01
-7.139434053775437494e-01
-1.389461325141471582e+00
-2.129064190278369573e+00
-2.581040823573137466e+00
-2.141332611801738395e-01
-8.227989367322632308e-01
-1.572132274878229152e+00
-9.104459951104011406e-01
7.339471334186264961e-02
-5.438650048841986440e-01
-1.618047580867288060e+00
-6.309728309361947174e-01
-6.181879591223632398e-01
-2.111154250056911597e+00
-1.457398279458488322e+00
-1.470134286175295957e+00
7.581904627029728561e-01
8.775308374335251127e-01
1.976895800179331975e+00
1.011773541721235459e+00
1.117928650653869482e+00
1.412768264776326221e+00
-5.595433443783992544e-03
3.424135002734964850e-01
7.457819285894593531e-01
-5.718527095627965462e-01
2.266262946095470632e+00
2.894397351387625328e+00
8.032159498389052077e-01
3.959920961332866751e-01
7.781707673902144018e-01
-3.267957352958729356e+00
-6.145101000979809047e-01
-1.404984824594500026e+00
-3.528131038524650043e-01
-1.729708491767201206e-01
-7.360832860853605553e-01
7.200057951318927785e-02
9.174245606805491171e-01
2.062330461997156306e+00
2.503349576155763145e+00
4.267453142781273412e-01
1.896398215763404949e+00
3.769927892918003565e-01
1.747068005643583444e+00
3.681641094001025794e-01
-9.892315822396852143e-01
7.262542766617863244e-02
1.747478169076792653e-01
-3.469519702878850476e-01
3.212582024841528217e-01
8.060811142006527596e-01
1.058559219960821363e+00
6.023417589050832355e-01
1.074677339846697555e+00
1.511118355470632668e+00
-3.346124220233357427e-01
6.554336590854477063e-01
-1.788073002540215395e+00
-9.508977597741029575e-01
-1.004023918492558121e+00
-5.261373284137524919e-01
-2.701417454928869866e+00
-2.149495106920500387e+00
-1.706332982904565254e+00
-9.513324982181108336e-01
-4.371095463250925794e-01
-1.739207593201782753e+00
-2.425798502535680967e-01
-1.079826368052195118e+00
-1.067646748715604055e+00
1.474875461369993701e+00
8.100145199259323192e-01
1.411963988500362088e+00
8.945530033034931883e-01
1.094710435023838135e+00
1.211254311395035588e+00
1.329248009732804992e+00
2.065654312373316426e+00
1.558278433300003929e+00
9.602257244032580408e-01
5.773583496968723860e-01
3.465960735989035424e-01
5.929063577596669354e-01
9.035067535895615620e-01
7.218167208611659946e-01
-9.948309517057204454e-01
3.380425037559620094e-01
2.259998609533366842e-01
-4.775453107650468043e-01
-1.360568093662935407e+00
3.782608354813872253e-01
2.240657233529825376e+00
1.673242792787306144e+00
1.721919035041816759e+00
1.029073438460914591e+00
1.334647029354464554e+00
1.123833556998772076e+00
1.132811142348279398e+00
1.113600425894571533e+00
4.097752183227086897e-01
-1.832836993445481122e+00
-2.100352218260814752e-01
4.290026323400075725e-02
-1.226797392373196294e+00
-2.148731818504383995e+00
-8.263141618230589458e-01
1.320947116446571812e+00
1.114847650447736260e+00
1.840946674891445589e+00
4.374023582270863963e-01
-1.624356595146798643e+00
2.829958622257118250e-01
-3.883750193133086448e-01
-2.914307744308226589e+00
-1.703457764233104355e+00
-8.002178281940264259e-01
-9.358512294290139977e-01
-1.757248087609748932e+00
-2.037011747497687431e+00
-2.204416648378180188e-01
-3.092663083907826183e-01
-1.838042784036876487e+00
-1.209400817957245744e+00
-2.319492089045523286e+00
-1.865236907132070687e+00
9.561878515585051641e-01
2.034277129341921952e+00
2.437898112252762317e+00
3.493380868872760781e-01
1.061614605519241694e+00
1.515121514145780335e+00
1.410732642178405438e+00
1.547788004679396590e+00
1.599988530590327418e+00
1.218078900089876404e+00
6.374602965566043000e-01
1.286729253733762235e+00
9.698124955894981136e-01
-3.164749602535290585e-01
-3.339725630242911247e-01
-1.152992315368478238e+00
-2.610223344930573397e-01
-2.203750379896441736e+00
-1.887568433753263442e+00
-1.072849403221547204e+00
1.111771329439885658e+00
2.883999169770840032e-01
2.521277383675589512e+00
1.828295873850508180e+00
2.666216368872120768e+00
2.023009966825703998e+00
-2.642714162453696503e-01
-4.481498156648580089e-01
5.538778945047062585e-01
1.218722895960528074e+00
-1.612788181350757633e+00
-1.252426734269433961e+00
5.447115142223968309e-01
-1.941198471127422831e+00
-6.608477407185892050e-01
9.567144008608667871e-01
2.435316978144053124e+00
1.148494188166127028e+00
1.152850874856407248e+00
5.743506069951369586e-01
-1.654677552384651751e+00
-8.098706660760496279e-01
-1.526960172562222384e+00
-1.747096277546075882e+00
-1.122110626223534302e+00
-2.619308378283646821e-01
-1.150830167899550727e+00
-1.704316777744072642e+00
-1.812982422835856200e+00
-1.526973694505611601e+00
-8.282116460295654292e-01
-5.351633471804191355e-01
-7.883807102554092339e-01
-1.016456839913516097e+00
-9.599634137225622199e-01
6.678698025607794353e-01
1.066627137458779906e+00
-4.419733011082449536e-03
1.482687528233141983e+00
-3.253811215944713009e-01
2.152443311782508140e+00
2.239248454412005707e+00
3.450436337532671871e-01
2.333996966202963819e+00
-2.483548879832471190e-01
6.151674756066949357e-01
7.485327535514636477e-01
1.399630689055942900e+00
8.074044585581796607e-01
-6.393129539871347244e-01
-3.803591160725432463e-01
-9.074353509549917263e-01
-8.631837020394442783e-01
-2.434730479948416626e+00
-1.451608947166479702e+00
2.083908100468933711e+00
3.365496004018642573e+00
4.142716322105469695e-01
1.314860929822533997e+00
7.700079644740465135e-02
2.606629554208540700e+00
1.476318311407890604e+00
1.037700842217971431e+00
2.083057364851933713e+00
1.874996261882059034e+00
-1.793772515520154931e+00
-8.659100413045590638e-01
-4.531023772767360791e-01
-9.130217036946179920e-01
-9.508423355597650506e-01
4.342124633796716759e-01
9.417825983615462082e-01
1.318096261485012910e+00
1.389255217275316534e+00
1.278891637349079069e+00
1.717127114334665805e+00
5.311300105644201075e-01
1.127270867912026686e+00
-1.511457012074053363e-01
5.242643036402285794e-01
1.795273211230336230e+00
2.348415075002908026e+00
1.413699841043533301e+00
8.524216419686176938e-01
9.941934157183776044e-01
1.898323778830707020e+00
2.175210713743150670e+00
7.397297756498775190e-01
1.394357733560848800e+00
2.038168585346434858e-01
-8.948655696200383813e-01
-3.368863814847697924e-01
-1.083059148704603736e+00
-1.629983324124278488e+00
1.104303781901547321e+00
-1.038338571467021021e+00
1.990560628706330437e-01
-1.201504543635270039e+00
-9.685146870825778187e-01
-1.049289653692489832e+00
-1.518900872270565694e+00
-1.653496479863977076e+00
-3.891731694858691082e-01
-6.836283905499548341e-01
-6.906606188085187004e-01
4.475096437151309114e-01
2.349859681397116429e+00
4.315127851097343425e-01
4.820768539190707358e-01
1.902664241846496296e+00
1.546869691828352433e+00
-1.127380527778482078e+00
-1.612433821885450591e-01
-1.023342487206764906e+00
-6.073958814619890845e-01
-2.483608945154057501e+00
-1.766755434102522226e+00
-5.473673800774945253e-01
-1.176495912321867454e+00
-1.556308668848916499e+00
1.362135906273737262e+00
1.086614135892953303e+00
3.086804795477163799e-01
1.619628252363438436e+00
2.669877689435442125e+00
-7.638260809300470022e-01
-1.598726806909173792e+00
-1.568690569758647069e+00
-9.723254727378571882e-01
-1.837770146302140972e+00
-2.026568959374229539e+00
-1.112550013398998727e+00
-1.515380734969992371e+00
2.502971084255714018e-01
-1.359237521759387946e+00
-5.755467860210314868e-01
-7.350011471435839994e-01
-6.896283138991861072e-01
-1.767035102920946787e+00
-2.118894446393172259e+00
6.073985633904390724e-01
-5.825195795190849513e-01
4.797472156694930767e-01
-1.808944969592443996e+00
-3.720457730740908131e-01
1.937367984122696729e+00
2.145022679286234801e+00
2.173722999272861500e+00
5.801666285749575991e-01
6.285017678722046863e-01
1.087720688871886443e+00
1.914255924617385585e+00
1.761886398006971888e+00
5.645333579900666532e-01
9.092107551075679917e-01
7.608306097570440851e-01
8.117849061864708116e-01
6.856592430021790641e-03
6.412427228753002639e-01
1.458731704256582384e+00
-2.125357582333045059e-01
-1.026604718695888430e+00
-2.395860206337398601e+00
-3.677426766810399927e-01
-1.284261055946538388e-01
8.256025835032663185e-01
1.722481030534634527e+00
2.508174419883421713e+00
1.056651360351800406e+00
1.315116590215976045e+00
5.324518531053734627e-01
1.562419700012251722e+00
2.975564139444405454e-01
1.287309242145518784e+00
1.243235153903832435e+00
-6.283102324625229329e-01
-8.218833337738179479e-01
-1.700543173544836417e+00
-1.665076635916874936e+00
-6.250045099653579461e-01
1.246813581803389859e+00
8.300184161904200497e-01
1.316510455978209260e+00
-1.731068606162231571e-01
1.052467418082225770e-01
1.237823133902830497e+00
1.671782184996743581e+00
2.750638016957238641e-01
2.495897301630903176e+00
8.052251047994659627e-01
1.345866459357394795e+00
1.703172559652623042e+00
9.600075896924329388e-01
-1.482687189602331923e-01
9.137764728903805533e-01
1.018052716160256388e+00
-1.276330663149247702e-01
9.873731531207582401e-01
1.036968443224264069e+00
1.270057009607710619e+00
-2.821040827806410967e+00
-1.075650997776268492e+00
-2.063415483382599724e+00
-1.294689556664350594e+00
-1.331344955743868574e+00
-1.300065284136628030e+00
-7.266634365387372174e-01
-1.648707843764512848e+00
-2.646021508044011483e+00
-1.056822204170006829e+00
-5.082698898384746533e-01
-2.393103683183670505e+00
-1.665228136649090640e+00
-8.546603707923019488e-01
1.121714074099489089e-01
1.928646911893101557e+00
7.230164370679348362e-01
1.379724600838410087e+00
1.809238655465918777e+00
1.411589402376472346e+00
-9.896858099142364917e-01
-1.655439502167710852e+00
1.010722109935994872e+00
-6.562675370057224900e-02
-1.973997414195601374e+00
-9.741108546122125844e-01
-1.219777611562052000e+00
-4.558434003470392959e-01
-1.200928374700125145e+00
-1.618830831026876638e+00
1.573728802347889477e+00
1.348972343583665801e+00
1.330723650985170980e+00
7.083978101569028407e-01
5.772094706522197249e-01
-1.028590943646982003e-01
-8.415525375588276402e-01
-1.261650015579018014e+00
-2.744866208717656741e-01
-9.653686536742438484e-01
1.160316624020457876e+00
1.489566369323094719e+00
4.967539705761364610e-01
1.145016915435288940e+00
9.069985438285639301e-01
8.372403452395458245e-01
1.044468087256119615e+00
1.445964574719052598e+00
-4.743280500121427323e-02
8.016764472434745326e-02
-1.410824312894503052e-01
2.872199277812472751e-01
1.880529981971952980e+00
8.959920192839752051e-01
1.438654945442108257e+00
-6.883879218004016476e-01
-7.356035808426446554e-01
-1.089974052218208200e+00
-8.941629548003495742e-01
-1.711295501201241409e+00
-1.471993328308475402e+00
-5.738748457897877575e-01
-2.010118348846092751e-01
8.671311543191255744e-01
-1.211947224524963840e+00
-1.550384042946794327e+00
-1.517737185572714864e+00
-5.233415141657034031e-01
-1.084360835338177731e+00
-7.032520221827553986e-01
8.830587293007944316e-01
7.986708739855670203e-01
-4.463957530488789072e-01
5.640671010925890627e-02
6.503475951906652064e-01
-1.107538260471594427e+00
-1.345968925722453857e-01
-1.813747934700141951e+00
-8.800813802579362521e-01
-2.423177236436426796e+00
-5.457184378420008031e-01
6.726493634673125221e-02
-1.090958686796013932e+00
-6.206040414729226962e-01
2.761264629957183026e-02
6.766394538040632067e-01
9.047745949887671113e-01
1.098686631021270177e+00
1.342260916733077902e+00
1.770857110043380533e+00
-1.288388620165539233e+00
-9.419272267896213746e-01
-1.338498962683269955e+00
-3.556361086166721641e-01
-1.006652455184366968e-01
1.261979217019850941e+00
3.357902698528736352e-01
4.596250342099175157e-01
1.644332993114147712e+00
3.355727467038153167e-01
7.600561856218983614e-01
1.028607874623434837e+00
1.830218951851612985e+00
2.357900048114580649e-01
1.174917163723849578e+00
8.964323605205789525e-01
1.616107705826236751e+00
3.922244391997824486e-01
-2.999359327495962901e-01
2.217710778526167381e+00
-5.548374023983639880e-01
-3.768120121501158382e-01
-9.750866033691161228e-01
-1.475696026027808250e+00
-5.831122440516021133e-01
-1.305045237092342214e+00
-1.458277554111567120e+00
-9.280314244989205097e-01
-1.702256539852271766e+00
-1.353925450959630350e+00
-1.327087308272815180e+00
-1.388830118334250407e+00
1.175904513276049279e-01
-1.816733924093983710e+00
-1.993848951838548711e+00
4.874857363934755883e-01
1.863263945384860287e+00
6.831338623201144156e-01
1.474549642271030692e+00
2.301820010147551665e-01
-2.627065198606516105e+00
-1.448978420088010033e+00
-4.909500373932997874e-01
-5.098312880948703274e-01
-7.319187345362647701e-01
-1.304230442743724128e+00
-2.462952229028232409e+00
5.226573612489011644e-01
-5.698367202653662478e-01
-5.666351306515942099e-01
1.245160443436167386e+00
-7.284435494475305362e-01
2.160754306401492464e+00
1.632508430458120996e+00
2.938815393140697729e+00
-9.166877864995440772e-01
-1.327172907077030395e+00
-2.018580320743326162e+00
-1.146037061360408504e+00
-1.152056337974252109e-01
-2.655336161174903342e+00
-1.478391008325047107e+00
-4.938548935525103323e-01
-4.568602544631931162e-01
-6.579559588935365300e-01
-2.258429003221629205e+00
-1.394595221915587491e+00
-1.109328153715191556e+00
-3.469260868689996169e-01
-1.213210805870614140e+00
-9.121260282954951615e-01
-1.160409039284618027e+00
-9.788283919273954581e-01
-1.120660312320717056e-01
-1.035008688503030738e+00
1.281775135069371352e+00
4.667772304785372528e-01
-5.504289420116530440e-01
-7.970097426286191222e-01
9.891201607879750446e-01
2.783819982505935098e-01
2.170238708082483647e-01
2.534819804124578191e+00
3.513800525743558278e+00
7.866867071940342182e-01
1.322373959212811645e+00
1.931945907400927753e+00
1.982404105254210736e+00
4.213737590918285036e-01
1.156845771455843996e+00
-1.566945459299718735e+00
-1.378082193671507527e+00
-7.463076928849641245e-01
-1.806697375256821836e+00
2.438821358685738794e-02
1.076532293621219383e+00
1.879337873288489114e-01
1.699460024329626062e+00
4.935356958323132703e-01
8.031933060524381052e-01
9.412403244725190410e-01
9.910799904137265193e-01
2.020090928680684961e+00
2.024975746516571640e+00
1.739755329412112195e+00
-6.984675754699010142e-02
-1.604009714430524980e+00
-8.749162455977551600e-01
-1.455233316415511791e+00
-2.406714771909925332e+00
2.094382577480210728e+00
6.038343315403402745e-01
4.849137533001989242e-01
1.680014069149125433e+00
9.365052930474195847e-01
1.289068402798286161e+00
-7.976439801942469821e-01
2.119631697828870287e+00
6.872000099535717776e-01
8.845554288466391801e-01
1.436977617073750269e-01
2.666902990415374042e-01
1.645913700131585777e+00
1.017088708326273183e+00
1.398098853378491047e+00
-1.580726844132585018e-01
2.038078281891341437e+00
2.391370562417627355e-01
4.906325003390660244e-01
1.367569283047816331e+00
-7.305848717585139429e-02
-3.897394922254381333e-01
-8.942792046642608073e-01
-7.756991981998113683e-01
-1.459201061991056037e+00
-9.829570773071525380e-01
-1.481952249020599854e+00
-1.259251169157586281e+00
-5.057634099922025950e-01
-6.352544730334326317e-01
-9.712141950544688207e-01
-8.786067418256477968e-01
-1.324948567845124048e+00
-7.356614115653981045e-01
-1.481948715949127804e+00
2.214925046389687457e-01
5.025597890969483172e-01
1.629046631997097760e+00
8.168784687097079278e-01
6.834045081003488065e-01
-7.173084848318556084e-02
-6.259548407944606208e-01
-1.071684953748831770e+00
-5.362197789719627128e-01
-7.315906122698945246e-03
3.266402041411042845e-01
-1.766038755773873259e+00
-1.266441491758339755e+00
-3.847609765001844817e-01
-1.467542975377824188e+00
1.075891730412955383e+00
1.248172431959183371e+00
1.436304772633486770e+00
1.760932391695657628e+00
4.789869856401185455e-01
-1.335692835813292900e+00
-1.191094380798866537e+00
-9.085022033441432221e-01
-3.026852572042963985e-01
-8.173447012191756844e-01
2.170032466672551230e+00
9.419139903734964347e-01
2.778873489702027300e-01
1.306594628253922696e+00
-1.076304026069618835e-02
3.662128846084472533e-01
7.442681237989614562e-01
4.634453313819798526e-01
1.798615529902706234e-01
1.666209326037525473e+00
1.154670568709633915e+00
8.195162638194444238e-01
-5.762555412004894961e-01
-8.037787378511440650e-02
1.804504212484230319e+00
1.251133284064607221e-01
-1.325147533447442960e+00
-1.788834666835401599e+00
6.188704627547081394e-02
-1.690498462053810602e+00
-4.090127093929011304e-01
-1.098284234774455470e+00
-4.556547330139705254e-01
-5.660985977788275392e-01
-1.113609355858289351e+00
-1.043298515823664729e+00
-3.157656745932397868e-01
-1.479967439817837072e+00
-4.630351331031176132e-01
2.826542190372038910e-01
6.009300677984008576e-02
3.821995050357560597e-01
1.666186080774167078e+00
1.639260670478083437e+00
9.612566086818057354e-01
-1.648548184730924682e+00
-2.882777798847278028e-01
-1.055172557376099052e+00
-2.231931593073199771e+00
3.268578967295279192e-01
-5.397440771129602410e-02
3.811629177225992482e-01
-1.279140461426742537e+00
-6.123731688488466274e-01
-2.300103891580151938e+00
2.483442904370676274e-01
1.943955933075512732e+00
1.709384154944114220e+00
-5.426331156079791107e-01
9.344278995731715165e-01
-2.361012555821546677e-01
-1.142122126248354075e+00
-1.940333476210693409e+00
-1.055345042997546390e+00
-1.266751553564769317e+00
-9.205744600131197108e-01
-1.988757961127030960e+00
-9.227386419757159786e-01
-6.883655672157829031e-01
-1.068385867022911384e+00
-2.103732303032912032e+00
-9.030734579799388762e-01
5.211815752709192395e-01
-1.435230455181600862e+00
-9.175648490432003479e-01
-4.564975953550766130e-01
-8.270146607540342920e-01
-7.798366571156429838e-01
-8.865637804998047766e-01
-6.060558918688743191e-01
1.137001331723978215e+00
3.785304004570501091e-01
5.680571038168884535e-01
1.379754728612279546e+00
5.072312636202263025e-01
9.231581954117806799e-01
5.904410537107243062e-01
1.612445245723185483e+00
1.710654826025204578e+00
1.184928255257558849e+00
1.028558262493824760e+00
1.188572437069259635e+00
9.210547142645951757e-01
1.244513122434383945e+00
1.516761043160721911e+00
3.586665353865121642e-01
-1.822040683101743719e+00
-4.460822319001901404e-01
-6.673238310006606167e-01
-4.971171220112391431e-01
-1.147107166623441366e+00
-3.670538165152492649e-01
1.220133176731780233e+00
1.147174721578937184e+00
1.347594454291248800e+00
-5.491323469256013112e-01
-2.561769001595961548e-01
2.470115585831049287e+00
7.965729699125420060e-01
1.624909355303471248e+00
-1.094295979013268250e+00
-2.178632795683897783e+00
-1.098785016801230530e+00
-1.157310689436755080e+00
-1.169441695100384759e+00
4.227077759036436122e-01
1.258987847187059916e+00
8.255966429502156201e-01
1.253760375798476545e+00
3.414543706102968201e-02
-1.636101872565857818e+00
-3.150895670828978146e-01
-2.906689154677789322e+00
-1.529469657158286644e+00
-3.836886776912582508e-01
5.694756227137931504e-01
-2.699242131022638880e-01
-9.892095748932279164e-01
-3.186240737882906071e-01
-2.260853137041277439e+00
-2.032967621453516394e+00
-1.333308406327112783e-01
-2.653124805399514230e+00
-1.238392512009863333e+00
-8.673221264533003128e-01
7.950953748957063638e-01
9.294910521424959438e-01
-3.498374551048826220e-01
2.024306100703330280e+00
1.325035132295444562e+00
1.123677284598664894e+00
2.666804350922933331e+00
7.608926862130609425e-01
1.563918977372631414e-01
2.972977114901933504e+00
2.761899239807777295e+00
-6.705508209555617327e-01
2.940693740365286857e+00
1.382148510582094980e+00
4.173825809951410282e-01
-8.861166776309516990e-01
4.061166017264972172e-01
-3.743537368575791113e-01
-2.449822380919269627e+00
1.898929072961828002e-01
2.740467141995330813e-01
-3.870021913223942178e-01
2.754737697234832527e+00
1.516385203898382716e+00
5.643964885210127624e-01
1.243547884410023396e+00
8.511224102714417539e-01
1.300906302415982596e+00
3.134331050711338662e-01
1.222241350399971394e+00
-7.180051082953962105e-01
-1.764350578590774044e+00
-2.771209122460351892e+00
-4.640343902645990282e-01
-8.741444062946288618e-01
-8.254094644472820264e-01
5.682241854541698611e-01
3.169307546722048841e-01
2.267587963921569472e+00
1.981991101045838199e+00
1.100685879477444784e+00
1.223765064986676254e+00
1.908485109675122082e+00
1.275981072400590000e+00
4.859237202671347067e-01
1.827508973627088640e+00
6.844863763149470204e-01
1.140967859968586406e+00
5.953895299804645713e-01
2.028458821934434830e+00
-6.563487219303867359e-01
6.169676930248588764e-01
1.783883546133587572e+00
3.357120485764264473e-02
3.721068698993347246e-01
-1.432770401060443843e+00
-1.643491149710509358e+00
3.026645573384525445e-01
-4.121460568373938038e-01
-7.670267957653398305e-01
-1.652483192479238472e+00
-1.188868543037906012e+00
-2.745581615331993408e-02
2.269024252724760604e-01
-8.981458714246999264e-01
-1.691591832518809957e+00
-2.355666501179576322e+00
-1.587290924169608930e+00
-1.562333583722574692e+00
-1.646773522229582731e+00
1.191391686718240583e-01
4.402817579546747240e-03
1.659272996885097662e+00
6.046375046303962275e-01
1.069828142678943550e+00
-6.945095907678142666e-01
-1.651625149844738072e+00
7.031321243987020964e-01
-1.945242496097611795e+00
1.265343380462355949e-01
-1.102864729121765253e-01
-1.109117536183666486e+00
4.815791293009210605e-01
-4.560462935805748019e-01
-5.329742449109751146e-01
7.908911554589233006e-01
1.186325098648545628e+00
1.476149931130785298e+00
2.449645944290459454e+00
1.983929128040076373e+00
-8.987509395486856789e-01
-5.505250583524459174e-01
-2.380242926785911095e+00
-2.283475232328939342e+00
-1.094959605463645014e+00
1.376098865653764491e+00
2.703481920253285598e-01
1.026866482579619211e+00
-4.151752353288795661e-01
2.273194447620649150e+00
1.509060948328330154e+00
1.575358344767608942e-01
1.960189041814587974e+00
1.416080387378089611e+00
1.067044483349637751e+00
1.048964245262290262e+00
1.873196520363882955e+00
1.953432651289852551e+00
3.583555943675795774e-01
2.008900265832241239e+00
-6.189932135321811746e-01
-5.738964817541791774e-01
-2.217564564559850737e-01
-4.523844138821386807e-02
-1.682686719869967984e+00
-1.576373253746146119e+00
9.308313725771695246e-01
5.763316994177263286e-01
-9.983316552676835265e-02
-6.116760386395143634e-01
-1.841679581345269767e+00
-4.599954589399507521e-01
-2.814323331479937629e+00
-1.479591327724549821e+00
-1.270112612034936861e+00
7.720560542480641164e-01
-2.330861059452793427e-02
1.332330493932112780e+00
8.554274707340678852e-01
1.329552416129418324e+00
-5.120039221766312654e-01
-6.535041792258670101e-01
-6.010162302939672241e-01
5.246682419382300289e-01
-1.828031109156028622e+00
-8.022492044309410542e-01
-3.072746156102331927e+00
-2.199460521522212275e+00
-1.235108432545277690e-01
-4.687438837813440173e-01
1.424892978818703249e+00
8.981962899401587652e-01
1.474644913194566698e+00
2.422559168845118016e+00
1.338984422975983524e+00
-7.374845471335871316e-01
-8.317113340956358014e-01
-1.217010134700105883e+00
-9.287147962834307879e-02
1.006324551341883922e-01
8.553088160556179265e-01
7.075159050170627406e-01
-1.234940752941540154e-01
5.101614036184451972e-01
5.198002911587811248e-01
1.701110280392971186e+00
7.280228177967520420e-01
6.848680185477327154e-01
1.565480528226157464e+00
2.411279630397070051e+00
1.308645089455910959e-01
1.710058371241355513e+00
1.195826886148541046e-01
2.113882422736732991e+00
4.083437151986194502e-01
-7.413616065343405781e-01
-1.584934517721574565e+00
-1.562440500148380984e+00
5.199314908608467789e-01
-9.746774391450574448e-01
-5.094175392775251998e-01
-4.092545265209247551e-01
-1.811608172395504868e+00
-8.135343126013993009e-01
-8.538776567292988284e-01
-4.675162865618077701e-01
-1.438837357238615056e+00
-4.498424386474619840e-01
-1.272876989864318187e+00
-6.359537387060484326e-01
1.641918212714000624e+00
1.073516698028505800e+00
7.992213685867380901e-01
1.151608852706448971e+00
2.714263651126257670e+00
-1.519255877756135353e+00
-1.884135252887599643e+00
-8.304147424373065078e-01
2.021399696280405944e-01
-1.448093861772738355e+00
-1.498588167347969513e-01
-1.088835133077680206e+00
-1.264562881527432125e+00
-9.867396073560540382e-01
-4.596022055414954455e-01
-2.180855008339217527e-01
5.691155214532359619e-01
1.390861777310322234e+00
5.448050402672061088e-01
5.035386969144053371e-01
4.114589298654873772e-01
-4.524471873540057976e-01
-7.524447531176869930e-01
-1.306232575153737363e+00
-2.409188849469161120e+00
-1.293450454282375484e+00
-2.624965195953037345e-01
-5.377889624783513955e-01
-2.047852326152471036e+00
-1.587731698314112094e-01
-1.005024786647562340e+00
-4.076227981870879091e-01
-1.239540229644354286e+00
-1.045228977374078605e+00
-8.116362268481002173e-01
-1.791992851519165875e+00
-8.559591653413427537e-01
-1.489298058410181591e+00
-1.891001363286049619e+00
-8.360602048314138557e-01
3.893672694666321377e-01
1.384780936886396141e+00
3.133139543094261015e-01
9.105993163092166442e-01
5.687329931870563904e-01
9.363743142805323050e-01
-1.525745360949364304e-01
1.087476350157749794e+00
3.325527832554824315e-01
1.209902368425451513e+00
2.629789873214680718e-01
5.410764003660708532e-01
8.368806128237638031e-02
7.975256806630759421e-01
1.756400538917981535e+00
-1.247606653898003737e+00
-9.163094331888133048e-01
-1.076728110615174039e+00
-4.414106627316803921e-01
-8.144127829460029444e-01
6.894205439049416739e-01
1.249975386446295245e+00
2.277934260982696912e+00
1.800052302478243327e+00
1.091657881788544948e+00
5.593036243182420986e-01
8.224633868254147551e-01
2.296562641656508807e-01
8.358150292011469196e-01
1.043555928292901003e+00
-6.130269616371399888e-01
-1.567141302372875966e+00
2.322429070268885454e-01
-2.221228646508256688e+00
-1.189041808382195198e+00
2.066277010753575727e+00
1.391690747098082825e+00
2.455621867109241130e-01
1.890725918175858222e+00
1.880334151748089377e+00
1.871409230924443445e-01
-2.042148541318874688e+00
-3.451152965460900779e-01
-1.983966302377734303e+00
-6.043809940022765170e-01
-5.885175605178183389e-02
-2.706839665525393457e+00
-3.306297707534309183e-01
4.896538111644381797e-01
-3.861330162617285788e-01
-1.507951849539520550e+00
-1.342665724239143987e+00
-1.312911756825960286e+00
-1.089746693288231372e+00
-7.878485804959338701e-01
8.273352916337236573e-01
9.789972195400453714e-02
7.483509913589944107e-01
1.212231386771756458e+00
-3.109883543930207495e-01
1.478024047674101116e+00
-1.752837002630920349e-01
2.648208443425156267e-01
2.022941507705725339e+00
2.455835859177998959e+00
1.773785878966946061e+00
9.348181528732175671e-01
1.675933434021827262e+00
1.220826790397832040e+00
5.806223220271404806e-01
-1.584628115125263026e+00
-9.723925064213776448e-01
-3.321019646792890967e-01
-1.108671511818831057e+00
-5.962172280011215353e-01
-1.052573649469963346e+00
-1.062525236386222538e-01
7.545314390502028123e-01
1.494068561036931309e+00
1.262525072957557004e+00
2.315297386464673091e-01
1.092974834917405325e+00
1.085519586358510535e+00
-2.134117911299426851e-02
9.629753562368403852e-01
-1.045015644810711519e+00
-1.828753913627942929e+00
-1.145018068731076255e+00
-1.462073583308260538e+00
-7.723982806363942633e-01
2.077923319459212159e+00
7.572491083789115729e-01
-1.223972774629753513e-01
1.857783581475788370e+00
1.873641436407777583e+00
1.055137109848265586e+00
2.154386415706691871e+00
1.650471659175968275e-01
-1.750869795700131792e-01
-1.266513157043698712e+00
9.855213862817677750e-01
8.773304648674030704e-01
4.855928890548408816e-01
1.187625081674675620e+00
2.743578896223888286e+00
1.059284425207480007e+00
7.230278425729609326e-01
1.677544142105847902e+00
1.351635708888954124e+00
1.399838605581792628e+00
-7.978188604815330542e-01
-9.215914420360564741e-01
-1.336135663769626003e+00
-1.634687455598075267e+00
-7.141264819812405129e-01
-3.593566601417743644e-01
-2.964613066612497683e+00
-1.646028778613858989e+00
-1.779675723256858078e+00
-2.734355252593107188e+00
-1.185661730316726059e+00
-1.787717254981917803e+00
-1.985694385614050983e+00
-1.153984552496341243e+00
-6.141513602490816792e-01
1.796066159821539054e+00
2.775118356646603113e-01
9.283896335351993212e-01
-3.920382788538123719e-01
1.314962219747805028e+00
-1.569152598809236521e+00
-9.828726227963037188e-01
-1.063840456741860674e+00
-4.898924995880722388e-01
-1.253039145276009236e+00
-9.097525291342994924e-01
-8.477459498979235120e-01
-2.189922716319560259e+00
-2.926923099691938202e-01
-5.216035612488573170e-01
-1.353115591309970167e-01
1.076547894523866011e+00
1.128859550211886331e+00
-3.111144540670751635e-01
-4.416671890816936674e-01
-6.030617346543378776e-01
-1.992324379532250278e+00
-1.377193969152672670e+00
-2.081056816932639109e+00
-2.353144064642035627e+00
-1.020436341267955127e+00
-1.635267716369826152e+00
-1.263344316867942574e-01
1.550083962819885919e-01
8.969887036698720451e-02
-1.215698994646863929e+00
-6.675120675053117791e-01
-1.873647330856659465e+00
-1.765387743937682608e+00
-2.391345158056505937e-01
-2.507184757506091266e-01
-2.975935624097266974e+00
-1.055485323129111697e-01
-6.370762804781382460e-01
-3.684639048818700857e-01
7.671683288370683140e-01
1.422429590358747831e+00
4.306717513834424915e-01
4.407556972606018197e-01
1.185433202522926388e+00
2.664922207023532330e+00
4.705046407570171452e-01
1.170204333705270772e+00
-6.342219124430883426e-01
1.827109999735110346e+00
7.030731011397521879e-01
1.546881892739744746e+00
1.025107295990666190e+00
1.052020557943093015e+00
1.688478632829980342e+00
-1.288248988475895196e-01
-1.567517598226414233e+00
-1.780595660439651340e+00
-1.126094554470196130e+00
-6.448050314868121191e-01
1.235972166054034815e+00
9.408617655302760063e-01
1.191241862785770156e+00
1.202503941699672341e+00
1.610142690749816641e+00
-1.342845366218103909e-01
2.816651739558309941e+00
1.407982975471276266e+00
1.202066834283776142e+00
9.092180557806156527e-01
4.938406575024796297e-01
-7.360033033589759022e-01
-1.095116238388781138e+00
-9.672153684042607003e-01
-4.402899451340696046e-01
7.908549015433499196e-01
-1.646887562069789812e-01
1.298858326536281194e+00
7.745766893849576062e-01
1.198114566017431493e+00
4.204381609361360628e-01
-2.048302348901473557e+00
-1.625274188730635450e-01
-1.215552554644304895e+00
2.689765014418954436e-01
-4.193368904310040834e-01
-1.559058880061290342e+00
-9.448369614319871435e-01
-2.385732847633128539e+00
-4.575705061682741048e-01
1.080905369679354244e+00
-1.995537594736306986e+00
-1.187855878726172598e+00
-3.505696163261574627e-01
-6.291921420050811120e-01
1.751009076771647521e+00
1.286081837622655044e+00
3.097959663007741060e-01
-6.978408863895380065e-02
1.624708691369784130e+00
4.277263593327077507e-01
1.331229510860893139e+00
8.924379162936633136e-01
3.372973394844871464e-01
1.393571840550558383e+00
1.965307836792629104e+00
4.545908984928846985e-01
3.104051766805147494e+00
1.594658643667301146e+00
-1.333202531723516326e-01
-1.114050537031941346e+00
-5.214834234233092225e-01
-1.762701602493647268e+00
-2.042342040660692248e+00
-1.443476154419900404e+00
5.814687084905370007e-01
-1.233313696356750366e-01
4.510969981866549405e-01
2.576398802332918958e+00
2.429675598751338539e-01
6.514187655825263157e-01
2.737089910203596155e+00
-5.322200084194415037e-01
-1.823876781109601275e-01
7.569688778179112232e-01
-9.939145930511907867e-01
-9.236892481030058999e-01
-9.891064574257872888e-01
-1.502337762845827651e+00
-1.225607176866812642e+00
1.507611545213378701e+00
1.865489276087811010e+00
2.056765707908370544e+00
3.203511435145960373e-01
9.552026469773902129e-01
9.906375009872937509e-01
-2.474452111289051626e-01
1.790140642130499504e+00
3.148890191669284633e-02
1.331359712786361671e+00
1.275028803127034482e+00
1.436879227532043446e+00
1.742118116778449188e+00
9.855622434576730706e-01
1.098295211777719604e+00
3.704977433426385192e-01
1.520728096803409812e-01
1.141677447968848513e+00
2.063950589078737075e+00
1.335742984011128565e+00
-1.185819693417205611e+00
-1.403207236597443730e+00
-9.837739449758583499e-01
-9.206704209047611442e-01
-3.289822758061444752e-01
-1.877529559984030261e+00
-2.662054848871070689e+00
-7.165283406058600146e-01
-4.955880683213256255e-01
-1.430265490892006497e+00
-1.360089241825475526e+00
-1.707263599869478510e+00
-2.505257920644366809e+00
-1.840919726184638838e-01
-4.719090977769347939e-01
8.334845728533857301e-01
7.635094968413916883e-01
2.268861916039306426e+00
1.810788737522915692e+00
1.446745073631111600e+00
-3.929014417909241219e-01
-2.622491777895421539e-01
-1.689209940817544275e-01
2.701522866709704651e-02
-1.640430732799448732e+00
-2.041131746927588031e-01
-2.226314892078674390e+00
-1.310376920145061241e+00
8.391764191353767721e-02
-5.087173708235560587e-01
-1.260317572984406276e-01
6.308564419687960889e-01
7.988906716277595077e-01
6.614389204321768911e-02
1.433333746760839134e+00
1.832298184295122478e-01
4.109830615964793488e-02
-1.560620232477327951e+00
-1.800694691992921204e-01
-5.074326842473968480e-01
1.891080484757288183e+00
-2.282396956047094694e-01
1.576057708877129482e+00
9.832493687546091099e-01
1.913909201023380691e+00
1.317477336663325893e+00
1.877512587820969525e+00
1.106494559723814497e+00
-3.130198111567674690e-01
9.696026995242580382e-01
1.258766979583872292e+00
3.253187106126727013e-01
1.815166784991050886e+00
1.443595846224459800e+00
8.369700582920173160e-01
-1.513295610412054515e+00
-8.987792310651110395e-02
-1.850906833751236213e+00
-4.616668887600191562e-01
-1.414233034487673679e+00
-6.487094668515003271e-01
-1.734487924921724655e+00
9.204966931791258578e-01
2.598590226656243285e-01
-4.986908713720935582e-01
-6.211341133655159386e-01
-1.123601976112280854e+00
-1.662842719266653946e-01
-2.124458523576695512e+00
-1.211800767513895316e+00
1.055162524623958209e+00
1.343088434593383118e+00
2.104310387088893508e-01
2.181417651064391006e+00
-3.943681230175211105e-02
-2.345598862734865619e-02
-9.801978939497981713e-01
-7.797945321230270732e-02
-1.532967703441867391e+00
-1.241763375352532783e+00
-8.035315395502027336e-01
-1.269502974792533045e+00
-1.163602517266960623e+00
-9.830998174234152343e-01
-6.152508212197214110e-01
5.337405571830329265e-01
6.062984470863306274e-01
4.865679554537891693e-01
-2.187222184835269090e-01
9.283929755638642423e-01
-1.721329918799180181e+00
-2.078932039796172138e+00
-2.437006950682211182e-01
-6.756009449013153922e-01
-6.212681637473577156e-01
-1.824380932108611297e+00
4.794146816616073892e-02
-1.638547083027242390e+00
5.552532972536325939e-01
-3.993034863468190032e-01
-1.156254488009917925e+00
-2.275946823525733187e+00
1.838177931558293565e-02
-1.362086195000344224e+00
-5.991597561933048599e-01
-7.947109808305543588e-01
-4.851500777018648014e-01
-8.346694058639773095e-01
-3.564491428676132001e-01
-2.862432641437520076e-01
5.712235012638731124e-01
1.298004554123750376e+00
1.984432547803491431e+00
2.113776629631984427e+00
6.183657086399343417e-01
-1.400910173420466531e-01
1.705886201150001114e+00
1.435927055178182199e+00
2.585194841350890727e+00
2.636384026734484021e-02
8.141603282470118996e-01
4.764792199917653459e-01
1.063793691084937709e+00
4.507721756631372090e-01
1.059988182116618383e+00
-1.192075145645961953e+00
-1.602021549533703126e+00
-3.527618741825009341e-01
-2.507284228979083984e+00
-1.328697815848737696e+00
1.321031834759194279e+00
3.602767638172934550e-01
4.526923464962689936e-01
1.610462161533983139e+00
8.155980782106523330e-01
1.243692552680116803e+00
3.109913789508351734e-01
2.481389871505857769e+00
1.410723821256754773e+00
6.228183915322658137e-01
-7.175835568275359400e-01
-8.056391905362609851e-01
-2.112595472012134934e+00
-7.841252091063211083e-02
-1.463750498707211412e+00
1.340836381948453226e+00
2.241167863245228098e-01
5.580382039112981030e-01
6.057246440240293683e-01
7.669164371109883360e-01
8.740439955862142618e-01
-1.449344791927165144e-01
2.730515567744680183e-01
9.074288019247866988e-02
8.946459878862567106e-01
4.153640856254571245e-01
9.747525822048278554e-01
3.046929873364856434e-02
1.031461724016675019e+00
2.375319862098105972e+00
1.683731754542759917e+00
2.204436163121331838e+00
2.017546401680164081e+00
1.716877790625701117e+00
3.176771429232992938e-01
-2.750954601182296066e-01
-2.924223315454144156e-02
-1.128329433194248832e+00
-2.781974998436028690e-01
-6.205118073868229889e-01
-1.635538555819714635e+00
-1.304237591130378071e+00
-1.649110246140623737e+00
-2.892490122653205153e-01
2.308020958064194161e-01
-6.138470729199783094e-01
-1.192198857426723713e+00
6.770161503549136928e-01
-6.841516849063118411e-01
-1.822638427429094765e+00
3.485642279846907776e-01
8.782476411298186791e-01
8.786173485834773977e-01
1.197307186652859290e+00
8.860994566433967323e-01
-1.091666520357028825e+00
-1.242389229959549368e+00
-9.962308846772506277e-01
-7.789804175854617707e-01
-1.921522123971732832e-01
-6.851681772717794772e-01
-4.474710822580829639e-01
1.029127304806725096e-01
-2.770182293307184018e+00
-2.387458159988878670e+00
1.676619301501308446e+00
1.965765983452822496e+00
4.326468072294150646e-01
2.774651645368400033e+00
2.900202204622567947e+00
-1.460340058648981643e+00
-2.754355002637062455e+00
-2.806426196537153972e-01
-9.061231462650984891e-01
-2.862237441281502148e-01
-1.311837077962270559e+00
-9.269724439883714195e-01
-1.626829421526967412e+00
1.376162608800592935e-01
-1.275976472174065623e+00
-4.671663612555380096e-01
-9.637084263603261647e-01
-1.048982263913551316e+00
7.277681482528668422e-01
5.480982588190048688e-01
-1.578285901630443355e+00
-6.205174899405575539e-01
-8.074975924994560739e-01
-6.240145896773209300e-01
-1.263831913100621485e-01
4.251252898788089318e-01
1.117896795776081476e+00
5.779416337522373937e-01
6.306152942013183438e-01
1.773283921226016968e+00
3.300122708233724556e+00
1.187314556526403830e+00
4.223835941273895722e-01
1.012501511329152892e+00
1.914030079209340762e+00
2.657852831417955031e+00
-5.870008966477049395e-01
4.791747130630807927e-02
8.222657312860064405e-01
1.668487989027263030e+00
-9.741991519181240067e-01
-6.690736406432180594e-01
-2.485561911403936008e+00
-1.831846034042621252e+00
-1.935463268857003261e+00
2.909592541046543079e+00
4.100097896757308735e-01
8.179367709499507644e-01
1.028570849520349384e+00
1.047463680051892609e+00
-5.937102089986900921e-01
9.689338362457987630e-01
8.874704857999964336e-01
3.899543422121118930e-01
2.241800343269676254e+00
-7.598226374957390838e-01
-1.547659133208671101e+00
-3.519000590353201785e-01
-1.675329206302645257e+00
-8.237254013154127197e-01
1.335875152493459117e+00
5.716217585618066366e-02
1.259487822664515422e+00
1.385358218707814837e+00
1.742683921154414062e+00
1.250414778119025572e+00
8.517574592741580242e-01
-3.869553075447589308e-01
6.835042477923736204e-01
4.835661021612744914e-01
1.320424949093497835e+00
2.602329101102145437e+00
1.668883833661999772e+00
3.990539180603795977e-01
1.588445058114087427e+00
4.670567883814139565e-01
9.665302573101972605e-01
1.915945309692748566e+00
8.686832977433542879e-01
1.834787886635962817e+00
-7.872347032742844641e-01
-1.833850853488570687e+00
-2.411729103183648526e-01
-1.211580805627297197e+00
-1.713324227802003108e+00
-4.481167370606433664e-01
-8.748670446729353012e-01
-1.714845643300422218e+00
-1.509513591232683360e+00
3.729607443255120725e-01
-1.826472490965039830e-01
-1.333920996713426899e+00
-1.937494856872150617e-01
-1.163695889320489618e+00
-8.955224734582802881e-01
1.539550592070698887e+00
8.573962623226690782e-01
6.150908133607013717e-02
1.762966615926628400e+00
4.471527058564844781e-01
-1.551558228349118052e+00
-1.634560339081169822e+00
-1.601536176332734929e+00
-1.497340070110452670e+00
-5.860383456562283655e-01
-1.444212947239088551e+00
-7.402475619538784191e-01
-1.150351987017863564e+00
-8.386960867236818995e-01
-1.712433309069787857e+00
1.364540464942846310e+00
1.830079207655779250e-01
1.209824401301459407e+00
1.862777781765989626e-01
2.048218252667742156e+00
-2.712132121733479284e-02
-8.840669315798378447e-01
-2.664963589020272750e+00
-4.751273736833522277e-01
-1.490524696615425082e-01
9.068453969220824362e-01
5.816079212885421068e-01
1.883927328543838486e+00
1.840755637847071302e+00
1.332977208676960679e+00
-7.789916615733691874e-01
7.259207239894420738e-01
4.525259341701718396e-01
8.445446231791953196e-02
-5.714048892955965187e-01
2.558225450035310988e+00
5.297243015045770553e-01
5.731359097098629451e-01
1.078293166162064276e+00
3.024569912209766898e-01
-2.770091825186431489e-01
-1.817769475684652303e+00
-8.315611866101997318e-01
-1.795543293653073302e+00
5.472569082475000624e-01
2.137305844912762431e-02
-1.586468635271286232e+00
-1.063925808054230426e+00
-1.700194174829890770e+00
6.156733737340098767e-01
-1.270611574830055490e+00
-1.305908514689772648e+00
-9.993434505579574800e-01
-1.701456302217139616e+00
-1.173696314282432374e+00
1.307019605501124726e+00
1.458274536182416536e+00
-4.330290819004201097e-02
4.981205609318033467e-01
1.467109805637594189e-01
-1.618433678371996365e+00
-6.072198439338143405e-01
-1.425838831350186853e-01
-7.708351975318236127e-01
-2.310934981603486094e+00
-1.038896139501160443e+00
1.532236160665412239e-01
-1.348060441072130633e+00
-1.917067251575650388e+00
-4.966384129981514794e-01
1.543149673567820734e+00
5.425160300478991671e-01
5.646648528430624481e-01
9.035605064945744225e-01
1.917590295118047461e+00
-9.626120127792106018e-01
-9.802971956805853759e-01
-1.192696122473722475e+00
-1.746549642050311046e+00
-1.716400544614550494e+00
-1.123005148539716558e+00
1.104654701439726772e-01
-8.284818570202856503e-02
-1.685505754565163716e+00
-1.913916583968763296e-01
-1.233322953053515469e+00
-1.711816604325603564e+00
-1.963549867828294548e+00
-6.637097081090070905e-01
1.541381317636192350e-02
-1.061742283098805473e+00
-1.459272147333744885e+00
-1.656030281095713486e+00
-1.635051567173697373e+00
-6.302705303322848618e-01
1.883755574701528435e+00
1.381299390740382993e+00
4.150975721001329832e-01
1.342004891854506887e+00
-7.968880838160385949e-02
1.659017262174169893e+00
6.448356176855201127e-01
4.486641196975359458e-01
1.965830761190528131e+00
7.109693130503215164e-01
2.348160844248122769e-01
-2.357430859955129687e-01
8.334251401822528882e-01
8.704304276739155410e-01
1.497917944840765347e+00
-8.212620567777739744e-02
-9.863817437140680600e-01
-1.853749521625406738e+00
-7.161541365027390693e-01
-2.202718562297873994e-01
1.142287875103672690e+00
2.054113135503972565e+00
1.835477320464528717e+00
-1.917889083823491880e-01
2.143968811274315378e+00
7.308303477198281328e-01
2.350506405632866169e+00
1.279967871172928318e+00
1.994544157421426656e+00
2.652693736710953765e-02
3.175766143254166174e-02
-4.640791281327619755e-01
-1.013648751298716899e-01
-7.401198007717544325e-01
-1.408197839522275618e+00
1.568317144118557938e+00
1.223382103675834109e-01
1.785004074589584544e+00
1.838576352871966524e+00
7.902803968397087431e-01
5.804387295365720512e-02
1.176840167743815613e+00
-5.870702747377860575e-01
9.670909329769347140e-01
-3.309763442318036653e-01
1.525642826600242863e+00
1.589342364160613696e+00
1.593530725794144676e+00
1.837753204853193267e+00
1.901788258435308965e+00
1.987107695895689918e+00
1.799548492397937904e+00
1.647099236771320419e+00
1.179863988371097072e+00
1.478049965935110288e+00
-1.622916909315524236e+00
-1.099639238453303580e+00
-1.139695313541433164e+00
-7.776829747860507513e-01
-1.202579495414733746e+00
-1.912344169040051556e+00
-4.681175907467921560e-01
2.447139592859934876e-01
-2.438176264368117518e+00
-1.048203792830916914e+00
-2.583002962878699904e-02
-3.401605099287922096e-01
-2.136501230586393518e+00
-4.956734486477973878e-01
-7.701162575788150777e-01
1.839490706573340351e+00
1.022134398192345195e+00
9.261983950449197422e-01
2.050614125828465362e+00
1.650737641570257264e+00
-1.325218244482296859e+00
-8.973599643843919171e-01
-2.479891113224247157e+00
-1.339808132144646224e+00
-1.460883529268698577e+00
-6.098516075244895251e-01
-2.371341437983537581e+00
-1.387344512540959363e+00
-7.211132622281353211e-01
-9.631175521782738835e-01
1.369478288527684828e+00
1.266412045452190327e+00
1.210435080650823281e+00
2.724823600419549408e+00
1.325292961689272353e+00
-1.560898142563233115e+00
-2.269658084694163414e+00
-1.302202185392908440e+00
8.154963492317452989e-01
-8.633039467098624353e-01
6.929360357365821343e-01
1.863079638124748083e+00
7.454855649941526385e-01
2.593547742224131536e-01
1.702287099831017780e+00
9.978951698720373020e-01
1.060322591185896224e+00
1.803152363500050370e+00
7.337450455518488290e-01
3.432646267504868565e-02
3.546214092360049364e-01
-3.945198864218493195e-01
2.505883980737061201e+00
9.541070560782227705e-01
2.037316961782931202e-02
-1.043055495139446176e+00
-2.021036688179406404e+00
-4.125939786783789920e-01
-1.495450922496748047e+00
-2.646526518444901610e-01
-9.394226147367786828e-01
-2.020519794220256404e+00
-2.480804679147621261e-01
-1.730355304563916174e+00
-1.835725330103167297e-01
-8.203040122374929410e-01
-1.374555514008723778e+00
-9.978035573497086030e-01
-1.322056539223155580e+00
-1.800734449094271383e+00
6.903918702271312213e-01
1.767277060497138397e+00
9.200222175041172790e-02
-2.399473740396833588e-01
-3.247458323112271117e-01
-4.105975617707533498e-01
-1.821539723436355729e+00
-8.875963332718724841e-01
-2.582469066503113364e+00
-1.155446256473682265e+00
-7.191620859670959653e-01
-7.223584062069164924e-01
-8.844894197031105687e-01
-1.178045489767736154e+00
-1.647378029323529169e+00
1.221680949815252326e+00
2.419913928414363369e+00
1.051528753267552796e+00
-6.776641620210632766e-03
1.652559141018138833e+00
-5.119813861318376347e-01
-2.011520861238336622e+00
-1.121118188969996154e+00
-1.782399333826667487e+00
-2.213538376996410761e+00
8.484930263773675652e-01
-1.007364620273667910e+00
2.049950077010423755e+00
9.849913853320523272e-01
9.435802313479819681e-01
-4.200646734006316940e-01
2.738028732315849645e+00
4.653106040351271400e-01
2.481296188148442106e+00
7.239267659365058449e-01
1.526384284775339273e+00
1.892113980176904908e-01
1.835375646568567776e-01
1.477805923731345228e+00
6.590961136075890181e-01
-1.061444023279981774e+00
-5.896240088358508658e-01
-1.382973474556491666e+00
-6.427221324762169008e-01
-4.725903868126416496e-01
-1.124023740512106739e+00
-1.670557740264144275e+00
-3.552316278979215092e-01
9.181328555870282848e-02
-6.042167533443119076e-01
-1.011733108373305212e+00
-1.009355771452376649e+00
-8.295448569791186166e-01
-1.310172970462126329e+00
-1.389497749308440167e+00
4.771990010418099004e-01
1.720792321650067791e+00
1.878462861161289688e-01
1.208273798084690709e+00
3.621834787529151223e-01
5.612064803080452080e-02
-6.573302327032584103e-01
-5.047467023652174589e-01
-2.240843386481414790e+00
1.192608588484007637e-01
-4.765873735238704834e-01
1.490747494327162581e-01
-6.189859624269038463e-01
-2.076368171225788206e+00
-1.842470895659816144e+00
2.255872770535222394e+00
1.156621689962471500e+00
1.317604978676800265e+00
3.106936862603458804e-01
-1.566410658184282934e-01
-1.059752456825741040e+00
-6.788670100395512996e-01
-6.823002264019670804e-01
-2.971035719663541741e+00
-2.394729290479745920e+00
-9.275631573104818894e-01
-1.736294905419791812e+00
-1.150273781829666886e+00
-6.913750886080309854e-01
-9.022444810023828587e-01
-1.074100839300367705e+00
-4.869539821324225803e-01
-1.342613746610381575e+00
-2.277447831786773236e+00
-1.669255572999577941e+00
1.042277615661353796e+00
-1.623191874822429437e+00
-1.260173427869761165e+00
-4.530072288245443612e-01
-1.095206220197703306e+00
2.766944760901680400e+00
6.114469439352152591e-01
2.112562307958309127e+00
2.538862773916219506e-01
1.746092171710062368e+00
1.951037505816995754e+00
2.090159930504825070e+00
1.096957507183917713e+00
3.091978905099998620e+00
1.053140881356249281e+00
2.807421296345643302e+00
5.798732202317056217e-01
5.121822501526618332e-02
1.213630526431389134e+00
3.735250911079833758e-01
-2.100292095757299471e+00
5.847417837121211548e-01
1.385011062053366881e+00
-4.443997673140710480e-01
-2.773528337904948238e+00
1.861978127728926236e+00
1.974718387359954086e+00
9.624028558542787604e-01
2.933287065147335504e+00
1.626126902700815169e+00
4.200930861071325850e-01
1.639507059827541635e+00
1.392018289231793160e+00
2.836578146592135585e+00
-9.249162154528294266e-01
-8.063980207184101578e-01
-1.026168380919684209e+00
-9.160573295329917931e-01
-1.339987360939865146e+00
-3.523138459946992818e-01
-5.659782986427797091e-02
1.840156076119124906e-01
-2.632757031825809779e-01
2.245129371352722281e+00
1.063092785638098947e+00
1.590286584177615481e+00
2.087760157872668554e+00
9.409853963350874873e-01
1.137297644210261582e+00
5.048494313210336593e-01
9.373560936327431925e-01
1.236685470245757701e+00
1.714390146456724606e+00
9.301951243422137416e-01
-4.899885270842749829e-01
-6.592494742569776633e-02
8.477693468237970098e-01
1.386608909074792839e+00
2.316117515552440942e+00
1.413929405481734403e+00
-9.676364533160389803e-01
-1.018652337708872535e+00
-2.639433569977953198e+00
-5.654719028206709464e-01
-7.619037226210869651e-01
-3.920677964257904824e-01
-1.978592058189994063e+00
-2.815275117864901588e-01
-5.804643543636918146e-01
-2.066056028971601233e+00
-1.482766174644921886e+00
-2.596452120082965997e-01
-1.916122368405225318e-01
-1.599584712338256054e+00
4.634868899675725906e-02
1.059559641051925016e+00
5.948921745177915277e-02
4.757427764087962530e-02
7.904950433290668377e-01
1.778460862450306657e+00
-2.191635792722427922e+00
-1.311512192692265932e+00
-1.993494660422806541e+00
-9.756346050747554122e-01
-6.213742662138345141e-01
-7.227775178958544267e-01
-1.108969740946968985e-01
-1.111069710896026130e+00
-1.978684506420980149e-01
-1.783579127428027267e+00
6.972950885307902524e-01
2.297431228209103615e-01
1.404915145842782653e+00
-1.013090808865702463e+00
1.200813702727729915e+00
3.136144517828745037e-01
-2.699750284527140387e+00
-1.382840912789686350e+00
-1.883492250159064074e+00
-2.780985055297430897e+00
-1.225427506172247938e+00
-1.699758726631091621e+00
-1.946040475854818874e+00
-4.742080791133140849e-03
-8.452388201254698030e-01
-5.576384600248407430e-01
-7.877482299368251395e-01
-8.168117050547978319e-01
2.191761163385914646e-01
4.533061981216617298e-01
-5.149421885440594870e-01
8.614268675791998398e-01
-1.557014988083561757e+00
-1.046570041683766661e+00
-1.708706463023033084e+00
-1.318204939505700057e+00
1.589170150289936689e+00
6.473527825192004759e-01
2.476298067281248461e-01
1.348047124328167978e+00
1.786556854234381930e+00
9.391081863410406516e-01
1.503981511550811945e+00
8.164051630550908101e-01
9.473766606398786871e-01
1.521877762194125072e+00
1.993683471688358910e+00
9.775426358075061106e-01
1.441834259421085340e-01
9.240062871351576446e-01
-7.663662431686875109e-01
-2.216835143278594877e+00
-1.159124950552710587e+00
-1.559971235668073941e+00
-1.603045530492180681e+00
5.635837258925333604e-01
-3.869718478530117522e-01
6.916771545667161902e-01
-2.633842051040107268e-01
1.482148470503280580e-01
7.916447808768856120e-01
1.802193190505299025e+00
1.987114444436991256e+00
3.306904231083123147e-01
5.073793810829878570e-01
-8.399268830483375137e-01
-3.564789928081758541e-01
-1.727337734901889466e+00
-4.530132347332952447e-01
-2.479041258161970518e+00
2.902619640282066982e-01
2.132655768715413735e+00
5.823836258563199753e-01
-5.068489837361860317e-01
8.984193966941839138e-01
-1.115315696523200284e+00
-2.418001454318623011e+00
-9.600420108826220877e-01
-1.599561069537728475e+00
-1.135018880380552986e+00
-5.336764490864713828e-01
-3.087769774694301139e-01
-7.163985738304521345e-01
-1.787477039685245295e+00
-1.099623330646751107e+00
-1.618520480450347243e+00
-1.094133824029449586e+00
-8.442480609715550255e-01
-1.198395503474710688e+00
-1.151517492830153921e+00
-5.238304252496317481e-02
1.385774003489897321e+00
-8.785125311160713046e-02
1.958647955369130500e-02
1.290520956239485484e+00
4.373173157302061576e-01
1.531584139063227656e+00
9.891533986248032262e-01
4.646928890817675351e-01
1.087332501672536367e+00
1.707397814959421556e+00
1.831195826769905111e+00
5.729132088114843313e-01
6.622081531105956653e-01
1.225853201589745423e+00
-1.307167357162069221e+00
-2.020005362299206020e+00
-8.449344349141684196e-01
-2.125760266184482550e+00
-1.772180441425493580e+00
1.793094781362564838e+00
6.143699044843085044e-01
2.672205184527155497e-01
8.539686606971255145e-01
1.568091619456562391e+00
1.640036963891507549e+00
7.648330530393234739e-01
1.671610424115586024e-01
2.447065356688853832e+00
1.531017258739221010e+00
-4.595575601763474127e-01
-8.514711185178025499e-01
-3.387293494814559436e-01
-5.750095442715537075e-01
-7.963606501056683662e-01
1.520973004141248586e+00
1.135554237011492162e+00
7.919479226306483932e-01
-1.124155717409820010e+00
5.399329070971605748e-01
-9.212862412892482977e-01
-7.953769922292744932e-01
-5.045733548383853906e-01
3.710927083582020725e-01
-9.095729737838127438e-01
-1.885166763998737061e+00
-9.434242394341830762e-01
-1.093871444749353827e+00
-3.546413686447177360e-01
-1.413708687402710718e+00
-2.195825599709585463e-01
-1.042433920168305272e+00
4.202786647005212206e-01
-7.655532863180825043e-02
-7.178212345187688914e-01
3.945403905930779942e-01
1.593992221263311304e+00
1.934004209740308955e+00
2.343223039602975177e+00
2.018733860783879841e+00
1.784762180534806619e+00
2.370544785993103920e-01
7.024111407868121049e-01
9.039910091933781588e-01
8.259215445937571065e-01
2.098085703899708498e+00
1.863292920332580760e+00
7.566918010357082114e-02
9.939980247094035715e-01
2.053073775917536814e+00
-6.447994618326419181e-01
-1.004778048340111862e+00
-1.381610903179240291e+00
-1.294636769645924446e+00
-4.012506356946963226e-01
1.347479793161181050e+00
8.307831749677607736e-02
9.278057884291509572e-01
9.245115692192193979e-01
8.564548083764244035e-01
2.480261193291327659e-01
-9.786916051050900123e-01
3.088883319224211554e-02
2.573072435945908509e+00
2.046724157003727562e+00
-1.701072489701702439e+00
-9.744710260407747349e-01
-1.262598094701572471e+00
-3.960371546139765941e-01
-1.244708722563819148e+00
4.513219875771602441e-01
1.638092581678614046e-01
4.999012470825890952e-01
1.415536922737182124e+00
2.936495645448233827e-01
1.806398833764422118e+00
1.199838069499796767e+00
1.180680460047638158e+00
9.861255361434687616e-01
1.815933295857507179e+00
8.043277402284269018e-01
2.577910484324780427e+00
-6.711927492436586817e-02
2.447319732061756348e+00
-7.493485731330733479e-01
-4.939062198146948468e-02
8.781184769608927354e-01
1.977347120693769833e+00
9.363733098277362554e-01
2.064551243446010709e+00
-6.861148795920389842e-01
-8.289004564312512091e-01
-4.713140030907384537e-01
-3.135058369901458919e-01
-2.866672079090726299e-01
-1.146824233357101708e+00
1.999657498915232701e-01
-1.509019442903103858e+00
-6.433461172746982593e-01
-1.418285175601373904e+00
-5.656287180571883955e-01
2.521249388017654525e-02
-1.573319741665716975e+00
-9.305926560377357770e-01
-1.326248192720257402e+00
-1.179800079216304365e+00
1.591594244024999716e-01
1.752887911816439326e+00
-1.300896782455580603e-01
2.793176900272005270e-01
1.046544487985378691e+00
-9.343941360648644334e-01
-4.755282549277417559e-01
-1.576904791133740158e+00
-6.385903337123871593e-01
-6.688325198346704026e-01
-1.394635260584395686e+00
-7.842893761192338831e-01
-1.084038309070320061e+00
-1.557640789998326891e-01
9.581456604856724013e-01
1.165506007245693532e+00
9.935511350903012406e-01
1.172375865411570128e+00
1.043404463010942917e+00
-1.117693703564045293e+00
-1.139970792871583649e+00
-3.902508701234296273e-01
-9.628571359784364736e-01
-7.469855330741599353e-01
1.284182284697914955e+00
-8.655510589078134753e-01
-1.334465870454470515e+00
-4.618747953296382658e-01
-1.383441061474941058e+00
-4.851121959207788104e-01
-1.210740499707974704e+00
-8.866579703540864443e-01
-1.575136773339088636e-01
-1.367241956005593062e+00
-1.299548734103592729e+00
-3.098949891589872774e+00
8.175356067345398436e-01
-1.052062559954868748e+00
-9.020316260543947973e-02
8.793753079898884994e-01
1.933675993083759703e+00
1.438238505297137593e+00
1.544743882792687373e-01
1.637102990499308852e+00
1.347371772968101400e+00
1.670533441791094198e+00
2.138848145431762049e+00
1.901346657445480481e+00
8.878901156093127467e-01
1.042716639716299909e+00
1.038488460436096661e+00
4.358959075403624484e-01
5.934196930661441716e-01
1.668903492018172230e+00
3.492377167749336486e-01
-3.775381907943957671e-01
-6.494190438589788616e-01
-2.480323407554432258e+00
4.637889864730617706e-01
1.884837383944737432e-02
1.403302725055933786e+00
1.514912386803068500e+00
2.115925189885685676e-01
1.146107906987570146e-01
-1.725739001198342226e+00
1.222530346010581859e+00
3.131556252100125004e-01
6.739312018600831511e-01
5.939951326869545856e-01
-2.124873106959751734e+00
-1.160527510710277488e+00
-7.624115723725385374e-01
-4.996705622471863117e-01
-1.619864453091003798e+00
9.797163171917319113e-01
1.898499604743390634e+00
1.008744509049313676e+00
5.429969579295170767e-01
2.126450031043761069e+00
-5.352888519140279744e-01
2.355069967598341307e+00
5.461547099451242726e-01
5.351308002348611481e-01
1.333396191710046752e+00
1.143557442319806938e+00
2.173654528565204025e+00
-6.779906331195051372e-01
2.447973284608217615e+00
1.339316158205245522e+00
1.949201445708455882e+00
9.891987817622626133e-01
1.069050124433748694e+00
1.524186800852470380e+00
6.253475825730707705e-01
-3.872300033798083962e-01
-1.062869080108573172e+00
-2.301386235645552780e+00
-1.440042012747572375e+00
-1.628354726790091522e+00
-1.343722674102227232e+00
-1.602682675820571445e+00
-1.442903415678575829e+00
-1.612000763449327412e+00
1.585507113276309443e+00
-1.608856089051222238e+00
-1.850422797449217338e+00
-5.973969382797299499e-01
5.773842124194690228e-01
-2.181723474587384359e+00
1.742899110838169285e+00
1.540379036109210009e+00
1.073112935070671625e+00
1.616821937971482548e+00
1.432829150666553808e+00
-9.513505142336210474e-01
-5.709201842511115732e-01
-1.085399921228165310e+00
-3.013631095882373101e-01
-8.278305375529426691e-02
-2.074241420951808301e+00
-1.894050942668331405e+00
-6.553742631059545909e-01
-1.948352294507516014e+00
-1.787109794777674399e+00
1.441013045166332551e+00
1.712992501037187587e+00
1.114340552066922507e+00
1.353174306275369609e+00
6.338722041596751566e-01
-1.421307198027919938e+00
-2.103432414265858696e+00
-8.601890847846491717e-01
-2.345713909424874899e+00
-5.499116449278940166e-01
1.308760191708722154e-01
-1.117000677478453330e+00
-9.022884378938949013e-01
1.304524097998565058e-01
-2.238199571798476839e+00
-1.353791484827866709e+00
-6.724650645636924828e-01
-7.243097778882738869e-01
-3.469333856726841692e-01
-2.540493567624686033e+00
-2.235680934113933649e+00
-5.078343663470883396e-01
-1.725145821909004784e+00
-1.142156640876363483e+00
-1.495976963315414521e+00
1.862655048479201492e+00
4.796714617349012721e-01
2.355484439098165517e-02
1.916659062277028536e-01
8.176125894583483600e-01
1.138213522344788675e-02
-3.173736802083615416e-02
-4.027864205221991512e-01
1.647207397441646792e-01
2.673724520220328138e+00
1.427587063118633148e+00
1.931197885866373642e+00
1.829806527399746141e+00
8.697291737058604477e-01
2.131569510923876365e+00
-1.214887923229757583e+00
-1.182139362968730012e+00
1.445450867395139394e-01
9.162997936322370141e-01
-1.393748351565192500e+00
2.430723594743484650e-01
1.621442075144692740e+00
1.095105395268134441e+00
-8.070762435331402251e-02
7.142248352617471818e-01
2.128829824913267998e+00
1.497963441735756351e+00
2.044258876795908009e+00
2.550846650232813762e+00
7.544508154677878053e-01
-1.351773950796186563e+00
-2.481974096154812237e+00
-7.034059721121656006e-01
-1.692042804544512835e+00
-9.080377281863855066e-01
6.658631466178686065e-01
9.162122615539517456e-01
1.535157961867029686e+00
1.893289857498203332e+00
2.803994900553684611e-01
-8.564727912051153247e-01
-1.572234547935010607e+00
-1.248912374704078898e+00
7.221086955340845215e-01
-1.038817633145574515e+00
-5.922025908681149975e-02
-1.204773189494450447e+00
-1.315112282009356370e+00
6.976471306958909047e-02
-2.387772276604075650e+00
-2.038404598845128257e-01
-6.414791546761406948e-01
-1.202510482444857365e-01
-9.931819277335952600e-01
-1.180636975470854999e+00
5.842289716584392334e-01
9.822060254406544955e-01
1.186500833886312334e+00
1.135236439397744546e+00
1.849934265285968937e+00
1.188791169564727745e+00
2.868741447358687857e+00
-8.934171519497855485e-01
1.494136838369928055e+00
4.812659580362752543e-01
2.695359689430580463e+00
1.595306872072497439e+00
1.877097920016914667e-01
3.795261514471655051e-01
1.432687300056677326e+00
-1.275157807241205532e+00
-2.600706185183193853e+00
-1.143628328881319156e+00
-2.086041502765051625e+00
-2.956410325864520239e-01
1.044563001153263615e-01
1.765739307654019319e+00
1.384624990419405011e+00
9.050792824967355266e-01
1.454366260398545219e+00
1.754571492552664536e+00
1.177980609590124406e+00
-4.381857755999316595e-01
1.148169829958500143e+00
3.295439725215927318e-01
-5.048044863774514557e-01
-8.724909919166310424e-01
-1.203742509640620018e+00
2.471324119613085291e-01
-1.302374619153162438e+00
-2.695626627330147684e-01
5.257582626250476565e-01
9.387366033325983405e-01
1.624664149562355941e+00
4.946763664831471674e-01
1.742855403592108221e+00
8.491423696115287800e-01
1.504563062607742197e-01
2.259997956981754541e+00
9.390706208302542768e-01
7.774621937153549656e-01
8.768658133226834295e-01
-5.539235592191484869e-01
-1.493671881727065553e-02
1.470046675035812100e+00
9.188749876423651930e-01
1.738252643496016603e-01
1.344817880093422957e+00
1.201383276537160816e+00
6.370129801141986015e-01
-1.502680949377764197e+00
-2.486381483703842932e+00
-1.611427521630219628e+00
3.883344112343367627e-03
-4.454817912039669148e-01
-7.926774386389561222e-01
-1.342928392367594981e+00
-3.419987228249417033e-01
-4.512507178603649693e-01
-8.915909018549894594e-02
6.712060970927109516e-01
-1.505868446243332270e+00
-7.328175727522265870e-01
-1.637783472423680386e+00
-4.149980386085816431e-01
4.373369113533943642e-01
8.103852807132083669e-01
-4.701811924548708888e-01
1.237976130626424087e+00
7.685585261293985671e-01
-9.692300441411006995e-01
-1.331243805972666561e+00
-1.225581904616317441e+00
-1.750313445154554559e+00
-1.907508268654581673e+00
-1.465467339697463345e+00
-6.015436146107990822e-01
-3.254412518131508669e-01
-2.993778179591437549e-01
-1.315942556352193815e+00
1.257929621998558067e+00
-1.815479319999571128e-01
2.329241093955358721e-01
3.963171160939703563e-01
4.030483961359074829e-01
1.555367398421101388e-01
-1.179566769576654961e+00
-3.350474507706757699e-01
-2.555016649621550506e+00
-1.293022826258171554e+00
1.354584190853671100e+00
2.664298919608489413e+00
1.254711157318583181e+00
1.742462063291804863e+00
7.661610383920518519e-01
6.951909515866205869e-02
3.000167727058056233e-02
1.981497399662521808e-01
8.378605179047520224e-01
1.282359396549970221e-03
2.177513846852342505e-01
-2.857451236360784019e-01
5.711556769888277429e-01
1.831133393562961453e+00
1.147039659270877809e+00
-1.969903973963645250e+00
-1.178853980960102410e+00
-7.011795426461036040e-01
-8.233260089093035194e-01
2.891858539511906745e-01
-1.793585189897288767e+00
-1.770259016358902038e+00
-6.815325517731076754e-01
-2.411101442392921790e+00
-1.711149266816538450e+00
-1.680542427331944477e+00
-8.523664656355104396e-01
-1.704169001589392440e+00
-6.617771547000359522e-01
-5.421345529791903317e-01
1.599779640011958826e+00
1.912199432160101686e+00
1.047350074436505185e+00
1.082682568360581854e+00
9.563883365918993684e-01
-9.257301293647074436e-01
-4.609717072224627232e-01
-1.887313501615716760e+00
-1.096170656953923572e+00
-1.685546197469039331e+00
-1.043487944739029283e+00
-1.592704027918674603e+00
-1.506740921666030353e+00
-2.019591032041216039e+00
-2.523606065415300304e-01
1.124573622979790466e+00
-2.284184762367083010e-01
1.561778989133576268e+00
2.696059215579866830e-01
3.426569135505275199e-02
-9.725420856277288140e-01
-1.869734405928134224e+00
-2.595770523410348751e+00
-7.887571445758752020e-01
-7.470984088522358846e-01
-4.868742848700767789e-01
-1.498026684581770240e+00
5.218942339149124088e-01
2.254486028931186326e-01
-4.695157964396995398e-01
-6.041993369600502373e-01
-1.624564663922940744e+00
-1.150517395923742026e+00
2.345187320405761611e-02
9.508007930551514164e-01
-1.429978746862263561e+00
-1.017339982813007193e+00
-6.645589113879193377e-01
-1.333989001454536583e+00
-6.751859047672215119e-01
7.027902288562533073e-01
4.024034701776990630e-01
1.180834454071809869e+00
7.293460576587037503e-01
9.433694428188761361e-01
1.554814811591236134e+00
-3.115736765891148341e-01
7.584899897811205882e-01
2.150277631110782739e+00
1.113343139075302801e+00
3.074983578082528091e+00
6.569594676295485991e-01
1.121219749640326224e+00
2.054307105185842808e+00
1.253721499632884262e+00
-1.765353348387422194e+00
-9.718051943358497757e-01
-1.400605114980799204e+00
-2.410056378896460183e-01
-2.045994953717364950e+00
1.529944959036676488e+00
2.153227858713848697e+00
1.797733352001396057e+00
-8.642255344947602502e-02
-3.600185093746173237e-01
8.813789827358102791e-01
9.268795141481066535e-01
-1.327852837039296130e+00
6.002598449832003968e-01
1.072284834064066050e+00
-1.748055933842579623e+00
-8.713414271817560008e-01
-8.208951158037574025e-01
-9.450454208408443080e-01
-2.437448809952929896e+00
2.768544740168776386e+00
1.544246249463901322e+00
-5.720380517356633554e-01
1.115964347494079911e+00
1.033928993921955142e+00
1.352437970978458193e+00
1.128331539149024287e+00
-9.600899642543134771e-01
9.610337299356012108e-01
1.866201682003270079e+00
1.324637522642828857e+00
1.565044940604013668e+00
2.572265954520803533e+00
-1.602692761305375413e-01
1.110685643861229366e+00
4.111361626940538416e-01
1.046625407029310839e+00
5.557857949787918805e-01
-1.148912194076121551e-01
1.233083068585695274e-01
-1.589555169673407597e+00
-1.018017958501364006e+00
9.612286175997808435e-02
-1.044069619929747672e+00
-2.321788639335691684e+00
-1.758786754848347567e+00
-7.367093116842841072e-01
4.736634599393640954e-02
-1.798456217269197577e+00
-7.160903671564144979e-01
-1.107101575348914846e+00
-1.001203663582969750e+00
-9.839684114738619369e-01
-1.212311498771589502e+00
6.802697391098562196e-01
3.191864573041070408e+00
8.364018444256706708e-01
5.021560506764146670e-01
8.677593054910381909e-01
3.413380446620559727e-01
-5.748011303526471272e-01
3.694747481755191743e-01
-8.697613237635308803e-01
-8.034949432979588968e-01
-7.649337994449577627e-01
-5.597234770568726425e-01
-7.584557921337700126e-01
-9.135337613906188148e-01
-4.948014649897282125e-01
-1.826048069058456402e+00
9.622916229775988484e-01
9.018256322035838046e-01
5.693985387078936977e-01
1.302070950903855273e-02
1.683773344677867989e+00
-6.001810207076969661e-01
-9.862043334674434059e-01
-1.927366506478083608e+00
-1.064007521926928934e+00
-1.725049059143292318e+00
1.084124801785515846e+00
1.602783731548313773e+00
1.590905318712440675e+00
5.782215563527941526e-01
2.005126940199236429e+00
-1.323375854098738369e-01
1.989626402493966051e+00
7.787390351709710945e-01
6.748275863088659676e-01
8.161622006042785760e-01
2.134770461765350014e+00
1.206002061169289874e+00
1.848830121427730511e+00
-6.197021790218624204e-01
4.463512061822837440e-01
-8.127145945818605721e-01
-3.517442880156087526e-01
-4.346649224061346350e-01
5.030153028074146881e-02
-1.299081014000437184e-01
-2.350051376198619479e+00
-1.166380330487236661e+00
-1.282046639527302023e+00
-6.189316796052415359e-01
-1.327671770860982203e+00
-9.376648862039609345e-01
-1.981961348934988099e+00
-1.184844411311515522e+00
1.418930495736225872e-02
-7.045042935624794556e-01
1.227300157414597637e+00
2.713543086060941079e+00
2.673563372033563201e+00
1.692114476769842835e+00
2.202453325379034599e-01
-2.071506767641266400e+00
-1.478117388795203713e+00
-5.022561669614296065e-01
-1.399921483845305348e+00
-4.645074903418295875e-01
-2.728138073699334143e+00
-1.872965813851338313e-01
-6.557341316326044112e-01
-9.888844807596960385e-01
1.517297200827025794e+00
1.837888449146544367e+00
2.003392600109537014e+00
1.311067410664494615e+00
1.078532466472043261e+00
1.177751575850278343e+00
-1.093380874077864329e+00
-6.660111950270231063e-01
-8.829766719702502042e-01
-1.083236886380200881e+00
-2.562891994024941722e-01
-1.626917872059692183e-01
-1.065996940456816144e+00
4.958685263468149973e-01
-1.155113825105071435e+00
3.248502352769588875e-02
-6.792407068992244445e-01
-1.542826066228447868e+00
-1.164148018526914852e+00
-8.982905260465477992e-01
-1.679536492819809546e+00
-1.087647311860319155e+00
-1.281468417494029399e+00
-9.865786702260238572e-01
-1.487919864061434838e+00
-8.737173547956529340e-01
3.646619363121733626e-01
1.028223633505314760e+00
5.373350339192077829e-01
1.339454540880226752e+00
1.047423081083238117e+00
2.762133091979911192e+00
1.501910420667214030e+00
2.206775960331261555e+00
6.636243521747458018e-01
1.118881101471834505e+00
1.916155930550399233e+00
5.564458475036155871e-01
4.091028505394463943e-01
2.017845083712107357e+00
1.020357259844322240e+00
-1.453334776171074205e+00
-6.612899281795865392e-01
-1.032682955455651586e-01
-2.291193008034408063e+00
2.106236740724551915e-01
6.850016744021024673e-01
9.840542530483867845e-01
1.969596333180453573e+00
2.025248026480652719e-01
1.142613089748021560e+00
1.235589236996176288e+00
2.351874741929848689e+00
-6.969972286548402618e-01
1.903823970893674389e+00
8.349957586440659441e-02
-4.327721081801457759e-01
-1.771556559637132988e+00
-2.455045566640664756e+00
-1.524764937205746351e+00
-7.234289228801640270e-01
-1.638357150250511207e-01
1.511951843478379631e-01
1.895912274349645932e-01
1.808069704070967010e+00
2.071249433560947040e+00
1.335897951259771288e+00
9.511366377630152691e-01
1.356578814656948406e+00
1.288475042335374576e+00
1.335385332514826384e+00
2.207322452088160691e-01
9.806140863232987170e-01
8.738296256268636153e-01
6.802858062269656614e-01
7.901541252413588623e-01
1.735885733100535955e+00
1.490057404725086077e+00
1.789860226991942138e+00
1.368486658764558550e+00
2.245825950859715370e+00
-1.695062278658098887e+00
2.795281041621286988e-01
-4.869070610278506406e-01
-3.962886071761139162e-01
-6.185256566780993337e-01
-9.258213496374118057e-01
-2.505812357219514119e+00
-1.201953486424775175e+00
-1.423505841038369191e+00
-2.463377953623356653e+00
-9.045527938819433178e-01
-1.270451481949973482e+00
-3.649095643045660031e-01
-1.156718693087785299e+00
-1.650816784081937660e+00
7.903061355235488916e-01
4.986502417211339244e-01
3.260489174941350043e-01
1.805538687855544611e+00
1.984157849601623669e+00
-1.799887809196447641e-01
-1.354325498650976956e+00
-1.616834965864311968e+00
-1.837633732365246075e+00
-1.523441054287018925e+00
-1.071030135375221404e+00
-1.724792876078398152e+00
-6.040921417902911372e-01
-1.697015262265115787e-01
5.723521025971447518e-01
7.630490737985934357e-01
1.627014126454005893e+00
2.417814416586892001e+00
3.876017181632612774e-01
3.587316658997713459e-01
-7.821230690173420763e-01
-1.483488693502485356e+00
-1.304597482097030303e+00
-1.429371600500602746e+00
-1.933187271706216848e+00
7.904528744436423171e-02
1.721291195951666797e+00
8.088485319603189172e-01
5.159303466175733099e-01
1.548464214239290371e+00
1.811672767542864992e+00
4.957189183474427496e-01
1.059773483019328610e+00
7.704495067773168282e-01
1.394862252018209237e+00
7.977641085167707091e-01
1.962045055137374705e-01
4.763765457424647964e-01
1.771695112067141809e+00
-5.642033097376795148e-01
-1.640742578314427380e+00
-7.793090939809016460e-01
-1.217187462297142586e+00
2.520327264431780900e-01
-9.593411720131701514e-01
-2.006521468853154744e+00
6.164359165129611462e-01
-5.326544636383214737e-01
-1.651637844240558373e+00
7.892954773127720536e-01
-1.714436279136329011e+00
-1.734699271376123564e+00
-9.942201474120979654e-01
-5.112108037240059577e-02
-5.342765317233357791e-01
2.650772063045626625e-01
2.405024412929789079e+00
3.259969035251693015e-01
8.720863795376812000e-01
5.847352174156905669e-02
-1.612063367722626595e+00
-6.018121628658068545e-01
-9.844996532297578540e-01
-3.554883840131894956e-01
-3.562857314170160272e-01
-9.884554916629183507e-01
-1.004097266169033942e+00
-1.019820272356165569e+00
-7.728087039190947305e-01
-1.308637494933390544e+00
6.642037093956059124e-01
1.234556519389451434e-02
9.223574341886892070e-01
7.276180454882114068e-01
7.229068097052091524e-01
-1.098730299494335316e+00
-2.270116976589624969e+00
6.046204749347863228e-01
-2.141773747429840391e+00
-1.251485459984798654e+00
1.773786337097505994e+00
-7.771489174823278390e-01
5.802093442841566029e-01
2.228823755613618118e-02
1.443451094526021716e+00
-1.147038649058204740e+00
2.489667855044728206e+00
-4.551077858873378013e-01
1.248136341079093770e+00
1.341368117608449984e+00
1.646693150753785861e+00
1.067215568882177612e+00
1.645951715770388457e-02
1.092450149314826424e+00
1.324736766112216468e+00
-9.574967204812002697e-01
-4.675886976453624833e-02
2.940566822338273045e-01
-1.025719456946812880e+00
-1.364968500705377341e+00
-1.736588975553249092e+00
-9.775446436145022178e-01
-3.539874974906725980e-01
-1.020714996783862460e-01
-1.384357186914161764e+00
-3.072962519047426344e+00
-2.543275394816073565e-01
-1.045939226270191202e+00
-1.466747602100223480e+00
-1.819595977174959689e+00
9.436717207609086611e-01
1.845446333829760199e+00
1.699196225057846732e+00
1.944639136901944676e+00
1.336146408102104388e+00
-1.677116055976163533e+00
-2.396680305266007505e+00
-9.391620697833451548e-01
-3.934232571496947273e-01
-4.227380546264435379e-01
1.708999698849542614e-01
-1.334603064925276028e+00
-1.456431876394308489e+00
-1.050495022166769044e+00
-7.343818565780146912e-02
-4.619869564276002372e-02
7.834883614539029928e-01
1.183023395815281376e+00
1.196482393198867511e+00
-7.349816679721477009e-02
-2.082509749897733187e+00
-1.428996055033559420e+00
-1.148369046569436946e+00
-2.425139451432772653e+00
-1.807803749359722767e+00
1.152351014397288154e+00
1.585977079630716879e+00
1.612805498713363761e+00
-4.112370075728177810e-02
7.970898923610234554e-01
5.228904997337572302e-01
4.082503837921490630e-01
2.139183646033174124e+00
6.855465567367293733e-01
1.713038892537195768e+00
3.450953137872232457e-01
2.008956625547974717e+00
-5.557438627214383864e-02
6.817543444472438097e-01
-1.692770986449076975e-01
2.934925920832949231e-01
-1.338078603628839902e+00
4.480541934878383703e-01
-1.669142894482533723e+00
-8.806596784362347163e-01
-9.947494028873336003e-01
-9.657668545217851230e-01
-1.149322729891445682e+00
-4.978732171970390308e-02
-1.362753964612346547e-01
-9.787089430171426185e-01
-1.318576627268443158e+00
-4.714468707236542100e-01
-1.315612922462606971e+00
-1.943646764035760199e+00
6.864025537395774812e-01
1.586581785124475008e+00
1.031457883484590443e+00
2.171610061087974941e+00
1.184426354321080677e+00
-1.080004672570803681e+00
-1.807885715081508859e+00
-2.283359313851282657e+00
-7.881662223256902244e-02
-1.027138012635931075e+00
-2.273770047482243761e+00
-2.044973010274918623e-01
-1.088439108655000709e+00
-9.038019013426890069e-01
-1.066795489620256276e+00
-9.103971472407512699e-02
-5.458707703202909656e-01
-4.259258535685510605e-01
1.258989266356532744e+00
1.513782333732449636e+00
-1.557682518553714424e+00
-1.005749368484728512e-01
-1.141104655802521295e+00
-2.630733863217014079e+00
-3.913299904810959573e-01
