-7.880692196910309422e-01
2.034420634097506841e-01
-9.811379116900709185e-01
-2.078259552698766832e+00
-9.927517531501596215e-01
-1.411650334645135008e+00
-3.898993398823362710e-01
-1.427017355542297361e+00
-5.809014547591362376e-01
-1.180308480278621897e+00
-8.314887813291569341e-01
-7.320874779642597696e-01
-2.896837132840567541e+00
1.587279110871531174e-02
-1.027244482267296366e+00
7.035680361697483898e-01
1.847046552004022013e+00
1.024117001377290892e+00
2.046303382468158683e-01
4.143749996164424187e-01
1.459638405734108968e+00
1.000116134636521270e+00
9.161570060404000682e-02
2.188553526185333276e+00
1.406925028824021595e+00
1.127027590571828997e+00
1.260835123455762430e+00
1.926515915992821570e+00
9.259877489698933317e-01
1.068896162729327637e+00
-1.377699419857774998e+00
-1.639778619270572113e+00
-3.165052999516484888e+00
-1.322200943472925827e+00
-1.783016570408664681e+00
1.742419812384032873e+00
1.646475860043406847e+00
3.186012546864656070e+00
4.260973008171942134e-01
4.563196792880549468e-01
9.491394961026951016e-01
1.296785688740938136e+00
8.163963160988958467e-01
1.244777307148338119e+00
1.655806505977433840e+00
-2.028544958605519977e+00
-9.409838933370451297e-01
-1.509576346636087862e+00
-1.868923244004002671e+00
-2.141695709533307124e+00
1.192352728317886745e+00
1.606010061122862265e+00
7.092684734462960661e-01
1.920257344498703000e+00
1.031974294874193010e+00
6.188327665907202846e-01
1.407345234312270099e+00
-3.907494468210370719e-02
-6.757558179167852952e-01
5.070624800140043353e-01
7.563335561744211066e-02
5.516256593417701026e-02
7.075939419209813508e-01
4.224740051913162819e-01
2.269825611349203243e+00
1.301866533527682668e+00
8.095884672533054660e-01
1.273110434527295221e+00
1.620658837804351826e+00
8.256495560744119278e-01
-1.138674466634149951e+00
-8.595278696867353352e-01
-1.455421628676603518e+00
-1.322710736614199689e+00
-1.274885753586747272e+00
-5.260148498641806780e-01
-3.213866001933223249e-01
-1.118096613128302330e+00
3.385514080959850514e-01
7.271972454323298862e-01
-8.593967710945799032e-01
-7.757292302438495435e-01
-2.035546579887623331e+00
-6.840872347378301743e-01
-9.713707048591065929e-01
2.400084490835590501e+00
9.705141045572112102e-01
1.885064298923175841e+00
1.660962885541819478e+00
1.125454840880509177e+00
-2.214247878479506326e+00
4.782477470421733212e-01
-1.207854987900879085e+00
-2.418391897501193988e+00
-1.501953401635732543e+00
-1.741933843886386946e+00
-4.322689810351066919e-01
-1.275334578761015969e+00
-1.141993691907674968e+00
-1.138741299136290408e+00
5.204021393380664495e-01
1.477540348427923256e+00
1.327824190751575539e+00
1.041213634208242311e-01
6.412102328428085363e-01
-2.375982914681434854e-01
-1.360030207776463218e+00
-3.391711229581203524e-01
-8.353951874100231656e-01
-6.542354433579224970e-01
6.747470655226615044e-01
1.017923200509459392e+00
-5.289610091610352782e-02
1.359608518963596469e+00
6.048574235200930849e-01
1.988456722130862886e+00
1.143528605335445203e+00
-6.692700580118171594e-02
4.234003378351554048e-01
2.042718570110158893e+00
1.561026954232743513e+00
1.455486184612568845e+00
8.996039824938675267e-01
1.207389187597103231e+00
5.529228097785006124e-01
-7.778445212065826508e-01
-3.625701533107111629e+00
-6.336059188229807848e-01
-5.557476096478444205e-01
-1.187536504067256082e+00
-1.272258593046974973e+00
-1.415336418673575070e+00
-1.245049414871380211e+00
-1.086087779487315386e+00
-5.130886584815246287e-01
-3.946288778375512951e-01
-4.904429165205655972e-01
-1.493571065893638528e+00
-1.735170352483926592e+00
-1.384200252088883198e+00
1.871971109846241266e+00
2.936656669789928786e-01
1.850194960141431366e+00
9.603501422815629018e-01
1.243025930436947757e+00
-8.845531973434088702e-01
-1.648431341000098804e+00
-1.959133995276220563e+00
-1.279229285180751852e+00
-9.661671434652192580e-01
-1.072874702131852320e+00
-1.989189859032517660e+00
-7.039753923584961548e-01
7.064968038318371057e-01
-1.678774845297412277e+00
1.079815014157896602e+00
1.136795462586607242e+00
1.306310893637217863e+00
1.442686281473185339e+00
1.362482981468317478e+00
8.067410969418542521e-02
-1.511879538619580909e+00
-1.313098613669509085e+00
-1.747757159812582728e+00
-2.482840734235431057e+00
2.802701122719489790e-01
5.303541394987170143e-01
8.351729552501039322e-01
1.978428900562100301e-01
5.277324878656726170e-01
1.006882190762529605e+00
-4.036863967442265722e-01
4.362532602055374520e-01
2.298325895905562355e+00
1.545249253304913140e+00
5.137228647692348993e-02
1.240295693517235787e+00
1.037549298762450389e+00
1.597996676513468550e+00
4.733183826949296513e-01
-8.013246117656360745e-01
-2.353111770304295636e+00
-9.857537960485546202e-01
-1.345305977163564037e+00
-1.246417436432997183e-01
-1.547894102095071389e+00
-1.829427029275661365e+00
-1.735269131281154564e+00
-6.455996712871525656e-01
-7.927457729819087362e-02
-4.289107015590919447e-01
-1.019720349636244361e+00
-1.520463445859897345e+00
-5.896775314413380542e-01
6.679945951821517625e-01
1.994860405833162709e+00
5.717467259840967042e-01
1.548698761378982658e-01
-4.665875516181472449e-02
3.546918899982584028e-01
-9.471820382089364276e-01
6.436432448033713172e-03
-1.757612714106841834e+00
2.470858483190863097e-02
-7.736046658581193780e-01
-1.126068697833086274e+00
-1.024013025531566923e+00
-1.138530992116745022e+00
-1.160739201882890814e+00
-1.072578312061439831e+00
1.535468129969971063e+00
2.752169367554119006e+00
7.084611120046244714e-01
1.418970090235438519e-02
1.063298254407945009e+00
-1.629352773133105448e+00
-1.459270065306247144e+00
-5.699682974191719875e-01
-1.577662671357851654e+00
-6.276565764474046905e-01
-9.201690843553242960e-01
-1.110906990072074496e+00
-3.937995678715425774e-01
-1.142688092718553872e+00
-1.038182134993940187e+00
3.615955879524122007e-01
-9.078771531369215220e-01
1.187313102710080948e+00
-1.074250345029129639e-01
-2.058261641876586001e+00
-3.753367128616718063e-01
-1.070304063827518970e+00
-1.151719167445061309e+00
-1.107076478197329239e+00
-1.140265930375365944e+00
1.461310041477970056e+00
9.459694258022639524e-01
1.513018937684869725e+00
5.025775923905162479e-01
6.640817501602398476e-01
8.143025438767914626e-01
2.006118691365655238e+00
2.313382896621756224e-01
-1.046631303636722521e-01
3.316173796084621594e-01
5.036638497652513591e-01
1.575186526445343738e+00
-2.490432336539434299e-01
1.551722673784126094e-01
1.558918272816873785e+00
-1.204074588292606274e+00
-2.165623229665096794e+00
-4.506146809476893056e-01
-7.177528760998650448e-01
-1.695883426268270711e+00
-6.970408329657733493e-01
9.240848632324422107e-01
4.662545326871595508e-01
-2.101850058665899468e-02
1.383721865173900056e+00
6.884896745376067884e-01
1.086854340941722841e+00
1.026851450537315857e+00
4.801130278378251681e-02
-3.185865996006835843e-01
-1.427858582902925555e+00
-1.417978581093771506e+00
-1.265151313840728209e+00
-5.472387044897011332e-01
-1.408209046925499752e+00
1.787827633410088435e+00
9.301923086728872692e-01
2.989747937789765331e+00
6.935522001047809137e-01
2.577494585431999496e+00
-8.060899951655513540e-01
-8.095868486339059533e-01
-8.897654013075234625e-01
-8.317555402251936014e-01
-6.119883175795801655e-01
-1.348923945775135635e+00
-5.880928273932805039e-01
-6.727188237352881295e-01
-1.672408787556259213e+00
-1.749078085434983887e+00
-1.597860759463273883e+00
-1.488274340918743555e+00
-1.489063984610424107e+00
-1.794921931166020723e+00
-7.486876568225531159e-01
4.069979602441559097e-01
2.880749094185266479e-01
1.231511244450171683e+00
3.941888598597625970e-01
9.867806702487693649e-01
7.516519280236851897e-01
1.258677290028227702e+00
6.381188332239010608e-01
2.152379795551049746e+00
-6.826563833361316558e-01
6.219773407106733432e-01
1.481002771139703356e+00
1.278060228568605794e+00
6.764278237277501216e-01
1.424402107099914438e+00
-1.948170150637856812e-01
-3.752027745610684306e-01
-1.072092332604173137e-01
-4.928348463032099502e-01
3.099750955385502937e-01
1.884030792165103385e+00
9.386814644746529490e-01
2.117177074020710759e+00
1.485014434283071338e+00
6.112038230802552263e-02
2.346564805534508302e+00
-6.603650584687519309e-01
-6.429266718550228354e-01
5.309426970686160763e-01
2.361458984761378055e+00
-1.294717554936467341e+00
-8.992017022696988660e-01
-1.472738157500651290e+00
1.708660126079599717e-01
-6.719525910784049927e-01
2.710171381309765870e+00
-1.354435199291859071e-02
4.019714811031984691e-01
1.533261336598123137e+00
7.235300102233543917e-02
2.180142363871255373e+00
1.567994885946855099e+00
1.545016497794328814e+00
1.693961424033902929e-01
1.016910260243048425e+00
1.159408074319266291e+00
1.422452652338965340e+00
4.098478562187507501e-01
9.740829259090959535e-01
1.428421062102061212e+00
7.830204749541631593e-01
-1.019841522116793353e-01
-2.924159165597357557e-01
-3.608367923628330587e-01
2.319251077219069312e+00
-1.891900706878097971e+00
-1.543610822275789385e-01
-1.223563881418023636e+00
-1.431022852528845757e+00
-1.286312786461648816e+00
-1.449996586748437677e+00
6.826118740531879059e-01
-2.088144290862309127e+00
-3.973373056252788027e-01
-5.431495555935027530e-01
-4.660513133468305869e-01
-1.175371664962885365e+00
-1.559194860833703844e+00
-1.306666120454775593e+00
-1.962703756429176494e+00
1.342607335438162908e+00
1.788528244422572522e+00
2.109049170895555214e+00
1.545807148092001926e+00
5.197352294300103814e-01
-9.084921814404796070e-01
-1.099628206724475588e+00
-5.898073342162222232e-01
8.735274978917728639e-02
-1.507123287449423366e-01
1.731051891350268157e-01
6.486497982521328698e-01
1.051263483664999221e-02
-1.080934377605669905e+00
-2.838241380054943086e+00
8.773039655406821291e-01
2.254576888813529578e+00
4.160624267665983256e-01
1.619662869916051573e+00
-2.642939969484794371e-01
-1.675218968075020909e+00
-1.411552749719318101e+00
1.102992941650387859e+00
-1.104866426185276973e+00
-6.350965153231125093e-01
-4.022116062080371979e-01
1.129179100951215764e+00
1.565140351652337447e+00
9.956633233173811659e-01
8.073881543224935564e-01
1.709020112688091508e+00
1.382509023390712688e+00
2.104533347903048135e-02
4.034119508644695706e-01
2.305550255920340241e+00
1.454984095085097850e+00
4.010936012008762264e-01
2.105612981746486589e+00
1.009727371728742495e+00
8.243869360283401226e-01
-1.274820301654501886e+00
-1.308874564982580146e+00
-1.432443142685224213e+00
-1.217506860708348126e+00
-9.122569607320855090e-01
-1.711339278948481368e+00
-6.234650236089539499e-01
-1.412074421337117025e+00
-1.408296186311611464e+00
-9.707595829616737504e-01
-1.627377410834329075e+00
-1.144247760785485735e+00
-3.270769372870274250e+00
-7.649241674977308447e-01
-9.843893938199277382e-02
9.297115588061725111e-01
1.111276562003931101e+00
1.287413446604151357e+00
3.335601004449264551e-01
9.261900304864363331e-01
-2.876273968486339205e-01
-5.744606273452912415e-01
2.785719898927454530e-01
-1.355566124711153453e+00
-1.204726452814550486e+00
-3.599972350984562697e-01
-1.883348059321369838e+00
-1.437421265636881218e+00
-2.674037552640500692e+00
-1.834823344199429052e+00
-2.817320647783378984e-01
2.317968658457598696e-01
-8.393374956467711812e-01
9.715346199353520618e-01
4.393719640788754655e-01
-1.584445991801185505e-01
-4.950881568697084179e-01
-1.001616653996908468e+00
-1.339628178144701698e+00
-7.386415172109415117e-01
-1.203797020926908212e+00
-7.266932273538559972e-01
-1.666003215389803671e+00
1.084520844358438207e+00
-1.470994107976976384e+00
-1.410705136758362510e+00
-9.973923361358194573e-01
-3.194885370827145188e-01
-5.392427850107570642e-01
-8.643666694041832743e-01
-6.676912562026494635e-01
-1.398039809807420264e+00
-1.470476940654482423e+00
-2.655016941457665203e-01
-1.465877589277449156e+00
7.592381921448041471e-01
1.894549520245569774e+00
1.618544859865706176e+00
-1.279800062842602060e-01
1.372536259473570830e+00
1.329860174126573424e+00
1.167716821972342611e+00
1.783392424345332739e+00
2.136700045255572888e+00
1.209334066806432073e+00
7.326375580638559981e-01
1.686310729997990698e+00
1.681227192565718287e+00
2.161653189259248542e+00
1.957990513084464812e+00
-1.293639634749133682e+00
6.476602885576641100e-01
-9.714225156925404558e-01
-1.234213079332237450e+00
-1.870792956031013254e+00
1.981806494924467366e+00
9.569242758088051248e-01
3.269650667053302096e-01
1.319152048805947608e+00
8.632108607434858527e-01
-1.573657736689844100e-01
-1.759998963134719041e-01
2.119064610388476488e+00
1.804790291697428550e+00
1.941836250854338752e+00
-1.486583205786299988e+00
-1.841449087013283581e+00
-1.397081090440344342e+00
9.380464537122112922e-02
-2.237838438179701850e+00
4.409797857131783072e-01
9.791492543949796845e-01
1.791774472400927909e+00
2.578340742377377426e-01
-2.678508974781446117e-01
4.967815802546485804e-01
2.105478393606490251e+00
1.744137454323876568e+00
1.486176264327669472e+00
6.901739955336161358e-01
1.749622846588075653e+00
4.282314161382411166e-01
5.641658086765746205e-01
1.188437248172656613e+00
-3.571852699254449703e-01
1.815061263291479765e+00
1.448028990702328267e+00
1.081210797341291219e+00
2.349350996578843720e+00
1.428634024326664864e+00
-1.495064343372071169e+00
-1.004076286740814172e+00
-3.349720615506304178e-01
-1.313705254295166602e+00
-8.543325748123381524e-01
-1.105509603120161444e+00
-9.747062079420113490e-01
-3.241666632800561665e-01
-1.205990564672567267e+00
-8.838395116532050677e-01
-2.537479611815200542e+00
-1.908565509556994444e+00
-1.717199389032856516e+00
-8.697593018706973877e-01
-5.669080746078647426e-01
1.099637613788415180e+00
1.435076610567199040e+00
1.067022728211977523e+00
1.073518038510140604e+00
6.980234741707748158e-01
-1.548094038349586476e+00
-2.002455229214667121e+00
-8.666138530351902292e-01
-1.213179371739718349e+00
-7.494178990860762557e-01
-3.380144719132570641e-01
-1.359160988379915613e+00
-1.318542985220059194e+00
-1.050075925710901137e+00
-1.156697051139484067e+00
1.306605029959849951e+00
2.157505671194309693e-01
7.595057909143898556e-01
7.996965343109382340e-01
1.217786910720177751e-01
-2.302329656509780165e+00
-4.287597589588175717e-01
-8.920344156836499394e-01
-1.595523836954227281e+00
-8.609217344672807082e-01
1.499334551614415201e-01
1.356884609014631371e-01
1.183635821241348030e+00
1.712238015222720122e+00
6.078999903593872434e-01
1.396532387226088412e+00
2.111032144645288433e+00
2.209790823852421315e+00
7.481393275149469391e-01
3.114021833274357665e+00
-9.315047160608425081e-02
2.515764432433235775e+00
2.301952509621184362e+00
6.137814747129917148e-01
3.748722518879157306e-01
-1.312939902942596770e+00
-4.062388994263860242e-01
-3.101345460869189274e-01
-1.298447232739192936e+00
-1.005171091793614524e+00
-1.149762027436437295e-01
-1.509195175494767671e+00
-7.331180246704342984e-01
-3.994383645232403302e-01
-1.464986046353918381e+00
-8.232905471816345244e-01
-1.382105330841701729e+00
-7.435338444003787295e-01
2.757680459331020018e-01
-2.533525261547745711e+00
7.980601754217523380e-01
5.801605325040990468e-01
5.608673333603320099e-01
1.535752248635660067e+00
1.605088288117093365e+00
-4.122404239612466048e-01
4.323904932375022270e-02
-3.291952427291152672e-01
-7.620001902526848392e-01
-1.274754088721794965e+00
2.476654440512238153e-02
-1.674685224447300058e+00
-8.379593430791091313e-01
-1.196249473509899852e+00
-1.073072010282084765e+00
5.373037174029371421e-01
1.297707020572617553e+00
1.749938216450517281e+00
1.557432509618362992e+00
1.217331676567956489e-02
-4.918287751939158792e-01
-6.851980153887331504e-01
-1.814185644266652186e+00
1.196741087616275401e-01
-8.584050977555227613e-01
-1.157751105453312723e+00
-1.883213569167588419e+00
4.919861509012561918e-01
-6.057161993087145646e-04
-4.601076772032154372e-01
-2.734273040766755924e-01
-3.387196807328060055e-01
-1.039731344744533992e+00
-2.177609965961165184e+00
-1.981598977938353601e+00
-8.781604044022163214e-01
5.862435899680200624e-01
-8.242632608827049623e-01
-2.333986926659044059e+00
-1.345525356300228070e+00
1.526226112497346854e+00
-2.760893513590108039e-01
6.711821133119375560e-01
1.511424705712825833e+00
3.046673046897103720e-01
1.518934467121511922e+00
1.007220686844662483e+00
1.000464749134217568e+00
2.215208586656531864e+00
1.435032613075702068e+00
1.744252763193820943e+00
6.572198567879705688e-01
1.303744923392623489e+00
3.945087632311143899e-01
-8.620829785437202908e-01
-1.873812632762051011e+00
-5.623008790241812438e-01
3.225966299774667423e-01
2.654717623732714138e-01
-2.210854586710147007e+00
-1.802497792520163511e-01
1.445358131538278856e+00
5.986293579793411368e-01
9.826661887357073244e-01
2.362560626966171418e-01
1.162379503919973356e+00
-7.136896976374762502e-03
1.417679677715036668e+00
-5.582572730942629846e-01
1.152583880349213885e-01
-8.144533679895021860e-01
2.070035303341828392e-01
-1.913088980377895432e+00
-2.862173954839029477e+00
-1.716814451124101026e+00
1.136861853095297414e+00
4.748127813938100017e-01
1.817214350371473941e+00
1.459070069249924106e+00
6.580079776888183574e-01
2.293641479161939500e+00
2.012330747576539292e+00
4.691148421743454033e-01
4.944013386714530833e-01
-8.447875661629322686e-02
1.672879917405128092e+00
7.039090650079815603e-01
3.258721360007486023e-01
1.135867348763656581e+00
1.259755641528588210e-01
3.940775347843397114e-01
1.799462538604902573e+00
2.790921591157105031e-01
2.034442048199143205e+00
2.522096254962161499e+00
-1.534729562965243987e+00
-1.179442630587378193e+00
-7.534197414519664404e-01
1.783433752113006143e-02
-1.574587238107362008e+00
-4.832495344542904192e-01
-2.575841097054860640e-01
-1.175707847667477157e+00
-1.393935145437696033e+00
-9.388028911845949231e-01
-1.535155375213125950e+00
-8.227000125010899279e-01
-1.214863638776799926e+00
-1.353471515641213596e-01
-3.000414382042769779e-01
1.078897839837912764e+00
9.760800132666822559e-01
1.208740292834153518e+00
1.483017681573826518e+00
2.511379290148105348e+00
-8.190520516503271287e-01
-4.230161111979952038e-01
-8.574952055623614733e-01
2.211892710253433592e-01
-1.792288230643765079e+00
-1.272982357974173251e+00
-2.216767206015004099e+00
-3.207983106957503772e-01
-8.743272525239730308e-01
-2.032852661524886528e+00
-3.416888079452096161e-01
8.143134092394654910e-01
1.313643755690190762e+00
4.615463493869742528e-01
1.202577272497747041e+00
-7.028111443275719683e-01
-6.597650884330759080e-01
-7.419964831207084277e-01
-7.849912489299892826e-03
-1.721598006040446105e+00
3.726347588992728888e-01
1.013197180555702515e+00
6.328069135672127477e-01
5.527387598418351811e-01
1.657501104740454201e+00
2.890125293456994093e+00
5.514712910352115305e-01
6.877857088002869990e-01
1.245792249388430584e+00
1.709273141902763138e+00
2.659285303541969459e+00
1.827281769013306079e+00
4.599043162324429890e-01
1.197131430390127704e+00
1.958235836523680273e+00
-9.489705474103468097e-01
-1.653524965812402714e+00
-1.370288807231049066e+00
-6.463590262349152571e-01
-1.844808523178181225e+00
-8.603422724154303758e-01
-4.432430629536530109e-01
-2.910222247577290977e-01
1.161778182148116567e-01
-1.678507475051780329e+00
-4.594398885838236746e-01
-1.561251946874268715e+00
-1.708628960675424580e+00
-2.073265301952368578e+00
-5.902762587958670926e-01
1.054350885864941301e+00
5.792738927687967054e-01
9.448791221924733863e-01
2.881174159358206310e-01
4.776258861040610926e-01
1.773808287887979063e-02
-1.388935702655920590e+00
3.620699715455426571e-01
-1.895900121294513241e+00
-2.169051078947968891e-01
-7.785765025606496970e-01
-7.354985109260111509e-01
-6.073422037249661676e-01
-1.359331933301320738e+00
-1.501821213181189663e+00
1.271022601119528028e+00
9.623171885179815366e-01
6.442816048430093367e-01
2.219047165636457208e+00
-4.835461549670931891e-01
-1.319519049764043217e+00
-1.336165195747157641e-01
-2.376660948568213083e+00
-2.483943764883964178e+00
-9.548745607954074455e-01
2.266733452914640345e+00
4.945482325939390966e-01
1.505357860354211263e+00
9.065797443166591085e-01
1.655614876868209961e+00
8.931574473894763333e-01
2.035926992852000517e+00
3.421020375049026452e-01
2.124773876744689538e+00
7.967936491402749510e-02
1.290905773259645173e-01
3.589459067961595640e-01
1.272151861134097173e+00
-1.796644825643860521e-01
2.319857825934098727e+00
-1.151276252994391180e+00
-1.187902297830285336e+00
-2.132059962685627363e-01
-3.677602040474129419e-01
-1.848484235452257041e+00
-1.867975671688062000e+00
-1.722084505758994410e+00
-1.771916628780786374e+00
-4.598708986941324461e-02
-1.097866118516673595e+00
-2.340910429417722982e-01
-5.748676800945985432e-01
-2.842131184161355684e+00
-1.250271526297730862e+00
-1.959793026533284355e+00
7.824519366805217091e-01
1.967490939817351681e+00
1.479134318058012321e+00
4.452748606804828313e-01
1.913741850361665664e+00
-1.665933993217911357e+00
-1.083648346062803913e+00
-1.446715497159711372e+00
-1.015943383569871017e+00
-8.399765699638837013e-01
6.836754013910910643e-01
-1.459351117867349945e+00
-2.443908381177574363e+00
-1.892635042261948231e+00
-1.425131087673228159e+00
-3.694734907873482577e-01
1.994758500715611227e+00
1.179823996844466816e+00
-1.042399571869778718e-01
3.849702718311917016e-01
-1.168408715231685768e+00
-1.317209349917665584e+00
-9.243545252714315819e-01
-1.513009046747871622e+00
-2.050332130756318705e+00
3.312730215220849317e-02
4.925917242504854743e-01
1.106305729731153376e+00
4.651885743641520632e-01
5.034421082587700047e-01
8.983256761274605040e-01
7.568624638474722444e-01
2.530374578317260426e+00
-8.456319323756664730e-01
4.981210914008049606e-03
1.620422998542091042e+00
2.280708566787315483e+00
3.646828778329447296e-03
7.518448737324553433e-01
1.840175777481277031e+00
-1.522683056777195176e+00
-2.044007691694057716e+00
-1.515552663349539309e+00
-9.046700742122301131e-01
6.112752670424328461e-01
-2.753432810598431146e+00
-1.473520717328866914e+00
-6.720041110096020009e-01
-1.787074478944310929e+00
-8.988470557201946320e-01
-1.060378439488437019e+00
-6.625309565248937993e-01
3.634634654119550667e-02
-1.233412831024871537e-01
-1.700456159008951973e+00
6.498802075045119198e-01
1.850570457260119372e+00
2.170621285563583136e-01
1.539319526741945499e+00
1.601841552909931021e+00
-1.368884192931725696e+00
-1.061929641746387487e+00
3.090992669611944965e-01
-9.047645384874483110e-01
-6.983664182236546392e-01
-5.158033675225459636e-01
-4.359510448477564859e-01
-2.367692696719735146e+00
-1.521719062090244767e+00
4.101398323504421572e-01
2.335992954977390568e-01
1.132108244303259736e+00
1.673442959831811017e+00
4.650307095880320540e-01
1.669331745808092293e+00
-2.824911853558469410e-01
-6.114136886557586248e-02
-7.684289294944857129e-01
-1.518194393556815847e+00
-3.396899319494837144e-01
-5.047058510728161806e-01
-1.794270130891300052e+00
-7.720295934866983067e-01
-1.917340340470841120e+00
-1.705654222645415441e+00
-2.202232440620246035e+00
-1.412152832559194993e+00
-3.804465664616700771e-01
-1.138826279550484655e+00
-8.350226354796161932e-01
-1.584853305594742690e+00
-2.367026423477016195e+00
-1.099849208586313631e+00
-4.694380231999294439e-01
-1.908625517941641370e+00
9.499689064654950332e-01
4.061603363822192669e-01
1.454933427557014269e+00
1.667829693261136281e+00
1.780135180834992559e+00
5.643355362835165145e-01
1.068103338270194325e+00
1.665126488093434665e-01
2.753068842167239794e+00
1.010133934012378054e+00
4.930463136756880749e-01
9.673026940627094117e-01
1.342321087426386228e+00
1.551692477322767605e+00
8.319657094257498775e-01
-2.226135755907011626e-01
-2.363910570287099944e-01
-4.650344362779862406e-01
-4.741465120290683233e-01
-2.184698466006724793e+00
-4.408246732418925617e-01
1.464811313514176483e+00
7.809934495495672868e-01
2.680601567265857854e-01
1.542223514361429570e+00
2.897135081332460338e+00
1.270734112084437539e+00
3.421378915900120665e-01
3.498999488579405126e-01
1.749344030067818689e+00
7.432390612460821888e-01
-1.379936763317988202e+00
-1.765994472462909304e+00
-9.043567468994816450e-01
-1.707002295647056300e+00
-2.705595414542927291e-01
2.540809324463419117e+00
-1.398851152645699258e-01
3.549220944274900091e-02
7.229484896063824717e-01
1.077851469157872000e+00
8.761073033059871840e-01
7.037617585093317585e-01
1.202689566586659708e+00
1.849202915891813293e-01
1.361392278494055974e+00
8.020094708081387802e-01
1.879655803872312347e+00
4.964342854424435014e-01
1.192374918336771561e+00
-5.655073964354297988e-01
9.335976083629152766e-01
1.847985707397228783e+00
9.683846602818566573e-01
1.054508949227305203e+00
-7.591855356252585896e-01
-5.561756699323334718e-01
-8.178664967467494940e-01
-1.990519054331947979e+00
2.631490720438436348e-01
-4.575910404763227080e-01
-2.236137168638572259e-01
-6.726569952856954471e-01
1.263093713383178773e-01
-2.757917271358312661e+00
-2.392447767374761725e+00
-1.550312439490422634e+00
-8.251053566371012726e-01
-1.018510861569900117e+00
-2.996992181906457109e+00
-2.540508056391568292e-01
-6.449115328282926107e-01
7.095326584164982631e-01
-2.607810369850516174e-02
-5.488308353299344855e-01
-4.263251973509379900e-01
-2.272357271885140584e+00
2.480195797875039965e-01
-2.529751862350904545e+00
-5.636446786201685377e-01
-1.407591238136166600e-01
-9.662475183197154482e-01
-1.063178091275245096e+00
-1.568107014054067383e+00
-2.077144115467793206e+00
2.183874978804730027e+00
2.307018611892964088e+00
1.610183567308822949e+00
1.344953327890344053e+00
6.501614120176616440e-01
-5.795856355917337055e-01
-6.576129395533316657e-01
-1.030219447583218706e+00
-1.462312000979417270e+00
-1.625608780536692333e+00
1.055491348958671693e+00
1.616455133022868695e+00
7.679067935546114443e-01
1.342468066227790136e+00
7.842230737600357493e-01
-9.076104690023871768e-01
1.084653317394968841e+00
-2.985561435185890566e-02
8.706232781625860007e-01
1.304764873128875680e+00
1.478447160065404997e+00
1.257682160496105928e+00
8.157651908549556907e-01
4.297274876683484512e-01
2.986314471349188482e-01
-1.116104159303532128e+00
-1.180453360789470718e+00
-2.545227836104041685e+00
-6.471657052595994886e-01
-1.202988454863447298e+00
-5.568975816893897424e-01
-1.763514416401348761e+00
-1.459429613441449058e+00
-2.458592996430956301e+00
-3.262884592421895213e-01
-6.868380742116597659e-03
-1.054244921251657363e+00
-1.006306165504031291e+00
-8.321250280160986668e-01
-2.346878559033364731e+00
1.363037938981909836e+00
-1.050802695516745988e-01
1.490116533655333697e+00
5.942752378720728146e-01
1.993188567113834520e+00
-1.250474026062157851e+00
-6.496909137213453533e-01
-1.461589644898999341e+00
1.285123019621625673e-02
-1.532803103957224522e+00
-1.075433860811581654e+00
-6.343765666188321273e-01
-5.861353333596828197e-01
-1.871458909425736117e+00
-8.642173894178226679e-01
3.289317808674581123e-01
1.645146081347607758e+00
1.224972105265655697e+00
6.588148185257756140e-01
2.607255501434443179e+00
-6.648245199566438224e-01
-4.951487389537382322e-01
1.488615382930347231e-02
-7.117427335043711167e-01
-4.249857824685755459e-01
7.609151279257567735e-01
1.497699906699861305e+00
1.425559533456732808e-02
2.452970778163853227e-01
2.844249949340092343e+00
2.017436783643359988e+00
-1.455457800224928544e-01
1.388476395537618036e+00
9.685033904633166824e-01
1.094803921225613985e+00
1.984927231556679494e+00
7.617859967009197319e-01
1.085121329127591849e-01
3.640086186719306838e-01
8.909772957480370792e-01
-6.990161838019943730e-01
-4.700309769395262238e-01
-1.000260045998858205e+00
-7.461984490671341730e-01
-1.394028969368569904e+00
-3.570771140107895647e-01
-6.985825735438000450e-01
-2.634373912229684755e+00
-6.617156237599832735e-01
4.794168456137715140e-01
-5.856809808309424437e-01
-1.331463367297979206e-01
-1.145373219571142576e+00
-1.819874976009713041e+00
-1.582028830458266366e-01
2.396236018622598607e+00
1.961187946591707476e+00
1.076223529947600177e+00
1.801629158967206656e+00
-8.606824462213755744e-01
-1.154932291091882446e+00
-1.334831930549851275e-02
-8.811930286995300898e-01
-3.944242365030659059e-01
-4.264503900118521429e-01
-8.658162772992828993e-01
-8.253729168880818978e-01
-3.991256758438934682e-01
-1.421179350401438279e+00
-2.367638023337158337e+00
1.036409938182481838e+00
1.945290440761743511e+00
8.997616313998095805e-01
2.752985287044439344e-01
3.911977511832011034e-01
-4.397828716367593316e-01
-8.953716751322472467e-01
-5.319883706625050390e-01
-1.824769383947981716e+00
-1.157835225733763185e+00
-2.224456461838337340e+00
-1.683770646594566989e+00
-1.348866716990781089e+00
4.232735034432688614e-01
-1.275995152778572894e+00
1.605481928430025906e-01
-1.148474849703467360e+00
5.615872802708383738e-01
4.344789199029559512e-01
-1.532895851548325972e+00
-2.431359071599648480e+00
-2.479372960424333527e+00
8.654339129720871604e-01
-1.622012163958106878e+00
-1.905465512232948466e+00
1.787190403557874507e+00
-2.285750266140094134e-01
-3.369460742921153162e-01
4.748606610963586050e-01
1.631948184820487313e+00
4.792913565980938539e-01
5.900877796448922297e-01
1.505097888801729011e+00
1.338722042749815655e+00
7.296675951090605405e-01
1.545989627991417814e+00
1.182735633576840861e+00
1.818484861556120880e+00
-1.741386423058159938e-01
2.720954177783102557e-01
-3.279628658711722933e-01
-1.247378745353979301e+00
-1.135187072163482025e+00
1.996284866315434225e-01
-1.041135846543892240e+00
2.060632142937238953e+00
6.935816236755112385e-01
8.252395354201960131e-01
1.731261980825636648e+00
1.248248433970739812e+00
1.857966640049236950e+00
1.511598720980407151e+00
1.755523496587315213e+00
-1.943925573518348049e-01
4.502882632767258864e-01
-1.058014134079102719e+00
-1.104389977880540386e+00
-1.326273396824031003e+00
-6.426148843272161404e-01
-8.484403451820158315e-01
5.998590115490172181e-01
9.546775941150933420e-01
2.235701393302247375e+00
2.008527454369392062e-01
1.716360119819540841e+00
1.184816305341606313e+00
1.900309534141217949e+00
1.018785022549701713e+00
7.818026443204032505e-01
1.257725422994174780e-01
2.108823356485029166e+00
6.250574128379754457e-01
9.301659545367614301e-01
1.600035141431957131e+00
1.964805534436168344e+00
2.032499496539524886e-01
3.886573298325091130e-01
9.130414167225575639e-02
1.709321412880492108e+00
1.256796014669366857e-01
8.586960894937467614e-02
-1.685569017087247712e+00
-1.136856550501086804e+00
-7.962668382879166673e-01
-2.560996345830637289e-01
-1.456654969633491836e+00
-1.480377153740992213e+00
-9.223126686428252397e-01
-2.387901866122054351e+00
-8.453269069686455417e-01
-4.843576521016245140e-01
-1.657346199594667002e+00
-1.513147794052759787e+00
-7.383206815941524281e-01
-1.072989702219497632e+00
8.962873771063500916e-01
1.340734919362860378e+00
1.360245382013443916e+00
1.316976387948856519e+00
9.373610018802280841e-01
-3.246257390158340250e-01
-5.356495511621404138e-01
1.668130746485774196e-02
-2.226848975256698893e-01
-1.428292222899824715e+00
-2.276506966618223160e+00
-1.971001523267687627e+00
9.469438304561261788e-03
5.717277174280499530e-02
-1.191551869274794173e+00
1.545491578023438173e+00
1.676327779763737924e+00
1.233408750801920251e+00
1.803638875454768087e+00
5.685317575110435673e-01
-1.333475689434367339e+00
-1.825907358348006770e+00
2.287596553079609407e-01
-9.270444089270770682e-01
1.011213126261147899e-01
-1.360166305440106083e+00
-2.286598822319958924e+00
-2.248694878664167618e+00
-1.188171387114760558e+00
5.178209504835782351e-01
-3.690892003761798712e-01
-1.223280389686399516e+00
-2.093209735599228960e+00
-1.821379325149247830e+00
-1.128872786476184720e+00
-1.285098293647246148e+00
-3.761563094843854982e-01
-1.514977522906122420e+00
-2.132744521081377798e-01
-1.729942535719539043e+00
1.023610966992103632e+00
1.064172720185031507e+00
1.384734926471707928e-01
6.082233240011778452e-01
-1.126655798388501939e+00
7.736531255714607092e-01
2.101489889710517200e+00
1.375761310933848014e+00
8.264897500318074686e-01
2.823843788378564756e+00
7.123730082183241663e-01
1.342275489378114139e+00
3.919444959783570104e-01
1.099622208277142743e+00
5.412583929738417066e-01
-1.494669398993761611e+00
-1.705766088072913744e+00
-1.782659144137288987e+00
-4.272177507843483157e-01
-7.780583178712261461e-01
7.291225622356480862e-01
1.606371315147137047e+00
5.291618515185079197e-01
-2.636464120597967753e-01
1.973519547977061528e+00
2.372514095079292673e+00
1.868044102541914997e+00
1.452389179426877952e+00
8.252142580426392593e-01
8.992416917850386548e-01
-6.767998868195415074e-01
-1.076849912222655581e+00
-1.394032904028145170e+00
-1.494632824664386739e+00
-1.277126380695512653e+00
7.105708069468088528e-01
1.684354372110392406e+00
2.175901622090681276e-02
9.212452967853380636e-01
7.207458426342001623e-01
4.188541168198459674e-01
-9.600648899644768086e-01
1.598571542883245655e+00
1.525155074690555779e+00
4.723392200828966381e-01
-2.029811485371295632e-01
2.696033721379028636e-01
1.202560944026858092e+00
-7.011714741894907732e-01
1.083630540942669862e+00
6.626436432628934892e-01
2.033044829859424141e+00
8.359509354989351770e-01
7.835620327806823715e-01
1.061528636708573670e+00
-4.291106839386309435e-01
-1.048622121883535652e-01
2.114334404818993818e-01
8.777649281518140612e-02
-2.141911849582021077e+00
-1.494137810153278956e+00
-6.569513347380144808e-01
-8.243895319151934853e-01
8.233423734432738783e-01
-3.420991426232520283e-01
-8.349340882434956868e-01
-3.643586062344202903e-01
-1.536996329359199276e+00
-2.055711062293056113e+00
-1.180251654747237477e+00
3.939211794207774009e+00
7.571157110186548245e-01
8.100957746090273748e-01
3.733705388041295592e+00
2.845189833603688490e-01
-5.045354516008293544e-02
-1.485912121733347080e+00
-1.449402216603257854e+00
9.629890330090618011e-01
-1.846784627505845933e+00
-1.001533643435911669e+00
-2.898396946109698114e-01
-9.913652412119036139e-01
-1.341278588336552779e+00
-9.574314790889912885e-01
1.464535478100949861e+00
1.768012686280497903e+00
9.654302524188744794e-01
1.652580266060849734e+00
2.072824807009076231e+00
-1.024319134741394688e+00
-2.079897232173508748e+00
-1.084312565000370876e+00
-3.565081641582429350e-01
-9.451495811003483016e-01
-9.142494173289557047e-01
-2.032583444157303187e-01
2.704019410343654339e-01
-6.505385255509603670e-01
-1.759713026845509676e+00
6.415035385526448586e-01
-1.154747140045265574e+00
-5.270283172093556123e-01
3.674012705591112038e-02
-4.746395302131170002e-01
-1.335726327335123864e+00
-1.077822832989411284e-01
3.447603320668717330e-01
-9.127960439900033585e-01
-5.634051141996498924e-01
2.017645566726551820e+00
-1.013017734172693363e+00
1.051906851694138334e+00
2.345348721933038671e+00
1.698178232570004553e+00
2.213022795896171235e+00
2.017639721742507053e+00
-1.118632257595119750e+00
7.769292452135145854e-01
8.097412663966846447e-01
1.537423356367746408e+00
1.586307455035310898e+00
1.248540245160680628e+00
4.991568556187689909e-01
1.139128067338050165e+00
-1.893692228723939941e+00
-2.688016230420835928e+00
7.768208339818774011e-01
-1.986544017311866916e+00
5.341131233635032505e-01
4.068365659328431194e-01
6.920921646640963987e-01
1.261706264239007780e+00
1.272167638862394812e+00
9.752870935629884830e-01
9.404126789862998770e-02
7.129464608558238048e-01
-2.874344328494007339e-01
1.421105566019575495e+00
1.493251792225125385e-02
-7.529412854521516651e-01
-1.888056362540187827e+00
-1.057101604958038399e-01
-1.249249411081048144e+00
-1.072209818847081886e+00
-7.614759606795413749e-01
2.292833215715793571e+00
1.438165575126005846e+00
6.573996145047507067e-01
1.872670018860116858e+00
2.024788735802933282e+00
1.102198870131795294e+00
1.571629533376390775e+00
-9.049066087595827312e-01
1.730626212944212483e+00
5.869464752612163494e-01
1.702294915477699178e+00
1.826334643406371860e+00
2.697277194423611801e-01
2.036888813004232190e+00
1.005972034109897884e+00
5.181936828712436771e-01
3.484712924115306310e-01
8.800066980408713935e-01
2.424039963523320296e+00
-7.852945372621491504e-01
-5.862814184739186807e-01
-8.050397812811898035e-01
-1.250601682903764278e+00
-7.815444180489853343e-01
-1.923981679552824620e+00
-1.946865577369417011e+00
-2.105291027816445393e+00
-1.203210857816165991e-01
-1.783904031789715017e+00
-1.663252940966412075e+00
-1.193914722889648061e+00
-1.776178057277705724e+00
-9.674919049040119345e-01
1.012599762769951450e+00
5.130490581585597232e-01
2.090257314739162542e+00
3.294331765168263537e-01
1.099525137583190926e+00
2.469803175964671027e+00
-1.690591966236564048e+00
-5.514914729997161258e-01
-1.023275710794286919e-01
-1.530675858447295035e+00
-1.054874674306608417e+00
3.153810377830117417e-01
-2.086020857884368418e+00
-1.498692279467282340e+00
6.108589695366752892e-01
-2.041894384310321442e+00
8.650222322029526012e-01
1.683806608384528447e+00
1.859581594069493971e+00
5.485978276029912504e-01
1.276351471339766119e+00
-1.404285118997999904e+00
-8.716482330578942950e-01
-2.201923402616589698e+00
-5.626887048422867244e-01
-1.834680995114446045e-01
-1.744720706689029788e+00
-1.141358887737033978e+00
-2.095172064295076630e+00
-2.210351502684638092e+00
-1.912549037086678894e+00
-1.636828170906624802e+00
-1.832275719094287547e+00
-1.701452392038229400e+00
-5.329945959204067663e-01
-9.534440131883290537e-01
-7.545434605240749493e-01
-1.909531204974304952e+00
1.910475960349635738e-01
-3.545676330365248319e-01
-7.093886726335757453e-01
2.106461127957890866e+00
2.177334129562655818e+00
2.295433694951446668e+00
1.117855351432496702e+00
6.995441975504048671e-01
9.458556840612110106e-01
1.703174441859152566e+00
-4.921835799163942760e-02
5.096996270469851265e-01
1.221160925146780762e+00
1.712742688295015192e+00
1.902410375087192351e+00
-6.058933719914574301e-01
1.522994103498240825e+00
1.756506072045720623e+00
-2.047137152893326650e+00
-1.546127773539829331e-01
-9.825304325188263244e-01
2.266525091731441677e-02
-2.189059232138210742e-01
1.964573615307469101e+00
3.021087853517250288e-01
6.464459224196361653e-01
6.876348480899816540e-01
5.224942297332371144e-01
1.225388356528012590e+00
1.398497952114342135e+00
1.567751629033033112e+00
5.413722626776612534e-01
1.502476033545793399e+00
-2.915665079383753522e-01
-5.668584997559851235e-01
-7.825576509182068374e-01
-1.419358511797267353e+00
-2.246203084205537159e+00
-3.678419243503943115e-01
1.600200740843144676e+00
1.405683393965729167e+00
1.919734784842419995e+00
1.219843798330756179e+00
1.037301831208715663e+00
1.894510008977693394e-01
6.175154176764034997e-01
6.401644170777938125e-01
3.024959450879625145e-01
7.753451745461863442e-01
2.329441837384544467e+00
6.382725869351935089e-01
1.878753229950255177e+00
1.627611765529964227e+00
1.610227081907477320e+00
9.213733024962100782e-01
1.169435497576714500e+00
1.249830885515376355e+00
8.484142988439957733e-02
-1.518057621142708591e+00
-6.717476601342509124e-01
1.133917415124292560e-01
-4.764282278186510178e-01
-9.092791717781214533e-01
-1.157116323048712037e+00
-7.282095770276546531e-01
-2.029171120741572132e+00
6.824630043820931746e-01
-9.107110947598198170e-01
-1.033656815738167589e+00
-9.622771223360500059e-01
-8.185306367756941537e-01
-1.241384831122703147e+00
-1.858063793443832434e+00
1.163181214782556427e+00
1.798030166963425103e+00
2.013192439880012730e-01
9.242352316272643975e-01
2.174803470091280388e+00
2.374505653199210364e-02
-2.199260636150508930e+00
-6.397885907966018859e-01
-8.873709611681239728e-01
3.781235837496805807e-01
-1.988996982350324405e+00
-3.415748889558414270e-01
1.110574072011674129e-01
-1.638540019895790678e+00
-1.805302806654172532e+00
5.257873042792451379e-01
-6.763530613694301863e-02
7.901404839366954480e-02
1.578252680795258822e+00
8.324100800938644129e-01
-1.099482715852184711e+00
-2.010741978628303173e+00
-1.583217716538348085e+00
-1.134631789964677839e+00
-1.037141819912934082e+00
1.710039936526734916e-01
-1.523849053004045162e+00
-1.452615473251540612e+00
-4.651512097313198479e-01
-6.225615809072770901e-01
-7.675465196419380964e-01
-1.423756561070178117e+00
-1.104650543492067705e+00
-4.751132318872945959e-01
-2.485880774868352017e+00
-3.224438648006989094e+00
8.729500229010545009e-01
-1.014271887297691910e+00
-3.300941473650961244e-01
-8.730475312417185219e-01
1.915982302673273630e-01
1.204750267960886134e+00
-5.021733896358071547e-02
6.006943530284361010e-01
1.713087383394605423e+00
-1.972694410304793866e-01
1.426306732157973878e+00
9.413787768433310443e-01
-2.802098540945892058e-01
5.045627643741127377e-01
1.427190734340056277e+00
1.750451512365383433e+00
1.385777855882623699e+00
9.691200206172795317e-01
1.788455873058260925e+00
-2.032300907193309580e+00
-1.889686258084098291e+00
-4.086592872329167792e-01
-8.174933665973534991e-01
8.654687714504729623e-01
7.488832151319284591e-01
1.442666166214992884e+00
2.045786225897811228e+00
1.016838771568290056e+00
6.227972319014104530e-01
2.418505986045836664e+00
4.419082411348662642e-01
1.617692853673073028e+00
8.965716135881054427e-01
2.312461768028403419e+00
-8.353862083948906392e-01
-6.090785977485565494e-01
1.700756161895751184e-01
-1.876855955542121812e+00
6.999734663775236676e-02
2.617051147596060057e-01
1.423457298566428886e+00
1.473838816333808754e+00
2.093434050655501366e+00
5.908221832521740602e-01
8.169700721855226444e-01
5.967172212240738904e-01
1.642152198694630583e+00
1.435045776775420112e+00
5.047226485839744203e-01
2.206975106521930075e-01
2.639680741770395578e+00
8.262935043547076086e-01
1.905057891508387335e+00
2.554047629002423880e-01
8.306782367439542458e-01
1.270969946207318291e+00
1.231101010759884762e+00
2.465076391250427434e+00
1.403029858882395731e+00
-1.579157063612356415e-01
-1.480076552623567299e+00
-7.514157460074422090e-02
-1.015338580111405875e+00
1.033840692044412091e-01
-5.722782600106718354e-01
-2.211686971455418149e+00
3.955419602634946408e-01
-1.572653524919864765e+00
-1.551276809885222319e+00
2.856442698138161873e-02
-2.460723389901726676e+00
-1.858275587688487107e-01
-1.371486009056229749e-01
-9.975550161265858140e-01
1.613116135838289722e+00
1.341950484992155523e+00
8.579785192937763316e-01
8.168433607239670158e-01
1.259485552310722900e-01
-3.919885936614025956e-01
-1.797831073864829321e+00
5.900890707007366842e-02
-1.637843951387526698e+00
6.089391383964959381e-02
-2.187744223360298390e-01
-1.867417950201718302e+00
-3.223668905755118219e-01
-1.565627633040238775e+00
-2.685412590157075563e+00
1.422232873325089964e+00
1.973260034927170725e+00
1.040490475734378695e+00
1.162388382330201919e+00
1.194945498840495501e+00
-3.465432807289700046e-01
-1.989685790722871328e+00
-4.216739039278709633e-01
-1.664679958665797876e-01
-4.489226923679364711e-01
-9.293570128124906127e-01
-1.806557227085331174e+00
-1.059729762090660499e+00
-1.391205014761647041e+00
-1.568308639461782672e+00
-1.036980407686704408e+00
-6.971946191833584550e-01
-8.506382653126414173e-01
-3.889301457635297998e-01
2.055910863136753974e-01
-7.336061157501675423e-01
3.390597932774888079e-01
-9.203270494215269881e-01
7.265093349278184398e-02
-1.230173056891556760e+00
1.102093070565777211e+00
9.427389284069380704e-01
8.973466421244262747e-01
7.849351444101726472e-02
1.982021349681871714e+00
-1.277194743497069851e-01
1.049075065327608414e+00
1.425504119206248088e+00
1.183036858672042335e+00
1.259468011162441226e+00
2.598449109722944517e-01
1.171401156276049793e+00
1.243323485219260505e+00
1.147770865501471116e+00
1.252144568390632706e+00
-2.265182639358849670e+00
-1.673135379179808702e-01
-9.498662477265606974e-02
-3.043345590988072447e-01
-1.083218495784580737e+00
2.099454558283696315e+00
7.233134013509177063e-01
1.582845826463529892e+00
5.512450115590532551e-01
3.693792144739289629e-01
1.709963985346186988e+00
2.350504598804603607e-01
1.014500264503410909e+00
8.752386747644148590e-01
1.527930460714634009e+00
5.150873756878104892e-02
-1.851149224794585990e+00
-2.238081058004709689e+00
-8.751090041733063929e-01
-1.745312124082859739e+00
1.495908856865736603e+00
1.308991799581382010e+00
4.366302375180560746e-01
7.841986821293533971e-02
1.517866290414972230e+00
-1.859095999240717667e+00
-2.677155620213729215e+00
-9.284938973977636678e-01
-7.250946973122308625e-01
8.267056643839205687e-01
-5.600662334829538125e-01
-1.786148855685633308e+00
-1.913484518171509663e+00
-7.855308978785238150e-01
2.915359873265570556e-01
-1.825509173597584578e+00
-4.440410026976440161e-01
-8.996726500941857330e-01
-9.431575372183425010e-01
9.818738177797528000e-01
8.160709702438240232e-01
4.836099057623293174e-01
3.467528894693953090e-01
5.498585471308483630e-01
4.637904184023402543e-01
-3.373884558064912387e-01
2.033718374987673050e-01
8.217997637462695071e-01
1.047503515891368364e+00
4.381475332557229763e-01
9.067552855745016904e-01
1.757809459535603747e+00
1.267011989140239825e-01
8.395642502768666526e-01
1.686044673916059500e+00
-1.500099061761298813e+00
-2.324470490416668866e+00
-1.529205922644513604e+00
1.875047817671287032e-01
-4.807992561400045162e-01
7.137749157028583369e-02
1.023035463338750173e+00
1.800315261861257898e+00
1.482642414656084817e+00
1.730929851460363267e+00
1.606301367172940697e+00
2.144934440009576448e+00
3.087700637936583448e-01
1.728463941168297380e+00
1.841905701461981737e+00
-9.014734486371533961e-02
-8.750002385692043916e-01
-1.053363561231692502e+00
-1.188619347485799338e+00
3.435050450561420998e-01
1.314068294098095668e+00
1.190492428312411644e+00
-7.891179540284887217e-02
1.133816258422952972e+00
5.323514825819750662e-01
-6.900275009490552947e-01
-1.568797597634184804e+00
-7.445943212285432988e-02
-2.027061871640896129e+00
-7.488217332015576488e-01
-1.322264140725451842e+00
-5.820984038096850277e-01
-9.834226097980000025e-01
-1.537576692420608460e+00
-4.748304236153539915e-01
-8.921457283394438331e-01
-1.897364982774635056e+00
-4.550818040057009739e-01
-8.252780704615890750e-01
-6.041632978433582046e-01
1.687945131601357840e+00
1.328990930058311370e-01
2.417098687554505965e+00
1.282380054143990034e+00
1.483865407759301647e+00
5.155254899321199957e-01
1.517064098527101113e+00
2.422224081755341540e+00
5.261719896634636795e-01
1.058218168499623912e+00
1.698846643366686893e+00
1.394822060739998815e+00
1.315284911476714003e+00
2.951840259302522806e-01
1.049803003990603889e+00
-1.131257914147328014e+00
-7.007966239305747358e-01
-1.883351707956568255e+00
-2.161921071331809330e+00
1.662803743371294996e-01
1.484199628416300376e+00
1.927812743246971383e+00
6.331913426824095081e-01
2.661053285020041903e-01
-1.327994893948858390e-02
1.978321491104593877e+00
1.292528162355107924e+00
8.903059253514349347e-01
1.583657106377521773e+00
2.411634991085005453e+00
-7.606270560153373106e-01
-8.520686695734125404e-01
-1.578745294812497590e+00
-1.625779870141569994e+00
-4.719688967264293877e-01
1.188344742251564945e+00
1.101784546062216208e+00
1.203573874632739571e+00
8.643740546957097148e-01
2.229927298578800787e+00
4.918630657260522065e-01
1.388476695755584966e+00
7.044257007803886861e-01
-2.492423186225780629e-01
-2.992507541311391073e-01
6.408541659196808071e-01
9.638096467921302146e-01
1.180123656247131336e+00
-7.041887765588743520e-01
7.842264118711518295e-01
1.791645070696294972e+00
8.022899351387812183e-01
1.236855490356448817e-01
8.130733952409777698e-01
1.467373348171455705e-01
-2.160242665867179390e+00
-1.253343486477801028e+00
-9.930673333514343781e-01
-2.233679412315459523e+00
-3.289855637028726854e-01
-2.774371674557157830e-01
-2.898900951936510317e+00
-8.043226709961146526e-01
-1.640628046460144596e+00
-8.706204124849337145e-02
-8.585320777121419056e-01
-7.435531952019656110e-01
2.866116789762545025e-01
-1.592400087349560955e+00
-1.285009454152961306e+00
1.146011773679579626e+00
1.096771346002778369e+00
-2.490069546725459659e-02
-5.756470816444057004e-01
1.475504043295945422e-01
-1.026112787656872749e+00
-7.512580823043309985e-01
-1.291759879548972423e+00
-1.682729688929712086e+00
-1.453188655100410953e+00
-1.955056590861981913e+00
-1.717065775753230383e+00
-1.465807201279927252e+00
-1.640664084399551914e+00
-1.843270753706258036e+00
1.566114930837573027e+00
4.635187730876446643e-01
1.058822390215962805e+00
1.285666262758175860e+00
5.666644784541268187e-01
-1.090437698792009247e+00
5.259377795594346594e-01
-2.776813519238385819e-02
-1.800812482684594595e+00
-1.655727100773116689e+00
5.361704315878310645e-01
-7.263317500424792961e-02
3.509412644746605636e-01
9.899647587949840233e-01
1.504480458404338084e+00
1.767136618017441929e-01
1.732057098455845434e+00
2.266865483203012177e-01
1.385826774712744403e+00
1.655985746052588414e+00
8.681112473071822544e-01
7.703758731116656655e-01
6.908404164669764702e-01
7.470415936771866994e-01
8.918796224631974079e-01
-2.944944350610747108e+00
-1.798295192761227623e+00
-1.542920391959310189e+00
-5.606515567620953266e-01
-9.570960929631984193e-01
-1.583790988234502484e+00
-3.137570468158115133e-01
-1.412099774909454153e+00
7.764991480216831832e-01
-2.320231556903819659e+00
-1.620105215464155979e+00
-3.686752180361568820e-01
8.549809085205728465e-02
-1.297913433309886733e+00
-3.736296019402343127e-01
1.203083726676994925e+00
1.619553787302623338e+00
-1.023897371792674260e+00
7.765817162230045367e-01
-5.478139033084923337e-01
-1.746752360333070353e-02
7.187089308386229725e-02
-2.115068750952353582e+00
-1.023734007352515851e+00
-1.108450492028823176e+00
-2.064481768521589711e+00
-1.085228168809476479e+00
-5.510301398851595867e-01
-1.253458067198960579e+00
-5.498655413815092263e-01
-2.660393484734866476e-01
1.978747691417597210e+00
8.610430573839865653e-01
9.705556822982653875e-01
8.787713031123218776e-01
-1.436751349446910853e+00
-1.358818498032622113e+00
-4.046665208963218241e-01
-4.470492334525092426e-01
-1.958694706233722549e+00
-2.285305329445473266e+00
-8.912056494460689482e-01
-1.503233559584759016e+00
-1.059957218271805113e+00
-9.662205103698965347e-01
-2.012024589198875724e+00
-1.708923705904976664e+00
3.455792646029696158e-01
-1.172042171725992565e+00
-1.952581942827719352e+00
2.311988899719150670e-01
-1.093363025889260820e+00
-8.064828334365601314e-01
-1.131024521519266024e+00
-1.304372914033659292e+00
-5.053397976043179085e-01
1.758828433507281019e+00
2.119186954858680583e+00
4.614797247143428427e-01
1.698774752210031380e+00
6.858757843371732221e-02
6.595991180631930462e-01
5.851899761758180274e-01
1.277733889735136463e+00
7.889281388371102155e-01
-1.472639517442264179e+00
2.266571708591002654e+00
1.066679168885366069e+00
7.396896153834006116e-01
2.583080508109264706e+00
6.287565525161462610e-01
-5.629030802920544918e-01
7.205782208773408026e-01
-1.190903824872918682e-01
-1.390687013178328879e-01
1.118542320235874410e+00
3.821774068548432490e-01
7.370504871812593173e-01
2.609304871189156216e+00
-2.585141021964953989e-01
-1.153783570683042381e-01
2.071086104995179866e+00
1.255238713036031850e+00
8.505041147567198312e-01
1.985557473432264963e+00
-1.818548487676965308e+00
-7.084512705739327565e-01
-1.298077017386575438e+00
-2.861943026036508630e-01
-2.811337344263613591e-01
7.691736169544125534e-01
9.943936535055424297e-01
8.262792076798957108e-01
5.229986607535728194e-01
1.255025274155957771e+00
-3.105424043499738218e-01
5.091323592676533227e-01
1.577789022259713736e+00
3.649048257148108654e-01
1.098895369013077605e+00
1.874673443747490342e+00
3.488650187949851045e+00
8.517577091511245868e-01
8.279807440175073197e-01
7.387691321707321457e-01
9.393545377540659658e-01
2.019165828173947741e+00
1.933630418505203119e+00
-9.630155280053465106e-02
1.164584952675592699e+00
-3.401539424369205422e-01
-5.890357042568312718e-01
-2.323212939921043274e-01
-1.618760487523432046e+00
3.858941580643284741e-01
-9.784392407329688401e-01
-2.920009780703980429e-01
-8.054400102282675000e-01
6.251052267297283471e-01
2.328832879690718727e-01
-2.122641179292703573e+00
-4.824030507993296579e-01
-1.286372821602256966e+00
-1.182209793883448157e+00
-1.022207748605096667e+00
1.530745308205742727e+00
1.340042874175039422e+00
3.397144064075018344e-01
3.087364362001329354e+00
3.631155573607625087e-02
-6.254619466825868113e-01
-1.016264659728226549e+00
-8.021797275831039631e-01
-7.978265102296207001e-01
-1.782765504941617785e+00
-2.006553173140082080e+00
-2.988012707186284089e+00
-1.046202471607957651e+00
-8.888805887825855789e-01
-5.168075448050835075e-01
1.368076896318752400e+00
1.493545240764344584e+00
1.935891965723322006e+00
8.496954158761454989e-01
1.612588863306826603e+00
-1.834064987038197536e+00
-9.709262161822279635e-01
-1.250661675934675587e+00
-7.404783572397800606e-01
-8.879283217365356862e-01
-1.155674950836541370e+00
-1.113991165217969703e+00
-8.038958530916908707e-01
4.156610247222318755e-01
-8.406071983004814729e-01
-1.019681860214284086e+00
-1.582392869199776397e+00
-4.609258688569057849e-01
-2.005488116492958106e+00
-1.523230247967848339e-01
-2.506359729808897541e+00
-7.616682361722597605e-01
-1.656960215311866547e+00
-5.895138528743952833e-01
-8.593040537849574445e-01
1.787824749821038228e+00
1.029917934348456132e+00
8.419760504332376438e-01
1.308076877599164245e+00
-1.938639324948701059e-01
-2.547272478776401172e-01
1.527065229291225013e+00
1.455590516909714527e+00
1.116939603036642747e+00
-4.248464091407493370e-01
8.564178479629266372e-01
1.287503215017812508e+00
2.138405577335900087e-02
1.107850112913630891e+00
-4.071139221326092184e-01
-1.211524459208314752e+00
-3.249396589516566625e-01
-5.358495171378723221e-01
-2.441663792297493751e-01
-1.026181497759598882e+00
2.004453479448291109e+00
2.222649486336436997e+00
1.276799462794673490e+00
3.293451174808034176e-01
7.802178315285990262e-01
3.089024658592304240e-01
2.354493763067589285e+00
1.417338757321180420e+00
1.398111715591053406e+00
1.779739361109044626e+00
-8.469249836954002575e-01
-1.562061886217629425e+00
-1.326747662694190977e+00
-1.782890840999596715e+00
-1.642431718990863265e-01
4.215069877221374606e-01
4.851212265650058919e-01
1.283787089899620870e+00
1.280480648991814796e+00
1.009801259694399489e+00
-2.316847404362698981e+00
-2.426777160034502057e+00
-9.207439531562110480e-01
-1.212144470977821298e+00
1.595542609870519435e-01
-8.162255549631864948e-01
-1.066937180117797590e+00
-1.158371701354448779e+00
-1.833741955201163565e+00
3.005107517009129037e-01
6.482449871289361898e-01
-1.211326022349014986e+00
-3.262750899220201450e-01
-2.538286701151943880e+00
-1.071178298955107078e+00
1.338872996990826847e+00
-4.641596661966942428e-01
-5.686658791487488873e-01
5.152360470264270020e-01
8.456640598286601085e-01
4.392431265782480443e-01
1.173888706932528558e+00
-4.191572789469333316e-01
1.444468477687236962e+00
8.058607078003854340e-01
5.404367066906923256e-01
1.792037942744844292e+00
6.425137471750443918e-01
1.387597502597089916e+00
1.559782502393964876e+00
-7.224837783404032265e-01
-1.003443472217737220e+00
-1.767246952605239008e+00
1.159083225087096380e-01
-1.325917706055765866e+00
9.187402763032890274e-01
1.985665585481491302e+00
3.735923895137249762e-01
1.380811808219941428e+00
1.222881581927934391e+00
1.531446514685082416e+00
1.524453188542606696e+00
6.004313236348264304e-01
-4.885506572159203920e-02
2.065769766699061982e+00
-9.432064879523696099e-01
-1.240636381725727766e+00
-2.095916456024171648e-02
-2.004681170658277445e+00
-1.801655081266522185e+00
9.784293787284935595e-01
6.923925995015018930e-01
6.538656968153244708e-01
-3.586529856216880141e-02
1.806816169172615449e+00
-1.955034058747379122e-01
-6.232353235975607308e-01
-7.299021011340578458e-02
2.030417054511080011e-02
-9.434362829099562919e-01
-1.304811475868955073e+00
-7.981135193722314058e-01
-1.793466991544319988e+00
-5.950704693837440828e-01
-1.449137878088336828e+00
-1.429677855773514583e+00
-4.167670752154494229e-01
-4.666434467862438096e-01
-1.911126237779066983e+00
-2.105968250818887277e+00
7.034755138927438756e-01
1.657908934610954788e+00
7.505990670200007875e-01
4.209658247940184506e-01
2.030546392679943857e+00
-2.479456345924659910e-01
1.683873540645609346e+00
1.477377917136655450e+00
1.021154151783120412e+00
-6.157398909177029811e-01
7.157503371806142045e-01
1.481807026517517833e+00
1.186186280191218856e+00
2.652347836755639676e+00
3.150068342197995808e-01
-1.826221696026672170e+00
-1.349528422494608915e+00
-1.464655966918803953e+00
-1.457418629495674800e+00
4.760535291730638718e-02
1.188176080043090943e+00
8.474320793597678314e-01
-1.603570844923047911e-01
2.079850736351746221e+00
1.749262658623874422e+00
1.762719565789988785e+00
8.274695278267801823e-01
8.946946993657104441e-01
2.225119908343767605e+00
2.674220589860221153e-02
-2.334838127309230682e+00
-3.901979212531512253e-01
-1.179474155577323602e-01
-3.780753432030798944e-01
-9.784972667155599213e-01
1.990086249188605105e-01
1.003845643034418256e+00
9.090991730500906920e-01
1.761393768146700456e+00
5.229952134117656914e-01
-1.067609352205345363e+00
-1.529523384631081839e+00
-1.814870334641301319e+00
-1.580684936189395984e+00
-1.116401588754052598e+00
-9.720505880436000057e-01
-1.007443504827205905e+00
-1.328449348467057867e+00
-2.074247883802269321e+00
-1.463785668779964411e-01
3.331140530238141384e-01
-1.525153022965522132e+00
-1.654390062982940890e+00
-1.977532197110110079e+00
-8.937937685482516548e-01
-1.919006224748600609e-01
9.016720926574794959e-03
1.688499881405350234e+00
9.632219974433624543e-01
1.153832557376462287e+00
2.224905563240516804e-01
8.739563193506668659e-01
1.818606534017622511e+00
4.312293685754604589e-01
3.911878542085645005e-01
5.869467464553721481e-01
9.691509481383326907e-01
8.585713432672862355e-01
1.422796855128422022e+00
9.524995692102441458e-01
-2.345751502236645969e-01
-5.218315884043340791e-01
-3.414869296388078901e-02
-1.785268448007923947e+00
-1.315517628032029762e+00
5.690085268100937288e-01
1.451259142993392981e+00
5.286096860465712144e-01
3.458900346076172472e-01
6.962340242088211895e-01
9.035934651986060606e-01
1.503663138294358825e+00
7.001625744960204845e-01
8.611057651733591278e-01
2.165359988717667328e+00
-1.004493182900752180e+00
-2.252920953257315340e+00
-1.883626147458816513e+00
-2.651192834379572538e+00
-1.024072070830982062e+00
6.515462292555254109e-01
7.305988319870109216e-01
1.459408344549418146e+00
1.773736743540292427e+00
1.798256804204841686e+00
6.563266110920038532e-01
2.281591365512641190e+00
2.332052146840534412e+00
1.425110420772893516e+00
9.846011896464994528e-01
1.143751464071304458e+00
1.736727753672895780e+00
4.365355220471678344e-01
1.717937759443393109e+00
2.021218621090755008e+00
2.038427879680808630e+00
-2.408309480776438249e-02
4.994966098022924905e-01
8.331890248320799053e-01
8.748612518606769806e-01
-1.567451309544633187e+00
6.347827662146554584e-01
2.903242933312166763e-02
-4.430007477628996604e-01
-2.087829416748969713e+00
-2.276688434334058986e+00
-1.863712046011177126e+00
-7.911177885379521157e-01
5.501416046055207509e-02
-8.274282385046753951e-01
-1.907573244827925896e-01
-2.140448327403728257e+00
5.252230458810491776e-02
-1.267175462523300711e+00
-7.470944713616838317e-01
4.405861160961496159e-01
1.559270126213019747e+00
1.008584771306795691e+00
-1.350515646305645578e-01
1.684123401553690780e+00
-4.025361408053383938e-01
-1.281017890874299958e+00
-1.625618642158933813e+00
-5.149553127844573863e-01
-3.764321551283775769e-01
-1.378117870120437738e+00
-1.314469692488212438e+00
-6.437225142122091626e-01
-2.637263071567234052e-01
-5.061298201820403353e-01
2.323153846724092197e+00
-2.548199900489356295e-01
9.429013958825926967e-01
1.243927194160784788e+00
2.209733082395302084e-01
-2.056188086303958329e+00
1.782308301413186857e-01
-1.543804815594773006e+00
-2.731051631542498193e+00
-1.599060631131165477e+00
1.031185060651140795e+00
1.377972499339871204e+00
9.889825335942137308e-02
1.395193009416845875e+00
1.071128063591609170e+00
4.789425648824118253e-01
3.400898802959967382e-01
1.189516977597305125e+00
9.031759045805242136e-01
4.623308710932749754e-01
1.925065730668995556e-02
2.530653052522202628e-01
1.168399559965439094e+00
8.832360567674166774e-01
-8.914946666980947398e-01
-1.127497491678183250e+00
-1.430335015558306111e-01
-1.781817020107372418e+00
-2.234493659095793561e+00
-5.355656330434970247e-01
-1.900243934087414432e+00
-1.666402924828814136e+00
-1.776269762512003414e+00
-6.855939945501434707e-01
-1.285088927405479087e+00
-1.399627779838044539e+00
1.262042823061672703e+00
-1.877605626691070784e+00
-9.957937949414187306e-01
-6.696365040830081217e-01
1.034856139253204521e+00
-1.078884135703552793e-01
1.165411531805703227e+00
3.049721752056963719e+00
6.668779063432124232e-01
-7.920035097742074148e-01
-1.709298318704711939e+00
-3.416532677130442730e-01
-8.554263519828076978e-01
-3.648340314906747262e-01
-2.472001243590112862e-01
-3.054828507506113233e-01
-1.237753060341262090e+00
-1.891445867372111511e+00
-8.236129951223392087e-01
1.157041540666437163e+00
2.216474517541222156e+00
8.692511251205570222e-02
1.567711564981477013e+00
1.645852051533114313e+00
1.041919702823317362e+00
-2.916818847497203437e-01
-1.123798177031706480e+00
2.768753583338317004e-01
-4.596802074061671073e-01
-1.486815305041364610e+00
-8.117717815416242155e-01
-8.083668625508841910e-01
-1.939365882127652707e-01
-1.119180788426807238e+00
-8.445751924374151898e-01
-1.093217330783048169e+00
2.152944336124216207e-01
-2.837359182886080688e+00
-1.346493857880068035e+00
-1.229069398001682911e+00
-1.884704338641602916e-01
-9.976381777786893501e-01
-3.735638376614144329e-01
3.510793685809343589e-01
1.350862844344469238e+00
2.859975598002549191e+00
1.047597835535543087e+00
-6.661833074832319568e-01
1.872892432056393996e+00
-1.117165169642848621e-01
1.432730674609303811e-01
8.092943734508856179e-01
5.844450637537976778e-01
1.736669302122663128e+00
1.388466220506803017e+00
4.465631777661486224e-01
5.189789224728269534e-01
-9.087984077179744880e-01
1.077013312023338942e+00
-9.705621379249327330e-01
-1.767919208766705053e+00
-5.498029677484436162e-01
-6.887525722397378480e-01
4.823780138518984906e-01
1.614114085024525247e+00
1.124613207308553520e+00
8.101092114532648658e-01
1.572226010608354319e+00
1.450089730544555477e+00
4.550663709988889138e-02
1.325657137234598437e+00
9.122118680132678126e-01
1.151947804998577629e-01
2.547282377583329094e+00
-8.118321593735998709e-01
1.900054057773825633e-02
-6.477085029783147263e-01
-1.361325135222571259e+00
1.293542241479070931e-01
8.982924701648877797e-01
2.493982640225345104e-01
3.849516735478413221e-01
1.744699241529336309e+00
2.059969215926442665e-01
-5.658210004043471297e-01
4.621007268389666356e-01
-7.096177055143133572e-01
6.176288404772913854e-01
9.151273727610654829e-01
1.554167078722738626e+00
8.970358005852963057e-01
1.417835545300766498e+00
1.510066189328757025e+00
-7.603993969105604656e-02
2.204296061969835963e-01
1.570314619963107727e+00
9.605317443547627398e-01
1.136083405348905728e+00
3.891550256415832187e-02
2.722771008311561935e-01
-1.682358278588287792e+00
-5.859546775019275344e-02
-1.242106805779213508e+00
-5.815508404198515002e-01
-7.435428804502097755e-02
-1.175231632873790621e+00
3.182022059017670657e-01
-3.379100492916236043e-01
-1.404929175977861933e+00
-1.367588005637555559e-01
-8.188220132838255338e-01
8.376049605580559998e-02
-3.367148889770513742e-01
-1.498152376029673327e-01
1.663648974354031695e-01
1.239696129169866268e+00
2.164878581740824259e+00
1.787551903300984124e+00
-1.623764477116027560e-01
-7.482798148041882591e-01
-1.410631730876900525e+00
-6.299759235101236587e-01
-1.293703458769398296e+00
-1.857660212702824776e+00
-7.367182404319110312e-01
-1.099345996444474061e+00
-1.705823069204519093e+00
-1.083316056625929003e+00
-1.015918985396448981e+00
8.081445695945194130e-01
2.144094347665392419e+00
3.400987605506028411e-01
-1.026250398271434161e+00
-9.752121071637032124e-01
-1.085454344750850675e+00
-1.497841770983784127e+00
-6.566191988887546405e-01
-1.953382087785833221e+00
-1.087779668184564619e+00
-1.339969903507359117e+00
-1.144137393655539015e+00
-5.454476492154824996e-02
-1.825698845363841194e-01
-3.777858069484201220e-01
-6.548986012947470847e-01
-3.197833418305637831e+00
-1.407114968844126013e+00
-1.462483617997103247e+00
-8.505619766763476974e-01
2.229908826733932870e-01
-8.134437379415994096e-01
-3.096362189512308571e+00
-2.704345240325288779e-01
-5.420335863111336305e-01
5.256500870726352748e-01
1.069159866426439010e+00
1.137922276162714796e+00
1.578711489667208312e-01
1.000091135955537558e+00
5.141097275006776268e-01
2.849930939140757902e-01
6.333252463614000849e-01
1.136366458322329631e+00
1.435125416162177592e+00
1.145117559883139347e+00
2.182542788064806505e+00
7.611717707115908116e-01
4.081552395658691879e-01
1.919266363168937506e+00
2.380669003166480113e-01
-2.433717198416296412e-01
-1.380523429743197417e+00
-5.995809851068230056e-01
-1.627945551650958445e+00
9.913028461085234833e-01
1.647105522630314400e+00
1.017259471560957751e+00
1.687524215619327084e+00
2.240514390378887555e+00
1.257594033262487088e+00
1.490069620811675044e+00
4.303231380490615265e-01
7.454618451462302620e-01
4.306556166894210946e-01
-1.108076547759402786e+00
-8.655351595989799751e-01
1.057929673228323875e-01
-1.485554847114720634e+00
-9.887196494771098854e-01
7.712916295014843326e-01
1.466960335734155851e+00
1.013816149389122900e-01
1.322376686763265807e+00
1.139559625170469603e+00
-1.920876371326381005e-01
2.394586205241496568e+00
1.242497675022980141e+00
-7.032388025292513056e-01
1.241341753890523592e-02
2.266814778125216367e+00
4.538480254881848142e-01
4.868601659720037667e-01
-3.617514881410626160e-01
7.356487272212370865e-01
-1.611268852747607117e-01
5.144286918374663120e-01
8.940374691389616491e-01
2.225482506009099914e+00
-5.768932336827781171e-01
-1.633326311022177624e+00
-5.139085544854304910e-02
-2.367102042485145219e+00
-2.150980352492714687e+00
-9.283081829814928687e-01
-2.058995652929967335e+00
-1.419750671775787509e+00
-1.485269481768489275e+00
-1.234696978174307791e+00
-9.233639489737415218e-01
-1.553087951969893021e+00
-6.915482277307647418e-01
-1.629506931157037819e+00
-6.858704882945083625e-01
-5.310983672283486889e-01
1.843052725303804262e+00
1.578654207399656340e+00
1.876958940527822195e+00
2.085491288071794624e+00
-3.342457087392372017e-01
-2.073457117985953779e+00
-5.383885627862676770e-01
-4.510508255173421022e-01
-1.358797849321804030e+00
-8.925085669677694789e-01
-7.107710815228265311e-01
-9.213047491940123956e-01
-9.456372317281397377e-01
-1.753968248427197896e+00
-7.082892853872376770e-01
-1.121564272760650738e+00
2.208914545838901233e+00
1.299081493031521539e+00
1.770311150564024327e+00
1.070467626023436924e+00
-5.354858985406143468e-01
1.665075017208719199e-01
-1.392592972558532427e+00
-1.061437593073800700e+00
-2.560037189144866332e+00
4.427930136467760347e-01
1.019068550137997686e+00
8.378241175440831467e-01
1.063092117528581237e+00
1.000737839815793784e+00
-2.638983518319844013e-01
2.502546010831428802e+00
8.284663729191000803e-01
1.134985470258882856e+00
-5.322616234094996734e-01
1.410903353351884659e+00
3.389485895217525524e-01
1.527130856027296479e+00
8.261591517487417713e-01
3.436228075020599793e-01
2.066617326125061993e-01
-1.871041841544891060e+00
-1.047150821555284939e+00
-1.475259889455495577e+00
-2.889310908263916788e-01
-1.584892096433619280e+00
-9.826302564217959112e-01
-1.740938604682742641e+00
3.289487464348495038e-02
-4.365510783081403279e-01
-3.049191342104405233e+00
-1.175186920847569816e+00
-1.785496116911579723e+00
-1.899637917156189681e+00
-6.804160500043945348e-01
1.641189757164326579e+00
5.299041057810923716e-01
1.324601622038343418e+00
-7.127515835757802787e-01
1.047069835751934130e+00
-1.442532414975777444e+00
-6.899946489467614352e-01
-1.279562896269941019e+00
-1.090366692987383646e+00
-8.187998537936791443e-02
-1.269966354227678451e+00
-2.746272300442232916e-01
-1.317302128889087598e+00
-7.171316594172234549e-01
-2.008306627573763770e-01
1.400497133699723173e+00
-2.204418412907267477e-01
2.156845278144714939e+00
2.762489860411263543e-01
2.065211213833008763e+00
-9.255027154405977008e-01
-1.389637313703997901e+00
-1.088704697064218019e+00
-7.142100892906482201e-01
-1.381041292512183327e+00
4.147771817987655485e-01
-6.485312250765562503e-02
-4.358759208280806874e-01
-7.884249351963324992e-01
-1.059670394692269202e+00
-8.992937938146722265e-01
-1.008568661869484684e+00
-2.499307016778990587e+00
-1.348677747053971254e+00
-1.773177212374812406e+00
-2.609412964320600992e+00
-1.018173263276259677e+00
-6.844918354582421038e-01
-1.814185819754784434e-01
-4.346823097279549630e-01
1.559477812429286292e+00
1.077812336722188791e+00
1.576011171296766600e+00
6.989844949994542533e-01
1.274211476373863450e+00
1.010893109544085400e+00
1.639338964046231251e+00
1.010552571871006222e+00
1.082285067945929713e+00
1.640794092145045457e+00
6.786931338437530714e-01
1.361675093928653268e+00
-3.072219409965879500e-01
9.618463940607103746e-01
2.315538787236437468e-01
-2.404005412354964122e+00
-1.442255474653626912e+00
-9.580656864396448480e-01
-6.188268154086680184e-01
-9.804604569385148016e-01
1.561074731160248863e+00
4.299043644023026189e-01
1.872662053181224806e+00
8.345230062255843961e-01
4.710185007882868868e-01
1.392979998557023258e+00
2.005613840025702199e+00
1.490324486335665055e+00
1.331647140849409716e+00
1.770639760597187973e+00
5.577785707042604013e-01
-5.900491898509809818e-01
-2.306881298297092542e+00
-1.295613905652296616e+00
-2.451097836674102304e+00
3.073272335864153382e-01
5.658933444181657446e-01
2.076047452551253336e+00
-2.188309491678985808e-01
1.015780870489221499e+00
3.895684878620704339e-01
1.613099427330193070e+00
5.771599008856576063e-01
1.129451848388225654e+00
-2.439294303375312278e-01
6.990332500807867611e-01
2.317503856446135213e+00
1.261539761080787692e-03
-1.469069877649502587e-01
1.752795730108650085e+00
2.357400182002304057e+00
2.792429260156992221e-01
2.464672653955146231e+00
3.645064467143983578e-01
1.549416717475408767e+00
-6.458544679604685257e-01
-5.581699832901265701e-01
-1.248965959242232637e+00
-6.501743739028358338e-01
-1.774256130782477126e+00
-1.169370959710609448e+00
-2.684248632999612028e+00
-6.072335923650421519e-01
7.999814143561119195e-01
-7.035707017746491987e-01
-3.228531112922006674e+00
-1.039021869602116510e+00
-2.068529846535235972e+00
-8.056417886840110398e-01
-2.092368653241327259e+00
1.422481376539489917e+00
1.110828726219044160e+00
1.740060152810056326e+00
1.370472466211824392e+00
1.841452462269576262e+00
-6.073205018003933198e-01
-2.129126486797311202e+00
-1.610312134528056216e+00
-6.297139758415737365e-01
-3.675423917569048404e-01
-2.422591705091227121e-01
-9.601608052155017337e-01
-2.441038755707666041e+00
-1.794618518316370315e+00
-2.001815118561593998e+00
1.507621561312678882e+00
5.959548327844184090e-01
9.623589930508643642e-01
1.252717232220162291e+00
1.442211763258812951e+00
-5.845738052738020940e-01
-5.534894006599004879e-01
-3.556377962979095919e-01
-1.428898580731414736e-01
-2.488994800378052652e-01
3.789237330510792923e-01
3.129670524651250174e-01
7.799253267206749385e-01
2.256434992322872368e+00
1.190571080021929129e+00
1.734335434684323163e+00
1.609052182614202353e-01
1.301417989549417786e+00
1.279291531145437144e+00
1.820577093256964041e+00
5.937274048954596095e-01
-2.575710926800978129e-03
1.125504012692688960e+00
1.672485304089604607e+00
8.784886858759382022e-01
-2.047022284924092883e+00
-6.480531245006313501e-01
-1.721233081172707013e+00
-1.438329502335086607e+00
-2.763180979805913706e-01
-1.753389370774941280e+00
-2.171420565482810039e-01
-1.405362337996947986e+00
-1.825124031540680480e+00
-1.236604667648707689e+00
-8.439105634035996006e-01
1.897592155978682360e-01
-6.150012111432695550e-01
-9.772837056007027678e-01
-1.129812443750939588e+00
9.212347389284567534e-01
2.108321808414109100e+00
-2.506980321219991481e-01
1.709711254363326383e+00
6.390512439637127118e-01
-2.054806827593200325e+00
2.935213204642785900e-01
2.593419112397290505e-01
-1.576333515996058310e+00
-7.708068018419438339e-01
-8.314119923184628558e-01
-1.899342386751146972e+00
-1.132798701798627850e+00
-1.611349926047402903e+00
-3.993447892421352341e-01
1.726277448295769457e+00
1.171357798351511104e+00
-3.073085680046214740e-01
2.359455981227797317e+00
1.791866693079819717e+00
-6.535773488566338774e-01
-1.249817205102005779e+00
-5.190327396698279916e-02
-1.352603707476049522e+00
-1.145772078571448027e+00
-1.665403905821364994e+00
-7.682928266371414905e-01
-1.708587240816213271e+00
-1.220800402483517733e+00
-2.162295143672575026e+00
-1.410101043549710331e+00
-7.916210921863839900e-01
-1.895419819188282062e-01
-1.994629308654038979e-01
-1.935846016114178614e+00
-4.772778724375754678e-01
-1.291722289539539714e+00
-1.734716375775501751e+00
-1.225776454216705114e+00
-1.919762269687717904e+00
1.107658416591206230e+00
2.612970726631749230e-01
2.995964109018125487e-01
9.457860593076318212e-01
3.250382578502828412e-01
1.877753521143525894e-01
4.919440233128306028e-01
1.765019003315235091e+00
1.786874756431672262e+00
6.155444962034215539e-01
1.029154085177648170e+00
1.111128997521322992e+00
8.568089993494089063e-01
7.563924430933082199e-01
-9.563901140435846493e-01
-1.140421738820428077e+00
-5.230128029777652010e-01
-5.586960982721479452e-01
1.117042434886488245e-01
-1.127300705932137159e+00
-1.826983556594483638e-01
1.693046693441641048e+00
1.086176038222758766e+00
5.168071623400621872e-01
1.235805998131321415e+00
1.786969278702901009e+00
1.637792299391704898e+00
2.206180009739076908e+00
5.146468893688305180e-01
1.916088643465192920e+00
-5.339427333768544948e-01
-1.530380687343298796e+00
-1.112104059489595675e+00
-8.631397620900267409e-01
-1.079990436141641474e+00
1.680992081546847761e+00
1.843557633635638071e+00
1.839469433397818543e+00
1.123076347000227404e+00
1.063748485337642880e+00
1.212898542083957976e+00
6.423804389156190231e-01
1.671190717895240541e+00
6.618709161762399429e-01
1.880168174248794566e+00
2.146039541873199674e+00
2.345515283473143420e+00
3.569647227946061818e+00
1.435986475081223901e+00
2.094952116121038266e-01
1.827907527724992764e+00
1.981597059402515182e+00
6.058471223965993246e-01
2.374276020320396086e+00
1.125452333143737160e-01
-1.307251162580888026e-01
-2.271489035992030558e+00
-7.166130706178543974e-01
-9.467590047937581854e-01
-9.803347627657410523e-02
-1.684489130381840560e+00
-1.039493321691220329e+00
2.608869217375751060e-01
-8.281575859651439941e-01
-8.696864130797845593e-01
-3.520458996011732733e-01
-1.418020352454355537e+00
1.084608652903695791e-02
-1.334932559894348003e+00
-2.503183521878333817e+00
7.200024865893317472e-01
-3.334456495583788538e-01
9.682914272863049066e-01
2.400154285573814938e+00
-1.106345697747548762e+00
-2.483925883474340068e+00
-6.704286474707146226e-01
7.885337404887282631e-02
-2.579457189887343738e+00
-2.215856710564414023e+00
-1.671858756878473962e+00
-1.946694889548593155e+00
-2.549661984200647158e+00
-1.016116646035239324e+00
-1.840214988469015545e+00
1.506194327954989642e+00
2.338544932000391263e+00
2.096776643506995441e+00
9.746095440463765636e-01
1.172527788145369509e+00
-1.049582840005425677e+00
-1.683266266983568737e+00
-1.579031288835068381e+00
-3.336184875564324193e-01
-1.168291614715538662e-01
1.677375807222964532e+00
1.519507708059086859e-01
3.431920478656856899e-01
-2.866642233691847341e-01
4.960423900455734891e-02
1.132299184765585220e+00
8.893137568871709586e-01
-4.174492293827918310e-01
8.867195610339022593e-01
1.014383777135187570e+00
7.160818770474557393e-01
9.947316730931923257e-01
7.010593954243593551e-01
7.503318446569221534e-01
-1.632621767437283378e-01
-1.052217141819924429e+00
-1.327101352140972912e+00
-1.208572693317814251e+00
-1.601619564353001568e+00
-1.118691074444035261e+00
-2.165184111410918710e+00
-7.011681433652797724e-01
2.663866414041093922e-01
-1.397762900057123447e-01
-1.691357063642896730e+00
1.867309973527621736e+00
-4.877244287783903953e-01
-1.371341747422890389e+00
-1.636638556984303161e+00
8.542019567466629937e-02
1.181712789944373121e+00
1.884850605122685874e+00
9.418589457079690197e-01
9.571776985599058651e-01
5.862693004034151834e-01
-1.299882395892557607e+00
-1.015267061356045053e+00
-1.386175318465210360e+00
-1.554527292204476385e+00
4.195396636048311922e-01
-2.096599052063794044e+00
-2.121972541664512324e+00
-1.399972230393021988e+00
-1.973112470099360305e+00
-1.726329159503759536e+00
1.497623337204476490e+00
1.726145951403135648e+00
3.929263679915536711e-01
7.940720093632046561e-01
1.047250382735465335e+00
-1.761792652581878338e+00
-1.628411151534391754e+00
-1.567741330666875044e+00
-9.408066189318357031e-01
-7.161901641211299019e-01
5.620382491405018222e-02
-1.258430092718325843e+00
-9.297888799796188986e-01
-1.186268391170318681e+00
-8.981432968919802473e-01
-1.685985918769481451e+00
7.079166888546484238e-02
3.521369329549521865e-01
-1.217075950846572052e+00
-1.535859810595434194e+00
-1.743266060882791901e+00
-8.920647241858510323e-01
-1.867450332641273469e+00
-6.426221898949703304e-01
-1.321060997206064291e+00
8.712658043757848247e-01
1.826019965752820440e+00
4.672344496992910656e-01
-7.625050004459055231e-02
1.233444606185389425e+00
1.521144310118125009e+00
-9.597351178525994619e-01
1.388230766536286742e+00
1.480838350486832544e+00
1.141979831696920966e+00
1.155017534218629738e+00
1.298066006594588817e+00
1.569130685784763113e+00
1.934945506010317118e+00
1.321037411865320088e+00
-1.031454898318425517e+00
-6.686815235525305212e-01
3.775321308928825115e-01
-1.950713636654635152e+00
-5.525581599100133356e-01
2.041238378732812109e+00
2.510127229342928423e+00
-1.198846916702167587e-01
1.837940593539619805e+00
1.361274676623980717e+00
1.384390605009384823e+00
1.864106002154407804e+00
9.671545763262501261e-01
4.466787481732292786e-01
1.416884047723697249e+00
-2.449260914799424871e+00
-1.483796691757991226e+00
-9.237035790786134459e-01
-1.987636085697714883e-01
4.816586919924303878e-02
2.092231547103541089e+00
3.790287395025216943e-01
1.495742995057859570e+00
3.847742922727230841e-01
6.589595438326585342e-01
8.205235324902298011e-01
2.428334786834438042e+00
-3.250784774868173965e-01
5.545282582200119492e-01
2.987303645186463186e-01
1.606702802646493122e+00
6.071666496803007629e-01
1.267819987674389859e+00
-1.123136095020262903e-01
1.814302671667604949e+00
1.008109210673721723e+00
1.690343347001174834e+00
8.189392144518103933e-02
1.592868021415088320e+00
7.604513428674551934e-01
-1.132856555638395157e+00
-9.671004719169049579e-01
-9.556514886095526240e-01
-1.426542573135293868e+00
-1.995048554240503202e+00
-1.652641088509170242e+00
-1.493704175210942564e+00
-1.039031809301629528e+00
-6.632255685814563151e-01
-1.901836329105573320e+00
-2.215224921064868457e+00
-1.352082584615580618e+00
-9.520216011311792847e-01
-2.861415225314674515e+00
-2.442235627480675575e-01
9.900152667566848308e-01
1.563870926025161090e+00
1.419722492506065858e+00
1.852281894226266878e+00
4.083038368699025700e-01
-1.316490418669514995e+00
2.654351469183942047e-01
-7.995498596916420508e-01
-9.491674403460805820e-01
-2.730561401344411721e+00
-5.801260019004028656e-02
-4.177324717286291511e-01
8.908714781437510055e-03
-2.589539340080828200e+00
-9.393925140523995410e-01
1.231329113038005740e+00
1.173438083729999803e+00
1.173930447331642313e+00
5.473456785752122133e-01
9.027113834730745578e-01
-1.346505379125256363e+00
-1.110642269570213836e+00
-2.091083106301035333e+00
-1.231913674627184596e+00
-8.879977447520203127e-01
-9.460088296701726351e-01
-1.911661789629262920e+00
-3.296090702522516125e-01
-1.107527240247979217e+00
-1.098602403162276975e+00
4.987002219374456757e-01
-1.202739970973577988e+00
-1.812477610790350635e+00
-1.781423388515400275e+00
-1.379158522452841984e+00
-1.539754216100336581e+00
-1.116061213062270019e+00
-1.297239026095881931e+00
-7.080023970611768469e-01
-1.249484178760471131e+00
1.680157758784704747e+00
4.323323155721957578e-01
1.484568800932295485e+00
1.282918639410093542e+00
2.033954375730727904e+00
4.962767566496683047e-01
8.302956873951546912e-01
1.708748613054010157e+00
9.818207392747861917e-01
7.200474931644554877e-01
1.705736929205790453e+00
9.872064046732518250e-01
1.201554746910892257e+00
1.371202816240188360e+00
2.226902207362317476e+00
-1.054309970700277210e+00
-1.057513555114864445e+00
-3.316039017623907403e-01
-1.923245892465067275e+00
-1.260494293956824885e+00
1.429000496040506940e+00
-3.154239924555448660e-01
6.829147858035689023e-01
-5.486186856638182174e-01
5.342925646687648467e-01
-1.173376486644663430e+00
5.046865226317056585e-01
4.284418477984657248e-01
1.641607910057815811e+00
-8.792717277193839998e-02
-2.248268919511502872e+00
-1.624811675097674879e-01
-3.139204443754303853e+00
-1.019631609492985813e-01
-2.775718837821552487e-01
1.319600357303122085e+00
3.527773510847888039e-01
-6.230827075739548970e-01
2.042466358627119227e+00
2.167783152896901822e+00
2.608802767083374663e-01
1.796505974291314089e+00
1.844839945729051189e+00
8.123073670245419819e-01
4.507492252617522066e-01
2.177972789699305523e+00
8.341742134647361917e-01
1.869385376893567763e+00
7.494642319944424536e-01
1.170834715708777951e+00
1.849315399952245809e+00
1.182174168493661526e+00
4.206394858772594114e-01
9.377797517165046282e-01
6.510873029047502536e-01
-1.524584277111199926e+00
-9.519061285168907149e-01
-1.269114239641651931e+00
-2.265851943213304409e+00
-1.890947182718405450e+00
-1.429726283232448658e+00
-6.287461883565554910e-01
-2.468286579697566152e-01
-9.795493444403218231e-01
-2.048587308867495960e+00
-9.337974200703001992e-01
-1.837294266956819300e+00
-3.791492439256616276e-02
-1.474923306961078762e+00
-2.522294622653409757e+00
9.454829859561708627e-01
1.638030385678041601e+00
1.284456778350830053e+00
6.250619106124570834e-01
-3.526445961695074960e-01
-1.549158518513404914e-01
-9.917246797818505266e-01
-2.119960472724073508e+00
-5.564301266735006690e-01
-7.474348660989784676e-01
-1.511629336274479041e+00
-4.357823344632192342e-01
-7.812097360543596158e-01
2.425902982793282092e-02
-1.259519456100043788e+00
5.514901138446253182e-01
7.607676241503291692e-02
1.149441842335404029e+00
1.277384430165652507e+00
-1.780530338668986357e-01
-2.676865464971392328e+00
-8.192203363079174627e-01
-7.503869524934139168e-01
-1.752631781472248740e+00
-1.200746546523271396e-01
2.056867661198908070e+00
4.321322285122916051e-01
4.599287481619439566e-01
1.448391265080638313e+00
1.185319501720772051e+00
1.017903246559885844e+00
1.292595345614178104e+00
3.493632483323982907e-02
2.019142770807376586e+00
9.290548512660267155e-01
3.515300291181073788e-01
1.131833200506544568e-01
1.279259498101954717e+00
8.699976457677933706e-01
9.476092254943919713e-01
-6.883787487107755343e-01
-1.651461769331465934e+00
1.014312354542819872e+00
-7.136338410599252224e-01
-1.434826452618419124e+00
-7.863071370831244966e-01
9.989846525318668569e-01
-1.480897542992218430e+00
-7.306687106096670936e-01
-5.537452632477373182e-01
-7.522528861475709094e-01
-1.081165035516224560e+00
-1.361428982492980388e+00
-6.039026830416530656e-01
-5.621034385895293806e-01
4.209839855401639186e-01
1.323936019024501531e+00
1.283694287188274830e+00
1.911565838007660112e+00
1.973320494529326119e+00
-1.598401351656585589e+00
-1.449662292182842371e+00
-1.812918148329299317e+00
1.100835498205210428e-01
-1.297607646096996303e+00
9.926148886036201269e-02
-1.754491195619371835e+00
-6.513192526655717796e-01
-6.358493700159983941e-01
-3.669524696531741847e-01
1.355415416671881257e+00
4.927479345068617178e-01
8.814027040842947747e-01
1.398102120027775008e+00
8.525043174345097174e-01
-7.016240859129809770e-01
-1.300559302774341397e+00
-2.956964787559139829e-01
-3.502853090448427853e-01
-1.842866739948139099e+00
-2.050603489273924218e+00
-4.307488034974542579e-01
1.181117434987693393e+00
-1.586317944717032358e+00
-5.678390965745598873e-01
-9.540391333568438714e-01
-8.302539129574521004e-01
-1.186321082424126150e+00
-1.709126060554657656e+00
-4.501677367052058232e-01
2.192174777581796796e-01
1.085629798361063880e+00
-2.258135986730172462e+00
-6.388416874682456559e-01
-2.282361898650870913e-01
-1.025091440917211827e-01
1.628521312535958332e+00
-1.009923658237414923e-01
7.753055815053331301e-01
4.001532916089974856e-01
9.082855370924050042e-01
6.881739500329329129e-01
1.215899222353274745e+00
1.991900735074646711e+00
-4.677920409658202772e-01
1.697391446819304761e+00
5.258676365101824235e-01
2.698728402137526405e+00
-2.356100582891398343e-01
2.741370740170812059e-01
-5.851771231938274198e-01
-1.144134487117925758e+00
-1.987841585290655910e+00
3.581626678467941804e-01
1.933574599619269918e-02
1.973311543991632222e+00
1.593472578308853915e+00
9.482357323182599718e-01
1.233633359561225440e+00
3.098249289827331499e+00
1.125588163066162828e+00
1.008730746976444825e+00
8.786469224526789468e-01
6.209145132380998744e-01
2.607186870957986180e+00
-1.139680678041043116e+00
-2.263706823078766917e+00
-1.033983390329490160e+00
-1.498668087007475336e+00
-1.304001424639816831e+00
1.587263940550831531e-01
8.937040539970880770e-01
-1.076083338219600005e+00
2.189129473864834807e+00
-1.999942245360315507e-01
2.393765382110768059e+00
1.192688476792200802e+00
1.484939767947834888e-01
8.763635986923381527e-01
1.028280783463602077e+00
1.115427254065437301e+00
5.877452188717690040e-01
6.167006631147944340e-01
6.025590472145105903e-01
1.281311008391070150e+00
1.102237197682658598e+00
9.672467352702770471e-01
2.520355999441392658e-02
-2.232374646109276384e-01
2.060116395111907028e+00
-1.353337101394779696e+00
-6.790961820565297735e-01
-1.221990436160525606e+00
-1.750194935514477024e+00
-6.306996689646139354e-01
-1.259737438027284773e+00
-1.760551334461074147e+00
-1.262435185113272018e+00
-3.780618898333198974e-01
1.046385347076428385e+00
-2.016910064086711696e+00
4.130218904565674531e-01
-3.974292953385216709e-01
-3.214851317665744501e-01
-1.761905894652328497e+00
-3.006380218241688773e-02
6.712814349735390929e-01
1.622478494487195722e+00
1.688564667845415368e+00
7.518932739035527613e-01
-3.893278241867605960e-01
-1.873290247096211170e+00
4.722128509148937336e-01
-1.128526006549377847e+00
-8.250745952552706042e-01
-6.522864171256621546e-01
-2.402136506965673490e+00
-6.126982058938962306e-01
-7.682857202819591835e-01
-6.346538723393925219e-01
4.805219189536692470e-01
6.373454788251342595e-01
1.737263567664568242e+00
-1.559049269633261403e-02
8.159093183496999302e-01
5.473294228969183273e-02
-2.184150277981602439e-01
-8.640184684157522499e-01
-9.486775534023627054e-01
-1.270908914748786422e+00
-1.116843099053531407e+00
-2.081149827311564948e+00
-1.034302130289844524e+00
-1.296355296347013075e+00
-1.867495924527373674e+00
-1.734064711051571894e+00
3.384587574408877142e-01
-1.565928119247458783e+00
-9.954023883688070118e-01
-1.306120871526197824e+00
-1.719011473250043442e+00
-3.077504251115334988e-01
-9.070718587027919444e-01
-9.594031240148354067e-01
-5.895081985151907622e-01
3.757000891972674950e-01
-1.897966358782208207e-01
1.415031543185773177e+00
9.685849511080550922e-01
2.522594125607157345e+00
1.077889909310282723e+00
1.633729081837945074e+00
-2.318443412460908792e-01
1.829094812606166354e+00
2.831966714751246172e-01
1.164404129556386502e+00
7.153744113783258030e-01
5.867093360325238427e-01
1.036658407115205627e+00
-9.604842590512330247e-02
-8.426318197568286594e-01
-6.209942160840676850e-01
-9.789181163694763432e-01
-1.618625317865482582e+00
-9.639889160844534732e-01
8.714992555226562798e-01
1.367727194070549990e+00
1.955210843454729730e+00
1.429223192904156781e+00
7.787167673684766145e-01
2.671988499103766790e-01
1.808717231574397122e+00
8.352858002044669661e-01
8.337744316584330129e-01
3.978480555259507057e-01
-1.643597788954957339e+00
-3.664480505703910929e-01
-2.161599175005296747e+00
-9.718226503250410042e-01
-2.246555556204155035e-01
7.664893901699532108e-01
7.140918636119475416e-02
1.268783185965839833e+00
-3.847546231982321707e-01
1.080023665000847011e+00
-8.369318221805550628e-01
7.740914434444645664e-02
2.217054316716158269e-01
-3.572355241918347968e-01
-8.449355905897281138e-01
-5.613991508499389660e-01
-8.584156784545758923e-01
1.903639785922548455e-01
-1.726831105919064413e+00
-1.137038725340303147e+00
-8.367459258203737704e-01
-4.557419706349817856e-01
-1.258388875121409400e+00
-1.751526699436465329e-01
-9.337403590038080292e-01
9.292461916691063806e-01
2.502909471812349018e+00
1.155466372452735868e+00
3.368465322513114479e-01
1.586997662618488292e+00
1.205541943376546632e+00
9.210556449884196306e-01
1.777904021919597399e-01
5.997516774639439774e-01
1.680401901781068963e+00
1.785275156347020165e+00
1.981500456084910988e+00
-6.780575650349547345e-01
-4.010200450685956763e-01
1.249425285744272252e+00
-1.692356204752921922e+00
-8.853264431459997308e-01
-4.235854715926926639e-01
-1.005349235682245768e-01
-1.191589875412506272e+00
1.164497696357718493e+00
-2.727993938773738414e-01
1.067298742908079134e+00
3.008072342237591013e-01
-2.429774812115201854e-01
2.450728635952141410e+00
4.601841505448558411e-01
1.248038684088074612e+00
3.428228753125162065e-01
1.138479771114848216e+00
-1.139444273278774400e+00
-1.370635766722478888e-01
1.315255001471640206e-01
-2.493956922137836152e+00
-1.874754494249393666e+00
9.904218941140117138e-01
1.447889646469057823e+00
1.926559715200405254e+00
7.873730973678112477e-01
4.159290712313450378e-01
8.469257961847538319e-01
8.378155653573138295e-02
7.489436389143320216e-01
2.376019899976685501e+00
6.879859489330120148e-01
1.300472924471375968e+00
2.109508199212913881e-01
9.218059272529650627e-01
2.437692645840080496e-01
1.301945225639286274e+00
9.155461085310545588e-01
-9.764901050427554630e-02
2.120664673330050043e+00
1.842642255021829101e-01
2.098286575829124256e+00
-1.309732476375861321e+00
-1.787129757872569114e+00
-5.306992202788256563e-01
-1.103253586422181520e+00
-3.206453448361710201e-01
-1.209506644289341182e+00
-1.597503357057874496e+00
-3.882624186933721910e-01
6.216926266956666058e-01
-7.776931246718420399e-01
-7.067629430911734900e-01
-1.103110682016377408e+00
-1.545251839036155594e+00
-1.686159284986513462e+00
-1.503179784619304460e+00
1.187174555051133673e-01
1.231924888167350129e+00
1.286704477922907097e+00
3.786088211552803839e-01
1.506908811307744678e+00
-4.783656483949699778e-01
-9.243704052264231086e-01
-1.708508997221489967e+00
-1.839389148473111302e+00
-2.168465840303634984e-02
-1.395109363200277564e+00
-1.449861938762910363e+00
4.559535339727558423e-01
-1.027475034064397885e-01
-1.489407351087114417e+00
-5.938794271094505195e-01
5.941790343388539952e-01
1.472460929699483945e+00
3.789007856988958478e-01
1.264449065745987921e+00
-1.119416268365148515e+00
-3.840347365144550773e-01
-2.447564299711739721e+00
2.274924359428136533e-01
-1.119706044014352919e+00
