-9.362173126493275044e-01
-5.172901156099365405e-01
-8.375657690451585591e-01
-1.467391163365391993e+00
-1.344732929432980173e+00
-1.428964954789702757e+00
-8.895998436531060705e-01
-7.863031210896429535e-01
1.154130656800855803e-02
-1.748790763089288713e+00
-1.049571051355593587e+00
-2.389711092793172842e+00
-1.029240814477751176e+00
-3.237992195194870915e-01
-1.316087374495358286e+00
3.536348371964973536e-01
1.029941499976520403e+00
2.222708685113371274e+00
1.385044066794201445e+00
2.479886784653384524e-01
6.312715296693194311e-01
1.025278292930526414e+00
6.381273500282365063e-01
1.131257580289730891e+00
4.802940988086421559e-01
1.732993921381668301e+00
2.473199090109209131e+00
5.857883552296381247e-01
2.234663163409386755e+00
1.355373843899212893e+00
-1.517930218365812101e+00
-9.680511634086874651e-02
-6.741308349130852307e-01
-3.163776797555022391e-01
-1.535508349382445070e-01
1.815413778996061378e+00
1.477820765388807356e+00
2.425626254206039167e+00
6.592371351190953188e-01
1.479654029365875534e-01
1.230721688831524219e-01
1.530647844922622403e+00
-2.937401702684505622e-01
9.151203801843481589e-01
2.055508395032131785e-01
-1.656956678182068154e+00
-1.652269812622790823e+00
-1.997622169387629487e+00
-2.325964945682748031e-01
4.020009960232033830e-01
5.053016540189085859e-01
1.021537320735303567e+00
6.413062429955997956e-01
3.243168046113404923e-01
2.123138780472818565e-01
-1.545304866200423177e-01
1.336383702368026505e+00
1.188718031947434639e+00
1.828450327720853696e+00
1.824781329497142224e+00
1.620861665203515045e+00
2.669639410905875199e-01
1.837008632659828944e+00
4.417198161431917791e-01
1.749125055704838783e+00
4.344591265293794580e-01
9.289614805927978169e-01
2.093711196441588207e+00
1.809457248397391416e+00
1.085253750915945892e+00
-1.305590512641819245e+00
-2.308023551623757719e+00
-3.890558350793595910e-01
-2.051547751178925960e-01
-7.198422225858108758e-01
-1.256955050786205508e+00
-1.334745424194836882e+00
-9.357597872485754475e-01
-9.400814459562526482e-01
-3.725318983305812015e-01
-1.603651290543491426e+00
-9.139897363198782321e-01
-1.288737137559619939e+00
-1.797008201084408174e+00
-1.019090200754380504e+00
1.308907677706967254e+00
5.647970333731412440e-01
4.295150057591496928e-01
2.702116757226748156e+00
1.103330506151549706e-01
-1.546573981820209109e+00
-1.757987994670361820e+00
-1.903510444465645435e+00
-2.766945104934428468e-01
-1.640474238337032542e+00
1.808726221715155624e-01
7.772864759233999443e-02
-1.592729329793165505e-01
-3.184746451195901162e-01
-1.413926644865930893e+00
8.107840847419556241e-03
1.724467997070158187e+00
2.071998979057038781e+00
3.003796627464128122e-01
8.708088728982089632e-01
-8.602947133726753792e-01
-8.423827556180140119e-01
-1.585625021955664016e+00
-4.737552354249386921e-01
-1.752921193361272501e+00
9.325509950951049731e-01
8.105466165618666619e-01
-2.038552434230984645e-01
1.038343421550371737e+00
5.934289869029090170e-01
4.853385871004930463e-01
-7.300716289086217614e-02
1.241615201924923140e+00
1.125888777213001957e+00
3.414899212224629110e-01
1.982206309391251420e+00
7.836927317402744286e-01
-4.388520111579796712e-02
-6.195094804379774889e-01
2.358130838528883499e-01
-2.006620855888545663e-01
-2.207766222627584263e+00
6.116443141399705574e-01
-1.022353991554821206e+00
6.389092624230801043e-01
-2.521396748446669278e-02
-1.380554048859900629e+00
-3.281551369376165539e-01
-1.211447633322224826e+00
-1.765721925357621291e+00
-1.504969441531960772e+00
-6.978705655440486932e-02
-1.691612658482739340e+00
-1.238331641948258843e+00
1.348259620597815900e-01
1.267389984637712352e-03
1.064855846808945294e+00
1.336751789232162091e+00
1.208280555627501585e+00
1.001669790392391679e+00
-1.757034418981075818e+00
-3.530364442010648363e-01
-1.435683211111524749e+00
1.635843950137716440e-02
-8.812716120116732554e-01
-9.482750099626102713e-01
-9.093698762297316440e-01
-7.122701672825973995e-01
-1.443810937974813857e+00
-5.966128732624320641e-02
1.517055762204375213e+00
9.899050768476358453e-01
8.886376987562383256e-01
1.443321773401607944e+00
-6.724168882998868835e-01
-8.668975930822677700e-01
3.923081347710057898e-01
-6.737577500711258160e-01
-1.422636906267351176e+00
-1.998320769476102932e-02
3.058937758409838725e-01
-4.784056877271685160e-01
1.640890710272300268e+00
9.385869876873749185e-01
7.822406945077913232e-01
3.334127912632545154e-01
2.044385794248822830e+00
1.748870430732439862e+00
1.870480492814787787e+00
2.421770638699468847e+00
1.566171901730071703e+00
1.454989243485265371e+00
1.493839557292301556e+00
1.299073907908260495e+00
6.420555767645014233e-01
-2.232605145753804088e+00
-1.039048087381913898e+00
-2.475948181580250651e+00
-2.765954216139521193e+00
-5.300520235777463895e-01
-8.184117503697126983e-01
-1.436498852001406368e+00
-1.798331432626144588e+00
-6.580011503720714083e-01
-6.829649666987032131e-01
-4.467924793766309133e-02
-1.079719399139334790e+00
-2.878902706271152523e-01
-1.533256275785187972e+00
-5.697827444384011564e-01
9.540866408367659757e-01
4.682069010103033779e-01
1.210960509038202071e+00
5.974774147624417608e-01
2.455950854174210995e+00
-1.918884081018916721e+00
-6.647174888359428380e-01
-7.571502935519218713e-01
-1.786327609333255406e+00
-1.296171944851970403e+00
-2.404596489708047180e+00
-1.460765968789081048e+00
-1.544169129864652268e+00
-8.854488006485117246e-02
-9.176833276019815688e-01
2.585440170484865074e-02
7.149603432903701705e-01
2.273284248332094748e+00
1.034578365151730184e+00
1.129950918532907300e+00
-8.022970430988753954e-01
-7.811549756264537514e-01
2.695006644971384979e-01
-5.223677868488270093e-01
-1.326855181726295463e+00
-5.211149309749404379e-01
-8.706981584315172107e-01
-1.211086472531911484e+00
-1.659284249149780344e+00
-1.499462526411331043e+00
-7.303438685867118529e-01
-1.474941553274517592e+00
-1.569850957413896131e+00
-5.226424813975980577e-01
-3.067759648289078100e+00
-1.208325506138910210e+00
-1.171151081314858011e+00
-1.232787098333903986e+00
-1.098829295141903639e+00
-3.023416879924220257e+00
1.468566683798387063e+00
1.343714719088077603e+00
1.302540420663726994e+00
-1.509788309779960258e-01
2.510141134226205661e+00
6.933295061735139653e-01
1.097347222751778650e+00
1.673942314152963018e+00
1.275723480412384259e+00
2.587982400919665693e+00
4.366966151866540358e-01
3.616274940436559060e-01
1.328952510648511165e-01
-1.079356489080366632e+00
7.306415632241820557e-01
-1.530775689235751580e+00
-1.184394843522185603e+00
-1.529930227704000334e+00
-1.485292827108183555e+00
-1.487698544438807113e+00
2.219540592016332470e-01
1.348286861030020489e+00
1.172940548316849796e+00
2.068254694771888946e+00
2.286736724372353535e-01
9.819087889039028738e-01
1.251734649444391723e+00
1.376670063316752124e+00
1.466060802265725105e+00
1.857048503206020218e+00
-3.401261134190068924e-01
1.636496449571258616e-01
-8.692243664386040125e-01
-7.910521393102269982e-01
-1.081172882315953210e+00
8.908603269418741144e-01
5.883043096736623179e-01
3.277420657226989276e-01
5.308277867028035057e-01
9.936883027954674930e-01
-7.402288323692528538e-01
-2.583469349471209764e+00
-4.180367269074415359e-01
-3.338517495690411785e-01
-1.904236679384984754e+00
-1.946855872854295733e+00
-1.409002215200426011e+00
-6.256267658584848679e-01
-1.302096826492634918e+00
-1.378376196768329454e+00
-4.802713814664775205e-01
-3.615527120364783187e-01
-1.141916169378938806e+00
-1.250502393344811836e+00
-1.557720225418645521e+00
9.744217181219043677e-01
1.051431401185091596e+00
1.178508137117238341e+00
1.497956314022967916e+00
2.191523717611167932e+00
1.120645068047051662e+00
1.081424096481534258e+00
1.095990489934423051e+00
5.718694406832465216e-01
1.210111612063151210e+00
2.197676804124357730e-01
2.124004381556353405e+00
1.706615977563160413e+00
1.284950879804286350e+00
2.200098740261191121e+00
2.961041024152759604e-01
-1.502547916694859875e+00
-9.506628882687557791e-01
-1.988496591892407128e+00
-1.507560103951009367e+00
1.814212173655205262e-02
5.376466105944806007e-01
9.926570548503788061e-01
-5.705548094654084856e-01
3.686840682707870354e-02
-3.955870806922525684e-01
6.766309651441718698e-01
1.647956972415304033e+00
8.764114841956844870e-01
-1.501866242628844272e-01
2.967750883962172459e-02
-7.512874903935055082e-01
-6.943363388342060905e-01
-1.433801461050348225e+00
-1.767362353511770179e+00
1.079479447745689713e+00
8.092439220874367845e-01
1.222859209318578610e+00
1.279080642693468883e+00
1.750067861713461514e+00
6.598208399504846833e-01
9.148500018137692980e-01
9.054840591829063090e-01
1.675671476498088230e+00
1.266234598931393229e+00
2.021701842735931898e+00
1.272446055090016515e+00
1.614855702137871551e+00
8.023449478127184786e-01
9.128787913169532642e-01
-3.028452665193515081e-02
9.762558545152328904e-01
9.827831514179352634e-01
2.252855711601354116e+00
4.350948492216254460e-01
-1.528760413339802060e+00
-5.879684037978003541e-01
5.749043563239690791e-01
-1.228256928588384866e+00
-4.994399231758122060e-01
-1.864566077100337838e+00
-2.279634993814720900e+00
-1.003852943555465949e+00
-1.057662237024612040e+00
-1.862196474381631939e+00
6.304266315252595732e-01
-7.974827882974991899e-01
-2.091628455043318624e+00
-1.241602459894731059e+00
-7.071166805341702055e-01
1.919157982229852344e+00
2.527824597128454087e+00
1.336156924827487824e+00
2.750371234383635954e+00
-2.301373433270241797e-01
-1.163914479411749747e+00
5.340772253432257699e-01
-1.616692225412404538e+00
-1.212208629419137873e+00
-7.976219682528407073e-01
-6.015925977181850737e-01
-7.047903355482844079e-01
-5.126949077450169145e-01
-1.103568995667943087e+00
-1.134214393015338107e-01
9.804291031179885874e-01
9.541315596291998213e-01
1.279944158474581872e+00
1.215573478257073958e+00
8.108152231263152654e-01
-3.828963955931465879e-01
-1.606345170471950023e+00
-1.123136997992348451e+00
-1.231374444347801411e+00
5.420132682123641743e-01
-2.023064922635493090e+00
-1.450470026545167102e+00
-1.496113913785277916e+00
-1.388169832073834709e+00
-1.487566929644649871e+00
-1.007798219423799546e+00
-1.165567236813762619e-01
-1.543278112051262418e+00
-2.068271415847457551e+00
-1.666314837173204166e+00
9.621742928269894080e-03
-1.203809794656812704e+00
-1.299202133372197032e+00
-3.982788201663208794e-01
-7.220167804295548608e-01
1.264029778502995249e+00
1.059618921057461138e+00
2.593709464397546682e+00
1.143273461450083683e+00
-4.167957320051041137e-03
1.944553069589452399e+00
3.828235861690290065e-01
2.694451555696801837e-01
2.143777675812188477e+00
7.958226899649796238e-01
7.145593074510874221e-01
2.608458228752837726e+00
1.439392185531077395e+00
1.342568262032064696e+00
2.001060303271631646e+00
-1.222995188974937086e+00
-1.378169299983099894e+00
-9.564532380986714433e-01
-1.741923283897257591e-01
-2.238108991189048158e+00
8.489532798198379249e-01
3.761671981121377240e-01
2.569605346376191424e+00
1.080668268608045324e+00
4.370517699820819502e-02
1.467974879990048276e+00
3.519818985394913557e-01
1.254621350192342888e+00
1.600501807928471631e+00
2.241623202995079556e+00
-1.187938111269182029e+00
-1.514288478875489119e+00
-6.046254028472386466e-02
1.660820476090767439e-01
-8.944198087965797850e-01
4.175034825986604359e-01
1.408589905892219996e+00
1.239413216668562967e+00
1.589180594438315275e+00
-7.678204693598766895e-02
1.352314520498727912e+00
-1.666811903796566963e+00
-4.637145859694977723e-01
-3.412982058091003079e+00
-1.215446884361148117e+00
8.618814636008087504e-02
-1.051426104377686022e+00
-3.196161194714414178e-01
-9.431041363844103742e-01
-1.467533152318068135e+00
-8.610064478234306096e-01
-1.615539623137972391e+00
-1.126422208649724865e+00
-2.181093594108445721e+00
-1.175237482215528928e+00
1.094721034873383569e+00
6.849422862499632281e-01
1.198982834698711697e+00
1.967287442876312742e+00
1.357096988369416835e+00
1.286813368105127475e+00
1.299065586943314310e+00
1.200464880202518847e+00
1.471982045488333668e+00
7.504004670339430305e-01
1.226697250185225130e+00
1.222296544394152473e+00
1.716015541800920863e+00
5.436704384140813584e-01
1.500091100623998530e+00
-1.383212855693256138e+00
-2.537760448665353774e-01
-1.534796014571342404e+00
-2.403044497223526532e-01
-2.414933171590403216e+00
9.778371764955082757e-01
1.006264214616013897e+00
1.663092746775636455e+00
7.298243361108682770e-01
2.976303425555510973e-01
3.131319356342421312e-01
8.387325997293962887e-01
1.183480867531870873e+00
-1.554126522221332962e-02
-3.257653167557648111e-01
-9.621465788618110970e-01
6.909568568817725520e-02
-1.267240519209991145e+00
-4.270733886334554530e-02
-7.767212528127711568e-01
1.461449366753323265e+00
1.784292676675597100e+00
9.113997344667875700e-01
7.122768289296086408e-01
1.136801040820394793e+00
8.449806361395147958e-01
1.110109930285405611e+00
4.183430187970504921e-01
5.813597430688688394e-02
1.184724250315532412e+00
1.280431963583806176e+00
-1.786476425022540671e-01
5.261625969600447483e-02
5.286794412959296974e-01
1.076615073065602113e+00
1.732751853384773888e+00
1.018398210989945207e+00
5.053877039303129592e-01
2.440110801584642441e+00
3.247621610089854727e-01
-2.639149639998943808e+00
-1.937598304480496747e+00
1.698136996338412974e-01
-8.892820013933906420e-01
-1.420953016410246628e+00
-7.284017063348021681e-01
-6.657983673488778731e-01
1.311065958468362602e-01
-4.185149144897734041e-01
-1.368405194254258994e+00
-1.389301651559973649e+00
-6.285107394621799459e-01
-2.324366278176599909e+00
2.020794447220135570e-01
2.769149524783940386e-01
5.424697306977589450e-01
2.164434238575826619e+00
7.304541310533954057e-01
1.709978784471119173e+00
8.745011645649931609e-01
-5.576579160555769077e-01
-1.142580724951289595e+00
-4.579586526328257579e-01
-1.692856992202587563e+00
-1.842552608304003803e+00
4.427298881517585105e-01
-6.403091098621915833e-03
2.473836902799009252e-02
-5.797776424793764649e-01
-7.841796304335004741e-01
6.293209510852164623e-01
1.678741631759737452e+00
1.545931666764300605e+00
2.780004415785496619e+00
1.974070893504259683e+00
8.937496622139311508e-01
-6.964041420512397940e-01
-1.538743643672277006e+00
-6.121184559201187092e-01
4.752149914916303786e-02
8.753773504419540830e-01
1.253399434688926561e-01
2.791420813767501174e-01
1.179823815976072110e-01
-5.555654548275068549e-02
2.881003058113051019e+00
1.796415985845280172e+00
2.657649946410536312e-01
5.602219868042894735e-01
1.896689795667534373e+00
1.603199050700508499e+00
8.145354414970995549e-01
1.361927282240049664e+00
1.263893769427009373e+00
7.532290564642384334e-01
-1.011690692348109488e+00
-6.318934284287159864e-01
-3.125894009968963605e-01
-1.883065758624244301e+00
-2.809674316567546182e+00
-2.460319150514391762e-01
-2.318103240704777246e+00
-5.843147855191247464e-01
2.032294688504077129e-01
-8.145492467064170405e-01
-4.728445622778216784e-01
-1.552563737052674142e+00
-9.320889808787209407e-01
-5.554063963854160013e-01
-2.224494215847410139e+00
8.504701933336302755e-01
1.921097115180819159e+00
9.915939696050314334e-01
5.294035675482946512e-01
1.183109636086629557e+00
-2.755352344495426431e-01
-1.949533618886888364e+00
-9.812148018800243010e-01
-4.394364482834043351e-01
-7.423474794177509217e-01
-7.737266225246806073e-01
-1.161237754308792836e+00
-1.541049488335207940e+00
-1.478367899055312629e+00
-1.000901683141575571e+00
2.097431576563784983e+00
2.280700512560576154e-01
2.270701262589775560e+00
7.937105432736129007e-01
6.498086234754257839e-01
-1.695930046856106710e+00
1.253629834746665672e-01
-5.911936390658247831e-01
-4.156902315137041004e-01
-1.803155505655585245e+00
3.869672562093664503e-01
1.362559599258148291e+00
2.512649224102729395e+00
1.910813326678272528e+00
7.511891373554516749e-01
1.330044859325660189e+00
1.624466239441084925e+00
3.873309855413394898e-01
2.005858555504281160e+00
1.564649119711243763e+00
6.191525514451698964e-01
5.500075934081807283e-01
3.827583708656786543e-01
1.205366734719517385e+00
1.160529701706179084e+00
-2.005179549552508433e+00
-6.946318418638652847e-01
-1.441559887554795027e+00
-1.974784413817696205e+00
-1.244822510145523919e+00
-1.157712345473406179e+00
-1.479754516142145482e+00
-3.296619067916436441e-01
-5.966502418387975570e-01
-1.280814133528794141e+00
-9.527718093998394089e-02
-1.164367639000449817e+00
-1.247536817339643056e+00
4.473388294075468785e-01
-8.256478079236466705e-01
3.081609106545635246e-01
1.333192482783538413e+00
3.482664648653660544e-01
8.933072609590955171e-01
3.717917117484037526e-02
-1.469238541847768031e+00
-1.647592415553620793e+00
-2.086829873217371123e+00
-5.609639170385993800e-01
-1.928924672890464098e+00
-7.222515182744483342e-01
-8.504310955064824373e-01
1.190544990643624068e+00
-2.228336093343871838e+00
-1.922157425973392009e+00
1.317149184346888546e-01
2.336004016893226121e-01
6.046779411255019943e-01
5.186049648972941295e-01
7.782793944569910138e-01
-1.588688105400574146e+00
-7.801835525907501179e-01
-7.905327447563852417e-01
-3.958302247061229462e-01
-1.205650727634289598e+00
-3.627520725635063892e-01
-4.622124760064139082e-02
-2.028641084531062955e+00
-1.398270450331553061e+00
-4.033577529942166118e-01
-5.402504683627663562e-01
-3.033514070955034558e-01
-7.368248485006432258e-01
-1.545497137477073402e+00
-2.159606187615175088e+00
-1.162438210496584468e+00
-9.051617508034306425e-01
-8.701694205397064730e-01
-6.097538870835981228e-01
-1.238066782197433824e+00
1.150625855355616567e+00
8.302603086254796150e-01
3.666256210845237895e-01
6.480298222838847266e-01
6.916200655286386390e-02
9.008854545791060708e-01
9.969336478530781420e-01
-2.911175499459695004e-02
7.844604130941619236e-01
1.166506295655546754e+00
2.215396801979426122e+00
4.547336499831393652e-01
1.221098027443983769e+00
2.814761796362259538e+00
2.732088543385831070e-01
-9.224563039043242041e-01
-1.191881543398165988e+00
1.001295254142269275e-01
-1.769472442553032376e+00
3.280522305622124435e-01
3.632636783297875649e-01
7.375559944878994356e-01
5.837812430799749208e-01
2.707294820582949235e+00
1.858318983510351519e+00
1.359640324393280197e+00
6.026886613357389511e-01
1.436907983004084066e+00
3.216614058327419423e-01
-3.511558384924844400e-01
-2.367816135251735510e+00
-1.279595827877670677e+00
-3.105348195406538725e-01
-1.311237359436345784e-01
-1.006334430139704139e+00
9.622198157912851268e-01
6.797471146976513667e-01
2.112590122379480295e+00
2.788545461087416077e-01
3.004398599660325075e-01
-1.195874387907463587e+00
-7.878104876478574381e-01
-1.777047624708722129e+00
-3.761661053409633970e-01
3.954166481713936587e-01
-1.099576561144573583e+00
-2.509556396642350640e-01
-4.293773605401398630e-01
-1.695279011103624889e+00
-3.220957913099492531e-01
-8.949244003170298001e-02
-1.060531315174166878e+00
-1.508272930911457976e+00
-1.207013504978035057e-01
-1.239354830567018784e+00
1.094619680994281197e+00
2.165086550655683340e+00
1.569757741670151807e+00
9.351227439441028855e-01
3.776766751524832655e-01
1.236196593958239554e+00
1.354675498237570386e+00
3.004658092577769946e-01
4.394319746573619456e-01
1.367314766741149379e+00
1.640806306407103232e+00
6.125691444304269817e-01
1.326387021103853980e+00
2.180772885759739044e+00
9.800915166329617900e-01
-1.519176888730312758e+00
2.393008719932421258e-01
8.358998232686731811e-02
-1.424015383762840425e+00
-1.512201840037075806e+00
6.042050171968318395e-01
1.411673944021587968e+00
9.586963375825229283e-01
5.734354408299251471e-01
2.882077967096065008e-01
7.831685093767888350e-01
1.670564948768760161e-02
1.362884651809718628e+00
6.564425376664282386e-01
6.479901295605661193e-01
-1.004937172536775059e-01
-3.744330408080899231e-01
-2.906245875467331707e+00
5.791674864486193730e-01
-1.287349778470655792e+00
-4.330491495567101445e-01
3.868760078289528170e-01
3.270522390539449820e-01
1.075267501159682615e+00
-4.340253414552182054e-01
-1.008307320648991423e+00
-1.087798242359280687e+00
-1.241943444862458668e+00
-2.287584324667426117e+00
-1.241756334097138037e+00
-1.738930023970855165e+00
-1.396605325123512875e+00
-2.431277374255641499e-01
-7.824277630767737524e-01
-9.849125355123827807e-01
-6.206859205866810392e-01
5.903231589216590969e-01
-5.470461939294721798e-01
-1.474318944127509301e+00
-1.089447277515377399e+00
1.379365621628963368e+00
6.771529539671159448e-01
2.070713821791745346e+00
9.146672919502404353e-01
9.478954639963826923e-01
1.955312463833298597e+00
9.301902572304511230e-01
1.279739026540726909e+00
5.222806340920869150e-01
1.839820685968220015e+00
1.363821413068278865e+00
-6.727758061002395706e-01
1.215339060586443143e+00
8.794836131358163556e-01
1.250380680513809128e+00
9.819215031654047188e-01
-2.132460503153771114e+00
-1.476687473741511436e+00
-6.037049743382285616e-01
-5.042882820161378454e-01
4.721539770333507136e-01
1.621220708213191308e+00
7.150696260235521740e-01
8.276408083365374146e-01
1.751409212733963772e+00
1.142300878097811667e+00
2.784433800278649507e-01
1.263480842734219012e+00
2.313484492257956715e-01
1.852636542519011220e+00
-2.895474411151406802e+00
-7.188614732298987953e-01
-1.584729149244218815e+00
-9.015946881556047288e-03
-9.624726519414131820e-01
9.320105672875702574e-01
2.559019469191651019e+00
5.602501699187564244e-01
6.841346299557575783e-01
1.150701093662068519e+00
-4.654809167940576753e-01
-2.652924853445234321e-01
-9.880464879510848508e-01
-1.790622058939873362e+00
-2.064381534858057865e+00
-4.956332200706959901e-01
-1.414307529772420358e+00
-5.756223793029692226e-01
-9.645305837128711479e-01
5.249644430220952174e-01
-3.998989032235702457e-01
-1.384838515119239943e-01
-1.350619223608376052e+00
-3.041653982103509346e-01
-1.698180970142288748e+00
1.831465818973039283e-01
8.903638868622485436e-01
8.538875269630435971e-01
8.472318052700102964e-01
4.990307361222181548e-01
1.610701188492720259e-01
1.391837697791269202e+00
-2.230206116149269224e-01
2.038223322250565239e-02
1.773325773113385129e+00
-3.393710059748886732e-01
8.830140127358394597e-01
1.911476406635962633e+00
1.911802120475707412e-01
8.835038188240906809e-01
-9.376654528942843791e-01
3.627128658408400597e-01
-1.377219371465944864e+00
-1.466058887858219473e+00
-1.431642047314649391e+00
2.103507533497385396e+00
1.266020447863814402e+00
2.113193636820999366e+00
5.942700682349514318e-01
1.051709303906722681e+00
5.283759488490269440e-02
7.829080345174688205e-01
8.419015959419386963e-01
1.214644914843335366e+00
1.295500907530807266e+00
5.483477803715404164e-01
-1.492550202672396908e+00
-1.239475207496385512e+00
-2.178424983140359039e-01
-1.482358697674236003e+00
4.571653996830233879e-01
1.920947211657290543e+00
1.147806991243609520e+00
6.805862458850504559e-01
8.500905878361229018e-01
-7.657538521736627635e-01
-1.520606778125010550e+00
-7.357319068281308327e-01
-8.558275965573126642e-01
-6.691628036097320154e-01
1.706708682249589160e-01
-1.673902448472598614e+00
-1.748308068809437454e+00
-1.549454643304447377e+00
-3.488137084852558356e-01
1.792750885610248091e-01
-1.956094875241966680e+00
-1.136956486289751211e+00
-4.182057515431880645e-02
-1.243810685232427993e+00
1.429858900669111144e+00
2.034747587980294092e+00
1.385127798191416293e+00
1.082089339383482285e+00
1.407099156953210084e+00
-6.995401960658029772e-01
1.698200388645384695e+00
1.081435620823488541e+00
1.217848131507949239e+00
1.168975869293120695e-02
5.100095681569712935e-01
6.698415183853589916e-01
-3.817853720498702863e-01
6.951491555965381153e-01
2.380674290207155153e+00
-2.072640847332205105e+00
-2.120856238877778743e+00
-9.663736791378381152e-01
-1.003757229878163848e-01
-1.903319316572626319e+00
1.685184360916336832e+00
7.965369840697209547e-01
1.704456006997624229e+00
2.548755988217177304e-02
1.715639912344619766e+00
1.065001866973994238e+00
1.094673576040444463e+00
-1.118054989317993630e-01
1.232036534859207499e+00
1.778962761101285706e+00
-3.726150300100222745e-01
-6.737240250618099502e-01
-1.576372424628157631e+00
-1.410903364343862876e+00
-5.093764757405060406e-01
-2.788848337964908719e-01
1.327586189667302463e+00
7.692761258425051540e-01
6.147528991093818007e-01
1.983400735558594974e+00
1.786211689025434257e+00
6.592955512464745427e-01
2.680848757972704721e-01
1.449093222656440361e+00
-4.811146598572795252e-01
7.369637682147556212e-01
7.404042827001884319e-01
7.593702508370517856e-01
7.950316107844933589e-01
1.249482363436177135e+00
3.732038736525339351e-01
6.491756777555726110e-01
-2.379295455511449831e-01
5.155907164206277038e-01
1.229480246795115139e+00
6.329430295554110408e-01
-1.521797462843661908e+00
-1.376229595294057084e+00
2.401271180368935720e-01
-8.294395969521805023e-01
-1.508784851082936029e+00
-1.922879401497755936e+00
-1.026761913162451245e+00
-1.864033993031810610e-03
-1.477584203272531482e+00
-5.728723399888214773e-01
-5.491453489167394952e-01
1.916495453287594408e-01
-2.067014090905058055e+00
-1.101619192158497684e+00
7.790554499167351432e-01
2.804212178479714712e+00
1.665435166394322986e+00
-5.017558590429422871e-01
1.695253862325291738e+00
-4.263382474694439317e-01
-2.659135681932672801e-01
-8.080758965749265110e-01
-1.267472297297786321e+00
-8.919069085995383617e-01
-1.831864599284143358e+00
3.383784612466023134e-02
2.250527913329603003e-02
2.364454797460501467e+00
-3.322736516704649645e-02
3.524334144725067564e-01
1.530426452941290538e+00
1.335086468625567901e+00
1.627427408554134036e+00
4.951540136645647960e-01
-5.070021192831828394e-01
-1.062363909585543498e+00
-6.274392887636537353e-02
-1.968797455705566524e-01
-4.444887203699383615e-01
1.239244001368012604e+00
2.777874865853084074e+00
3.900233018353483905e-01
2.542814332415101575e+00
9.249230134770336509e-01
4.447755450616475148e-01
1.311901266378972863e+00
2.647159575102728368e+00
8.978925768996232071e-01
8.353950157444620661e-01
7.302979178479896971e-01
-4.505416175482612751e-02
1.400313692636587781e+00
2.247695992873273152e-01
1.060290943529919039e+00
-1.160183705197001203e+00
-4.716763769659142458e-01
-9.887798752296516058e-01
-2.554990194062046749e-01
-1.581704060991157679e+00
-1.074122043036265017e+00
-5.348826286338779212e-01
-1.236554796967146652e+00
-5.678339224273503127e-01
-1.011281756316940506e+00
-1.577064814809665094e+00
-1.834120707876912615e+00
-1.497596508157732043e+00
-1.746730787081060221e+00
-9.630801338115674293e-01
-5.468290023819619705e-01
1.262776212023455802e+00
9.751819893235595949e-01
1.738494862779410566e+00
4.152328657747859086e-01
-1.403583156110848496e+00
-5.460783541639526728e-01
-1.483882793925847432e+00
-5.238667651379571577e-01
-2.462408095752845583e+00
-3.477197133778352489e-01
-1.442156962743004200e+00
-1.239505977035521012e+00
-7.976749249480530324e-02
-1.735369145020768666e+00
9.099386616074219836e-01
9.144808129829214982e-01
7.393216297665181624e-01
1.223557820079145486e+00
1.462805074722901555e+00
-1.306723540082729507e+00
-1.281923483586144163e+00
-6.226488415248643271e-01
-4.861120967680307992e-01
-1.065266954975820246e+00
-9.349170408970923773e-01
-6.329797853759109305e-01
6.857111151000494509e-01
-1.945052173947264151e+00
-3.459627988631870377e-01
-2.408847868713939189e+00
-8.813297613570608702e-01
-8.075821427271595576e-01
-1.282308327786272351e+00
-8.847693476526360401e-01
-7.432324033988990664e-02
-1.849943214632985722e+00
-2.551758607257000211e+00
-1.315526153827072608e+00
-7.251769078450116535e-01
7.852995210758584310e-01
1.149048366508046648e+00
3.677809163050729246e-01
1.574840623984705257e+00
1.740846545677644963e+00
6.111110618051744936e-01
1.079154388832064493e+00
1.171434024279306652e+00
1.267184113712145788e+00
6.385820548539460351e-01
-2.475123334174389456e-02
6.140080302950972069e-01
5.554906896428012386e-01
1.001381856401784010e-01
9.142859553703692743e-01
-3.367290494550129187e-01
-1.434464286533532640e+00
-7.369097948680654042e-01
-2.080061161844545481e+00
-3.746907756448635274e-01
3.235670553995944054e-01
1.117707482449691758e+00
5.960956705072251172e-01
8.448609604566609255e-01
6.549144209664721217e-01
8.122867181162936046e-01
1.450608174449791843e+00
4.448954288137452195e-01
3.038174224416222424e-01
4.494023741171699893e-01
-8.212003130411267282e-01
-3.556576000805209414e-01
-1.916076431612908193e+00
-4.503608100609194365e-01
-2.323763260818289655e+00
8.112037174346200530e-01
9.517376746804036003e-01
1.477371831767546606e-01
1.942509168484217286e+00
2.035054740842647814e+00
6.287231341172971888e-02
-5.210784302703386217e-01
-1.163451254305017279e+00
-2.221736410341811130e+00
-1.008519390599333043e+00
-2.129030973575442243e+00
-4.439546826383895528e-01
-2.714947058075122266e-01
-1.568728727025809899e-01
-2.052584585844303700e+00
-1.742204270877762529e+00
-1.238259899270317987e+00
-7.020732489374017504e-01
-3.663056866150971036e-01
7.121106799352894257e-02
-4.562325313347765920e-01
1.849537896778302715e+00
1.713827358437281401e+00
1.981857249893200557e+00
1.293048642096983780e+00
7.158015755528641666e-01
1.253573710623381299e+00
1.149359650670932487e+00
2.401706976792852277e-01
1.355390389959216790e-01
7.010990977520263900e-01
2.530958582899453635e+00
1.935092220753876546e+00
2.367815937954199867e+00
1.417064647828498725e+00
-1.128306483977682628e+00
-2.640412926835479235e-01
9.165665446858928256e-02
-9.474623355360640709e-01
-2.573991610820572262e+00
1.306211507262301064e+00
-1.295779679755268532e+00
1.011851593886420764e+00
1.543647047018469110e+00
1.836682920380032780e-01
5.011996667524173388e-01
1.371236460547843317e+00
-9.897110627173821840e-02
6.015487240478688546e-01
1.093760840913333476e+00
2.031187661670501576e-01
-1.996750944168467212e-01
-7.466568697912385755e-01
-1.246554948371001448e-01
1.159503188763605586e+00
8.071327791186022615e-01
-3.046161210454163548e-01
1.222361427927262767e+00
5.495620072049887117e-01
7.043570246801118540e-01
-1.140966505334432224e+00
-2.078001070052403421e+00
-1.100110635542865145e+00
-1.955317773745234522e+00
-5.795330011750664534e-01
-1.800103028350180878e+00
-1.003686281068205011e+00
-1.415737297545348161e+00
-1.584869751397975479e+00
-1.424739460337735686e+00
-4.560365305827707161e-02
-2.357101757373631479e+00
-2.264926699512508357e+00
-8.057099702689027865e-01
9.907654784684849503e-02
8.374509089123935990e-01
1.349142183092771896e+00
-1.809048371766404095e-01
1.755601968069650409e+00
-2.247962301621222458e-01
5.349441569628168303e-01
1.822445518900665196e+00
8.294316722543340070e-01
1.343535188267570568e+00
1.377111468020023599e+00
5.154873198136680212e-01
1.571814463367835479e+00
1.707748478705894968e+00
-3.269362351526192700e-01
2.203579071769758979e-01
-5.645919567365900171e-01
-2.501624444256878022e-02
-2.524873638836307332e+00
-1.515001456418646475e+00
-1.269908997975022658e+00
1.369134449584804125e+00
8.769513517446546613e-01
1.211958922371620728e+00
-9.059843950030654902e-02
1.681251476202215489e+00
2.414670650140547714e+00
1.376098711586231538e+00
5.285076667740509215e-01
6.339599408976357431e-01
1.599338033281237692e+00
-1.676037903667432882e+00
-1.460113435461665610e+00
-1.004652858176532160e+00
-7.397401389499517199e-01
-1.340736352493277384e+00
-1.542563440409019826e+00
5.267790824017216655e-01
1.758291705060286869e+00
1.480405736998876787e+00
2.354235582469094368e+00
-9.701923146336104420e-01
-1.028610780276401515e+00
-4.957110699734263992e-01
-6.311184025764164929e-01
-1.200844702923407281e+00
-1.070236592655359642e+00
-7.071186228520730532e-01
2.399284814376527741e-01
-1.682152050415131050e-01
-2.158426423269288907e+00
-1.890236169314530201e+00
-9.728936039434784577e-01
-1.911591639352295369e+00
-6.154136696315275490e-01
-2.903335297789184644e-01
-1.162370089934592343e-01
3.939234358903709321e-01
4.930248233821707959e-01
2.967257178776012694e-01
1.202647142657161661e+00
2.088230536647888602e+00
9.071859419256074197e-01
5.171835594408427106e-01
2.660708378744905289e+00
8.793095590449331311e-01
4.392793000438528495e-01
-9.927953324183413919e-02
5.082826174827131949e-01
-3.251144585307474966e-01
2.522243829412043503e+00
-1.265981712672964665e+00
-8.138954698028844081e-02
-6.067038400102262585e-01
-2.633895155334619043e-01
-1.137616326977260339e+00
-2.427926544160203814e-01
6.626567673205769893e-01
8.679228007122449240e-01
1.708013619880178968e+00
8.244664307744056231e-01
1.444447213050905399e+00
1.672365108126370625e+00
9.277521441360823129e-01
1.004306421745483346e+00
2.696783803266600277e-01
-1.704316685666684705e+00
-1.532445166669653247e+00
-4.729306441013529927e-01
4.434845968675245054e-01
7.372176193152120138e-01
2.276444103265462537e-02
-5.034052819173884252e-01
9.850111842839345266e-01
1.720907166026405477e+00
4.353163418275614038e-01
1.525357444701315623e+00
-8.899916121572846173e-01
1.385814894013476239e+00
1.275096659381748321e+00
1.207282545836838583e+00
4.059862750122776864e-01
4.258521088229679785e-01
-4.748937108329864820e-02
1.054800405438816702e+00
7.696726342659450104e-01
1.212392503851759784e+00
-3.577138564851911617e-02
2.019493632576317310e+00
1.059291404387221469e-01
1.554205838261806027e+00
3.082005997897105942e-01
-1.041567400583255365e+00
-5.916607049779276650e-01
-1.133585262879975186e+00
-4.752723773051508172e-01
-7.305100409150999674e-01
-1.267931094084011390e+00
-5.631764576378549547e-01
2.591899992625039673e-01
-1.120096490395253053e+00
-1.854902398297918920e+00
-1.082168333669792259e+00
-1.228340068609261815e+00
-1.157009844250560526e+00
-1.401892477801793824e+00
-1.650264971120050106e-01
1.860452487948901057e+00
2.190895989312763970e+00
1.074936555671613503e+00
6.952092832896734631e-01
-9.007539796506796037e-01
-2.963989122142435262e-01
-1.272566349378476680e+00
-9.864746389847627306e-01
-1.553654970885666398e+00
-1.623587347553715254e+00
4.685089955789236704e-01
-5.189484102522635700e-01
-5.892896312165303296e-01
8.880032182173880351e-02
1.105129701562893141e+00
1.502512001993547841e-01
2.345134066977749843e-02
1.926034019515825646e+00
6.449020980562466532e-01
-6.999974940690705250e-01
-8.386330954880931721e-01
-2.087038445598647485e+00
-8.761134331026194655e-01
-1.937363640703435586e+00
-7.549483641976495463e-01
-1.267257823079789070e+00
-1.457243932680342802e+00
-8.175962229953032123e-01
-1.677682114927909307e+00
-1.219039038603282554e+00
-4.795518542297179110e-01
-1.235102702880132020e+00
-5.922490814818058835e-01
-1.862015546508460684e+00
-1.520104602656275672e+00
3.022695462406439493e-01
-1.775289140346349992e+00
-9.585117938065877974e-01
-1.624257305468188584e+00
1.104994294327178217e+00
1.850934817093911056e+00
1.263173450882575821e+00
-3.538635933838507608e-01
9.332932493052985556e-01
1.574974181269832796e+00
1.775147837567924602e+00
3.880173607612837916e-01
7.705305451372330694e-01
2.149920962670812230e+00
1.029022021312042678e+00
-3.917682716366663875e-01
6.743437636085380937e-01
4.878419595950540533e-01
1.745712558922374313e+00
-4.099713530442667953e-01
-2.564647739795727688e+00
-1.691470354225178330e+00
-2.568904830807123840e-01
-1.872289764889016439e+00
9.809380503423299480e-01
1.198840907033941416e+00
1.268094467350217247e+00
1.772391313070899921e+00
2.060248062834305394e+00
1.076945248202108241e+00
1.265145458160586323e+00
1.454245573098495115e+00
1.505169460659697034e+00
2.816149930491582687e-01
-4.263371985027621935e-01
-4.146846213034435236e-01
-1.536921879772074506e+00
-6.325175108673737334e-01
-1.434113700490656340e+00
1.196884830590541071e-01
1.446812378913568065e+00
1.156565978134570960e+00
2.019779743012499740e-01
5.576579008212680932e-01
1.898840443163551051e+00
1.881535688717291155e+00
6.389708877974136225e-01
6.115789770857301688e-01
8.344199007608874563e-01
1.156357357311826650e+00
1.190954009053672102e+00
2.671893205719896525e+00
1.160494203944273606e+00
1.614100394722255416e-01
7.292974152186165737e-01
1.123180419291916809e+00
1.711399564718427468e+00
5.626041181124886714e-01
1.223324328820601048e+00
3.943052431509681544e-01
-5.719189071248151901e-01
3.778989318377776740e-01
-1.412625910776817539e+00
-7.334925931381719444e-01
-5.770272765311522667e-01
-8.121618732918614025e-01
-8.091058977672523911e-01
-8.139566175464925113e-01
-8.174342738913711326e-01
-1.100725587280249940e+00
-3.096151510717257693e-01
-1.668625219095993151e+00
1.013522467944845129e-01
-6.081339064788878757e-01
1.797243754458170972e+00
1.529021232603313241e+00
1.327819263578863040e+00
1.642253786325018172e+00
1.725910118238387359e+00
-1.206947441069512017e+00
-1.132089182863213139e+00
-1.503273933064587453e+00
-1.315113015360580340e+00
-5.995179221581793394e-01
-9.826431614546602411e-01
-1.513502816914398474e+00
-2.302339499502593867e+00
-4.927349775659726205e-01
-6.570334651064506648e-01
8.925820540226673261e-01
8.436432487748479758e-02
9.510267282607460793e-01
7.844758491485511742e-01
3.191927134174697755e+00
-9.264623797336380973e-01
-9.390823813628373928e-01
-8.165900025469771117e-01
-1.178347864820138424e-01
-8.421285931248352341e-01
-1.079029060540091400e+00
-4.144167062860095729e-01
-6.557223721163152330e-01
-6.587685267505896114e-01
6.066147963714740854e-03
-1.057590801508833112e+00
-5.875422036656455793e-01
-1.271310905326985985e+00
-1.086954809746826678e+00
-1.526378410011840270e+00
-5.643020835127524615e-01
-1.390662840718315474e+00
-1.631594461225734483e+00
-2.445549407138493114e-01
-1.707248014932150060e+00
3.595004008260229700e-01
4.795032776883100256e-01
1.058397453737720095e+00
1.586703927310932682e+00
5.954692029939868680e-01
1.428266571464094525e+00
2.422222101875394440e+00
1.362827880446660700e+00
1.104939119702822881e+00
1.629696378006628921e+00
1.541330991691872709e+00
6.403071046296822111e-01
1.621701084603346388e+00
1.143778197112188311e+00
1.354538487914060951e+00
-1.262811272245170091e+00
-6.245238406492725769e-01
-9.814532759921668070e-01
-1.178821435397924278e-01
-8.126367466232436998e-01
1.531035647252338983e+00
1.863173807556248285e+00
1.245927016619841510e+00
2.686477593795872920e-01
-1.519461362848431030e-01
8.940872051780461849e-01
9.093457007607990139e-01
2.848146999963084847e-01
8.340491730340859888e-01
1.000797350313546330e+00
-5.262016940648265306e-01
-1.057770636362907801e+00
1.319012667560341967e-01
-1.015448154260218505e+00
-1.450743278103763467e+00
3.210437986792108456e-01
-3.587805046897756256e-01
1.219536122406492007e+00
4.741797001689274094e-01
1.426903177831165603e+00
3.497759273813056957e-01
2.453814593074985062e+00
1.310194808077017603e-01
1.758822189964082572e+00
2.794960932809119614e-01
8.133361205460037935e-01
4.893756773764219581e-01
1.280703391580470640e+00
9.544600616979560526e-01
1.565743453028092924e+00
1.303057614645362072e-01
1.857837755146313441e+00
2.569607804034351739e-01
4.501377732081355276e-01
2.897584260789179966e-01
-1.640018883566178864e+00
-9.385484629344349461e-01
-2.174024187890897686e+00
-2.080963275529479350e-01
-1.608418645966866123e+00
-7.383349780045118660e-01
-1.023728482778784032e+00
-9.593063122854481595e-01
-1.543941080672139643e+00
-9.109486960471356864e-01
-5.376491362061865953e-01
3.610006779015884071e-01
-5.084213729803224169e-01
-1.548077422325233599e+00
-5.310732310860140082e-01
7.114809091960496712e-01
9.735927712315771698e-01
1.675900322877852400e+00
1.935911720225075294e+00
1.487722395495228334e+00
-9.539440112859572940e-01
-1.310943493884531463e+00
-1.046681924754763404e+00
-2.565834128708385231e-01
-1.176114564144081331e+00
-6.671995706482483079e-01
-3.703155997757121565e-01
-1.952473426112307120e+00
-1.064479995656355316e+00
-5.719202054920139444e-01
1.767302411389639616e+00
1.415621092138414472e+00
5.056223747362554866e-01
8.075911668001725108e-01
8.591142925786804385e-01
-5.488485456682894448e-01
-7.236383484448818404e-01
-1.509765284723893153e+00
-1.836490993370964109e+00
-1.030111730635717038e+00
-3.024737528446628243e-01
-1.756061412563396207e+00
-8.815082993235884290e-01
-1.656100465772413433e+00
-1.016972360730442837e+00
-1.782115757452202631e+00
-4.192923074784731252e-01
-1.620096174077343409e-01
-6.650653683922194137e-01
-1.732592104750585449e+00
-7.155898834042112577e-01
-1.828110219395032709e+00
-2.765701483191957966e-01
-1.578706647366632909e+00
-9.867809466334678259e-01
2.483014131587604201e+00
8.254984664163222963e-01
1.110004166860246499e+00
1.291081726030852694e+00
1.645215803343840433e+00
-1.351750838749459227e-01
1.180566870452623984e+00
8.895729696215385340e-01
1.277328516091448041e+00
9.171654395570285612e-01
5.975778247735830107e-01
1.122742292995857705e+00
7.204729431366863057e-01
2.053546686615006500e+00
1.082603781764917450e+00
-1.381126766870999445e+00
-1.144500884935520491e+00
-4.907756223142796248e-01
-5.839998420474284968e-01
-1.497227757156393224e+00
4.226866099343962180e-01
1.867029987349485554e+00
7.817700088960368721e-01
6.562716617856658718e-01
7.110108597001122410e-01
1.093350175450866102e+00
6.585361223357688587e-02
1.412567972450117892e+00
-6.285953296114303868e-01
-3.395175757790811488e-01
1.267440293012978003e-02
-2.110286492187119833e+00
-1.345875229009019236e+00
-1.083122023196452011e+00
-1.595609201740646910e+00
5.581065766388897398e-01
8.095875564727835760e-01
-5.005721370150819638e-01
1.685376246315866355e+00
8.494730872369016250e-01
7.020197142512769606e-01
1.725871748053869004e+00
3.413555975432766010e-01
3.461651650298761540e-01
1.153040202167303407e+00
6.860237617747676486e-01
5.591404172207921075e-01
1.485181987132736747e+00
2.355548667961816278e+00
1.436195707481641382e+00
1.950333327472628220e+00
1.323649593678191128e+00
2.885045993617552096e-02
1.075969449181820359e+00
8.845892774785205637e-01
7.690540953746993758e-02
-9.103906356264105382e-01
-1.280717270731815294e+00
-8.499801705867692236e-01
-1.845115700835025185e+00
-1.289806331595119371e+00
-1.301796159842440126e+00
7.574205028121507866e-01
-9.037151503789166984e-01
-2.476331293246587073e+00
-8.417156348506714680e-01
-2.222295813003978715e+00
-5.840700262230777984e-01
-3.174730347364987937e-01
-2.766942300385171194e-01
8.251764518120188185e-01
9.786634195728692864e-01
9.855922500166153233e-01
8.119319300833529596e-01
1.440023538777860379e-01
-1.259181641734523627e+00
-4.367692953503434783e-01
-1.549731700237698018e+00
-1.223324969141012186e+00
-6.751367683523035179e-01
-6.967667939652396614e-01
-3.873793170912059880e-01
-2.646497806830558908e+00
-1.112931549751798865e-01
3.853402935952723318e-01
-8.717362445750125310e-01
1.032567094375435257e+00
-9.071603485442638615e-01
1.538353418068326928e+00
4.868694038547001224e-01
-8.318680792467300078e-01
-1.656019356096723349e+00
-4.544872778646572575e-01
-3.821349621803644681e-01
1.432539252811193542e-01
-1.047336913428868588e+00
-1.986310804287086285e+00
-2.247014936701638987e+00
-4.425944155398979785e-01
-8.515215612421999092e-01
-4.849844524709112648e-02
-1.004580876309814519e+00
-1.635207762354317085e+00
3.308933536939937525e-01
-9.767370871722597103e-01
-4.893401005584010477e-01
-1.068091312690305994e+00
-6.640462787586391968e-01
-1.429551763117011820e+00
-1.069359801627685291e+00
8.641336612216383717e-01
1.171222202484421437e+00
5.806922735143806857e-01
7.770841885415192829e-01
6.453499955376823527e-01
2.093187192305693944e+00
8.923480845254680993e-01
-8.587833462177907329e-02
8.123182013192231654e-01
7.812573173838953666e-01
8.533358298650668416e-01
3.440997641135462581e-01
1.270296645487277720e+00
8.812620442549395916e-01
1.684579409053792443e+00
-1.269000326903128473e+00
-1.015739587830259083e+00
-7.008429266965948701e-01
2.211076485459197993e-01
-2.417523603794073939e+00
6.494762121539957578e-01
2.924476498849155615e-01
-1.741614837354226175e-01
1.740555931509738530e+00
-9.245988040761021765e-02
1.233484887533313756e+00
2.325764218984891496e-01
1.562309434723163859e+00
2.447977119729946249e+00
9.990997342357985644e-01
-1.768781039012250700e+00
-3.648681564582950676e-01
-2.580270991586560037e+00
-1.799113065623236363e+00
-1.702127114277988795e+00
-1.173786754223242745e-01
1.056424269438654973e+00
1.645835609738760308e+00
5.749673114010014352e-01
3.969971441737694118e-01
-3.466622368392339171e-01
-1.284158554986791545e+00
5.597748935921733615e-01
3.307399079531201380e-01
-1.564122997788652603e+00
-1.370602701778229626e-01
-5.114124096923505780e-01
-6.459778204295368864e-01
-1.783461255480696339e+00
-1.468509692137516254e-01
-2.022131013919947762e-02
-9.109479975042247268e-01
-2.917872189570475783e+00
5.128274710965299299e-01
-1.500819189003776533e+00
1.700736140349525805e+00
-4.927063055382314705e-01
1.702247089566005789e-01
1.360578368120187287e+00
4.768607010793007861e-01
1.167105106496169054e+00
4.503664265100335573e-01
1.423178991698859086e-01
9.332027466192881482e-01
5.676133813142925089e-01
1.794208341694337516e+00
1.773635018323796997e+00
3.167647962996727795e+00
1.973997679054856791e+00
9.312412693367575489e-01
-1.833213381171975520e+00
-1.890430523357053971e+00
-7.229108347326267392e-01
-9.753615502416086436e-01
-2.882730179742640786e-01
1.189111399403766089e+00
8.615360856286455871e-01
7.775428239093921112e-01
1.223186975595953463e+00
6.847990578989793242e-01
7.600536595646721905e-01
1.680717646842806889e+00
5.358659977947973774e-01
2.097712136985070863e+00
2.146181643214831958e+00
-2.996712496508112444e+00
-1.401341447654600891e+00
-2.713931740951650795e+00
-3.007873714721046587e-01
-1.959941523096255800e+00
7.947075247483028626e-01
-3.186475508215695918e-01
2.460524187571411225e-01
1.557119455981136769e+00
2.781538909875649335e-01
-1.399083716595047822e+00
-1.644472707566582814e+00
-8.218793307671730108e-01
-5.380923640954338172e-01
-2.016643200465660257e+00
-1.038380620891155459e+00
-4.095153576278852681e-01
-1.043431071707883850e+00
-1.335934791982558600e+00
-1.813090658142351153e+00
-1.276667743328885107e+00
-7.088726766589943384e-01
-1.337334507733274780e+00
-1.798945156699885972e-01
-2.669450522630146150e+00
1.987425374608611905e+00
9.395072370877333157e-03
-9.861331131972572717e-01
1.501561352075649669e+00
1.865821448581939102e-03
-3.712230919083061575e-01
2.777579692673444178e-01
5.125488289695170341e-01
2.089121046613566790e+00
1.526223113611152815e+00
3.304574362135135335e-01
6.174711341320870961e-01
-4.783199080088769151e-01
1.003871594401263723e+00
2.363794041398942003e+00
-1.202831605126661874e+00
-3.838892894404977163e-01
-3.572466746363994750e-01
-2.027537343578532436e+00
-1.064434492659232401e+00
5.831645191851455579e-01
5.327325155694471182e-01
-2.359262777856085957e-01
1.333068789410193355e-01
1.268697133671512711e+00
1.353042504446699379e+00
8.879069583688793399e-01
8.715807969667352939e-01
1.255746515589982515e+00
1.771786616681726878e+00
-1.496146697597930508e+00
-1.887570319726698198e+00
-7.884325445875897120e-01
1.865644613736794355e-01
-2.566399155812811861e-01
7.355818525972057653e-01
3.004008952443237845e-03
7.228995035076658526e-01
1.894672495406372503e+00
1.583876191892684693e-01
8.826910894936091934e-01
-1.164598460301522476e-01
1.081237848912794952e+00
1.059740991069412663e+00
5.022908232288125774e-03
1.858488702015485217e+00
1.523210208408367183e+00
8.049790920445180076e-01
1.228247885111125370e+00
1.482951409421544353e+00
1.105976681717699028e+00
4.884888128143650698e-01
6.657431641110596043e-01
4.252169644839435270e-01
8.112583236741559567e-01
-5.085682322008454603e-01
-1.937233680257710589e-01
-7.917911353618956039e-01
3.493679501646611563e-01
-2.106064935036937591e+00
-1.249401473558881648e+00
-1.248616578086392925e+00
-9.522028589794597764e-01
-8.404439291339672602e-01
-1.495496660250535292e+00
-1.014402662880144801e+00
-1.110546751803885845e+00
-4.737017372714814600e-01
-1.441965859086111967e+00
-1.792511800874659222e+00
-4.599211043576456603e-01
2.108973637955656066e+00
1.208790940608308606e+00
1.366825721649961523e+00
1.547572979573742069e+00
4.712474196349825117e-01
1.960037910013068263e-01
-9.149378005543616910e-01
-6.911590237933686875e-01
-1.572133978504027141e+00
-1.814819598320206007e+00
-7.411818504083300674e-01
-7.485390629666806017e-01
-1.677452744844152521e+00
-5.412283772899100232e-01
2.418509837432760268e+00
1.793649974608641395e+00
1.278826422749969716e+00
7.723458878343965051e-01
2.253873304653826182e+00
-1.162831827841272592e+00
-4.694631955734283046e-01
-9.964299744677991288e-01
-7.626013667672996155e-01
-1.417740023428811780e-01
1.715447792021211004e+00
2.786875651065496839e-01
1.139838933225142181e+00
7.346937940729898475e-01
1.170516852689631015e+00
1.221450634854380102e+00
2.640393107873917344e+00
7.494015193477410186e-02
1.414492618685148528e+00
5.427352657210248177e-01
1.911105723374826537e+00
1.078019569388698695e+00
1.011157897626417279e+00
2.807347859824240732e+00
1.333845264544803344e+00
-9.279666186076650503e-01
-1.459387240415562559e+00
-5.180452161922904919e-01
-1.436286196610151444e-01
-1.545262780945824144e+00
-5.501350830434061923e-01
-1.694868248183265758e+00
-4.519882302381539319e-01
-1.706279741837552155e+00
-1.518340632333542661e+00
-9.503062516993514564e-01
-5.078317174112298993e-01
-1.024633153965244237e+00
-6.259533477493461895e-01
-2.413045074414981173e+00
7.883325258313523820e-01
8.971587751531335808e-01
4.987614112180114301e-01
1.778787878511977727e+00
-9.721571406599449627e-01
-1.625282256039832784e+00
-3.723379815583408581e-01
-2.302050282368377943e+00
-8.775360410271992873e-01
-2.031991977054779852e+00
-1.924419502767523049e+00
-1.505015162939691731e+00
-1.202483752579754483e+00
-1.475111394789639929e+00
-1.043317630110168093e+00
6.019202267784515836e-01
2.910878088476048786e-01
3.431712059177712826e-01
-2.925369325787636754e-01
1.121839548181414514e+00
-3.655944038069698365e-01
-7.712881298243755568e-01
-8.190840830957180074e-02
-9.766355525667399506e-01
-4.449260812972133383e-01
-6.672457511413329989e-01
-2.056677345000897716e+00
-1.620657241453236086e+00
-1.497018485007350241e+00
3.246625512631600152e-01
-5.972658399480074154e-01
-3.204449410113415775e-01
-6.457258758453821024e-02
-2.334524812193196741e+00
-6.813485397974858859e-01
-1.826702765063517475e+00
-1.489595023592963141e+00
-1.218369357886097237e+00
-5.301849163978034074e-01
-6.141548361202666673e-01
1.060256662455590027e+00
3.885590167245456250e-01
2.796641732769988842e-01
1.098855269385742517e+00
4.117061303006462891e-01
9.039002288396111862e-01
4.860559363134548949e-01
2.334743026547827505e-01
1.132105229044372718e+00
4.921518613463031766e-01
-2.761926296497740907e-01
1.332516962651486558e+00
-3.591019330427884793e-01
6.906716303182095507e-01
6.698870471563413975e-01
-1.639025088587739321e+00
-1.490497685158008290e+00
-1.175681478346388698e+00
-8.297345765469054113e-01
-1.769237095247719882e+00
7.947561943677958762e-01
5.452002677362034477e-01
1.147315135856893153e+00
3.026183128651066756e+00
-5.547606389227865975e-02
1.949085157367364651e+00
1.386205593426594440e+00
-7.359038870515921538e-02
1.427690141012449621e+00
1.279841020256425876e+00
-4.419188864537290096e-01
-1.648896157651541072e+00
-8.071935732558134236e-01
-4.616761928296171380e-01
-1.522737536950576676e+00
1.836034577672104984e+00
5.955212349779708259e-01
1.221169822999005561e+00
1.365720201535257861e+00
7.619254131664221497e-02
1.081371398664044747e+00
7.509131044151958756e-01
1.726297287157759319e+00
2.559817133666818290e+00
9.758653789272505596e-01
6.681040758174127125e-01
6.891628646493120902e-01
1.619920771327034270e+00
2.102067497109689320e+00
1.515573956619559182e+00
1.162509180544357701e-01
1.528113342130561048e+00
1.712784880878810867e+00
8.013379219439076273e-02
5.237507285345196495e-01
9.427898178722842193e-01
-2.490963991290360280e-01
-1.146819435100645990e+00
-5.060222790232705714e-01
-1.117021478324180306e+00
-6.035786113449207457e-01
-1.029575167769569921e+00
-6.810630371354011725e-01
-1.263924909182144507e+00
-2.174575904144916194e+00
-8.336042042571426558e-01
-9.529875258265853022e-01
-4.448773623555347667e-01
-9.347074548446914211e-01
-1.709599059438989155e+00
1.082718741306219812e+00
9.522558767370645771e-01
1.589471621837747817e+00
1.371917366711516983e+00
7.494890391022399623e-01
-2.851793424562780732e-01
-1.173167044470277975e-01
-1.365178875960320282e+00
-7.006740621994144158e-01
-7.108495031287815902e-01
-1.600650086808215189e+00
-1.004336939820801744e+00
6.788576506660404242e-02
-1.615632670395263260e+00
-2.894043920688055049e+00
1.235677236530677403e+00
6.116900916203007466e-01
7.481962009211046150e-01
2.090512352742191382e+00
1.476567679263517618e+00
-1.538357273549445736e+00
-1.185760275762330673e+00
-1.755151147011539292e+00
-1.492615929680866760e+00
-2.186885725866828611e+00
3.973771456597496865e-01
4.490382834019581715e-01
-9.214135346397696047e-01
-4.971004972380862474e-01
-5.313675755653953781e-01
-1.386883873257092947e+00
-2.075315316889128514e+00
-1.060861298551555310e-01
-2.201409954931695445e+00
-1.774980299237507886e+00
-1.615044793274041934e+00
-1.036568921187808412e+00
-1.801796785792570965e-01
-1.344375499602983304e+00
-1.427117577155744943e+00
1.031327081288993197e+00
5.137990398539991066e-01
8.140221679147124911e-01
7.999025011861967682e-01
9.922700005762902231e-01
1.417692247334111810e+00
1.641207583532731995e+00
9.972168247158579302e-01
9.689090211810047482e-01
1.034740740178012874e+00
4.489603047010192194e-01
1.308625180033368807e+00
2.221231953362477807e+00
1.682241778064386128e+00
1.033190433894443538e+00
-1.058228404432882908e+00
-2.642179513514573141e+00
-1.572350089925480532e+00
-8.937957053534713037e-01
-1.133136473859790438e+00
3.391673208714300891e-01
2.930978760114466120e+00
4.642333838673928792e-02
-5.808784203727466178e-01
1.464621108738422661e+00
7.965494650198264859e-01
1.104821790270965165e+00
1.955498765278163020e-02
1.599134607985202017e+00
1.380757829029505945e+00
-1.826380747551235917e+00
-1.689312423821760945e+00
-7.000676156187921606e-01
-1.326096040166743872e+00
-2.539515205027927269e+00
7.552644949209700309e-01
1.679911942526765012e+00
4.031069528972722749e-01
1.445523364641466024e+00
1.055274925509629425e+00
-8.742200904446357779e-01
-2.898011154996508409e+00
-4.367066675824340383e-01
-1.770720782732571497e+00
-1.019618136672372444e+00
-1.029908107699675668e+00
-6.695577620336117253e-01
-8.354358978310828521e-01
-1.011996672878008097e+00
-1.494385827685482004e+00
1.278099107392738354e-01
2.188671182208952182e-01
2.431619686980504014e-01
-7.225627818941349201e-01
-1.027839226467297307e+00
2.730553329650085903e+00
-4.723014768872983993e-01
1.257372134868697033e+00
1.602617347320021590e+00
7.692182866252248452e-01
1.674777493331314204e-02
1.360798334268970233e+00
1.511982783826358201e+00
-6.336732056558844750e-01
1.458423009332924902e+00
6.563723944621056017e-01
1.172810664297821992e+00
4.631432954205654262e-01
1.173823806570934991e+00
1.102321438680859300e+00
-7.970367662231332417e-01
-1.640484402117269758e+00
-4.092990480381649698e-01
-1.369322575189667823e+00
-9.387288476414028526e-01
1.838095724676222842e+00
-3.223759023181946848e-01
2.421243043323419109e+00
-4.768268946280678211e-01
1.925892516121514131e+00
9.563118041074298858e-01
8.011266922569149074e-01
3.317513562909133462e-01
1.531971455920043024e+00
3.278696656460186043e-01
-1.011986607636887747e-01
-6.868947539510551481e-01
3.529166324215231576e-01
-9.651115795154533439e-01
-4.445208299397047647e-01
6.369875943614087266e-01
5.486142064503725102e-01
1.035184315060349247e+00
1.193504881960584019e+00
1.168363342942858152e+00
2.439898123785789963e+00
1.122237952392005411e+00
1.916666799731583382e+00
3.217124444855682386e-01
1.606918870378244879e+00
1.339942140237979640e+00
5.230305790727252102e-03
2.014911259664475374e+00
9.893216596636678073e-01
5.741546943241150336e-01
1.728797252406994334e+00
4.200475795179658967e-01
6.770835551327250013e-01
1.863923201673991947e+00
3.060428395197348772e-01
-3.105785973343566653e-02
-1.311153389098419497e+00
-2.252534199329857323e+00
-6.226667168676667252e-01
-7.861925062275625375e-01
-4.822739071805690614e-01
-2.452491699927280777e+00
-1.278240710208293107e+00
-7.687914012328482816e-01
-8.840743213355312102e-01
-7.728666975626673485e-01
-2.845748473026262548e+00
-1.901455798298183897e+00
-1.214629094962418332e+00
2.889817835020478398e-01
6.472971129643314558e-01
1.649691464773737737e+00
2.445979830798387766e+00
1.370859950626607926e+00
3.954437651233877471e-01
-1.692573272889701608e+00
-6.856760966284770609e-01
-2.576740848731862155e-01
-1.345961667505089165e+00
-7.901067918761054409e-01
-1.290069307798160647e+00
-2.100443977234419002e+00
-2.838200730419847773e+00
-2.472058840198791962e-01
-1.248529841977557675e+00
1.671190231260316850e+00
1.496258666202634702e+00
1.182042318752284382e+00
1.826703970774602226e+00
1.245457804995716344e+00
-3.082523122056977094e-01
-6.670167945626943595e-01
-1.365926560964304759e+00
-4.985770816723820165e-01
-1.115878823732709968e-01
-1.161256250015232139e+00
-2.742697834840295279e-01
-8.918503859999329375e-01
-1.524582964474041624e-01
-1.029040750772664436e+00
-7.101632797308052858e-01
-1.386909628935869332e+00
-6.532315832747215278e-01
-2.006231348771256418e+00
-4.805119403321798099e-01
-3.628246455787387248e-02
-9.763603102191412697e-01
-7.336640538188154981e-01
-1.176254566884147534e+00
-3.124710662684686557e-01
1.454317008384744536e+00
5.408582807775580426e-01
1.741081854269306506e+00
2.913789521763727741e+00
9.492312371688427231e-01
-2.634914418416665072e-01
1.323893936982583508e+00
1.104282257589072058e+00
1.796024105861680820e+00
1.108796891236905058e+00
5.669898738071204036e-01
2.209859552744855904e+00
1.389611810552587201e+00
1.270213813216437559e+00
9.413355893503830840e-01
-4.535812127559140094e-01
6.083540313410960021e-01
-1.213783123619448512e+00
-9.527820123395004392e-01
-6.272435487692886724e-01
8.659090440620060836e-01
4.246086279618714876e-01
4.811083046171009681e-01
1.056047393121817501e+00
1.218202199574641709e-01
1.290259834129150018e+00
6.877765872072721942e-01
2.619714328396496317e-01
1.683798329242951697e+00
2.386319559946733726e+00
-5.053003752681515248e-01
-8.658119020401316979e-01
-2.037174765884122163e-01
-1.707005294472700108e+00
-1.361743237460045108e+00
1.646841554619482562e+00
3.519034137744091462e-01
1.325156015106383700e+00
8.688608545377556336e-01
1.889821902297839085e+00
8.082057148565870985e-01
1.786564585816788897e+00
6.620396651169697666e-01
1.787084297930940924e-01
2.485372606641508497e+00
7.065197958632111197e-01
5.955845619470218066e-01
9.567767771899673424e-01
6.635751690086644228e-01
5.988312297049838140e-01
1.335991253948095370e+00
9.207608714855789467e-01
5.459715156007822756e-01
2.396870163949155863e+00
8.703481161140460554e-01
-2.603296958896322844e-01
-1.452281968684485003e+00
-4.665845427379408106e-01
-1.365038864804409613e+00
-1.711225637828831081e+00
-1.344292528346163973e+00
3.427914119536428217e-01
-4.661302034574629216e-01
-4.936548623644934075e-01
-1.006334237527479969e+00
-1.894335597050500031e+00
-1.299363210285587211e+00
-1.568878475116693316e+00
8.857053290303262827e-02
-7.302216146868023561e-01
5.833737110586354468e-01
2.005350542243333756e+00
-3.080403395580431081e-01
2.048600849603356533e+00
1.257877223508002018e+00
-5.511446940052923127e-01
-3.919376748896039597e-01
-1.163021889764769057e+00
-6.953686059037580414e-01
-1.352643866896402258e+00
-9.630975253895760479e-01
-8.510843052183912905e-01
-1.867989485087979906e+00
-4.019374415893410823e-01
-4.576470463618471651e-01
1.274822751064583759e-01
1.981628250274662939e+00
1.116284531958830373e+00
9.222679022285488193e-01
1.592140473151696600e+00
1.986968446706280922e-01
-1.857946304275318372e+00
-7.677387053595046140e-01
-1.719819990942086818e+00
-1.091806503808656847e+00
-6.404733685801486942e-01
1.879535855598532201e+00
1.004762808359634940e+00
4.247571627825544871e-01
9.419884689248276821e-01
2.175322362653349550e+00
7.022100684948413551e-01
1.851469881723377453e+00
1.384414355114084172e+00
1.555439711560455907e+00
1.465870776618137583e+00
-6.593751575031128187e-01
-4.374355525781865595e-01
1.863763120086656899e+00
1.612030200505781163e+00
-2.605453564644506059e+00
-3.865709840378279694e-01
-1.053794456809938884e+00
-2.017896973575511232e+00
-1.710909443569690103e+00
2.536051486961348189e-01
-1.184332015052606657e+00
-4.482289115096751431e-01
-1.342955685020194689e+00
-1.357430654329905284e+00
-1.638934882769219836e+00
-5.703307454441957081e-01
-1.541818380852266746e+00
4.442379173105155399e-01
-3.720733469726091869e-01
1.470676198120768774e+00
1.388547408595245169e+00
1.047315352329184712e+00
7.777583045566270892e-01
1.822592351847581060e+00
-1.214745350066459340e+00
-9.921565597165560302e-01
-2.796713024614007059e-01
-1.455493510596047146e+00
-3.980620703462804943e-01
-6.279968098860995163e-01
-8.686296476659699506e-01
-8.832380794540257707e-01
-4.774076827824313973e-01
-1.848023696155146611e-01
1.480478156716200422e+00
1.805435416533617721e+00
6.057215082268442297e-01
9.531136616146107521e-02
7.075703140594269414e-01
-1.100377016685881282e+00
-6.784068657525750279e-01
2.874061040064079808e-01
-1.596631417555117727e-01
-1.854978841769817643e+00
-1.020047356021658302e-02
1.043910568874379940e-01
-2.180687319692120596e+00
-1.114363479329560258e+00
-3.482515160521906239e-01
-6.340564290849168838e-01
-1.025412401193632084e+00
1.217950750509242397e-01
-1.924614728060854540e+00
-1.209767247220079334e+00
-1.483648965459533287e+00
-1.385518427289972543e+00
-2.540764928540222289e+00
-7.300530137009375586e-01
-2.106212504006668151e-01
1.061597432579770794e+00
2.525038044287188477e+00
1.094729949519423595e+00
1.782827673106242239e+00
2.724972678772582535e-01
2.101068165394583520e+00
-2.120018320876768669e-01
2.311818917964447273e+00
1.486073740673039767e+00
3.422893930356384118e+00
1.911654525075518141e+00
1.767622954406526947e+00
1.231469331754190044e+00
1.536789023290471068e+00
1.202520452441585341e+00
-8.264295623474997576e-01
3.469173597918613350e-01
-1.366451778534467199e+00
-1.231805285055220134e+00
-7.999961193579493424e-01
7.437225907362069455e-01
1.162754461626687608e+00
1.355956017696638982e+00
1.014651651753769812e+00
-6.754830333331858228e-01
-1.992996157799855617e-01
1.032349376177545297e+00
1.280815756755238954e+00
1.463705698078041628e+00
3.257420714674194029e-01
-1.985899664742033721e+00
-1.794902922650681409e+00
5.850704239506889781e-01
-3.712468882437024442e-01
-4.431703668684306985e-01
6.020907738638199280e-01
1.147359535187958635e+00
1.143896432383614270e+00
1.743956807867416803e+00
1.232425219212198053e+00
1.153499634435442012e+00
-8.537383072718807142e-02
1.121568359922014313e+00
1.408787986729093777e+00
-4.423837300455057964e-01
1.815401548683545307e+00
5.327241332599652601e-01
1.219033005235597766e+00
5.972586538606596829e-01
1.408315913861200031e+00
9.025973429705345108e-01
6.772466033188848655e-01
6.607424092164373430e-01
1.480791085904058058e+00
1.163188754392068036e+00
-9.059900045879651920e-01
6.205696155403404024e-01
-1.399899029633358438e+00
-8.906853230168766400e-01
-1.731618627555772783e+00
-9.680827919541838966e-01
-9.479807146839209775e-01
-1.137645000280228746e+00
-2.552527786883171057e+00
-8.480107679867283643e-01
-2.988649558101227122e+00
-1.250019754246337378e+00
-4.082689492258402275e-01
-7.056411090199692371e-01
-1.370761051029776079e+00
2.087333448210696218e+00
9.851002311421975799e-01
5.632903891809213359e-01
6.036435600328713402e-01
-1.535183896006562243e-01
-1.274077433714431606e+00
-1.115008198766078706e+00
-1.234893592063157186e+00
-1.907343042809106493e+00
-1.061137012847737537e+00
-5.200600507336889944e-01
-1.717957347859087491e+00
-6.950444834598219490e-01
-8.552592448220597277e-01
-1.732546493419336420e+00
3.974208302742716636e-01
1.354149174728325411e+00
8.017541891834294443e-01
-6.017360407758485241e-01
9.582191562837547583e-01
-1.353835885587629129e+00
-1.506164495886590071e+00
-2.730832365160319242e+00
-2.359058220829826524e+00
-3.216178414915804584e-01
9.744578868223447987e-01
2.511144587449040122e-01
2.758792734984300665e+00
1.134818516159656676e+00
1.870749305445678745e+00
3.090289475565894950e-01
1.538599023373306895e+00
1.547997223207008499e+00
5.402509924068787939e-01
2.163905013681123313e-01
1.067057493899527865e+00
3.473137119397529116e-02
6.731944588139591179e-01
1.994124225132206440e+00
-2.917106259454325112e-01
-2.977549760388544797e-01
-1.528945468385253470e+00
-1.389204181809886585e+00
-2.358862685958396099e-02
-1.522055702427381529e+00
-1.884358405401635572e+00
-6.342576302960698520e-01
-1.877788719683919583e+00
-5.328738611969713324e-01
-1.080138698411051257e+00
2.960577877962911053e-01
-1.161707451092249821e+00
5.265232386241569529e-01
1.307008702211580609e-01
-9.890462555063215255e-01
7.665708879354309335e-01
1.933827056770937691e+00
-3.973126864622189558e-02
1.377534206458893795e+00
1.620768931521690215e+00
-1.412109385487838598e-01
-4.899591843299183624e-01
-1.942358541825647045e+00
-6.172818555635796178e-01
-1.457220580185173642e+00
-1.436401255893658968e+00
-8.695423985199758343e-01
-1.566556991396768073e+00
-1.731970903733521361e+00
-9.862274874306928840e-01
1.028679808924421790e+00
-5.659978021457854336e-01
4.740452506695862489e-01
1.974592392436848698e+00
4.685358382349427142e-01
-5.486657048892029653e-01
-9.316473519082024701e-01
-1.777870543337030096e-01
-1.354314961753930735e+00
-8.352288998320720470e-01
-1.421159536316123351e-01
7.221613724403153078e-01
1.126259654580890723e+00
1.056635349741838592e+00
6.011805497352973315e-01
1.330372462920633492e+00
2.840291535434035453e+00
2.793592919233282013e-01
3.288855571648339193e-01
2.608747109233556571e+00
8.403792065917186083e-01
-4.042775913458873660e-02
2.084787501755136496e+00
9.884144620375678869e-01
1.293922270197879643e+00
-1.045650744179846825e+00
-1.032519805264280333e+00
-1.069116075693567369e+00
-2.063339894541302399e+00
-7.302901420643517216e-01
-7.714511562445908188e-01
-1.372879438772813820e+00
-8.685831689679059942e-01
-6.929219799090879928e-01
-1.199821735806937184e+00
-1.441380233616746720e+00
-1.896259241824670649e+00
-1.751856690156764262e+00
-1.019674470200454319e+00
-1.190289577145828837e+00
2.010222309441570321e+00
5.210799560279939513e-01
1.236129789265032919e+00
8.469984816691566998e-01
1.238970009717001997e+00
-1.455756301182175916e+00
-2.491633081261640292e+00
3.582340691350358597e-01
-9.811234947436580089e-01
-3.244817421677698155e-01
-1.377413323997923378e+00
-1.896108257578186462e+00
-1.442903885758368698e+00
-1.090978924140699746e+00
-1.248863307704395131e+00
2.680499211302643792e-01
1.674017379659999971e+00
1.130699446750093040e-01
2.127791890004903763e+00
1.410987043954191833e+00
-3.439325173139802239e-01
-1.550566876080941459e+00
-1.258252352632418081e+00
-1.117097051031085364e+00
-7.689123012336440688e-01
-1.315496297903002043e+00
-1.474423772879008832e+00
4.391179707125503207e-01
-8.996747300496532596e-01
-6.719467691048783831e-01
-1.523651086339618654e+00
-3.325712163801171073e-01
-3.440825423614334300e-01
-1.610189504626192480e+00
-1.307876001396699239e+00
-4.284473849037523374e-01
-1.723951072449574351e-01
-1.160313526045981369e+00
-5.130383519386310098e-01
7.152420998114052964e-01
1.055449696679271021e+00
-3.965100858875643119e-01
4.770192628637448529e-02
1.446292069289626836e+00
8.693036011478649794e-02
1.669117979203860180e-01
2.261507468457745418e+00
9.206697312111409293e-01
6.682122281650949569e-01
9.257755926769615229e-01
1.311093204863153394e+00
2.372782974916269882e-01
3.394826080037559590e-01
1.380868176742499731e+00
1.057032053947193795e+00
2.292668067379519670e-01
-1.650893227168254818e+00
-1.660868325546786206e+00
-1.023122593310983541e+00
-3.202211729564962139e-01
1.106756761840030023e+00
-7.096620430484978925e-01
1.292116622681006577e+00
9.595819186168798032e-01
2.122122758921414665e+00
9.431525533773845726e-01
9.953907134423655156e-01
3.581009619105368635e-01
2.469424247212084200e-01
8.856017175945897213e-01
-7.095063284734695053e-01
-1.257547984075194858e+00
-7.274956774708140061e-01
-1.043735646305353981e+00
-7.270261725864910485e-01
8.758092288556074134e-01
-2.676604117808096817e-01
5.822651854511518010e-01
8.947893644362228116e-01
6.728620185989324654e-01
-1.600136347098851886e+00
-1.068759528887405885e+00
-1.743330408631383444e+00
-8.958758036329975694e-01
-2.109633995486985825e+00
-1.936667956708659766e-02
2.138674583654724959e-01
1.094819338464146696e+00
-1.424766699855144925e+00
-5.127566488474608608e-01
-1.229675128071076928e+00
-1.774213425997331672e+00
-1.680705958594770122e+00
6.941676805364469516e-01
1.458422858415358014e-01
2.259777264665477237e+00
1.162999671326715223e+00
1.051827828149372479e+00
2.331280954781405512e+00
1.411686539041752564e+00
1.958921545852336132e+00
1.295138100956134686e-01
9.000695563277983924e-01
1.183637381534353716e+00
1.321689606341177825e+00
1.403225682143760311e+00
-3.288712544884275779e-02
9.895153938714992270e-01
6.947331999882875309e-01
4.895369124953382611e-01
-8.426234038891018407e-01
-1.193311132314535561e+00
6.274368363702580442e-01
1.586942029468452198e-01
-8.269267459457990688e-01
3.172961703677856793e-01
1.031694559171489889e+00
-9.410378180846532548e-01
1.242556264786437215e+00
2.098861239545869672e+00
1.654370403828783642e+00
-8.537431217626445523e-02
2.107470646589049590e+00
2.147381497235424153e+00
1.261424115885565467e+00
-1.394899649430177746e+00
-1.385087253806190910e+00
-1.999333454801789367e+00
-1.125221379342606909e+00
-2.052542310442020401e+00
9.989443408602258767e-01
7.359737272465360913e-01
-2.487682212249493485e-01
-5.051237299160837857e-02
1.831125631152185296e+00
6.318373109429177292e-01
2.405489401530724880e+00
1.057281527935358456e+00
1.658426946406181823e+00
-5.225266295088237811e-02
2.706315695865519011e+00
9.705200879278390591e-01
1.526594472782491385e+00
-2.546876586178563606e-01
2.400022619866331475e+00
1.333933133809431126e+00
2.107844890506147983e+00
4.950819454555248633e-01
1.216195333619117802e+00
2.034314384464885883e-01
-8.700554853005058042e-01
-5.907716585262368092e-01
-3.410970693396053743e-01
-7.914378601102756150e-01
-2.331852662730746317e+00
-2.164902190237303792e+00
-2.649128846601949139e-01
-1.725277688709004220e+00
-6.024346700070659644e-01
-1.727486833351111084e+00
-2.129793511633367054e+00
-9.408801902477298418e-01
-7.943246672615484893e-01
-1.040987909984796733e+00
-6.317917627937987834e-01
1.307891329716072804e+00
5.444566959427203923e-01
2.768505502015828235e+00
2.296364534088938036e+00
1.103263817278139047e+00
-4.136195078182723917e-01
1.515143428720766572e-02
-3.375749495808059164e-01
-1.280977024048921331e+00
-1.246430323190424128e+00
-1.115173325352919909e+00
-2.429871572338008434e+00
-2.150190016340001176e-01
-2.551498025775642553e-01
-2.296989272006959570e+00
-4.285060360381676148e-02
1.718584093803407598e+00
8.647734975998732088e-01
4.376153049076814128e-02
8.135024781977889807e-01
-8.471516516308021938e-01
-1.610223532617835573e+00
-2.445846947445067254e+00
-1.109796116156164247e+00
-2.009418907983842928e+00
1.206495641758844606e+00
1.336432125317192909e+00
7.168648892476328083e-01
1.853793044084414809e+00
6.873490475920595033e-01
4.256302156499014444e-02
1.289444245702454417e+00
3.969815162122656282e-01
1.540131415864014919e+00
1.499709203503742483e+00
1.239724142897866699e-01
1.839879077654064998e+00
8.164609026002278558e-02
9.080595869788248287e-01
2.059872288325239609e+00
-1.096185572334043901e+00
-3.001027198015276731e+00
-3.045024804298668286e-02
-2.203418157232331254e+00
-1.226589663736160407e+00
-4.599084482556075049e-01
-8.598767948458999610e-01
-1.036389833132990157e+00
-8.585354617118365894e-01
-1.574872221090981128e+00
-7.201633462939542873e-01
-1.200299704071936535e+00
-2.070494312162528328e+00
-1.052854084043440164e+00
-1.272790226522877211e+00
5.944654691158332005e-01
1.177358499865073460e+00
2.498067867531860387e+00
8.307412859228058277e-01
8.568198291842379355e-01
-1.944773767549221155e+00
-3.544464113086892576e-01
-1.223806552630638311e+00
-1.796955164953801809e-01
-1.741052412823401951e+00
-1.592119145317024032e+00
-7.832984464393238921e-01
-3.192272234876505355e-01
-1.096775736045336291e+00
-7.220965929113556392e-01
6.467350199226249430e-01
-4.403276784392549104e-01
1.170076437833272420e+00
2.834597058585557328e-01
2.057614931229772015e+00
-1.219719630437063884e-01
-6.461209587706933100e-01
-1.481837820855852250e+00
1.683511263390760071e-01
-8.744332973885019511e-01
-1.487748000342264287e+00
4.277995418759275026e-01
2.463998260632749293e-02
-1.295069979082526634e+00
-1.379718684994910127e+00
-1.280739033275232863e+00
-1.953548523067849985e+00
-1.042161182444291345e+00
-8.204170528403147422e-01
-1.348769810423256166e+00
-1.553070137091446146e+00
-5.526966285147786317e-01
-1.530760681982328730e+00
-9.091034936105722997e-01
-9.643169672780352863e-01
1.274991435856987376e+00
1.821205004917899606e-01
2.680371202696594235e+00
6.757820288993375835e-01
-8.296902285084784001e-01
1.260647876445455395e-01
1.711508213982107840e+00
1.589532755612169890e+00
-1.854172946826546653e-01
7.206921133051237272e-01
4.456798961703642981e-01
1.273161508844460776e+00
1.721833083821007415e+00
5.929979890585665991e-01
5.798601363402746678e-01
-3.647737985188700405e-01
-1.857556977541932941e+00
-3.018378124270268970e-01
-1.472170282616360515e+00
-1.363703039852491639e+00
9.075162399726514062e-01
3.844208010959786481e-01
8.213261086262709787e-01
5.306240811434050908e-01
3.541897245004387296e-01
6.861915677692775883e-01
4.695346969665770143e-01
4.345580019341985789e-01
1.762403635938593061e+00
1.936397036640483460e+00
-3.706237800689561324e-01
-7.615994962216777742e-01
-7.647388578593449227e-01
-1.545976996260044700e+00
-7.652337053595836824e-01
1.555007736144558894e+00
8.210954352682464652e-01
4.221810347409813424e-01
6.799578317885144330e-01
1.686817964485904930e+00
6.583034038141208910e-01
1.673949751872703562e+00
1.523985029981219874e+00
2.013894228630896954e+00
-1.511579604051793702e-01
1.243118211162048015e+00
2.539244814963984798e+00
-2.545262519558622039e-02
1.244601684587532953e+00
5.184628151285441966e-01
3.510676200993328999e-01
9.248732974296334231e-01
2.200831618665749723e+00
1.490512071107659597e+00
6.595431530219125760e-01
-1.145655930482277540e+00
-3.738380370152603049e-01
-1.417932891710780741e+00
-8.512769904864359027e-01
4.241767422684550315e-01
-1.719086412558192611e+00
-6.181696243817320635e-01
-8.732886678961371274e-01
4.209488018687599364e-01
-8.161343955412811990e-01
-2.235844836025105753e+00
-5.687538435749593946e-01
-4.997791779660747391e-01
-4.591105776836826857e-01
-1.869802031711359280e+00
2.171974996845771333e-01
8.753079248633056642e-01
2.231208245867977169e-01
1.683276188780055804e+00
6.892340569179067344e-01
-1.220063209604803411e+00
-5.798863428540050879e-01
-1.296547095194622301e+00
-4.559374764769521526e-01
-9.177096336720473868e-01
-1.835771632908372641e+00
-1.396539927481886600e+00
-1.009431045131189197e+00
-1.609198160927183707e+00
-1.143740856084991542e-01
1.636683812543778149e+00
6.845960833205446683e-01
1.565237477935572885e+00
8.045731553962857108e-01
1.094389841312971345e+00
-8.897287622667551243e-01
-4.334276820922429163e-01
-1.929710799583009839e+00
-1.214959041503935744e+00
-2.425115085981969232e-01
8.974532801638755997e-01
1.921694640067491688e+00
2.304159354791628367e-01
6.659617097464811675e-01
1.987684190483397506e+00
2.254362806158626498e+00
1.043615392226874272e+00
1.307211301641814094e+00
1.368176677590070778e+00
1.550974826610274748e+00
5.701259670485272490e-01
2.161483349546158284e+00
4.915745241803332055e-01
5.397770723139297955e-01
1.112096131118085696e+00
-1.016851967602774520e+00
-2.563123229382731960e+00
-1.022557473885234769e+00
-1.043979578439980793e+00
-1.042229124894513026e+00
-3.979023145212343682e-01
-2.980227554701195825e-01
-2.207584648560370510e+00
-2.557924051857207282e+00
-1.313547301211061669e+00
-6.272020790646176680e-01
-1.381591260567795132e+00
-2.180300459561323123e+00
-1.399224199444757843e+00
-1.483797177764893505e+00
9.617332264639920636e-01
6.724034062112149712e-01
9.815833357273372473e-01
8.457263891746868989e-01
1.402792880708533696e+00
-2.524776746933970362e+00
-1.567959601778263323e+00
-5.166849719537225383e-02
-1.707300641942677943e+00
-1.051093188389407684e+00
-1.159464899546167160e+00
-4.874679718982918297e-01
-1.600116041420929225e-01
-1.241579574849478451e-01
-1.835796863951048685e+00
4.488267209352891918e-02
3.567819479677735162e-01
2.112131711500560005e-01
1.363276012874442333e+00
1.515811889498143161e-01
-6.380365667697989185e-01
5.344056029928916374e-01
1.877066173914367919e-01
-4.188105310285221705e-01
-1.248471829149877310e+00
1.058765827748266108e+00
2.926555833738939683e-01
6.648247198021839388e-01
1.186664510362001046e-01
1.491953173880796513e+00
5.650686500589018335e-01
2.129926569574326578e+00
9.659545109654370521e-01
2.666806604565676864e-01
6.291015305702026827e-01
1.493540887888628710e+00
1.970089829123401692e+00
1.842747556307656520e+00
2.344967809429264527e+00
4.327258872444244009e-01
-1.982704289325740721e-01
-2.168601453923664213e+00
-1.409373365020006652e+00
-1.205034859868805430e+00
-2.369585156701440098e+00
-1.641974802439284842e+00
-1.908052215780733363e+00
-5.339160604969228618e-01
-8.703083121080367190e-01
-6.299283305778025088e-01
-7.027497031369616121e-01
-5.632154739124077825e-01
-1.881956209766609156e+00
-6.399922238307893529e-01
-1.224153617046782605e+00
5.409732862879235160e-02
1.697972629798622179e+00
6.000613652899897676e-01
2.583010553213384020e-01
1.665716585052166909e+00
-2.168775044317784673e+00
-1.288802180341701575e+00
-1.349172883108208154e+00
-2.178492251401035418e+00
-3.185517212737668524e-01
-1.492799644926444014e+00
-7.890436952500090584e-01
-1.308150577026050865e+00
-4.359527951951566171e-01
-8.350868342855770621e-01
1.666432835053746286e+00
1.811244701425350101e+00
6.620681605210554377e-01
1.077970507308843695e+00
1.135147053017720786e+00
-1.140107308439855860e+00
-1.448866496620214495e+00
-1.573541587573674905e+00
1.100132993459679298e-01
-3.639381530537881826e-01
8.274657400967611043e-01
4.257071872495206133e-01
-6.670851188271154086e-03
-2.710065052616617010e-03
2.192079059830659649e+00
2.139094523623981559e+00
-5.176553576220181974e-01
-9.869958591879890442e-01
1.764278347938423863e+00
9.927852971763219125e-01
-4.009042881984812290e-01
1.618946928876075164e+00
9.472710528961675314e-01
1.898131097748628537e+00
7.210612875714088599e-01
-1.025039068163897671e+00
-1.347878549508046975e+00
-1.407405555567428301e+00
-2.589676155958619219e+00
-9.605847785831569396e-01
2.903475473546697216e-01
-1.472381765862044833e+00
-7.471576430387246726e-01
-2.816863388938333657e+00
-1.193666545340030360e+00
-2.590191062001276023e+00
-2.231088238412726632e+00
-3.118983903467871244e-01
-2.328409659482544747e+00
-9.951300163638082674e-01
7.710950207837213854e-01
1.485460760635386901e+00
1.084493174615215771e+00
2.408085923969184083e+00
1.811965741590885637e+00
-2.464815799398607510e+00
-3.521997956666962359e-01
1.115512184142657404e-01
-9.586676475416785470e-01
-2.421988889292355562e+00
-1.778571387354593636e+00
-8.308600145418235661e-01
-1.295766385160942669e+00
2.134133544690393069e-01
-1.716142548318358330e+00
1.296976379348696806e+00
1.345810632803434714e+00
1.279355826097027249e+00
-1.223191002391518012e+00
2.463167745484740934e+00
-1.147944907862642472e+00
2.230795705151589203e-01
-1.444790825096460729e+00
-6.881124559568874144e-01
-9.127026300010728788e-01
