-2.334372706835261546e+00
-9.837784220477573394e-01
-1.104115858801904215e+00
-1.061629961466288075e+00
-2.285554033638816485e+00
-1.628737602173353061e+00
-2.109841000547375778e+00
-1.154485350996310222e+00
-2.501406175240673768e+00
-1.310199744766151753e+00
-5.919593598528463119e-01
-3.427762791867665637e-01
-4.416240672915094923e-01
-7.304698427926207271e-01
3.313083554108682272e-01
-1.021813841698124836e-01
1.128135802296605039e+00
1.190302896223383033e+00
1.791245804097338246e+00
6.109258141917599527e-01
8.867241395491421985e-01
-2.235496974385366986e-01
-4.097432542684025236e-01
6.241428291689841146e-01
1.699963190077378838e+00
1.181985649174914998e+00
-2.493887997022148362e-01
2.374508163146212825e-01
1.087820585996894795e-01
-8.887645707869640255e-02
-6.367538433638535444e-01
-1.058845322456414717e+00
-1.029067515277555689e+00
-2.520163882382004505e+00
-1.474275483339670512e+00
1.630396162246751324e+00
4.573030680112148971e-01
1.392824941390289339e+00
8.731861205279762839e-01
6.648317974337664138e-01
2.303098245461457694e+00
1.353155131318022786e+00
2.816558093914605543e+00
1.566891473089831566e+00
2.200902764898255537e+00
-3.244972138989510313e-02
-9.933053578998606303e-01
-8.782747532549994851e-01
8.118672522607690567e-01
-8.984137004905987656e-01
1.385899619339277855e+00
4.039640074690522553e-01
4.288297211289645583e-01
-3.824960103548256107e-01
7.020858834933223491e-01
4.857803236477042930e-02
1.774198850197068023e+00
1.756847653449871816e+00
3.188874206681258094e-01
2.498306313365710185e-01
-4.103370318702559416e-02
2.318222524453681377e-01
1.556646041309751816e+00
1.117416361695048987e+00
9.867624483422290371e-01
-3.256416100308867634e-02
1.176188556333320756e+00
1.144094254887566553e+00
1.198640724308984717e+00
2.117518551439613095e+00
-1.922957798990180045e+00
-1.059642200417810987e+00
-1.703317950795153024e+00
-1.222670534324366898e+00
-5.747605410635290291e-01
-1.118266751043113238e+00
-8.585674299979924040e-01
-3.789174864834589096e-01
-1.171972975199103484e+00
-9.958493849112181051e-01
1.650590871627932721e-02
-1.007413747485143674e+00
-1.573370312914802227e+00
-1.837850250279023268e+00
2.662941133699119334e-01
1.680374179203171003e+00
1.289440457689418285e+00
1.086282658800990397e+00
2.152693626596720922e+00
2.136399795448086891e+00
-5.526481926269544154e-02
-8.808901379587339431e-01
-2.531680670425441315e-01
-9.349269225626598567e-01
-1.708360006916120444e+00
-4.505425295812933717e-01
9.524721012684356225e-02
-7.918893057944235148e-01
-1.703767917128893084e+00
-4.900451915251343715e-01
6.745087481407724406e-01
1.360685501962820787e+00
5.960785970224777852e-01
2.460063083336819112e+00
1.375259356975910618e+00
-1.051378716618653897e-01
-7.008510257753813866e-01
-4.220774560035248646e-01
-9.481740048257130127e-01
-5.205771915129949745e-01
-1.908142253355947338e+00
-7.153336877032276941e-01
-1.893046708073474749e+00
2.808672707742043695e-01
6.175142754972886561e-01
-1.188304772056630654e+00
-1.014584558344261866e+00
-1.401061529916134418e+00
-1.075320860341264728e+00
-7.790635146849191894e-01
-8.017728612898302742e-01
-2.021807955499688170e+00
-1.715253762129306248e-01
-7.341084992722601843e-01
-1.701575443161239987e+00
8.265216243743668256e-01
1.688982966448932643e+00
1.716453332134605381e+00
4.156191944532090510e-01
2.103314349666838723e+00
1.231725083991344061e-01
7.170341174157213171e-01
9.246540118617507797e-01
8.501032586307993855e-01
2.381454701702791610e+00
1.183431845014337291e+00
1.542064335619739657e+00
1.535999629573509662e+00
1.220848157794937494e+00
5.576154658045171519e-01
1.277766263842319283e-01
-8.972867280807088619e-01
-7.304490891859544144e-01
8.662162128254968785e-02
-1.436749728164697260e+00
3.751870005376031214e-01
-4.766537827675447758e-01
8.172427114662953462e-01
2.215550237289136248e+00
1.378945986467703388e+00
5.390137624670499061e-01
1.277039934183028969e+00
1.337962309877487321e-01
1.392637409804357240e+00
6.956637062683239670e-01
-2.328689209976164243e+00
-1.681272661772018395e+00
-7.536243636460137063e-01
2.437890833041658212e-01
-1.396698546694597809e+00
9.906335535110890600e-01
-6.495967201175996131e-01
1.371778906712401325e+00
-5.194438244512138425e-01
7.162265563290175496e-01
1.299228893832869769e+00
1.987357953458947391e+00
1.677741747355620650e+00
2.522829351563872891e+00
1.043195080798541285e+00
7.575552681710520098e-01
1.261091383880066807e+00
4.599934511012659932e-01
7.419567351451595849e-01
1.738784547688333237e+00
1.750641102980087904e+00
7.426454893934408830e-01
7.382240226875491640e-01
1.410410727167926037e+00
4.638346223289160353e-01
-1.289631287267282822e+00
-1.319288198391635802e+00
-9.097573779048699905e-01
-5.358978065781325739e-01
-5.554678929615726179e-01
-9.424456338640169184e-01
-1.509740799835530112e+00
-1.088995254581447414e-01
2.974461277373352530e-02
-7.320888861687048221e-01
-1.015078603020816317e+00
-1.157544828921352797e+00
-9.627786349003482069e-01
-5.765943438263919640e-01
-2.165473372574495237e+00
1.086440207227910903e+00
-4.926622061966972055e-01
7.165144370942944096e-01
6.457419360562426380e-01
7.088758463558215706e-01
-5.599724413151971891e-01
-1.915885748807566680e+00
-2.160711545638724917e+00
-1.022336782304167357e+00
-1.467612353613327425e+00
-2.039620830286589026e+00
6.379145496211156008e-01
-9.181541172628510106e-01
-9.887533547356713859e-01
-7.961105668918933009e-02
8.710573438309682226e-01
1.616902202321546245e+00
5.324787755671955836e-01
-2.520353217457014239e-01
1.196597613920785674e+00
-8.989451658696446801e-01
-4.976982984074377336e-01
-1.615169908116636854e+00
-1.697398583712264930e+00
-1.009706055255370272e+00
-2.151752733513539795e+00
-1.751640991325050134e+00
-7.407569542032566012e-02
-1.418885260403585313e+00
-1.363976557527367461e+00
-1.089104750647058362e+00
-2.058286033740407639e+00
-2.068505095442850994e+00
-9.324735229227389954e-01
-1.555548706354788591e+00
-8.115297046393119551e-01
-6.471471710526168764e-01
-1.962858981276671688e+00
3.732461748131399304e-02
-6.537293139802606845e-01
1.789871461754041215e-01
2.864084565872520027e-01
1.731996315395541330e+00
7.778738779932981018e-01
8.241410386911185437e-01
1.913198546374635933e-01
-7.321440409138424421e-02
7.236712877776245723e-01
1.739203653322885623e+00
-3.020259098301671941e-01
-1.493583167137779721e-01
2.792383211320943470e-01
1.344049765880310776e+00
1.295370908738057159e+00
-4.693712962259231070e-01
-8.445171582339696670e-01
-1.937587479186663408e+00
-2.136819781683951813e-01
-1.483718437856621275e+00
-7.292510104363373324e-01
2.087958969933161324e+00
7.320053562369088773e-02
1.645693338411911677e+00
4.807027085966264490e-01
1.321051011280375720e+00
1.056686735784595044e+00
6.044523668770124258e-01
1.310579119829933248e-01
2.884464173937178355e+00
4.768386104010013948e-02
-1.125221949212302119e+00
-9.083050791578163308e-01
-1.377725655399175686e-01
-5.982306879674071931e-01
-7.815193068956698408e-01
3.884024136847707975e-01
2.109241625149043564e+00
1.007771217611489023e+00
1.350492656394666646e+00
-4.009397901573641398e-02
7.757178847499134333e-01
7.808149112430908811e-01
1.612761057812736265e+00
1.375315916284305828e+00
1.963129878436998599e+00
2.738649096151555717e+00
-1.739377183844905694e-01
1.685792808921861674e+00
1.258531757203830814e+00
8.332948261703266857e-01
1.926970401888596474e+00
1.129793173025879227e+00
7.788582478474826987e-01
9.875868010448514145e-01
1.530275121852580966e+00
-5.301401872028344009e-01
-1.785542473249296824e+00
7.879483608247239701e-02
-8.658852523738880258e-01
-1.275007904571528794e+00
-1.556827091569515709e+00
-6.768836763480554630e-01
-2.280031372437285597e-02
6.432140239044299435e-01
-6.323890928865528727e-01
-2.715852020208828765e+00
-1.536401536517612243e+00
-9.895131271975561305e-01
-4.727540283377812402e-01
-5.024794878857735680e-01
7.938139816636022861e-01
3.485800262288742957e-01
1.656805973156432188e+00
1.756922141627284439e+00
3.325813429096080576e-01
-5.413576300264018037e-01
5.722746260581095257e-01
-1.450227567678586071e+00
-1.756385062863272672e-01
-1.924948331146175473e+00
-1.677674406482418057e+00
7.581539997925679231e-02
-2.450645076940500822e-01
-1.363465221536273475e+00
-1.248111300146748759e+00
1.381090367926584239e+00
1.493619756925391062e+00
8.539972358691230170e-01
1.084266254110567873e+00
9.501224930638723087e-01
-2.109869877058893728e+00
-6.345647593825587407e-01
-6.062274482551524013e-01
-8.762354764772459781e-01
-1.745807069441612569e+00
-9.939803204235893030e-01
-1.524526698762947330e+00
-1.297917667378722051e+00
-4.477041906414180872e-02
6.205008645153275992e-03
-4.487706685775715298e-01
-5.479801755467252899e-01
-4.284866280261205862e-01
-7.344989417742335824e-01
-2.650355605814492144e+00
-1.085782381925304518e+00
4.477144846779250731e-01
-1.561014031068123309e+00
-4.901450607194388631e-01
-1.556717640468204822e-01
1.794686854397949949e+00
-4.963974289354902147e-01
6.431872747795318590e-01
4.899780914020297473e-01
9.734521516719023548e-01
1.336891169201558593e+00
1.283717182150938552e+00
1.831400182218266837e-01
1.687207252880634112e+00
1.768583324932132994e+00
4.511832815051028955e-01
2.437976071511680054e+00
4.982461615025290946e-01
1.294146074595673657e+00
1.720610827663171527e+00
-6.755672718692171674e-01
-1.029594822818622246e+00
-1.804475139520569815e+00
-2.462056677494959267e-01
-1.640487077855346643e+00
2.070713324214194184e+00
1.371549940866280126e-01
2.234644561105295635e-01
9.510339549907602663e-01
1.219431426047802747e+00
1.316167786938751805e+00
3.869584534402200626e-01
1.037988966747735109e+00
5.993233533598190110e-01
2.113010519179321811e+00
-5.216969676159799452e-01
-9.653922168841608809e-01
-2.585167065545920906e+00
7.979503423529044071e-02
-8.819773401985857575e-01
1.518524415394129079e-01
1.058486522820164311e+00
8.459767339142447717e-01
1.165511257623690788e+00
1.118139405085505134e+00
-7.018259104378148372e-01
9.495562896793350305e-01
-4.741981844083967834e-01
-2.407092232303774004e+00
-2.545750504336451669e+00
-2.546442406746610043e+00
-1.145924047937257884e+00
-8.326541287387969614e-01
-1.723119105062423939e+00
-9.291216046865027334e-01
-1.215447947142346052e+00
-1.392433651954399831e+00
-1.802172296869270829e+00
-1.351504902924546281e-01
-1.472170391569521453e+00
1.388830615883417163e+00
4.128901318419011535e-01
4.253914038744368575e-01
1.479927624255969132e+00
1.363787635169774415e+00
1.927899190062332124e-02
6.671128701752880863e-01
1.362241276284644087e+00
-3.902600418945334493e-01
4.394200363570142098e-01
-8.070580157448437042e-02
8.111026304033117640e-01
1.533306841214263194e+00
1.355659606327648259e+00
-1.697717129065616781e-01
-2.543568003791979226e+00
-1.035317208142450873e+00
-6.004119925751966180e-01
-1.731643576664932738e+00
-9.270680718097952244e-01
1.029532520837705967e-02
5.330134834433685187e-01
6.696170173533368963e-01
9.391211557448433389e-01
1.602903601870435901e+00
1.527207927780967811e+00
1.146517575328864558e+00
1.677104699700809665e+00
7.364273733179094172e-01
2.229598508812824953e+00
-1.982688629255266566e+00
-1.402079073726741232e+00
-2.630937035763509346e+00
-6.075709009254639525e-01
-8.693795408954818615e-01
1.853300438500218306e+00
2.029472431752899819e+00
1.259503362510123292e+00
1.115883309243689059e+00
2.618279346251770612e+00
-3.351396495496598016e-01
-8.006693467488200655e-01
-1.454999586545463242e+00
-2.631910689276653059e-01
-1.081600250322442669e+00
-5.434918794087726379e-01
5.970704482976187943e-01
-8.455956959903241366e-01
-2.248540899005784244e-01
-2.202606045726324346e+00
-1.618809414311328965e+00
-1.696699648725723986e+00
-1.287398723892501540e+00
-7.041129127251870568e-01
-5.641244858275014096e-01
1.450835605084214164e+00
5.955383000938004878e-01
1.451886777182090693e+00
2.964750311198645072e-01
1.902303334713047356e+00
3.085966267360231718e-01
2.342566354284991270e+00
6.676228264450949634e-01
1.608028162583431619e+00
1.110133082398089277e+00
2.316642577852196183e+00
1.774392024407196899e+00
2.222419989928406281e+00
2.885251788134302053e-02
1.697248223478475815e+00
-1.887581599954094358e+00
-6.218468193898979424e-01
-2.096324523420148189e+00
-8.726239565370210727e-01
-1.416519239089008453e+00
1.124845357134849122e+00
1.921517869519429045e+00
1.000887642850576853e+00
1.059393852910146983e+00
5.740753116069815531e-01
1.036948351085098974e+00
1.300007286211030344e+00
1.332229385881798622e+00
9.531147093516506574e-01
5.545296075509524858e-01
-3.557554333793637724e-01
-9.959130147430650393e-01
-1.098282318551244696e+00
-3.087984723552301691e-01
-3.300817388488366699e+00
6.010415914580973240e-01
1.483399019792607465e+00
7.386549915777508302e-01
1.419644072066648555e+00
7.051492565770756116e-01
1.189749810045968692e+00
2.645758676204017501e-01
1.359619476912304226e+00
2.608309019877216084e+00
-7.040542221631573838e-02
2.984731987293829825e+00
2.360108594816930694e+00
2.085375605535126020e+00
7.272421380784750422e-01
3.345115811662509042e-01
1.073945296100553781e+00
-2.198321183530747014e-01
-2.763610812651584592e-01
-2.485467989869685201e-01
1.593739789286889863e-01
-8.023065109472073964e-01
-9.638239339115772797e-01
-8.207784936661679520e-01
-8.677528268684511215e-01
-1.249677144067020906e+00
-2.104101124129915235e+00
-8.276054456464884135e-01
-1.190943709230099623e+00
-1.476977102621874760e+00
-1.315019343177769695e+00
-1.032918909360013737e+00
-7.637997224518257022e-01
-1.909205084156085919e-01
-1.056911501424965039e+00
-1.033804375099279804e+00
1.057942401341422256e+00
8.683398309042817953e-01
8.720375154907671345e-01
1.124611520296415534e+00
7.268142533730757027e-01
-1.341567890283317688e+00
-2.714593856216528156e+00
-5.122508051530405560e-02
-1.487704533014936548e+00
-7.824669694674348808e-01
-1.378786267643093977e-01
-4.702219489324319657e-01
-1.083661304494800914e+00
-5.302531769404527084e-01
-5.460681673892344712e-01
2.339395860457736731e+00
6.990194680268961847e-01
1.562451382756185669e+00
8.927882227775032487e-01
2.144292410363181300e+00
-1.262254833165994405e+00
-1.114245692281940814e+00
-9.930340356227220777e-01
-7.164035563032810083e-01
-1.892599538903259271e+00
2.762520060038283098e+00
1.366500717962093603e+00
2.112442443463276032e+00
1.539204122225199534e+00
1.217745906103481879e+00
1.933317710225920028e+00
9.348599172587783723e-01
6.150785198468046167e-01
1.391038402847750266e+00
7.304689637076857700e-01
1.353094554627326085e+00
-2.544775722263772355e-01
9.470495174738312594e-01
1.952521304798027435e+00
1.084797538159678831e+00
-1.150750836490548989e+00
-1.719134548782377259e+00
-8.232973606568699809e-01
-1.107636615416048631e+00
-5.645941042701354551e-01
-3.681649152862808139e-01
1.267126905865194608e-01
-1.629782436956701108e+00
-4.270818387499782931e-01
-6.120465081684299813e-01
-8.080933050319043520e-01
-7.193331667496475346e-01
-9.973006678709046557e-01
5.412338690255522611e-01
-9.252001641764018292e-01
1.444918965205131078e+00
1.058622576253385850e+00
-3.304347013661006471e-01
8.042158557491486670e-01
2.403427611838079292e-01
-6.283892802499947416e-01
-5.605273754702859712e-01
-1.562042282896185519e-01
-7.883944526690138677e-01
-9.606734954065899723e-01
-1.125339752287614736e+00
-7.551624532337632978e-01
-7.356557712339428790e-01
-1.901890339140810182e+00
-1.467305806563834025e+00
1.469529341444466342e+00
1.571743163419999867e+00
1.742368954884732313e+00
1.039654106274060963e+00
2.593031247970890352e+00
1.028209073947008889e+00
-2.126207064100340105e+00
-2.075789251160296445e+00
-6.798685600787437444e-01
-1.933790160747261400e+00
-7.626448025660687025e-01
-1.920848992633831909e+00
-1.306671888139501858e+00
-7.804523441163033759e-01
-8.090218293279612949e-01
-5.503443590875372049e-01
-1.058267029756019273e-01
-2.772046579927478493e-02
-1.460621418265217963e+00
-8.837997103191064241e-01
-2.159018903442540438e+00
-4.815331953338991555e-01
-2.782357590920509161e+00
-1.744931945446037247e+00
-4.103332510925099541e-01
4.874725050109699476e-01
1.764417148983181916e+00
8.293448451703308022e-01
7.807099697157404705e-01
1.276523443863825324e+00
3.749837393537762686e-01
1.033608861096583231e+00
1.514159577919474753e+00
1.769147234598335894e+00
6.029830508412052925e-01
1.419425406848180859e+00
3.124760266544012177e-01
1.933044228893605831e+00
1.144096132002200727e+00
9.411031105517467799e-01
2.646017939264542207e-01
-1.070856802681982689e+00
-8.956706935243494705e-01
-8.189181965727885260e-01
-1.564436515086249369e+00
1.694717935903594652e+00
-7.894153672465180627e-01
-5.806051628381927454e-01
1.616678781430163303e+00
8.726085776019156803e-01
1.575333221794844807e+00
1.242038733468613598e+00
2.527710245977676795e-01
1.827477903217896937e+00
7.207228461469759040e-01
-1.276429735345006700e+00
-1.422008186597161439e+00
1.398058199987073369e-01
1.486395079281379594e-01
-8.984541776748289355e-01
8.628859662946102294e-01
2.585588388858830466e-01
1.304963981021680652e+00
4.673838328516810581e-01
2.150326095974622653e+00
-3.098195785511281830e-01
-1.036008766290672511e+00
-5.328768883419611191e-01
-1.728335081241435756e+00
-8.986885172386466225e-01
1.716525607691887778e-02
-1.252928472719202935e+00
-4.385690787770646359e-01
-2.145209257505148681e+00
-9.504831276960526987e-01
-1.300982243848384012e+00
-4.579420432454976986e-01
-7.754061863729757587e-01
-1.572701760035420060e+00
-9.307019504476099492e-01
3.288831406362948684e-01
1.971449105686785330e+00
1.193593998479826279e+00
1.500503804507413497e+00
-4.524961982641131364e-01
9.980727493732534095e-01
1.211431666285447406e-01
7.005421550747720216e-01
8.851161522868824516e-01
1.980880921000070849e+00
-1.625731148862628039e-01
1.246662308690208221e+00
8.099477051371662961e-01
2.019533340014832756e+00
5.943801013747415096e-01
-1.180903417338198702e+00
-3.731444677494716311e-01
-4.665899929601352580e-01
-2.267533811959026480e+00
5.852807356125886429e-01
1.054908927827121534e+00
1.556026982737834352e+00
1.215372644773412780e+00
2.298250666977950996e+00
4.087527090002356367e-01
8.386672852247656351e-01
7.651785241714068597e-01
6.086657306667399014e-01
2.059208921106831625e+00
1.564153058051811485e-01
-4.226531520345395698e-01
-9.578348218150080084e-01
-5.090444281493823331e-01
-8.172100256419442266e-01
-1.480383317411404498e-02
9.266396173852550211e-01
1.554558009769859028e+00
6.677161764079864170e-01
1.607988924457937951e+00
-3.063590171430676801e-01
3.885752890566875895e-01
1.527676004933098408e+00
1.193990527782801570e+00
1.811865304394475462e+00
1.630387206574171355e+00
9.331404939742691251e-01
1.082134286573752879e+00
9.569154446174958917e-01
7.586204656474675456e-01
7.064454751470947702e-01
1.541260296841759470e+00
1.441801672819400526e+00
3.660680818030901396e-01
5.817435437758828876e-01
6.318048755176166598e-01
-1.083190795951653351e+00
-4.201622967861307067e-01
-3.587720317061470210e-01
-9.166784154956481023e-01
-1.183250016239140612e+00
-2.625399857915740043e-01
-3.053396247773564331e-01
-4.864285239913779257e-02
-3.032332278473008902e-01
-4.894612486302231114e-01
-1.346083365624533013e+00
-1.877471815335674421e+00
1.496037040076991786e-02
-5.171104152736650805e-01
-2.104809422418905562e+00
-5.594938798829907078e-02
1.094565323038594107e+00
2.179631180335799723e+00
2.550111125732476669e+00
3.470398751483868560e-01
-2.282533024834945135e-01
-3.856965775603539148e-01
-1.586770279675839834e+00
-7.962301553966242285e-01
-1.683299422108803345e+00
-1.630478619513081595e-01
-1.877420837883788662e+00
-1.342483528089606137e+00
-2.255118694153238401e+00
-7.993011289123117535e-01
6.373979501911335444e-01
9.808631406552729137e-01
1.110644795173485910e+00
7.902436406956915294e-01
1.314971257590715981e+00
-1.014586229163558784e+00
-5.112730801165282779e-01
-1.665390216756575725e+00
7.711529770947427309e-01
-2.511043263315974050e-01
-1.890824086684407490e+00
-2.786381486651126060e-01
-8.381538165118321837e-01
-7.008224841917256587e-01
-9.041591823532101335e-01
-9.636811683463732958e-01
-1.953210583136159029e-01
-7.679336445499118646e-01
-1.776695020243075795e+00
-1.419088622466124772e+00
-1.446788053650106987e+00
-1.434120643528611572e+00
-4.231066022005719462e-01
-3.359839389739752713e-01
-2.293201728380922511e-01
5.386635825904581010e-01
1.391359699539639783e+00
1.862191143178456576e+00
2.140223478254681400e-01
1.522171052554680326e+00
1.117795832326944572e+00
9.408858003705957707e-01
1.854814225637824832e+00
-3.378551871478252533e-01
5.624980389371815326e-01
1.103330444405248745e+00
1.043860921200188141e+00
-3.697646380697123814e-01
8.962102555623528977e-01
9.649398037766168112e-01
-1.698485393556409040e+00
7.853076651078718662e-01
-4.714905335611878634e-01
-2.091336700919963931e+00
-1.471953736529954870e+00
6.278772354744841522e-01
9.624246567139420616e-01
2.500121291143213131e+00
2.430575630719133517e+00
1.386568160630345714e+00
2.075636804929687607e+00
1.094917445545196211e+00
1.092897903007633786e+00
7.463858746294735891e-01
7.717879938142071516e-01
-4.994300901521508962e-02
-1.969688982546827338e+00
-2.248770778190671393e+00
-8.386617035501530149e-01
-1.576519660442450066e+00
1.647961850556688201e+00
1.443378572703882590e+00
3.074508667985607069e-01
1.854174986610662712e-01
1.000780498065952262e+00
1.343591266706878340e+00
6.571105542834978497e-01
5.025327772520788994e-01
1.396184130120333267e+00
1.856494606467036235e-01
1.853341812985646042e+00
1.253160329399593209e+00
3.139322483405351250e-01
7.241351147486879691e-01
2.284639871521375820e+00
3.171290130718522615e-01
1.917438033255265406e+00
-3.548048514718105118e-02
1.755854812067698889e+00
1.659314700512078078e+00
2.526351361259846495e-01
-1.279577772843220052e-01
-1.783904073732466511e+00
-3.661652805233157615e-01
-1.054108193398608284e+00
-1.004273491675051755e+00
-1.360512818533532231e+00
-1.062999087944478394e+00
-7.285556878519761081e-01
-5.972979109707607925e-01
-8.558423305545356241e-01
-2.112867757422171255e+00
-9.729356630846561771e-01
-1.532042985027257886e+00
-6.930497338546446340e-01
2.064855288783935094e+00
-2.194676495340543987e-01
1.018234658904798806e+00
5.679785951982507797e-02
-1.977526107891491858e-01
-1.000364895991664671e+00
-9.187482225408967196e-01
-4.929375202863468530e-01
-4.635358826745755723e-01
-1.941007989102276676e+00
-1.709749178085022692e+00
-1.089396320295803466e+00
-7.853441022281213435e-01
9.977703711419838584e-02
-1.461242387967317313e+00
1.112800388680713848e+00
1.436595715140978724e+00
1.834704469481899025e+00
7.179285835090496448e-01
7.239314374747405356e-01
-1.339321424862137455e+00
-8.451566571355266788e-01
-3.875631901619424058e-01
-1.324811309001168391e+00
-9.590347183022962518e-01
-1.543333830211054192e+00
-8.967559049157122208e-01
-2.059503370775435549e+00
-1.640690227733802686e+00
-8.749745158880344320e-01
-1.407019669115340488e+00
-7.367967534522403827e-01
-5.694872533446136975e-01
-1.411380404013918843e+00
-8.088085579384278745e-01
4.268838924761797493e-01
-3.773968328240847603e-01
-6.513267227941186288e-01
-1.057769513764906355e+00
-1.459187471262680669e+00
2.249454846073062342e-01
2.003506445409488190e+00
1.249406947647817123e+00
3.629368602525590015e-01
1.151789472605504461e-01
1.362916641955681518e-01
6.718598728039582024e-02
7.174477319956999999e-01
5.399276953235125909e-01
5.988273368144728659e-01
6.419769610532242154e-01
1.746028892965489021e+00
1.878932303097901269e+00
9.684093722905857682e-01
2.103229297642830176e+00
-1.098493476869467411e+00
-1.541265291998743514e+00
7.376475952594208074e-02
-1.310285728111734604e+00
-9.113717917280562686e-01
1.930868589626401954e+00
1.997252182515431684e+00
6.817796967019484899e-01
1.706847462860238807e+00
4.014212502114016257e-01
1.040862387892412588e+00
6.383258117996241099e-01
6.762229593579167641e-01
-2.125865747045478926e-01
2.287921470473248675e+00
-7.691013330219438338e-01
-2.358273683718322467e+00
-8.556486809003922556e-01
-2.269563606067979133e-01
-1.970134354956939449e+00
3.374024532981362290e-01
1.197009341279486438e+00
4.553578736656489490e-01
9.745525611978484992e-01
1.409308645485451095e+00
7.187697596327404792e-01
1.531932711263490399e+00
1.593933839266655106e+00
2.642122898357734062e+00
1.295200903132774473e+00
4.542518006786266938e-02
-2.185360281855175391e-01
-3.148099615568455967e-02
2.235844615163918192e+00
1.848078731491554993e+00
8.783763505313336717e-01
1.304095181288741356e+00
9.372876385661786935e-01
-1.252666741852850318e-01
1.291125513620090537e+00
-1.173040090620014686e+00
2.813015942614494058e-01
-1.401160161701899387e+00
-2.489081818085789433e+00
-1.462531122833611086e+00
-1.192648602317148976e+00
-1.245344312128001008e+00
-1.915411840423285383e+00
-1.856237840864981559e+00
-4.590981170757421070e-01
-1.701688260752671322e+00
-1.215652803140384375e+00
3.080189366662771100e-01
-7.158341570746797888e-01
2.270699194275196398e-01
-7.435613116119510480e-02
7.252159486034950309e-01
5.939779425081144204e-01
2.069985650818940925e+00
2.119634374561339740e+00
-1.562582467816117537e+00
-2.272137402364907466e+00
-1.157837846929268943e+00
-6.691310155576072338e-01
-5.064915522647805979e-02
-4.822773335899130931e-01
-1.411195071738895246e+00
-1.954512195702108546e+00
-2.223199534334689975e+00
-1.738276874991051546e+00
7.011644894652460103e-01
4.592836133815458854e-01
4.021295412645985445e-01
9.120358387225986352e-01
1.475004833692340034e+00
-6.194669447923113470e-01
-1.205510770216418059e+00
-1.426927514944143827e+00
-6.369802608804400190e-01
-1.573471185342201206e+00
1.753185431872390065e+00
6.873247179077850433e-01
1.232082193326699215e+00
5.220021657994811104e-02
-9.569063072360028954e-02
1.043000071057584854e-01
1.219303206911133142e+00
2.297921344685363021e-01
-4.608876055080939338e-01
2.115137466161687296e+00
6.173731331222700458e-01
5.227221121644812785e-01
2.021933072902429629e+00
-1.325276172057363588e-01
6.836249192328579527e-01
-9.551437891426429738e-01
-1.412273964910184976e+00
-3.835706446926775426e-01
-5.488821236062657594e-01
-1.662215018851579629e+00
-9.869822086479617118e-01
-2.248424240354984338e+00
-1.488553090252760391e+00
-1.141111251263770443e+00
-1.656675343171121417e+00
-1.645045811048781115e+00
-2.027124822028802953e+00
-5.992051709738772658e-01
-4.768002767640265871e-01
-1.659234035897879878e+00
1.017021819290224283e+00
1.152375151642393680e+00
1.357033829480114084e+00
6.827937461160880073e-01
6.833335441883614525e-01
-1.503988146845486762e+00
-3.001109491709220700e-01
-1.655664541891797903e+00
3.371919153828835114e-01
-5.919084268854354347e-01
-3.898963212634247721e-01
-2.014667673346965948e+00
-3.131614995436898807e-01
-1.065035255228744315e+00
-9.543083014310790313e-01
9.955695808324670493e-01
9.858354334232402039e-01
1.561347582733758843e+00
1.391159490877416971e+00
-4.770180373388288597e-01
-7.212980199944234450e-01
-2.971656138800155000e-01
-1.697353937179699734e+00
-7.902377799446893558e-01
-2.585924021399155226e+00
1.441956710026242927e+00
1.019250957311202521e+00
4.188797635260279595e-01
8.672335860369666527e-01
7.817857918717534549e-01
1.905429023591903137e+00
1.603134638831718251e+00
1.140402230516934123e+00
-6.764365000321392873e-01
1.616275273627203912e+00
-8.813368917200037345e-02
1.562581998111042036e+00
1.434758297185311005e+00
6.211728992189443632e-01
1.191772644398219505e+00
-1.699183072065040045e+00
-2.018981012223158178e+00
-9.218970142165433534e-01
-2.805240294342412621e-01
-2.580422166479831247e+00
-8.205512942035936286e-01
-1.729802822563730302e+00
-8.402841090227406440e-01
-2.540657943067449853e+00
1.252105765246112057e-01
-2.455083532672390767e-01
-1.447249626644798282e+00
-1.965253787149671805e+00
-6.849401677776254527e-01
-1.313842482322937544e+00
6.398948614959406589e-01
6.613411141036011909e-01
1.438144872083345627e+00
5.342150990107423780e-01
1.517595872003517643e-01
-1.259568688907065637e+00
3.389467309702354214e-04
-1.255865520726255902e+00
-6.111789990696618879e-01
-1.026754216355351801e+00
4.322341926917916410e-02
-5.434464416516078256e-01
-2.219050373096763451e+00
9.280618196945877862e-02
-2.050808192133326990e+00
4.214407896703424861e-01
6.331017563596066378e-01
2.448716817778463284e+00
1.584347381851942238e+00
9.705062525384461347e-01
-5.182103736315507581e-01
-8.172688503980312102e-01
-6.884646464351908968e-01
-1.858181611328476812e+00
-2.012119233113001115e+00
8.410896840559556331e-01
1.760518939046453957e+00
1.009646847078731646e+00
1.195791582913000362e+00
2.082647772826046850e+00
7.968442640949405797e-01
1.828653103668813173e+00
1.006652546087803080e+00
6.267061252403417493e-01
1.622831029468058572e+00
-3.482233732237596247e-01
1.354414895097125537e+00
1.083515678465429399e+00
5.481469379285254240e-01
-6.171644104795825925e-02
-2.093673357453394335e+00
-4.477362327563905176e-01
-5.170958743652687151e-01
-1.794804802393517029e-01
6.597706022185412245e-02
1.610838740443154560e-01
-7.169048262760888690e-01
-1.493499407867316275e+00
-9.643853783239493271e-01
-1.254812480191520363e+00
-4.063182436601777692e-01
-6.810392271512233364e-02
-1.659381197207814074e+00
-1.301934598337223026e+00
-8.425212554542147458e-01
-7.608229947344078425e-01
2.832700241572249311e+00
5.773256730926162872e-01
9.744368877844689081e-01
-2.254301139333727555e-01
-9.568394906179419346e-01
-1.511212667705413182e+00
-8.679479725414662727e-01
2.114022573104206160e-01
-7.419502886030659994e-03
-1.449075375109340813e+00
5.145580921295558330e-01
-6.214947009337776773e-01
-1.155804847650876210e+00
-8.109276253030553994e-01
1.133068186473777939e+00
9.437507923547435729e-01
2.358084928551541282e+00
8.006130798766593060e-01
1.825101749295297227e+00
-1.695973923580300191e+00
-1.295911875417811832e+00
-2.788693415477546012e+00
-2.007318910036451687e+00
2.572036643125445998e-01
-1.779079626934792380e+00
-1.498597187964509914e+00
1.744680797075521816e-01
-9.407130204121162409e-01
-1.964371996247641139e+00
-6.826383699863753929e-01
-1.750619079394177380e+00
-4.494004588724022087e-01
-3.650679386350274003e-01
3.303077937223353189e-02
5.896825556445683958e-01
-1.210999798809689221e+00
-6.536322442922254394e-01
-2.243650702699823363e+00
-4.954148233467942086e-01
5.733196371644000422e-01
1.709835030118956656e+00
7.012052428660084935e-01
1.138946848366657605e+00
1.762255253789561937e-01
6.855040536536555207e-01
1.107011796724283181e+00
3.289667712835320224e-01
1.861988371978541501e+00
6.323892727097508715e-01
-1.011200785520134371e+00
1.148073850516032612e+00
9.103020571846810460e-01
5.385586409712774802e-01
2.315587932907741120e+00
-1.003183680389832189e+00
-8.219755722930935926e-01
-1.852594091710663804e+00
-2.088330156490306067e+00
-1.375718534003725457e+00
4.280016906403258936e-01
2.321189033939876190e+00
6.789409293061304806e-01
7.322467504837930630e-01
-9.034490530920304963e-01
-3.225467645996018540e-01
4.977158008125681654e-01
9.972398721316602099e-01
4.473299621213283617e-01
2.479777083452614050e+00
-1.657182343373589717e+00
-6.639580726472714689e-01
-1.283291524742052658e+00
2.819514004928358464e-01
-1.457410024565965134e+00
1.891865451239552964e+00
3.101470285735123955e-01
1.730440894730864709e+00
1.672315067156131985e+00
1.727435703206374740e+00
-5.549129038228172162e-01
-9.854739184909689920e-01
-9.558572406939305210e-01
-1.672654941684943442e-01
-5.720381176877853413e-01
-2.378676398345930476e+00
-5.337917466571326930e-01
-8.409833567952791356e-01
-1.142169497192970562e+00
-1.872553923835638123e+00
-1.772140299145396058e+00
-6.665352005112979983e-01
-1.282510739430165581e+00
-1.207883645090182423e+00
-1.434881148291219155e+00
4.495225762813347403e-01
7.805071088442130378e-01
9.569668334983906233e-01
6.042757221139345436e-01
3.680966520058926994e-01
5.850987891967892596e-01
1.274186438255737297e+00
-1.959700854374932799e-01
6.484369705187167376e-01
1.612989421873131768e+00
1.365004589345280017e+00
1.207622052899333998e+00
3.018451398737074243e-01
1.643690846101403702e+00
2.948234126935627142e-01
-2.059702609933709017e-01
-2.450367729804046935e+00
-5.042245827073746911e-01
-6.200997460671715533e-01
-8.882534851722212466e-01
4.218322548297126495e-01
-2.498793835790613649e-02
1.842769525458154423e+00
1.275288650591409834e+00
4.113260613778257913e-01
8.084952554808431113e-01
6.610148345943989145e-01
9.754935990760240649e-01
8.626710501524703645e-01
2.022677551954911168e-01
-5.628749189776913742e-01
-5.346349135970219768e-01
-3.397156824500391359e-01
-8.605832243443776175e-01
1.403872418706085590e+00
-3.626983560575380849e-02
1.095710784008611105e+00
1.738781731474694503e+00
2.937272180248062803e-01
7.717217159556966077e-01
1.144877539660808186e+00
3.931511539405980749e-01
8.286959486889412529e-01
-2.320655126800466039e-01
2.638645305298207067e+00
2.253440917600128657e+00
6.290985138253024633e-01
1.393623536434258625e+00
1.066025228172152062e+00
9.865583375345270412e-01
1.342318035224992157e+00
8.051507124661627657e-01
-2.201608129564485150e-01
2.397240158174968050e-01
-2.756001985872444937e-01
-1.452771910567914659e+00
-8.984782805244636572e-01
-1.027567834871815133e+00
-1.659393947596632835e+00
1.164477441960465320e-01
-1.494817725395388708e+00
-1.466599064093843552e+00
-3.044481850605865736e-01
-1.550811331425014705e+00
-5.001303679793380752e-01
-1.115330855902742613e+00
-2.680038717904404955e+00
1.020388097406935923e+00
-2.030217119459535979e+00
2.130233875734124371e-01
3.293694151902781808e-01
-4.471279322434895676e-01
1.399585165417143395e+00
1.464797382041642448e+00
1.207778219113244678e-01
-4.609345184128768036e-01
-1.446183896941977576e+00
-8.341515976596944881e-01
-3.098355065386217966e+00
-1.019871595893998117e+00
-5.516497786185605712e-01
-4.787336393409850066e-01
-1.278759807694972217e+00
-1.416997183591232279e+00
-1.429830639938391323e+00
6.406172257677880122e-01
1.136354775998137168e+00
6.103948343873248916e-01
2.269469926216520328e+00
7.571386356743556867e-01
-1.250360619762483472e+00
-9.664086843680316230e-01
3.235174596263905578e-01
-1.381005237812181985e+00
-1.169968005530849675e+00
-1.029808043975325438e+00
-1.752105732537674765e+00
-8.425827057338782788e-01
-1.273651883143647856e+00
-8.145161760666291828e-01
-1.515320437740005577e+00
3.686613170690948849e-01
-6.493396844613676944e-01
-8.549835766306346230e-01
-9.742070809134459886e-01
-8.066152611234380654e-01
-3.936416070797199573e-01
-4.827711555125893117e-01
-4.677394154903293799e-01
-6.637393765673793578e-01
2.021056726663330583e+00
2.007898505488248109e+00
3.837413084130831820e-01
-7.299128303319968314e-01
6.441813581675082112e-02
7.994349628932413410e-01
3.192000156841994229e-01
9.336173864448559234e-01
2.738127192436581314e-01
8.685265266838083642e-01
1.613045488307972564e+00
1.046615716378170635e+00
7.143057779623308567e-01
8.777180879362156407e-01
-4.438171816294538274e-01
-1.767204810183520713e+00
-1.366276629892497541e+00
-1.633075339543809124e-01
1.102975129427306022e-01
-4.863040442375119454e-01
1.192215823467240421e+00
7.873604561622526976e-01
6.037478215836538098e-01
4.715716777716645325e-01
1.170267102594066966e+00
2.022929619521045552e-01
7.241333610459270709e-01
2.176375523497431352e-02
1.455040256703048929e+00
5.357867202626882541e-01
-1.006526923763986447e+00
-2.270388245433295538e+00
-2.059601447078204473e+00
-1.326665089105286244e+00
-1.043769548697057736e+00
1.656791858122442562e+00
1.878126493841500766e+00
1.483581480778028983e-02
1.259234245555933107e+00
1.926501436041554438e+00
2.996761645188117384e-01
1.789779308264540569e+00
2.078984426095053184e+00
7.609407390158486884e-01
5.407608114821222944e-01
9.604770428057355369e-01
4.799226096640519801e-01
1.057832899388270631e+00
3.415338494203371544e-01
7.127537747386070155e-01
3.434378744418566942e-01
-2.218423139562430979e-01
3.320684741090567105e-01
6.964219900298076471e-01
1.705343522037723547e+00
-7.029255938860438091e-01
-1.733493495286786867e+00
-1.015030861697342246e+00
-1.235209584971188157e+00
-8.132819176315986276e-01
-8.504171925342833838e-01
-1.024587831234879731e+00
-3.786426582809361285e+00
-1.312482844929315107e+00
-7.985983335869049071e-01
-5.573064268422490697e-01
-1.454109980731814744e+00
7.813613979193978487e-02
-4.997606975557491449e-01
-1.192526891768433961e+00
2.215854637655276349e+00
1.682905092120779766e+00
1.218076140698840959e+00
7.308652887850821678e-01
1.020027987084858312e+00
-1.237236579900659716e+00
-1.425582987980878569e+00
-4.337198932256596251e-01
3.957676212934928550e-01
-1.284347879179291052e+00
-1.045939691647904457e+00
-3.891433911681194679e-01
-6.990071579954646452e-01
-1.015169268859785534e+00
-4.780861272812648721e-01
4.830303810117864138e-01
3.172273748835319207e-02
3.020976403805669674e-01
1.483261052814107250e+00
1.412894992607726108e+00
-1.960424141275728616e+00
-5.665392082604366886e-01
-7.076613171285457415e-01
-2.649035662347309916e-02
-9.662000394890838395e-01
1.416600882490485880e+00
1.075548056353506032e+00
7.098448020888918908e-01
-1.606113780943578817e-01
8.983727078842328462e-01
1.763102614315863681e+00
2.221607816903535593e+00
7.103505986042958353e-01
2.129643556584513764e+00
6.886599131838555543e-01
1.702032688365311408e+00
1.309000518796762602e+00
2.093957584657004656e-01
8.851282141031061590e-01
2.705534437083063626e+00
5.329639672320529709e-01
-4.852969556490152048e-01
-6.829814852133249126e-01
1.108005132316236541e-02
-1.227788858135561822e+00
-6.872952581603144484e-01
-5.262492036998258627e-01
-1.369633760772447584e+00
-1.450908242515119184e+00
-1.141116975898984753e+00
-1.747027050096418677e+00
-2.443294205504734640e-01
-1.283377918544519769e+00
-5.992658452616583808e-01
-3.823068654797635579e-01
1.089980044111518831e+00
1.458024069020097180e+00
1.060314844385994881e+00
1.807121170973536639e+00
4.409352864157541907e-01
-1.648673189343474732e+00
-4.743772782320105907e-01
-1.015619936917089960e+00
-1.160056746998870292e+00
-6.594005529562614321e-01
3.014080857474439323e-01
-2.357983922679191657e+00
-2.048374579907305204e+00
-1.166476247375028308e+00
-1.239688564453298891e+00
-6.558958025207397569e-01
1.372928848194315155e+00
3.044361392839971536e-01
7.716724465961091184e-01
1.756405883040514926e-01
2.291987061795697223e-02
-1.112757731658819305e+00
-9.516290273541178069e-01
-1.442390416600807912e+00
-9.634375631130969175e-01
-9.197335619238045101e-01
-1.000833938182985383e+00
-1.146651211839792239e+00
-9.601145392496750475e-01
-1.044815760899124202e+00
-1.545265123262149043e+00
-9.210245024923818802e-01
-1.223635354483051163e+00
-2.287067301706081857e+00
-3.432485828645575054e-01
3.217312245933208192e-01
-1.271644776438794811e+00
-4.143766699485389449e-01
-2.496765317703754761e+00
5.234856773895750770e-01
9.384440921820599302e-01
-1.236846350722182741e-01
4.754101220793680582e-01
4.670661140845830950e-01
1.036868352422761763e+00
4.014392413745506705e-01
1.510304024869524309e+00
5.931164848577971105e-01
1.403802363975742207e+00
1.767151508355574441e+00
5.848052015426806749e-01
1.441575879705976337e+00
1.529846849074223414e+00
1.062397816826545549e+00
9.380610419699355607e-01
2.534393197256488151e-01
-1.857399894509393024e+00
-1.352519448216231490e+00
-1.079098440025443750e+00
-1.840554083986974288e+00
1.366581693939564746e+00
1.552938988481939564e+00
1.526219975531922124e+00
1.385704987905314711e+00
4.172343758249028589e-01
1.791705827347563673e+00
1.401470366642819210e+00
9.190012366089590490e-01
3.924332209151742967e-01
1.307568981438583799e+00
-1.060270719621536628e-02
8.552184100501714070e-02
-1.232311129841552777e+00
-3.474685095561526049e-01
-8.009285573103031020e-01
3.689943117713573306e-01
9.941380394375534113e-01
2.856268120726710436e-01
1.311002749981263760e+00
5.718846741976331138e-01
1.134440688498602912e+00
1.210531123485784066e+00
7.134581574380498559e-01
7.370802926888347928e-01
7.999481441686167038e-01
8.852184129472936425e-01
2.294319357257456282e+00
1.257569381343485393e+00
1.755696299225244728e+00
1.471082395657552500e+00
7.551345355910390467e-01
4.493833887604787858e-01
2.449206050091018438e-01
1.634888435950590191e+00
8.683886292911400240e-01
-9.412700419330338741e-01
-2.567673348535093325e+00
-1.713174441512778978e+00
-6.790715654940696622e-01
-5.422904951551580366e-01
-6.664656216995590299e-01
-1.479090587594300565e-01
-1.883371894897756693e+00
-1.511030789614100867e+00
-1.140413891122016299e+00
-1.916864129059248967e+00
-1.267851932601702813e+00
-1.723708727248555395e+00
1.356862232812292568e-01
-1.570605805792153919e+00
1.765055312185315417e+00
4.603486276214510120e-01
1.368753320384868299e+00
1.037416349565228435e+00
1.921522191715903105e+00
-5.914614157680714301e-01
-1.313039365405203052e+00
-1.712378534024871168e+00
8.384125032769040864e-01
4.258249931059649995e-01
-6.384133488559868841e-01
-6.283005731549969886e-01
-8.705162857469244120e-01
-9.962056698351270390e-01
-1.780355375417158603e+00
9.277238052331295837e-01
9.489235561967694910e-01
1.075144698296613965e+00
1.345913111561642950e+00
-4.041468685395084304e-01
3.267176665455431284e-01
1.884651110699397947e-02
6.424999333179641781e-01
-9.063477313999060980e-01
-3.514883212078434571e-01
-1.986614800574470596e+00
-1.233126451376698185e+00
-5.802245427781893561e-01
-1.493664088875948259e+00
-1.215266286467852730e+00
-5.745496483227641171e-02
-6.122064037238195144e-01
5.237535646764968078e-02
-3.926918067491644848e-01
-2.010708436141825928e+00
-1.911234413173476199e+00
-8.763268041308882594e-01
-2.112612889394005933e+00
5.536562874689177072e-02
-1.030031926137032539e+00
1.803998522186266218e+00
1.843224242703047855e+00
1.901863432117268049e+00
1.806512710748514383e+00
-7.057387249798594553e-01
8.396508966656026640e-01
7.741561174508232446e-01
5.483201772854285894e-01
8.663432891020508286e-01
1.672797305590418171e+00
5.443275796463187266e-01
2.582934393714059862e+00
1.463861761001323814e+00
8.399784670668259956e-01
7.821368653859759323e-01
-1.437865758941583749e+00
-1.277740339366760569e+00
-1.464495804117162070e+00
-1.008082615802381898e+00
-1.873540725617565794e+00
1.348661579587174586e+00
1.305035676108135423e+00
-8.160868722940151088e-02
9.383968531834939730e-01
2.353149675114800665e-01
4.435223832050931847e-01
9.066019202012585154e-01
5.722737564154442014e-01
9.267297669466791898e-01
1.177451273659037234e+00
-3.717660291419838670e-01
-1.150497880084356606e+00
-2.653672387623272400e+00
-1.121282850249900154e+00
-2.472311968224144785e+00
1.859669027431035460e+00
5.831055224437402540e-01
2.668320451672880456e+00
1.450559301929069012e+00
1.318526311034820209e+00
-1.014557602401730430e+00
-5.468451041094921639e-01
-1.206452406313375247e+00
-4.639013887189255003e-01
-7.735931312210908573e-01
-7.496940402457840102e-01
-4.507129433873162672e-01
1.903317131581294674e-01
-8.039178328560492304e-01
-1.925509267451630535e+00
-2.052298499624692241e+00
-1.000844142019044813e+00
-2.394921775157852206e-01
-1.093023617225713728e+00
-1.201630564800118650e+00
1.109584905643407726e+00
3.296801922621424019e-01
1.557128157870778296e+00
2.166647931191223897e+00
4.462853133777688885e-01
1.477803206543712333e+00
1.461474063942207469e+00
7.388553991829726053e-01
9.294085692672940935e-01
-2.546161149104373411e-01
1.311381160257834022e-01
1.393155659020842041e+00
1.253310658694197999e+00
6.437784427474609883e-01
1.150964296384417551e+00
-2.145214680595148860e+00
5.623355403135161801e-01
-8.399087211459935753e-01
-9.353398979518766643e-01
-1.209618241363128011e+00
8.421087060007936831e-01
4.284637184096907747e-01
1.984389685691062333e+00
1.287814286578757184e+00
1.770392547236387948e+00
1.396356564054876515e+00
6.099703108582462674e-01
7.199611428390935153e-01
7.551996100865414618e-01
1.709017561119186901e+00
-5.200241600317558888e-01
-1.410721914524978748e+00
-5.032421039146317554e-02
-5.903656139596329400e-01
-7.484184536088218653e-01
9.355185112976520667e-01
2.561235326068188822e+00
-5.322224006626345982e-01
-3.530172341182409301e-01
9.255495950692465001e-01
-1.629883180615505189e+00
-6.260003748306838256e-01
-9.600428416185060598e-01
-1.149445049249307349e+00
-1.212843295364145479e+00
-4.477938245816278640e-01
-2.202215064994224036e+00
-7.523194052954869093e-01
-8.004916366721430698e-01
-7.081253053827581967e-01
-1.146482590718589378e+00
-2.209774062958453911e-01
-8.306714748860415387e-01
-9.489076239057699924e-01
-1.141039351541913272e+00
7.571398043413049006e-01
1.213234207446792778e+00
7.175082016954111852e-01
2.094491525330638204e+00
9.073179593523380548e-01
3.838425321715199789e-01
2.013959984695497418e+00
1.886735970327602985e+00
-6.451275336393318405e-01
1.256111937589823757e+00
1.171015237580521617e-01
2.272864746570404382e-01
7.312025806538522410e-01
1.931275408820487982e+00
2.260942339211571284e-01
-1.250934298333349348e+00
-6.629596754722818508e-01
-1.936125594730772947e+00
-4.247668425450673579e-01
-1.287659281116080745e+00
-2.663985373542192558e-01
-1.081311419767176929e-01
1.289852682631983605e+00
9.199071546542096911e-01
4.623390621365195408e-01
2.263471978458556855e+00
6.809592387921273859e-01
1.417874284227623960e+00
1.169412854909557931e+00
8.498352490871249332e-01
-2.385078994663663909e+00
-6.671739264537573932e-01
-1.965791580139919503e-01
-1.071290181323104385e+00
-8.565800808260115584e-01
1.544091026286528390e+00
4.456023524856580487e-01
1.173023968081276180e+00
6.317591022198968398e-01
9.057467004837680413e-01
-2.076906579147928422e+00
-1.040298055752640005e+00
2.942623008150855313e-01
-1.926235249859886922e+00
-1.427029225680855884e+00
-1.935826269961601120e+00
-1.266846423407589128e+00
-4.572636770636880899e-01
-4.770968495377088114e-01
-1.058107380244053930e+00
-1.636127650037237258e+00
-9.178455852587148467e-01
-1.120577078047262365e+00
-1.960750751012466875e+00
-1.461821765764981240e-01
1.289694363399878085e+00
1.820808615528530572e+00
1.765778253678426335e+00
-3.335097170758765106e-01
1.078802008567169235e+00
1.920433847990898890e-02
1.144384073632766396e+00
6.444072507962097518e-01
8.415840508191200220e-01
2.011361091997038386e+00
1.308455596440947222e+00
2.484705922986805149e-01
3.716677160102367372e-01
2.290913105588512355e+00
1.531382937719275583e+00
-2.884601837187632078e+00
-5.158323667894426645e-02
-3.041441278680789839e-01
-1.866186734767370403e+00
5.309720778907243144e-01
1.591462192231313466e+00
1.402355578098667843e+00
1.743627514331703265e+00
-2.252601481039917530e-01
1.033049652165034971e+00
1.469122036307108248e+00
8.212278216676869302e-01
6.920700646334793094e-01
-2.046315281184389878e-01
1.097644015823480590e+00
-7.245712939377249029e-01
-1.308909294942084189e+00
-2.178498444816703739e+00
-1.636385462748889630e+00
-9.360515042034692756e-01
1.961625332925514886e+00
2.193405960837560897e+00
9.838012839608865079e-01
3.266218624285448513e-01
2.899755923954961290e+00
9.736951701632253764e-01
8.743272985834698030e-01
1.636147762497773606e+00
1.657256921800557947e+00
1.549437399306878627e+00
-6.204275426049949971e-01
1.221309508260946419e+00
1.550856938830988518e+00
1.390049754270977989e+00
1.470691935503367631e+00
1.424286333690726991e+00
2.370404925719176159e+00
-5.103352627922617124e-01
7.310358049121826740e-01
9.859762427322604772e-02
-2.069277945900939386e+00
-8.524296490047401642e-01
-5.997369154679514924e-01
-6.047186803467238247e-01
-8.068938330216230970e-01
-1.399085222909323800e+00
-1.855380419523299462e+00
-2.296950059765898722e-01
-1.615608747837831372e+00
-4.554406881432688792e-01
-1.376665744002622649e+00
-1.719156257277284272e+00
-1.209930926582176935e+00
-1.409307647429933752e-01
-1.644298951520161811e+00
1.149146163547545951e+00
2.503039215981603061e+00
5.953150086998879598e-01
2.341909362005248241e+00
1.931387038776956722e+00
-4.030821445677993387e-01
-1.132897609670060923e+00
-1.299650863703693426e+00
-8.377316590634981130e-01
-2.682384625278913859e+00
-3.809878398488284468e-01
-2.588520408234263881e-01
-8.269447834314149759e-01
-2.006608677332256896e+00
-1.581090132264469927e+00
1.572323308227815408e-01
1.575562275739373685e+00
2.191474735519593597e+00
1.254996442240440269e+00
2.019966041414278379e+00
-1.130198989409263000e+00
-6.859608135331269896e-01
-1.835532378996043601e+00
-7.764619656991089691e-01
-1.223406704290989744e+00
4.768856873893028148e-01
1.906542482087295820e+00
3.181348675671695325e+00
7.046450314292722616e-01
-6.219611136080391844e-01
-6.058616706757735670e-02
1.238763018318999931e+00
6.728883408098185193e-01
1.374920591266459269e+00
8.621801541276197245e-01
1.964522807685838757e+00
1.388080076179879052e+00
-9.483243991376122395e-03
1.150981961733219761e+00
2.044244037052229679e+00
-6.486737199921523978e-01
-1.108945476871499025e-01
-8.701424751355393283e-01
-1.807830504409780437e+00
-2.325665455009786609e-01
-2.461635246398501842e+00
-1.210292463963229981e+00
-8.766224306167023084e-01
-3.186443464989078267e-01
-1.472652420457463585e+00
-4.233448751429780277e-01
5.448111591356576966e-01
-9.071942567331333640e-01
-1.647018395496654630e+00
-1.074669526617486603e+00
9.612116087834099432e-02
8.079497763976558611e-01
3.217297868501591829e+00
1.074030586537601417e+00
9.020730053518806191e-01
-1.956614303644627073e+00
-1.266439312243168747e+00
-1.250525734923812360e+00
-1.833463474763496359e+00
-1.124107304822062003e+00
-2.016681294354060405e+00
-1.858309139958302492e+00
-3.981868290154948475e-01
1.575408714798238741e-01
-1.523713353663927794e+00
1.570223812393428897e+00
-5.053492087678885802e-01
1.499811036976169687e+00
2.279809414905870746e+00
6.375941396285080831e-01
-1.099949840310868732e+00
-1.319183191692086199e+00
-4.132209988146646751e-01
1.867062512771985539e+00
-2.246067115145660154e-01
6.530239189974645919e-01
1.438308859643975257e-01
1.758378279870476124e+00
4.574988800249144560e-01
8.022997841497438998e-01
8.037316747227860603e-01
4.754339937514771020e-01
1.004780090264057568e+00
2.423034014867564423e-01
4.741167142957153358e-01
1.164638568234839466e+00
9.962062904688934184e-01
1.172119716956454560e+00
5.073306069229621684e-01
-6.105186754622884404e-01
4.005069557363518662e-01
-1.035368042739685412e+00
-1.488019711687663893e+00
4.271240867927226237e-01
-2.089141888097285626e-01
-1.870220326558686974e+00
-2.397893263927993734e-01
-8.194250111866165920e-01
-1.071901316150498440e+00
-1.346786538392111598e+00
-1.269318251944039133e+00
7.737940238133864668e-01
-8.574948882761315172e-01
-1.274808852440873164e+00
-1.622253678600019011e+00
-3.758392087177055974e-01
7.705290885100488651e-01
2.672449565781394476e+00
-2.623488728503344802e-01
5.201675525615612194e-02
-1.855805230816274243e+00
-2.270744916306141059e-01
-9.811826628722949417e-01
-1.960047848929680869e+00
-8.089326581399831628e-01
-1.429734641334883483e+00
-4.667438212219887639e-01
-1.963323739112472266e+00
-2.595546447509717858e-01
-1.569337703021019159e+00
2.121634398043809266e+00
1.881205554547527470e+00
1.386525900780999354e+00
8.074599943297593452e-01
-6.423017870438880728e-01
-2.241178423552884214e-01
-1.213370565888028274e+00
-5.592843701567042913e-01
-1.260492945438313361e+00
-4.286719529686804364e-01
-5.821130701312027256e-02
-1.131256636617234079e+00
-1.112923707002526852e+00
-1.539088367194933138e+00
-5.046849314108143858e-01
-4.131762055336982709e-01
-9.028861961680501036e-01
-2.002220804400488774e+00
-1.252316425091497543e-01
-1.732862893433010587e+00
-8.624843106102667578e-01
-8.636081670129350796e-01
-1.979582371390612439e-01
-1.031821717522134696e+00
-2.147744495657661457e+00
2.651336372796253560e-01
7.458279223774281208e-01
-1.145354711230655020e-01
1.217988518699733014e-01
1.442892763787606114e+00
1.277455023317288330e+00
7.777823577563757196e-01
6.003344566405660609e-01
1.576343130578767182e+00
-8.331805636503952783e-02
1.108374839678355483e+00
6.769585608427849399e-01
1.726100510830909096e+00
1.530726835950616760e+00
1.282718878575324517e+00
-1.041109944673816790e+00
-8.142963892742067777e-01
3.441726286931268142e-01
-2.460655443842247436e+00
-2.379801047168407457e+00
3.046749286940717560e-01
1.115699184191651927e+00
-1.362214115861726249e-01
4.233372282927423402e-01
8.141782035114225602e-01
3.182385623824947052e-01
-7.696071023461747984e-02
1.089123995936649880e+00
6.483224436913894717e-01
1.212542578843481822e+00
-9.163476353428585686e-01
-8.413169329231549032e-01
-2.555891142070207511e+00
-1.550888024667377962e+00
-1.971292835016522638e+00
9.462850809395055851e-01
1.173461269275599905e+00
1.132999036605384813e+00
1.138558422767399492e+00
1.817747435514729615e+00
5.026600187517814566e-01
8.560847428058091513e-01
2.286124971012232443e+00
8.091875374660629783e-01
7.027914992007670003e-01
3.984265115817758884e-01
3.829290006478774933e-01
5.059835793010059035e-02
1.356575957166337165e+00
2.510632104121906849e+00
1.788789531839193314e+00
1.634671238877343891e+00
2.494203436812976626e+00
1.308839683295038192e+00
1.026577114182782413e+00
-6.131840496398921481e-02
-5.777437053936709255e-01
-1.771670689217702988e+00
-6.886666315238734182e-01
-2.141770820293606548e+00
-1.493364536636020201e+00
-1.904584658495046989e+00
-1.412148051572901686e+00
-1.638663071864032039e+00
-1.480699931163127037e+00
-2.157339075360050984e+00
-1.388528785740492655e+00
-1.328462613216345733e+00
3.289044518048274135e-01
-3.960074490049850793e-01
2.285524192864540893e-01
8.193085129690851343e-01
9.168364621656038826e-01
2.866969034523298099e+00
1.956737352290956578e+00
-1.505804604749600539e+00
-1.091181613938282169e+00
-1.451177778647047667e+00
-1.922827351198816981e-01
-1.014417933861326171e+00
-1.320918632427159567e+00
1.975958068648306920e-01
-1.159228150882700481e+00
1.825534672200412878e-01
-5.160549240071115040e-01
7.258794432145609932e-02
1.369731849160794823e+00
3.349253943977508197e-01
3.504059341375760361e-01
1.723643263235185685e+00
-8.807773017683929728e-01
8.104558852760401777e-02
-1.514320489618335541e+00
-1.799426292799594318e+00
-1.493528825962514350e+00
-1.263359530976009726e+00
7.153991840265265800e-01
-1.139086249335425016e+00
-3.610293593498821174e-01
-1.226116318977334974e+00
-2.400820338686018296e+00
-1.447911286250362251e+00
-1.446276573719858849e+00
-1.561193203643288951e+00
-9.752696383420617066e-01
-4.290008853228142183e-01
-9.347281259212192328e-02
-5.122506942529088114e-01
-9.307292149115891089e-01
-1.778265567514032419e-01
1.477616389570300948e+00
1.929647924858759467e+00
-5.542469849858493447e-01
-1.221217891030823566e-01
2.199718180212987484e+00
1.332953672811697965e+00
1.781852080183364606e+00
9.553978903659771094e-01
-5.219088061105514598e-02
1.112383822246477028e+00
9.134766099835920361e-01
2.220678756970467571e+00
8.709347446764529321e-01
-3.347251003114237733e-01
8.437041977592987241e-01
-8.895383584805977017e-01
-1.882233175210818121e+00
-2.187015158086025757e+00
-1.818472063682825768e+00
-4.250784120295463264e-01
1.800402330129477813e+00
1.380169502850615348e+00
1.557094651775633221e+00
-5.665493788903985806e-01
-7.981597109809055457e-01
1.216139443298585920e+00
1.637722036734209130e+00
9.163766377942808017e-01
1.506781036644912142e+00
9.883990911336465457e-01
-1.719902412003675884e+00
-4.575066601700883417e-01
-9.382207328998195539e-01
-2.507446464395711505e+00
-1.260814098937132144e+00
8.534307965375282912e-01
2.581092420975748425e+00
1.722387331518042686e+00
7.775982660331695051e-01
8.435056357600950738e-01
-1.484045130667772661e-01
1.208679352428061682e+00
7.652277970462380008e-01
2.613679280966142437e-01
2.913143008362842901e-01
1.121077706586264267e-01
6.389774348876248178e-01
1.584643920222053914e+00
9.171346082786597798e-01
-9.354476197463390541e-02
9.133978911656086552e-01
2.109490321811314129e+00
1.098044703913700459e+00
1.973202438094356914e+00
1.847201630020543828e+00
-7.526413608373785369e-01
6.763876350351851752e-01
-6.238885875739812459e-01
-9.498236085161523290e-01
-5.013675874874645721e-01
-1.078422921517797395e+00
-2.532151640189028718e-02
2.060240860664024343e-01
-9.479142629500640904e-01
-1.143927323110259131e+00
-7.949416547927313781e-01
-1.932789480841543561e+00
-9.018257887107929971e-01
-7.142748944208830997e-01
3.167800536485192442e-01
1.269400990974321131e+00
3.672959917008222774e-01
1.138875851719306276e+00
1.805814203320863509e+00
2.307232370895729634e+00
-1.875353522809135587e-01
-1.486114007413560145e+00
-1.777778598362447449e+00
-2.244654076407132770e+00
1.869274012949884156e-01
-2.679010713749986117e+00
-1.770792659637893784e+00
-1.380477024550869736e+00
-1.180614557599261261e+00
-8.543121225594224599e-01
5.332503764470035712e-01
7.833179665569711680e-01
9.052955969616971466e-01
3.767770411370834349e-01
1.592580117961812425e+00
7.296119170685133604e-02
-1.275105734351850373e+00
-4.413088166059444539e-01
-6.097038630555167149e-01
-1.353362651068036993e+00
-3.595060546650947764e-01
-4.571322416544449929e-01
-1.119266968183187494e+00
-1.714318436211615948e-01
-1.720898591487243223e+00
-8.742195216613599662e-01
-1.066343065326493367e+00
-1.756156644169659220e+00
4.829568394657519637e-01
-1.349951317721942434e-01
-3.643095570181810183e-01
-2.077846672341384426e+00
-5.983074382974817862e-01
-1.518862779527746065e+00
7.399990375954312860e-01
1.543489601523195365e+00
1.086979963959754825e+00
1.373731792086704928e+00
1.829586581376936305e+00
1.021029591153566063e+00
2.657399969230969106e-01
4.406013226420606443e-01
1.207254200425766921e-01
6.377416560300943615e-01
2.087929818308300600e-01
2.344876187607589646e-01
1.483314702103725846e+00
1.158458010375340130e+00
4.636288714958025636e-01
1.037441307320770223e+00
-1.630026338089804128e+00
-6.166044895342854826e-01
-2.256462430970236355e+00
-9.307407157283195120e-01
-6.586437862908032237e-01
-6.870580664529235548e-02
7.558480853827316270e-01
1.382467053522078437e-01
1.781244663120427285e+00
4.548045707240616631e-01
5.339855603433163456e-02
1.821197840888368891e-01
4.220623358873530906e-01
1.434268718332161408e+00
1.041733867499144539e+00
-1.170463159149098153e+00
-7.751669018613990270e-01
-1.696414190931075483e+00
-2.038190682534406051e+00
-2.165511312832109958e+00
2.658007058372731102e+00
1.965548914892730314e+00
3.702024737184017589e-02
1.163041777547861422e+00
6.425184084457250533e-01
5.602382019326936913e-01
1.758012597265585564e+00
1.054493262317908187e+00
2.248167513523741334e+00
2.048199225613918095e-01
1.396914966197857488e+00
9.981077212401900933e-01
2.578196226415416792e-01
1.493791354130564963e+00
1.049343023534353270e+00
1.494382201472107319e+00
2.014636013420560090e+00
5.131041887571049509e-01
1.653722422673240988e+00
3.506203209981102464e-01
-1.895846279743270246e+00
-1.390507414768653138e+00
-1.554445495987674786e+00
-2.212247240160533757e+00
-4.346796464835918083e-01
-7.786471808546433504e-01
-1.661933582724959280e+00
-4.928707363554716281e-01
2.613049293585527622e-01
-1.220112957805014720e+00
-2.128452962329369313e+00
-9.510891941302087593e-01
-1.874699588801576056e-02
-4.336376278599145540e-01
-1.006421618499123705e+00
1.202388420844037409e+00
1.108133988971574002e+00
1.278449584512743042e-01
1.492294383682704506e+00
1.745941314327668525e+00
-1.309390797918155602e+00
-1.067228559837233748e+00
-1.906963024716758603e+00
-1.902375705865039679e+00
-1.389406750916455158e+00
-1.607443519113896713e+00
-1.129670535531682951e+00
2.604254319850713983e-01
-1.168908045749958768e+00
-8.427259009586920424e-01
1.824993484168019320e+00
1.045791903680930224e+00
1.392162030791965543e+00
7.533333854750625669e-01
6.369886853364359336e-02
-1.573899792142271714e+00
-8.331161085477866157e-01
-2.221818718150195826e-01
-1.525819864267855319e+00
-2.780846418857616520e+00
1.537778974999657322e-01
6.570476760326755539e-01
5.730359708249865847e-02
2.403781110676811217e+00
1.740080515253028537e+00
7.532167561337943518e-01
7.041832369041172157e-01
9.434102813782249131e-01
1.896175698932113241e+00
1.869830060392840831e-01
4.898785529098591551e-01
1.710743344279666012e+00
9.134185026436665300e-01
8.635363572552945399e-01
1.048464350106244725e+00
5.967003920138735928e-02
-1.280681038069113598e+00
-6.704233523698950314e-01
-1.201980754087763836e+00
-7.520364832980377390e-01
-1.180113363283708416e+00
-3.353526708131925327e-01
-3.476615109950720317e-01
-2.213846072453693914e+00
-2.197400267239638438e+00
-1.780093276239829159e+00
-6.577702433366638957e-03
-5.683579684361326212e-01
-1.113763332350923285e+00
5.298000733079617497e-01
1.491454127499861837e+00
-3.261618521014870709e-01
6.163447013473561942e-01
1.534046066401075326e+00
1.455592914527331860e+00
-2.024767177145439856e+00
-7.060243376629554701e-01
-8.111888737303176722e-01
-1.310545973518451035e+00
-2.747972993755343207e-01
-1.018440287258694399e+00
-1.127919527594974713e+00
-5.971149279186240832e-01
-1.775506953813534405e+00
-1.555338551286580717e+00
1.272072782876952690e+00
1.206696752187760957e+00
2.604325067324493759e+00
1.983296772646463424e+00
2.896962181415411175e-01
-9.003508033796157051e-01
-9.274315355064625122e-01
-2.434626596983871405e+00
-6.759814225556065592e-01
-8.640322286302637433e-01
8.457305823359013708e-01
1.324854858256478751e+00
9.267861274174941100e-01
8.641048928046186628e-01
1.475999447539084297e+00
2.517417217879205360e-01
1.337514905488667694e+00
1.531739831648312844e+00
1.728428443278377635e+00
1.063635068572349685e+00
1.017524271362540755e+00
-3.972488461936247717e-01
-6.968745736298620486e-02
1.117642737703537392e+00
4.224688654264924237e-01
-8.163071183831577260e-01
-3.805561410592158689e-01
-8.838110019741043377e-01
-1.556358482143519684e+00
-1.138195029088185706e+00
-7.475088938339569111e-01
-4.860994928926261061e-01
-3.312477499575521289e-01
-1.259295199513084551e+00
-1.265204289760996748e+00
-8.162819416492617108e-02
-1.301810722954741539e+00
2.753653160599465188e-01
-6.769526791980710057e-01
-1.709289464337661935e+00
3.144784540638418946e-01
1.094564040742842304e+00
1.329108545877828229e+00
8.744496648576183251e-01
6.670270472589439059e-01
4.998857890203445287e-01
-1.629301917986612169e+00
-8.555488513954760954e-01
-6.454206036489982257e-01
-2.338247653563192863e+00
-2.345876981839765563e+00
-1.666989388409562345e+00
-7.647645658601203156e-01
5.188594656339149402e-01
-5.384919595465907927e-01
1.219978673779783085e+00
6.223465075260392609e-02
-6.970584868230567110e-02
1.469027368303833736e+00
3.848951152716966195e-01
-1.628977763555951253e+00
-1.056215139058293451e+00
-1.112126886564256845e+00
-1.282050176606686742e+00
-3.025613345964123235e-01
-2.570447626019527476e+00
-6.837791932693281227e-01
-1.106358131418498925e+00
-1.029891434467371303e+00
-1.467496443627108960e+00
-1.489779352767394371e+00
3.038404143924031686e-01
-2.808044224915507980e-01
-8.235577497360135890e-01
-7.404206201800906939e-01
-1.017669418847462426e+00
-1.289263894729933968e+00
9.053238842254860419e-01
7.586744056981320483e-02
3.059571107342027307e-01
5.432163526929340014e-01
4.000411038054465518e-01
-9.381477577726209383e-01
1.130867549772820890e+00
1.263285990304736872e+00
7.766181950700803416e-01
2.064541185124885381e+00
1.936550389750178791e+00
1.008241021733857101e+00
6.812105701184805184e-01
7.579512639691742271e-01
1.377441720663103997e+00
-3.425981170590430835e-02
1.470582715250777550e+00
-2.451898943696881883e-01
-2.065302838803809493e+00
-1.242831375173439223e+00
-5.538793334232271492e-01
-8.030741467694515467e-01
-1.289193397916784223e+00
1.191615827687445339e+00
2.191817627160749460e+00
2.455248571009525094e-01
5.712465573028229215e-01
1.161819757069877612e+00
-4.544990091892384676e-01
2.765964710571213736e+00
1.737659801972722295e+00
7.361448823384854068e-01
9.168945389500904319e-01
-1.561845072288681635e+00
-5.085268530907733897e-01
-1.929707504805422635e+00
-3.711407217089149890e-01
-9.388936713067349560e-01
2.118616139951082999e+00
1.180956772539830002e+00
1.403923908727329195e+00
1.446422114804517323e+00
2.216324021500951647e-01
-8.115223889274201241e-01
-4.388623447937137767e-01
-1.084071476409680379e+00
2.654744903605228412e-01
-1.674381550196151425e+00
-4.546392527781065729e-01
-1.726708473724495096e+00
1.165914397413219117e-01
-2.017367308733219122e+00
-3.594523488229555142e-01
5.760014075308355075e-01
-1.016118151815983417e+00
-1.307105060140615338e-01
-1.056445810387727668e+00
-1.424676801425391437e+00
8.578016542961262036e-01
1.446448069501235167e+00
2.403317212178972984e+00
1.145058437752713987e+00
1.214888102768655775e+00
3.646856886181811808e-01
1.092740275116339976e+00
1.630479520918743486e+00
8.904749560339019210e-01
6.451806565941617944e-01
1.489208171742562925e+00
9.137570387082321055e-01
1.582885105228101441e+00
1.089392665573637453e+00
8.515508515025930203e-01
-1.567285769321839162e+00
-2.412034319219225953e+00
-6.695098490579121098e-01
-8.921793443294407933e-01
-1.051445219477530779e+00
1.043773459470267451e+00
2.012906714200197733e+00
-6.375502839109836728e-02
1.621984055363098420e+00
1.183646491195595729e+00
1.431697189126666547e+00
1.063893150242905428e+00
1.698786918076400809e+00
1.311437006953573681e+00
1.228627659493374935e+00
-9.137890041015748199e-01
-9.252214630263655426e-01
-6.250351888587881710e-01
-1.615010865780210025e+00
-1.090726024162253172e+00
5.320853422140499056e-01
1.041423341265737212e+00
6.468835511117092540e-01
5.551411501010692362e-01
1.812186490699540631e+00
6.412656184801244219e-01
1.161668438049631602e+00
1.251228677783284393e+00
4.576237457431160394e-01
5.143503652094205680e-01
1.906459123169713887e+00
4.970480618611281542e-01
2.139046273761422423e+00
1.717333445691181737e+00
1.364221669499505074e+00
1.385101275318470826e+00
2.136003507391316170e+00
9.707948860517238154e-01
1.972728372664414254e+00
6.665033925818517613e-01
-1.968363059725053876e+00
-1.750410318118299946e+00
-5.012217787217234655e-01
-3.108865248926946379e-01
-1.794010292481449387e+00
-2.848449037485196289e+00
-6.101040877698915565e-01
-6.753722340295451598e-01
-8.487572232673210593e-01
-1.232110953784809837e+00
6.489010077422991962e-01
-7.124761134432191501e-01
-1.592161649673768498e+00
-2.361603902255210663e+00
-9.820972126226994448e-01
1.420161857165905595e+00
2.757749044441473174e-01
5.502449623532201795e-02
6.200524333872520222e-01
1.146931751718918591e+00
1.074309250750440370e-01
-9.768831442262748688e-01
3.671339174931764759e-02
-1.681124482799845499e+00
1.247616279194492250e-01
-5.455868425606689165e-01
-2.202831703665910634e+00
-1.380927672632338288e+00
-1.867266893074665646e+00
-7.143331547027380601e-01
1.462907630573704765e+00
3.851102561417752979e-01
1.072132070451469854e+00
6.795082563498872075e-01
1.906975752973246951e+00
3.580520288429167586e-01
-9.222632076340252505e-01
-7.646976442364759041e-01
-6.453590928762531487e-01
-5.372816089203622525e-01
1.260865110388180721e-01
-2.466754440213786204e+00
-1.990788321891658885e-01
-1.167683128020155836e+00
-6.124523122719398582e-01
-6.592404849278392653e-01
-1.442841298060882016e+00
-2.606241887762016374e-01
-1.356345822748404206e+00
-1.692276741950963004e+00
-2.226735762842901867e-01
-8.095920729912854386e-01
-8.308627218670456838e-01
-1.338078082923132239e+00
-1.489298181335253268e+00
1.272657357730566652e+00
2.524958486268281899e+00
6.508387355289037002e-01
4.812178350705750285e-01
7.596480908509291030e-01
2.487489737396544776e+00
3.711060483572368174e-01
7.403702293652135724e-01
1.594479681716388875e+00
1.586218449290200727e+00
2.182996707370064904e+00
-8.018918626458346743e-01
-4.861831139296111104e-01
8.822088947718388363e-01
5.534776967377591506e-01
-1.792597073809298447e+00
-4.477231855277014061e-01
-1.889540908349127024e+00
-1.400892615761232918e+00
-3.415907813377352387e-01
5.888009584726758838e-01
1.501511159119651717e+00
1.041225634499683084e+00
8.184438261418073290e-01
1.213330925505286428e+00
6.017921777746192413e-01
5.415688852497257955e-01
1.063932989139928731e+00
-2.788132082104879395e-01
-7.031498988434279340e-01
-1.331610482306083032e+00
-1.037084785988019897e+00
-4.359320170310065912e-01
-1.353947182448680842e+00
-2.002673826218200670e+00
-1.282883410773181243e-01
3.453042530805117138e-01
5.875098660219992830e-01
8.426923838824851298e-01
6.437966616261981967e-01
-7.774595835409038314e-01
-3.924088164837702397e-01
-7.790477916865354846e-01
-2.172169537948397622e+00
-1.464200687465198492e+00
-1.069539210314271127e+00
-2.130336721806470379e+00
-1.118818546121696400e+00
-6.871664078479758908e-01
-1.173140062079799151e+00
-1.585090295943130112e+00
-6.685377536442748125e-01
8.815917098433456722e-02
-1.365346597582677735e+00
-2.415166403885173452e+00
1.642666762667328806e+00
1.694485014196802863e+00
1.748922478061378794e-01
1.494557167714069656e+00
-1.306506078949709604e-02
1.396732665428928266e+00
5.391764228142026383e-02
2.053800479946659152e+00
5.496916146980580509e-01
1.016406653620790745e+00
3.923750455937031756e-01
1.489343849882819537e+00
4.014781135551084290e-01
5.078832707342337827e-01
3.138808469450350414e-01
-2.479734936163075609e+00
-2.777125068031082167e-01
-5.207682567806799501e-01
-1.404456582105654938e+00
-1.108073789857522140e+00
1.003889646175771144e+00
1.637916093655586991e+00
-3.135646099177766821e-01
1.118637510735061902e+00
1.880683628770370763e+00
2.344603923697636816e+00
9.352251784150518166e-01
3.203851915783700877e-01
3.025481981542754717e-02
5.786364565738213450e-01
-1.804845354334002838e+00
-6.650852034796416179e-01
-2.659698150029873087e+00
-2.075190229152406918e+00
5.015560514587757979e-02
1.593841500406524503e+00
9.737428903834303151e-01
5.129837551349887281e-01
7.012794538147580914e-01
3.920136330688391846e-01
1.924229729144361301e+00
1.005303939784147893e+00
7.867688560208352389e-02
9.954265900006766810e-01
2.431848936057863675e+00
5.759464252797271699e-01
3.491017446046024153e-01
5.156653264590267405e-01
1.467176217038755670e+00
1.244279294017881732e+00
3.393265416499005038e-01
7.730190903957078197e-01
1.839833485058542051e+00
4.614434511914912163e-01
9.753268172738235320e-01
-7.592266531830549336e-01
4.425511119282719008e-01
-5.774921815385831714e-01
-9.623600860461541950e-01
-9.908227823292091729e-01
-1.692074690586323538e+00
-2.342201397117510631e+00
-1.561696059048462537e+00
-1.149714042039031936e+00
-1.571194864048909512e+00
-1.843340007555816396e+00
-1.429774662467718338e+00
-1.212317113714598271e-01
-1.058399648257157821e+00
-1.083581317772504438e+00
1.011624571912757675e+00
1.505564553360041469e+00
1.177999230718715928e-01
1.531091202503837012e+00
1.275613418554875089e+00
-7.394560576192692469e-01
-6.440552391670606447e-01
-1.435271242496870991e+00
9.284501162465859103e-01
-9.811614810669355702e-01
-2.977922620487667427e-01
-1.706151427378133301e+00
-1.989495157997543728e+00
-1.936523844896872903e+00
1.192375567652588231e-01
1.038806141705212793e+00
9.202048663559072583e-01
1.033370222030491670e+00
6.810511417668424494e-01
9.702768980321515579e-01
-1.780729079278952076e+00
-7.586205205346600033e-01
6.453300237511450099e-02
-1.259494897903201682e+00
-1.412214307600357710e+00
1.559144768153599259e+00
1.444131614067220681e+00
4.373746315505983029e-01
-6.750537276888501914e-01
7.413647957206517258e-01
1.263644193863629805e+00
1.958526059979250666e+00
1.626380241616307565e-01
1.674026276443828509e-01
8.604697388231776767e-01
1.049929410738348778e+00
2.762246073134443369e-01
1.262791099010601492e+00
1.726981671081926795e+00
-3.433331827567545069e-01
-1.336156630360180841e+00
-8.000686221200321580e-01
-1.747916671020425472e+00
-1.023331148596325901e+00
-1.569613460505454583e+00
-2.250867092136464187e+00
6.198033768219932682e-01
-8.525481540786780110e-01
-1.296053012204000154e+00
-1.430091742674426181e+00
-2.458720023367784169e+00
-1.609024092760544589e+00
-1.070628807719939735e+00
-1.666380691930130054e+00
-4.199887115171490048e-01
9.089131459606276664e-01
1.358062115213340970e+00
1.920370838733746810e+00
1.115522868024311443e+00
-1.038176559242840469e-01
-1.066387369048306333e+00
-9.259243113629443966e-01
-7.783113678575113159e-01
-8.041269440590868012e-01
-2.973863320154344514e+00
-7.124892023949711550e-01
-1.806185691395312043e+00
2.363411208887815640e-01
-1.662261900854060226e+00
7.887647322825359630e-01
3.489775899441743823e-01
1.088454628998564377e+00
1.819251537126634011e+00
2.349670916784422303e+00
1.731623609269793196e+00
-7.108041100741316898e-01
-8.625268111502150115e-01
-2.098658119241436637e+00
-7.902946447456389301e-01
-9.157122741824179624e-01
1.886780041562056809e+00
1.563436486682761473e+00
1.883286848136396463e+00
5.061001142558382293e-01
1.693210636429514970e+00
1.450383409702487025e+00
2.188789848282011175e+00
2.678361950274370518e+00
2.049521135035292652e+00
1.992671310336688428e+00
1.234309718648402443e+00
1.539192510550675408e+00
-1.882400031900686166e-01
-2.623497554953102551e-02
7.854862806223101845e-01
-1.134656554476542123e+00
-7.400527236517830953e-01
-1.705184439119665996e+00
-3.968007620987235029e-02
-2.048208454096108078e+00
-4.181636035442821697e-01
-1.385812847526042724e+00
-2.314720668064836673e+00
-5.291173381127933784e-02
-1.545496227600303474e+00
-1.468632693628434627e+00
-8.492427987663146993e-01
-8.061232313337147737e-01
-8.509454996920675640e-01
-2.078530533708462524e-01
1.370268029635458129e+00
8.227750410889589361e-02
8.991958570439384513e-01
3.625215913416939273e-01
1.745300412155744496e+00
-1.678682427554276435e+00
-8.380929119072789701e-01
-1.179180849373805184e+00
-6.002364193045306440e-01
-7.204770307442387445e-02
-1.698464468325938892e+00
-1.972822415526283013e+00
-6.631112401033929515e-01
-1.436468545816643072e+00
-9.868321416283202252e-01
-3.995216947661144324e-01
1.219601652965107919e+00
2.097119143705439726e+00
1.580888254882321098e+00
1.257323174243270447e+00
-8.469633405016326888e-01
-5.414657525905441915e-02
-1.403618438356684317e+00
-2.849238358611212441e-01
-6.660938164434575537e-01
-9.738729880476622025e-01
-2.057656521622795331e+00
-6.571616937045690054e-01
-1.653414795017780436e+00
-7.059931463213955372e-01
-1.399587539647770384e+00
-2.026769734403836676e+00
-3.707408742026896409e-01
-8.141117333370919695e-01
-2.164742734693880788e-01
-1.596400350249193467e+00
-9.937875992595530672e-01
-1.203323429963436553e+00
-1.250514422377470014e+00
-1.569491585111300935e+00
1.178393460309089091e+00
-7.293024404448678055e-02
-1.357905461569255401e-01
2.429468650535975716e+00
1.746731157766224340e+00
2.360364116798380874e+00
5.264805019876328540e-01
7.517665087263860624e-01
1.843108771789712552e+00
6.263166975053706675e-01
1.336029171512424618e+00
2.258219095787730168e+00
1.039210387501982025e+00
2.247113654263771299e+00
1.170200108335930356e+00
-6.270082447467624220e-01
-1.920330155119548188e+00
-1.532753231450525444e+00
-4.230224528711357124e-01
-1.317828584900249789e+00
5.368322874720484750e-01
1.413724209390727404e+00
1.250738282520126532e+00
2.175180334846999575e+00
1.787315949998888431e+00
5.418065865208995247e-01
8.083624086398109032e-01
3.537347496943328284e-01
2.774358258185390724e+00
2.739243105083681407e+00
-1.656962325111107637e-01
-9.333488142204423577e-01
-3.008979699243299333e+00
-1.167038100236110321e+00
-1.109609724434300837e+00
5.120882966517753543e-01
-3.557163455323713031e-01
2.486729358130661538e+00
1.110764709646166359e+00
1.591701341105880685e+00
8.734797786313568402e-01
1.415639964571739906e+00
7.462225464763695415e-01
6.041484201208824345e-02
-3.410998594987828536e-01
4.563208388410928684e-01
1.532032596945791525e+00
6.021068026959202069e-01
1.278413005532900382e+00
4.105266561914527879e-01
9.947270494295304966e-01
4.100043504484671697e-01
6.092929792543998468e-01
1.206324358242825801e+00
-5.062794794271141541e-02
-2.763542204514229939e-01
-2.325794338394742145e+00
-1.962273984724602238e+00
-2.342369099464151283e+00
-2.023497362493471563e+00
-1.185222873701746948e+00
-1.030692926278270471e+00
-9.063980608903384750e-01
-1.217411902708984694e-01
9.158695488533963314e-02
-1.022528780979548690e+00
-1.277346546377899461e+00
-1.250132090836384657e+00
-1.177878250718219277e+00
-9.970507201707543565e-01
5.987160412123256892e-01
1.262711907048929660e+00
2.697518877764291112e-01
2.160011483483709860e+00
2.558844254436593024e-01
-7.300623406376882674e-01
-1.489809220174802551e+00
-5.724636195622803125e-01
-8.386610430139650463e-01
-1.448528684187124771e+00
-1.295503976219604558e+00
-8.111876906089864336e-01
-2.596956493870845151e+00
-1.392878507250833842e+00
-4.859822068803605344e-01
8.604080499111046443e-01
1.438799423575318315e+00
1.426483879104804453e+00
1.407026039761385405e+00
1.011103268662961741e+00
-5.180490252856896349e-01
-1.403006088752666081e+00
-1.523451267392329722e+00
-2.063298123239972526e+00
-1.143461349777094238e+00
1.596214078052139218e+00
2.243693257511789163e+00
-8.223000333733421208e-01
1.030925320531589584e+00
1.719482171818429883e+00
1.007469777821791590e+00
9.039928443318011597e-01
2.258547092075782192e-01
7.937716457390399105e-01
1.252801385414831659e+00
7.123965725501373303e-01
2.952510225033828650e-01
2.893956917096113912e+00
4.849138009987032927e-01
8.583715063306400772e-01
-1.523701574219978205e+00
-8.789917149644015382e-01
-8.938947478310297345e-01
3.278268627039688798e-01
-1.127469835484273375e+00
-1.386693209902157609e+00
-2.246326906410140101e+00
-1.310366580895443001e+00
-1.713265642684117518e+00
-1.422112331879670011e+00
-8.272845126387264880e-01
-2.340157183693079013e-01
-1.668695211790298005e+00
-1.537879082299435929e+00
-3.312179695243684385e-01
-4.693515053653634084e-01
8.994481300813249591e-01
-1.149579906460531653e-01
1.504158304640746957e+00
1.432750831352002097e+00
-9.693956080255912156e-01
-1.331170258428699293e+00
-1.572166089647945242e+00
-1.895031400756864937e+00
-6.858657287445424355e-01
-4.210967090585916450e-01
-6.888492000901424994e-01
-2.680703241617912180e+00
-1.078956032741863025e+00
6.803685711964924110e-02
2.428239680922497534e+00
3.542959709543847868e+00
1.253248813826529418e+00
2.316958358789943384e-01
-3.624836577703405283e-01
-1.400209591103472206e+00
-2.798854795866589917e-02
-5.487816015076798504e-01
-6.965446273138553579e-02
-6.529724565817858206e-01
-6.518514214462338696e-01
3.505969736377434476e-01
-1.517129995488189831e+00
-7.468019411216857417e-01
-1.058977435947227042e+00
-1.644429167091682409e+00
-8.906608251090086803e-02
-1.032531417066756108e+00
-1.473066760132454078e+00
-2.553878790703388191e+00
-2.367160359563507122e+00
-2.584609949466128986e-01
-9.325209053497711675e-01
-1.421281397117588163e+00
-9.591028534366810021e-01
1.283854098224864515e+00
4.923444488392301199e-01
-1.511159619992377134e-01
4.405453482901930951e-01
1.026430435631061178e+00
9.003718330839498574e-01
1.574543508630354305e+00
6.488853291277675295e-01
5.803363191684092204e-01
1.099586710925308575e+00
4.092203310758698587e-01
7.497565068388477583e-01
1.177895139919630907e+00
1.494824393427478082e+00
1.159152215770829608e+00
-6.506494088740690795e-01
-8.442737650158207430e-01
-1.106727470267113711e+00
-9.975470868704571226e-01
-2.049753816859070099e-01
1.402924230374534620e+00
2.030685160881967377e+00
1.923384737734219696e+00
1.554004391368317028e+00
-8.551307515831960693e-01
8.729549921232915288e-02
3.660250774797503270e-01
6.397888184192623839e-03
2.302290708361289795e+00
1.747875419785376083e+00
1.191558026087118360e-01
-1.108627294364018745e+00
-6.397313804601765241e-01
1.429225355773968698e-01
-1.178732535169416007e+00
1.809301730093793914e+00
1.550915525670737205e+00
2.082737045213587823e+00
1.110392788122824603e+00
6.319529160252782551e-01
-5.241304701129909649e-01
-2.423757828379069501e+00
-5.902437350561662299e-01
2.877617747675884630e-01
-3.442088993728738000e-01
-1.690852707914402675e+00
-2.688045815025488228e-01
-7.851293893888441344e-01
-1.813978052998810542e+00
-1.403916166036971447e+00
-1.056328925731038648e+00
-1.882773583924613137e+00
-1.893423559051248262e+00
-1.332270044004873366e+00
-1.123648247323378868e+00
1.108082660204985137e+00
5.845690180520695112e-01
4.121765245660090615e-01
7.024701978614004139e-01
1.850531827349289005e+00
1.633346582031699690e+00
1.010695566863524242e-01
-3.416650330042847461e-01
7.915271719203110790e-01
9.033512989064440557e-02
3.118761840970972976e+00
1.065281721392548064e+00
1.272119149153229101e-01
7.472506170746031628e-01
4.390735614050795821e-01
-1.263717127154927233e+00
-1.424178224624270017e+00
-6.559095140816276759e-01
-9.487429456207305822e-01
-2.074409162495632231e+00
2.837314407432998120e-01
9.682903189924809695e-01
2.178227130490717478e-01
9.354427006238110742e-01
2.050489951847415782e+00
1.153195190945789372e+00
-2.457394261521816947e-01
2.913242644802637171e-01
1.042262972121847930e+00
2.109931061583236733e+00
-4.453489513738413397e-01
-1.209295883547634842e+00
-1.993869036366840763e+00
-1.201483839766290806e+00
1.162807453996517193e-01
2.855934244891876750e-01
1.856425044430012106e+00
1.258341587516626170e+00
1.428358601194347210e-01
1.020722257376892372e+00
6.422478825492752286e-01
1.808263853366411489e+00
-1.835773617888776243e-01
2.177554139829442903e-01
-9.141705936347428452e-01
1.142868975947625598e+00
9.463863098113998173e-01
-4.004775568362888283e-01
1.169996648251143911e+00
-8.416390173491465898e-01
1.603894518870376817e+00
1.561177382391305990e+00
2.307252884656908698e+00
-9.160162896191081927e-02
9.230698536618056060e-01
-2.340208340300153012e+00
-2.103625586760685451e+00
-7.574676746115374115e-01
-1.017988875466824483e+00
-1.787862408611635034e+00
-1.204692348474126096e+00
-1.779112241542616601e+00
-1.167744912754871578e+00
-5.645313310461582690e-01
-5.078918403652221691e-01
-1.244144550533212934e+00
-1.773519319247254478e+00
-2.941502258361338162e-01
-1.199955555464020440e+00
-1.803262054117631408e+00
2.118855397336830926e+00
5.688291078890834740e-01
-4.247371406575131125e-01
9.547363870949100439e-01
-5.331273350751057905e-01
-1.995645349873557128e+00
-1.257067691308392021e+00
-6.037129310380857650e-01
8.205755398579994697e-02
-7.859373325864761339e-01
-8.858155821443716160e-01
-6.838936783115309170e-01
-1.084395529359912791e+00
-1.039412170382709499e+00
-1.426779597535918986e+00
1.637254908007429455e+00
8.572257597289716369e-01
6.983047110451210404e-01
1.509191165635972443e+00
6.516637034997475597e-01
-1.334430229886568231e+00
-1.185643766290298551e+00
-6.481630659734536337e-01
-7.273610535401456856e-01
-1.123818913902716821e+00
1.060248626143691641e-01
8.453633036423997549e-01
1.105319739790780798e+00
1.658640201653330815e+00
1.717357529079321488e+00
1.672421758365642441e+00
1.367018434930121096e+00
1.222809530695648350e+00
6.917247888669983968e-01
9.807231411967685109e-01
8.512211323284915032e-01
-2.455319263916135863e-01
2.917983706250273368e-01
8.580338436046174300e-01
6.203515893937827652e-01
-2.924896605254888593e-01
-1.289977783217279850e-01
2.547337935269857745e-01
3.670146311202036049e-01
-1.609899072846866286e+00
-1.158611154889517270e+00
-1.090617976211862628e+00
-6.776792463924958820e-01
-1.840942471048220508e+00
-4.677340715709061847e-01
-8.449104311930013544e-01
-1.108298806622778354e+00
-1.343961137742318845e-01
-1.149861373149089649e+00
3.246300277930713740e-02
3.133158609987647392e-01
1.651047508768892502e+00
2.256884788188374014e+00
1.308015846320703002e+00
-1.365516222046188055e-01
-1.373623683540285523e+00
-2.198150624693344213e+00
-7.201573914136483179e-01
-1.397282696312291961e+00
-1.294831758810394362e+00
-2.502530674499582553e+00
7.146638293015907806e-01
-1.358658462381919563e+00
3.620605355940731407e-01
-1.247797046110504571e+00
1.340318945988655752e+00
1.834887558723097944e+00
1.110458847266337701e+00
2.009496388934381095e+00
7.961259191770966304e-01
-1.328382627987554576e+00
-6.121069163323169526e-01
-2.266130678417052735e+00
-6.651361064869385498e-01
-1.032326072174259313e+00
1.202620924717123785e-01
1.466551168651524462e+00
-4.947082665172284344e-01
1.848064769377371519e+00
7.958801870380882715e-01
7.181469645387462686e-01
7.607297482925576837e-01
2.084213842377360404e+00
1.190515611062513912e+00
5.013835479437521725e-01
7.638843098668972598e-01
3.853072573157296787e-01
1.064807995537283780e+00
8.622123427538891383e-01
8.392940904625583176e-01
-1.297245108832270066e+00
-1.670769346325389648e+00
-1.735241149209643563e+00
-1.025799975965100641e+00
-2.174673107018754159e+00
-1.569043596674414731e+00
-2.167918027327406794e-01
-1.521283994070207868e+00
-1.826872630523078467e+00
1.091729474415248369e-01
-1.330811412572993957e+00
-8.375470434762382066e-01
-1.417659384382453647e+00
-5.314206856266626700e-01
-1.532445651122403163e+00
2.981537397618956309e-01
-8.052560563806787641e-01
1.823323389311918064e+00
1.600734993450227073e+00
6.775484932623294654e-01
-1.252330918069472165e+00
-1.997891066132092108e+00
-5.918214077741774659e-01
-7.812974076668046663e-01
-5.463951923062362326e-01
-8.899703234460570878e-01
-6.296226125203168156e-01
-5.320711895823421189e-01
-1.186488248557878045e+00
-1.766397927590289241e+00
1.269383449795585594e+00
1.065291900888136523e+00
6.390095338908527989e-01
8.484367532295591374e-01
5.078220698422863943e-01
-8.146266105658214185e-01
-1.599418858547560163e+00
-1.206073847169737423e+00
5.967799756486913410e-02
-1.413101226877476302e+00
-2.456340684083257564e+00
-1.532310630902043336e+00
7.074613037150605521e-01
-1.209011719080378633e+00
-2.326817885352812088e+00
-1.187281343557697877e+00
-1.872706034799857866e+00
-1.267263076434669955e+00
-2.296922654464266689e+00
9.977119236437026473e-02
-4.219485489077601237e-02
-2.978472722850359355e-01
-1.385393926686267818e+00
-9.010089930294926663e-01
-1.059789170126355096e-01
1.039550457387254268e+00
-3.164887522508252893e-02
1.083033874706725186e+00
1.393827629251630507e-01
1.989979625326236956e+00
1.695621032744554446e+00
8.618810480433484189e-01
2.217841388738310826e+00
1.075143048779564126e+00
1.121443802612150487e+00
1.567319339235913045e-01
1.191040461628767533e+00
1.194949342658336633e+00
-4.725983374292974659e-03
1.277490484438177587e+00
1.835415852421031779e-01
-1.601289696531493112e+00
-1.638179090960455664e+00
-1.027476939862916661e+00
-5.485407591470816691e-01
1.712886832624865407e+00
1.335684807228900706e+00
1.307026810734314592e+00
-2.775246771601738160e-01
-8.434528843400501685e-02
1.505851658371494706e+00
7.311089805385293516e-01
9.916479560113359293e-01
1.190162834636515843e+00
-3.337907568209281806e-01
-1.585762515730183786e+00
-1.598466535856939208e+00
-1.475102220634909367e+00
-1.140048700664052950e+00
-4.521488705166624156e-01
8.869724964213681062e-01
1.649241038632710099e+00
-3.568770269658205763e-02
1.466241757658082179e+00
1.282897125116432280e+00
-1.858049752935205579e+00
-1.997649805982980142e+00
-1.775174992124517903e+00
-8.362093692309190418e-01
-1.355602533373330365e+00
-3.321969818224540516e-01
-3.069631804916036488e-01
-1.685944352130265944e+00
-6.108228265460646789e-02
-1.130971122698927855e+00
-1.627976407301789497e+00
-9.325283595411669735e-01
-3.086271845385131218e-01
-1.363792456568423184e+00
-1.368431469329363104e-01
9.706017740406750471e-01
1.990975320721598107e+00
7.801619685242123792e-01
7.244957357411354604e-01
1.025717419307971445e+00
8.142246796108976170e-02
-2.015180427704899024e-01
1.618225185124698928e+00
1.778377680009290085e+00
4.767049936468654714e-01
1.260258499722545000e+00
6.684912909365958722e-01
1.604474260256681939e-01
1.724058139770896947e+00
1.280133634152240019e+00
-6.877903729335417271e-01
4.814863281570156417e-01
-2.113826396211881509e+00
-1.174205105825687490e+00
-1.738536308173890266e-01
1.445472571746347024e+00
4.024381431387286101e-01
-5.588205194982740487e-01
5.439099425599593918e-01
-1.470648886848291426e-02
5.829429090445282791e-01
6.688934008052249691e-01
5.922827624592884588e-01
-2.769601141408788436e-01
1.209791963341164678e+00
-1.017662922269089165e+00
-3.443561005268452879e-01
-1.320369308855137147e-01
-2.285395273462995647e+00
-5.851143063451386128e-01
6.881873755916068092e-01
2.701675008023079361e+00
1.096150064787552836e+00
3.499612626981376540e-01
1.338439308395072747e+00
8.565055458267264443e-01
1.465892877394061822e+00
7.373624994824623524e-01
3.907034145187444629e-01
-8.070775376960237502e-01
9.667832472321207238e-01
5.959261591478303144e-01
5.606815104412904427e-01
9.865831399053425210e-01
1.625396833532462004e+00
1.599799573704723255e-01
1.198991707897187453e+00
1.493244693086476005e+00
1.870801803586579659e+00
3.390797874346338503e-01
-1.316700488613011588e+00
-3.364966290873860899e-02
-1.379521801306244688e+00
-1.506772364327086500e+00
-2.097450023383896411e+00
-2.818434945594140650e+00
-1.625649488191584835e+00
-1.140821112473839660e+00
-3.362963972613864705e+00
-2.911667597475200431e+00
-5.707680338101420725e-01
4.256229844074166380e-01
-1.068749210632430335e+00
-6.103246543341368513e-01
-1.796017288209097895e+00
1.616948365678646748e+00
1.040816229553827688e+00
5.621849033244999960e-01
9.686205410671756555e-01
1.247952447526048836e+00
9.444401488124887223e-02
-4.781124746864456876e-01
-5.473817827787742507e-01
-1.169524875545217668e+00
-8.253845872671019546e-01
-1.977314698253073155e+00
-1.611114505075478265e+00
-1.752298965871165404e+00
-1.126831702068688656e+00
6.566675222400553125e-01
4.108605280030985796e-02
7.141711531115116918e-01
6.303268271146345025e-01
1.208185919772396755e+00
3.188317507021011243e-01
-7.108054178363806264e-01
-1.074813228553666233e+00
3.638584315105979350e-01
-4.160663322113782314e-01
-1.197236947266749896e+00
2.407725954579063021e+00
2.515367376988680626e+00
1.049980469803199368e+00
4.859239081540245309e-02
8.307156268360689211e-01
1.081708955737834765e+00
8.057022456241642594e-01
1.887047750839400129e-01
-1.916459548090232445e-01
1.089540934880666390e+00
1.477727547067257952e+00
7.085995469934511792e-01
9.963191108762018411e-01
2.348763888985727633e-01
1.088941914942866074e+00
-4.770967115643093281e-01
-2.405171649000883427e+00
-1.253336703572461630e+00
-1.263675710770296945e+00
-1.836942307358678361e+00
-2.215231105192732031e-01
-1.249784495943347284e+00
-1.981408459778227327e+00
5.847995535671968170e-02
4.288885043202494973e-01
-1.044296288688590923e+00
-1.525713150633148718e+00
-8.433902500551390125e-01
-1.073262924307497812e+00
-2.394019893096366314e-01
5.426879906666035591e-01
1.151942774437674011e+00
9.905884030597648104e-01
8.073860485781680918e-01
8.442980081300790474e-01
-1.082851955986689818e+00
4.742965448728777567e-01
-3.950289522917614704e+00
-1.756816081509434024e+00
-5.197510829627791651e-01
-4.324705492913234472e-01
-1.542639025682088771e-01
-9.342717334549806019e-01
1.812815258818969433e-01
-5.752957207526687711e-02
6.824534166482957298e-01
1.010969599598155799e+00
1.574045160353882977e-01
8.524644402169253565e-01
7.664208633394292702e-01
-4.200005939247353215e-02
-6.257337996665617297e-01
4.402294552926668825e-01
-1.311521378650058800e+00
-6.005354958875304128e-01
