-1.205067049388415690e+00
-1.172768827487163712e+00
-1.646875665363975116e+00
-7.690808020247630328e-01
-9.337533585961187432e-01
-3.830196922021977812e-02
1.515232114594260437e-01
-1.056057712688118988e+00
-2.212347260490699075e+00
-1.624072571130428244e-01
-5.553804563390383198e-01
-1.687382212666712622e-01
-2.547910915776986585e+00
-1.494761242791158073e+00
-1.240227025409657458e+00
1.583612926623482409e+00
4.416166148272172576e-01
2.089267472215013299e+00
8.979249317804732788e-01
2.488296567494234779e+00
-8.354239551529585306e-02
1.970338913886858334e+00
3.651129044002014989e-01
-1.264497762055409869e-01
-8.778092559953121210e-02
2.379209987218644962e+00
2.478810329425573222e+00
9.097686084369063231e-01
1.128940529664336223e+00
2.135917687547662647e-01
-5.350630589553135863e-01
-1.278135200024907547e+00
-3.750771465345247302e-01
-6.092793079111631371e-01
2.132461514574459649e-01
1.117539589318729876e+00
1.963621268436196443e+00
2.121313297240904561e+00
9.933079190438428574e-01
3.655717864054714994e-01
1.050738839613834408e+00
1.195316856242407688e+00
3.424317073198166472e-01
1.672980110952479560e+00
1.011935740478307588e+00
-1.186076372714091942e+00
-1.032531274731243176e+00
-1.268050526326620631e-01
-2.157424869751505270e-01
-1.131390457392166482e+00
5.035542593756707763e-01
1.012665235518521722e+00
-2.204907186190414592e-01
6.380427574891504028e-01
6.941255983355304471e-01
6.592804603081245940e-01
1.227581973090962730e+00
1.020448949797977622e+00
5.096488300680351857e-01
7.595886297587450819e-02
1.291661695871696436e+00
2.260073252205271332e-01
1.805793376331533251e+00
2.141544279872507950e+00
4.216738096701311278e-01
9.820944699072060580e-01
1.909918640106230692e+00
2.648036942107407476e+00
1.620711502610202803e+00
-1.423635674103573834e-02
-1.123480010095486259e+00
-1.428907367407703077e+00
-4.737444570683470024e-01
-6.904839680657715029e-02
5.559982419260545150e-01
-2.430834618844939232e-01
-5.924724409821324755e-01
-7.237468480286073369e-01
-1.653473013681244108e+00
-1.853153492861875584e+00
-3.270945548464808672e-01
-1.556009878968199756e+00
-5.468211107749905153e-01
-1.056665140576129813e+00
-1.709802304918988547e+00
1.156709580894604850e+00
7.955326098340279595e-01
-1.624612389666968415e-01
2.136221852454206704e+00
1.429093628605029309e-01
-1.711952186752949245e+00
-7.088833468505901791e-01
4.367261541305245132e-02
-7.706443135251537235e-01
-1.051631237290332477e+00
-1.356477087777039348e+00
-1.155058464181245359e+00
-1.706935774600444544e+00
-2.020271670839543177e+00
-1.580575620354499389e+00
1.257684811856197626e+00
7.320229995015418156e-01
1.897677494466756487e+00
1.126608662250283555e-01
1.305230501433049195e+00
-9.710693567079736743e-01
-1.640593137947458313e+00
-9.835938810864554016e-01
-2.278382666693843817e+00
-8.736157272050587563e-01
5.603196823536993332e-02
9.446003394641947493e-01
3.235839401606389609e-01
1.293825392756856818e+00
1.946929216361515280e+00
1.504306277388220980e+00
1.520181351648774992e+00
6.690029482341853795e-01
1.581065294333666271e+00
1.170563452200054755e+00
1.919030452450005031e+00
1.305589203829420120e+00
1.516566972502498611e+00
6.449159105814188386e-01
-6.529762129882064059e-01
-4.757305177969866072e-01
-7.548553114179517021e-01
-3.859164259474956449e-01
-8.122629188649281851e-01
-1.291058297742193828e+00
1.181474395320374349e-01
-7.954704568465492676e-01
-1.084726021666171825e+00
-1.154979819299709831e+00
-1.105381067620104574e+00
-6.863011480027991773e-02
-6.416993024313357719e-01
3.677318528856809987e-01
-2.369678768709719385e+00
-1.775921454514270525e+00
7.437075020128876002e-01
3.137891262655301716e+00
2.401387195625479976e+00
2.255499773962304833e+00
4.529509008872049103e-01
-9.048163594862904668e-01
-1.887725790879932308e+00
-1.497357570380120073e-01
3.599368682393957464e-01
-1.115666709000701085e+00
9.994796087321966560e-02
2.361873240474436919e-01
-7.105500611092829821e-01
7.254226387732183312e-01
-1.407172752580396757e-01
1.692229491379681594e+00
6.837050371837449791e-02
8.778802822490116009e-01
8.049716617275024522e-01
1.823796663971012366e+00
-4.185911807341751167e-01
-7.398250354555018227e-01
-1.750147939827847221e+00
-1.414271875732382000e+00
-1.504316819179527087e+00
-7.872704343689272966e-01
-8.972606637132818364e-01
-1.864034989500494399e+00
1.245646750779856315e-01
-1.249348999852760045e+00
-5.347658658731078152e-01
-1.182667689027812052e+00
-1.980823522101571310e-01
-2.745245191497660553e-01
-2.245760192367523889e+00
-7.482055153476729892e-02
2.481843793175846358e-01
-1.575522301692748206e+00
-4.732497771301890088e-01
-1.660646265554015955e+00
8.470977910776060771e-01
2.925055598288817116e-02
1.572736492324701363e+00
1.817029449619377068e+00
9.689021824756388623e-01
5.332714803220396371e-01
1.739601347845850299e+00
2.045999096782039395e+00
3.645935079257500711e-02
-9.555473247320280805e-01
6.667715009246244495e-02
6.499819918144855713e-01
2.864444697729685574e-01
-1.129909759630676191e-01
9.029651303032908416e-01
-7.935367182272998754e-01
-2.838540492436250062e+00
-1.154381123976127466e+00
-1.628391475290725587e+00
-1.021091257110129824e+00
3.164911063415118520e+00
2.054282440780561547e-01
2.564650953671874234e+00
-3.285094776888064505e-01
2.236596812702956072e+00
8.207596146234052981e-01
2.088861617148731753e+00
3.665601658338205615e-01
8.509829007633218367e-02
7.308792060242423894e-01
-1.398196295565086400e+00
-1.140399477820866814e+00
-1.210040073323289889e+00
-2.859999578426871691e-01
-1.746270501049037360e+00
7.552663718863976694e-01
1.216261263407194093e+00
9.031618349368562004e-01
1.067848769702283374e+00
4.518071824757128319e-01
-1.070759514890894604e+00
-5.278576743197884724e-01
-3.649783440988862981e-02
1.688485206667880156e-01
-1.687735950516653372e+00
-1.281273689412184780e+00
-1.759165876184674904e+00
-1.086488256540864894e+00
-6.660372693522621512e-01
-3.166447941081819151e-01
-1.303111844348354698e-01
-1.069333393080855066e+00
-1.498252691495135291e+00
-1.087149476369081880e+00
-1.357479294784558199e-01
6.295694311855130065e-01
9.274797475884435372e-01
3.911297711487918827e-01
7.207721221467855433e-01
1.249823451761195248e+00
1.650632634720651915e+00
5.471135651262928334e-01
6.713423627014085682e-01
1.296209265050916937e+00
1.109919930937537824e+00
9.198082920292671716e-03
2.269177692345492936e+00
-7.301209771206140786e-01
9.861124630295182714e-01
2.264522165743225290e+00
-1.644394995178525498e+00
-4.219035548469460828e-01
-6.300818327122790219e-01
-1.231504126195217319e+00
-1.592696805543923677e+00
1.128453747261808360e+00
9.707446033537626695e-01
1.782248539989232938e+00
9.152493226486223543e-01
1.425754559394066590e+00
2.111510911705543059e+00
1.272031319761498303e+00
1.229800745119846050e+00
1.915127913150292294e+00
9.993567273709380583e-01
-1.236859906638097861e+00
-7.693030310908852698e-01
-3.189403440611712215e-01
-1.471184199395373149e+00
-8.915531210743192769e-01
2.357062434678025564e+00
-1.370934068227877223e+00
-2.514214632407973937e-01
9.355240452470692247e-01
1.827987772523585797e+00
-3.018945912582970958e-01
2.728870418318394275e-01
1.050989595918254249e+00
1.741551943503161226e-02
9.045182836981409125e-01
1.282871542806644172e+00
1.326552961092555716e+00
1.036905622630941659e+00
4.492658148122670170e-01
1.351746918468945680e-01
-1.031462081979497292e-01
1.938170609879180439e+00
-2.702061650104139456e-01
7.945074315026078304e-01
1.302467749077225623e+00
-9.768987170758579586e-01
-1.723507310006475723e-01
-1.060501820438374265e+00
-1.280735922445223496e+00
-4.893530063110889117e-01
-1.092800697858754111e+00
-8.053260611073920217e-04
-3.090163349395917081e+00
-1.087280278593069083e+00
-1.350109481219320839e+00
-1.390794863478665322e+00
-1.456513013384544974e-01
-3.685468498991839592e-01
-1.129522234832365246e+00
-7.948346299025388362e-01
7.748505747071934291e-01
8.764427435084802820e-01
1.462816822783798099e+00
1.535356801435553864e+00
2.475860738568122166e+00
3.810535798009309083e-01
-1.616222577150974615e+00
-8.172522869598701778e-01
-8.007726485812570738e-01
-9.969963613671908309e-01
-1.375970103085331520e+00
-9.575146736226540778e-01
-1.745527674144617736e+00
2.791872735831382180e-01
6.674033349096935019e-01
1.741181690054255382e-01
4.165785970811982653e-01
-8.498266100115903221e-02
5.166617201062917442e-02
7.005714659768852437e-01
-9.314160070794387236e-01
-7.450586049372664998e-01
4.792064238159476908e-02
6.590495476570032984e-01
-1.272282198243527285e+00
-6.208502751265629893e-01
4.209412407484580676e-01
-1.741433061540497373e+00
-5.234512624883173038e-01
-1.512951946641952761e-01
-1.910105227320285870e+00
-1.175653159109371959e+00
-8.817934237579032608e-01
-2.121438403307047693e-01
-1.781765193188838303e+00
-1.635681252590550638e-01
-8.053884351975060252e-01
-1.902158368375364450e+00
-1.399915599101164254e+00
-2.969016699681561455e+00
1.106501143954974342e+00
1.873298208796968511e-01
-5.458477503145446885e-01
-1.502878257875073231e-02
6.364543934566307959e-01
1.320048049219229469e+00
1.668227839219187603e+00
3.672613002516147418e-01
6.532197073763338357e-01
1.047641318642400066e+00
-7.422894787783747006e-01
1.117018991341728773e+00
9.494138293252318839e-02
6.975066065995064735e-01
1.785077157014556493e+00
-1.703092697823554769e+00
-1.757529885242811396e+00
-2.939503942074400689e-01
-2.235234936691072427e+00
-2.972995273566669816e-02
3.497766784418775421e-01
1.739982193778326636e+00
1.047250514479749928e+00
4.247747104994484824e-01
-3.955279129033508756e-01
1.971091604891234139e-01
1.522123257112285355e+00
1.181061617071292646e+00
-4.169324070513322766e-01
7.920980537019911560e-01
-1.418021740867394520e-01
-6.172488881175831610e-01
-7.639840578483343414e-01
-8.767573042021622465e-01
-4.995917732138450695e-01
1.312726576019109359e+00
1.755250288045730134e+00
-2.266965619575331825e-01
5.555108443793455031e-02
-5.445922953527220223e-01
-1.809579429463782363e+00
-2.227589505683053694e+00
-3.817963954413616801e-01
-7.273603941306472365e-02
-2.285416550888011766e+00
-6.152805373668994715e-01
-8.435877497476921283e-01
-8.002998434892361068e-01
-1.018684180143862861e+00
-3.000410780580236025e-01
-4.422944112154160168e-01
-3.844353007083942675e-01
-1.792039274462544185e+00
-1.655278691835775584e+00
-1.125451659500982027e+00
3.955448904781395658e-01
6.863760443270500167e-01
1.674108384386611137e+00
1.913174142806042255e+00
1.246576279262196163e+00
1.495848077912201646e+00
4.233805518164800441e-01
1.442309056218017860e+00
7.349736974551435154e-01
1.476204073353776458e+00
1.383300717564623028e+00
1.925380128014427816e+00
-2.759901284821730805e-01
2.642952721382212378e-01
5.850862325394227126e-01
-1.147160103911151419e+00
-6.231172865734371236e-01
-1.052685434104568607e+00
-2.714346916775585150e-01
-1.796343023439093578e+00
3.841289009677439914e-02
8.858214426524156915e-01
4.192851052119922484e-01
-6.754636326260481383e-01
1.536830233336314855e-01
7.810432928442634370e-01
3.862947458284876623e-01
2.713274864774362083e-01
6.427886663415178781e-01
1.080948202328739560e+00
-1.720445926321043650e+00
-2.065987453487738712e+00
-4.334872118683418263e-01
-1.169233209282980246e+00
-9.385173092419580865e-01
2.181184423242528148e+00
2.114121257933716080e+00
1.842334916233481668e+00
1.654640248277027936e+00
2.009440794563802868e+00
-2.139657662668030369e+00
-1.060906099054706342e+00
3.851738036668961307e-02
-1.418475975919736953e+00
-8.381217129310931657e-01
-2.191719244228555574e+00
-7.102887142487745997e-01
-4.294987352118228019e-01
-6.912576638017398079e-01
-1.319917503265442882e+00
-1.000270426002012325e-01
-2.358703526468997058e+00
-1.417853109356357111e+00
-1.246256845449620343e-01
-6.630228599979168802e-01
5.896003714487987324e-01
1.299447687442880639e+00
1.229976516537937492e+00
7.846412189856991626e-01
1.623515490681189277e+00
8.305495974868604137e-01
1.653797283851582423e-01
1.294950716690318249e+00
1.826739640615376636e+00
9.885403451672116759e-01
1.020336738090985573e-01
3.544025009725932929e-01
-4.267990873369227334e-01
4.663377663266415896e-01
4.102294498160814484e-01
-8.222800732745727537e-01
-2.100285058068116939e+00
-3.450280604899851333e-01
-4.057537100421223508e-01
-2.691398117721510719e-01
8.309871446157801600e-02
2.783342349724893250e-01
2.879261531220898895e+00
8.153543136117176182e-01
7.559032226159838608e-01
1.081597803012986914e+00
7.759773115107067021e-01
2.282896628978931197e+00
6.842157138287474627e-01
8.652393901247708019e-01
-1.252756078398267192e+00
-1.748637975042273141e+00
-1.258456924229560236e+00
-1.201964413241542351e+00
4.333139190192025758e-02
1.145393283168636867e+00
1.612250271561882276e+00
1.975475023076239678e+00
1.353414985522077840e+00
1.632213018834198781e-01
1.243549193197719172e+00
8.255098017222777251e-01
1.742060752976792859e-01
1.257419559989883862e+00
1.407045774771886304e+00
1.497855759125626740e+00
8.836232256429883414e-01
1.858040882099214031e+00
-1.492504709496567106e-01
4.365640935573706916e-01
1.223084443167917534e+00
5.712291252140988540e-02
2.144249182401916975e+00
7.171507447911364963e-01
8.666244982061126478e-01
-1.650555447830340583e+00
-4.430075882062869397e-01
-1.901854503006109143e+00
-1.710162733682392355e+00
-8.638104681268791163e-01
-1.825708113379161279e+00
-7.449609331599571505e-01
-9.861371734307532444e-01
-6.120927451462366831e-01
-2.493512675315309846e+00
-8.932850710061346344e-02
-9.889365416556663568e-01
-1.066702791093629310e+00
-2.057328702603501203e+00
3.037617364907962969e-01
1.700308421982541507e-01
8.337921355564372750e-01
4.996406259681455131e-01
1.196836602875667843e+00
5.893806479880879801e-01
-3.636077697309580969e-02
-5.597629070322860390e-01
-7.436502355189239521e-01
-1.043112566425885124e+00
-1.372025426774291512e+00
-7.695671416985493396e-01
-2.666392040766285554e-02
-1.513570606719025102e+00
-1.610703950543668661e+00
-1.794200365572642397e-01
2.388412155367719780e+00
2.087910535626387620e+00
1.512933510052559827e+00
1.148193428058278620e+00
1.753977735742595634e+00
-1.333237886528378713e+00
-1.254279191494178214e+00
-1.628892360046073406e+00
3.630348594996477551e-01
-2.061110615684523140e+00
1.680428879335171599e+00
1.120345165788936503e+00
5.479152295751327229e-01
4.570301531087584967e-01
1.766725715218729675e+00
3.847223263616181832e-01
1.042374089172267926e+00
1.681967133235274581e+00
1.048467786823653380e+00
1.809807495268512589e+00
6.246183324183652852e-01
8.552711370748262709e-01
1.020273502971386970e+00
4.721661344526999482e-01
5.832035534406140309e-01
-5.987646481438366752e-01
-2.525614969335319593e+00
-1.049959981528320929e+00
-3.682565974068781056e-01
-7.021691313838704929e-01
-2.278100356489626499e+00
-1.636800257243532064e+00
-2.665285067799596508e-01
-5.619547546637992941e-01
-1.288936761379775309e+00
-8.669990086252841177e-01
-1.940296065305017414e+00
-2.400819447519788596e-01
-6.010480896060873546e-01
1.985968747779582877e-01
2.131575048748662660e+00
1.136991378241448025e+00
8.215239753100883613e-01
1.355742608049355535e+00
1.087272236668548553e+00
-8.137981263299216561e-01
-1.271587175866761399e+00
-6.683715759721909899e-01
-2.208331006351876180e+00
-4.977478535954470429e-01
4.144797810037550434e-01
-1.062062235248292907e+00
-9.841505758090108857e-01
-4.791076416401622851e-01
-4.655141144410599452e-01
1.321589255365399840e+00
1.358775517257742038e+00
1.490076643820830382e+00
2.055289683331562589e+00
8.063931085421384148e-01
-1.733406790691625954e+00
-1.775594481939688274e+00
-6.058013130552597492e-01
4.660604598349467054e-01
-5.240650273894642552e-02
-4.468784723845375950e-01
-1.255488505141196809e+00
-1.358773966806372524e-01
-1.213554579125588173e+00
-6.208311506366410715e-01
-1.866844112157544533e+00
-5.418287453017449629e-01
-1.825933314624449411e-01
-1.814241406071737117e+00
-1.374728801872153294e+00
-6.374351217329694563e-01
-1.623295802252881170e+00
-9.899047486191465683e-01
-4.024655366214384689e-01
-1.228004123372674172e+00
1.586627186676246470e+00
1.905560690857308614e-01
7.226212845451389644e-01
6.775100102374166378e-01
6.511962782305582564e-01
1.349352548879739988e+00
1.884696778711654863e+00
5.934050552975809190e-01
7.197855685510169410e-01
1.046989298562800208e+00
6.319018799649578355e-02
-5.018988957871797219e-01
7.945902771753490246e-01
2.371391434065436510e+00
4.183075068589279244e-01
-1.399254780602870785e+00
-2.015617362039308080e+00
-1.774203259452861614e+00
-2.561217411535102739e-01
-6.185160895794628022e-01
3.961266248948098756e-01
1.019908912706852133e+00
1.195880729268083753e+00
-7.588594010762772513e-02
1.653732844347676645e+00
5.807277153526916313e-01
1.471645143725859750e+00
1.507702346264987892e+00
4.072224885783539694e-01
1.888229181307760740e+00
-2.079558621845549737e+00
-2.082663535541534605e-01
-3.724454197942472788e-02
-1.961947545470943854e+00
-8.895758255467501874e-01
1.465761484435402551e+00
-2.724561744404891961e-01
1.240105344862773240e+00
1.090956955918128468e+00
1.029823308623576628e+00
-1.149104329852990380e+00
-1.499172846496271028e+00
-7.255902915825518384e-02
6.690980622570701364e-01
-1.368442361380913797e+00
-1.779836432674644309e+00
-6.289742745036854821e-01
-1.935400249952015539e+00
-1.092811664221250201e+00
-1.089137703371201082e+00
-2.190498210188132955e+00
-1.517246161910832392e+00
-1.652576806151597300e+00
-1.286727374557805836e+00
-1.571295038069630667e+00
1.908122964976876279e+00
4.565667056989303196e-01
1.169892987573444509e+00
8.714323470375239244e-01
1.388680967200949024e+00
-2.067971312359788705e-01
-5.019013885367000771e-01
1.170617565593517373e+00
1.843196918283229735e-01
1.163669481827611207e+00
1.669536999094249019e+00
1.204563795130151327e+00
4.973172585681644442e-01
1.812730959403091369e+00
1.869214665261471842e+00
-7.246452140527201990e-01
-8.772391265932018012e-01
-1.313330732406420065e+00
-7.550774276179441635e-01
-7.018504135123032617e-01
4.800365655168932211e-01
1.135275989260431162e+00
1.431905793249662828e+00
7.812256801852739407e-01
8.052230355769396386e-01
1.101899307275187478e+00
6.433534743669658829e-01
1.175799148751771162e+00
2.829497387602306624e+00
1.024967374141196652e+00
4.004081467307085695e-02
-1.597280533678994807e+00
-1.707522844935321915e+00
-1.484627634553213227e+00
-1.832186541734608154e+00
-5.571818573112841122e-03
1.360861754682276770e+00
2.517713326940087093e+00
1.844147946567432195e+00
1.061002038398705549e+00
-3.810647777236544353e-01
1.432374334220240630e+00
1.191777113170218616e+00
2.181190340684194595e+00
7.738846375634331753e-01
3.120671545094746424e-01
1.111226364544448675e+00
8.455829770423780589e-01
1.842960301322587702e+00
7.122888299544826163e-01
7.164450720064150513e-01
8.783180706118394188e-01
7.278975224042233405e-01
4.790126620516639289e-01
8.575051837209578531e-01
-1.611076489505288478e+00
8.882090821533084046e-02
-1.019615501202065788e+00
-1.816695515475475364e+00
-1.531499548318677295e+00
-1.614415653612822688e+00
-4.980296670414618987e-01
-1.371490678294659205e+00
-7.603564234758987128e-01
-5.913272617184105462e-01
-1.711322013841336087e+00
-9.696669542292046806e-02
-1.254999587182840326e+00
-8.323716395774267696e-01
-9.885452360826230134e-01
4.135944147807084637e-01
1.160391779069008589e+00
1.061474449729166158e+00
1.829945781007547900e+00
9.323845197078518554e-01
-1.366354457860391669e+00
-1.808182852951548902e+00
-2.418348373257431128e+00
-3.951668708739008995e-01
-1.488925703491733810e+00
-3.423597706640596483e-01
-7.597882914925515596e-01
-3.330638563404941799e-01
-6.210362443222631201e-01
-7.852174008820940188e-01
1.211597285817048952e+00
8.224336858332244038e-01
-5.185472976234661857e-02
2.166419540275771105e+00
1.317077398235335650e+00
-1.037455242099482478e+00
-1.158757320036176264e+00
-2.380404144422479273e+00
-1.735167086508941914e+00
-1.351400748937980900e+00
-2.880434451645541571e-03
-2.304022021083168781e+00
-8.537630397390606474e-01
-1.584917208956965640e+00
-9.696537702490389821e-01
-1.054840878317338415e+00
-1.142617411414164064e+00
-1.618590384691754869e-01
-1.322558963379832697e+00
-1.892192729138496565e+00
-1.202178608001853277e+00
-5.430575175352355677e-01
-1.273221184365835867e+00
-9.377179377782116632e-01
-8.847492435509486386e-01
1.318814456215320119e+00
1.876569512562126230e+00
1.540710682178928703e+00
-6.583409161119031516e-01
-6.166367677822348625e-02
1.937586295448754159e+00
1.282427958641703114e+00
1.553889701280595226e+00
1.540538030215806264e+00
1.271872030082136451e+00
1.914839351848480753e+00
5.426913798325537774e-01
6.912555105490086893e-01
1.940415015700239998e+00
-3.142852215857638853e-01
-1.755925540101790805e+00
-6.691616787072749428e-01
-1.384991459668118763e+00
-1.515321967379034795e+00
2.515978863958090450e-02
6.292671381672098052e-01
1.077385343201630707e+00
2.665246951797510366e+00
6.261389534536296875e-01
2.222425571390940213e+00
7.916953137351668834e-01
3.911570365117382764e-01
6.232991574932607026e-01
1.331820024492520904e+00
6.659223708193932056e-01
-1.216496083150850227e+00
-6.375719497042258155e-01
-1.185200480498479925e+00
-1.068490796597088233e+00
-1.464535703750950102e+00
9.430753342703893649e-01
1.479147350304336195e+00
-4.926535545194727916e-01
2.109839432178367780e+00
-3.589813446071070668e-01
1.591862622004295735e+00
8.086396297482014717e-01
1.500320639962235081e+00
1.296027624626356012e+00
2.301032140130533588e+00
1.183437979563971565e-01
1.154234477029310924e+00
2.210838973639671856e+00
9.535858484413783920e-01
5.979551081827876313e-01
1.432552052162131773e+00
4.197099157868070529e-01
7.828346135005936901e-01
2.368255527217766332e-01
1.509316017610891958e+00
-9.517869134346194082e-01
-1.207120074217010952e+00
-8.053117931414683905e-01
-1.515460460941402410e-01
-7.578144442164221894e-01
-1.629989296990496772e+00
-1.520025000552923000e+00
-3.727687870131191072e-01
-9.459710533367744478e-01
-1.841321846641213344e+00
-8.799670087582867062e-01
-2.710428001369429296e-01
-2.528652799534277129e+00
-9.348970973129870909e-01
-4.932219745699698565e-01
4.485849032602073905e-01
4.378004141297275886e-02
8.443645880860595199e-01
1.665037701411901105e-01
1.108146621883740135e+00
-7.856491027815841743e-01
-6.839294737460342999e-01
-3.113109607376295385e-01
-7.680098614180626004e-01
-6.821971052906410371e-01
-9.435587620862000424e-01
-9.253383527250930163e-01
-1.011392184507614811e+00
-1.308565671402890818e+00
-1.204797412587414129e+00
1.478307263376912095e+00
4.581939388253216672e-01
8.596375960753681600e-01
1.376643714807731733e+00
5.918981699427680043e-01
-4.915707205605923669e-01
-1.005948178219649103e+00
-6.783613496386775576e-01
-9.045780273923043069e-01
-1.949997759756352256e+00
-5.838034162879880418e-01
-1.753150296351090320e-01
-9.694561912076710142e-01
-1.064042107357681788e+00
-2.255997024658265460e+00
-1.413250713893381416e+00
-1.859547197091443449e+00
7.568026814023198767e-01
-1.919508749539259540e+00
-4.230154709366676924e-01
-2.899889996223838917e-01
-1.233590507870363950e+00
-2.183340383650372196e+00
-1.223861918502628932e+00
-5.270127041596542883e-01
1.014417245595899741e+00
6.288790801004802145e-01
4.416753562334441163e-01
2.389833370019871506e-01
4.473566405934228385e-01
1.601011393477038469e+00
1.031766046822385263e+00
8.033735169234533791e-01
1.875528858970930024e+00
8.957121053333819694e-01
1.434227242579506179e+00
1.039590254321513640e+00
1.125567267073867450e+00
5.117878554140883329e-01
5.030368237571625212e-01
-9.926564422900483464e-01
-1.359345631156666734e+00
-1.106845490731276582e+00
4.391807331053760866e-01
-4.167677809916656706e-01
-5.269235334263111525e-02
8.554031047765358053e-01
7.328025897092128593e-01
8.046636623657846821e-01
2.350690555401917070e+00
5.762626766268412748e-01
1.167060786922628379e+00
7.761850222856192527e-01
1.066350403079410869e+00
6.149536636399605127e-01
-9.010507252023535196e-01
-9.546098352066629822e-01
-2.057589404575033587e+00
6.866923891825860160e-02
-5.740777099343545853e-01
1.386780893647353574e+00
4.759780126708201831e-01
3.919358405963413450e-01
5.005109508547036512e-01
1.324233454978902991e+00
1.604436978449986562e+00
1.021385825481570642e+00
1.924400605221593397e+00
-1.207794813699236691e-01
1.351165657249428165e+00
1.646838518864954803e+00
1.269912125904694822e+00
-8.992088502921546933e-03
2.452609860430612798e+00
1.595106211286390518e+00
1.493692966981436054e+00
1.179963873316412837e+00
2.297494273117229646e+00
2.753130574400107999e+00
1.165198535398034085e+00
-8.902425624795180514e-01
-1.062659269547074237e+00
-2.541669318072647954e-03
-1.506442161535563207e+00
-1.802624767686580753e+00
-7.876908256282406651e-01
-4.769983344438010198e-01
-2.170718953545296870e+00
-1.608164679920757845e+00
1.686069006007890891e-01
-7.648452017205153997e-01
-1.681695049610829384e+00
-2.569613143065851979e+00
-9.440729907922410513e-01
-1.246395295615292387e+00
8.625025934057019006e-01
5.830493119221223930e-01
1.140594262387438329e+00
2.286015737387931956e-01
8.171539431841957635e-01
-1.385926107945769203e+00
-1.529378603068168196e+00
-8.173007074298754837e-01
4.087394150724010800e-03
-1.256929013669416006e+00
2.156530513083001477e-01
2.689047129074670917e-01
-4.678457202912240653e-01
-1.919803725391861837e+00
-1.425899645815460248e+00
-5.211143404678963975e-02
1.362182377031795344e-01
1.809901390762259421e+00
4.918513131243947845e-01
3.630264868928889666e-01
-9.677753846911966162e-01
-2.750661196907951966e-01
-9.897515744204424815e-01
-8.408839774420185931e-01
-3.581347036597076761e-01
6.730476926464445953e-01
1.695861353496626256e+00
2.792451351189335629e-01
1.072040110111748268e+00
1.026725438268484947e+00
1.720304364558405741e+00
8.319059142904488002e-01
9.535989004688476545e-01
5.544240619874065690e-01
8.655357267446598390e-01
7.607966211739263240e-01
1.802097855706205065e-01
2.833587023087912327e-01
1.236702399355388504e+00
1.946272937396692049e+00
-8.891615144388592684e-01
-9.032454962125249232e-01
4.275042725809941047e-02
-1.249224797148025701e+00
-2.385923224833239153e+00
-2.464350971666313672e-01
-8.136546244592992583e-01
-7.256184904011253600e-01
-1.828956795344152564e+00
5.195453175055675388e-01
-1.427356619415553363e+00
-3.721476295058275818e-01
-8.767157352300019024e-01
-2.008350148063323459e+00
-5.974110195270537771e-01
9.635323845971652812e-01
2.592039818317528166e+00
1.272272220417191679e+00
1.855093923739461692e+00
-1.164365654696775110e-01
-5.535442953506219954e-01
-2.405272951485725841e+00
-1.422785711634106942e-01
5.361637226721693850e-02
-1.765264527976115438e+00
-7.950028362608593246e-01
-1.366246302473793861e+00
-1.970232727007714679e+00
-2.066492467231765495e+00
-1.527273092280072131e+00
9.072914296331737738e-01
9.008756717467383268e-01
-6.054236216231774215e-01
1.333416888265793077e+00
2.292886761025256792e-01
-8.343770339259782842e-01
-5.034823445237526229e-01
-2.833540274127730019e+00
-8.979027163639932141e-01
-1.514956722456957339e+00
-6.346541972147079491e-02
-3.003129131126599516e-01
-1.123138175962314023e+00
-2.240455934679552730e-01
-1.733146357586901054e+00
-1.257061171950853540e+00
-1.436161899088248983e+00
-2.094691148808066394e+00
-1.552727179061184959e+00
-1.534365484150946646e+00
-1.639305613721563137e+00
-6.086058786168384582e-01
-1.697299985729496585e+00
-1.643297726993921293e+00
-1.083124626541270397e+00
7.670596471653134962e-01
1.158866904198743608e+00
1.055257166463846374e+00
5.883169661741456391e-01
1.415242038725689211e+00
1.573492503364249062e+00
1.513485912199290517e+00
1.474848024683603320e+00
1.222925501039157758e+00
6.577926633762480879e-01
2.180536193824056390e+00
1.118620899520257783e+00
5.104334811889277290e-02
1.061560699628608662e-01
1.037519961242945765e+00
-2.958121484752946895e-01
-7.779249705203916676e-01
-1.022759192627523905e+00
-1.260193780442748990e+00
-5.942427373360602560e-01
1.202419496508260410e+00
1.108364996162897853e+00
1.911642709527501705e+00
7.624230552778115122e-01
-2.231838443961806639e-01
5.288568122396896110e-01
7.715282278163932972e-01
7.969326930135808285e-01
-1.067175505943309677e-01
1.187068600093773574e+00
-1.080753771483367043e+00
-1.645095806582542952e+00
4.181987566013785074e-01
9.258178247962467466e-02
7.147229544899325049e-04
1.773746977775769729e+00
1.305202742432936436e+00
2.014677011622085789e+00
1.534741217692821902e+00
7.437238354185349287e-02
1.066985457463530906e+00
2.774494690004637221e+00
1.238715530001506249e+00
1.967625031996929286e+00
1.328868374775541872e+00
4.093195341484219263e-01
1.105965386035523412e+00
-1.948035029499788351e-01
3.465867194719942646e-01
5.984164238317339901e-01
1.186489662858495109e+00
-3.020654014968116030e-02
1.045990472696806339e+00
3.448216133295720631e-01
2.368227274306570429e+00
-1.127065012120989085e+00
-1.207394491475330733e+00
-9.897659700129071148e-01
-1.475420423903664346e+00
-2.604201295995617116e+00
-1.490291536969478470e+00
-1.752452105338982769e+00
-9.684346145496869340e-02
-1.425244639649254408e+00
-2.910496597530125573e-01
-1.072471269829682994e+00
-1.369861252236260096e+00
-1.759379279328832313e+00
-1.615966903468162075e+00
-5.229195891230531412e-01
1.127583288195542321e+00
1.661212193604310272e+00
2.232156055863824262e-01
-3.094336974643141502e-01
7.540340679149065695e-01
-7.028982662841957163e-01
-9.153417430104442420e-01
-7.085772309968837446e-01
-8.313851384717543258e-01
-1.297607589908897241e+00
-1.664850622362709531e+00
1.956339115420127062e-01
3.065057171476042175e-01
-1.070093039173460436e+00
6.429180403191825377e-02
2.937927849646948530e-02
7.222153550165608671e-01
-7.458145858650762072e-01
-3.804309405642027908e-01
6.596465365760703081e-01
-1.161812800730481543e+00
-7.811720061953882910e-01
-1.674236690006121631e+00
4.370141125444455543e-01
-7.772771035422653130e-01
9.597134229253503346e-01
5.529875941947601792e-01
3.142236728553859937e-01
-3.946684409209089139e-02
1.015198145709694577e+00
1.609663085105388580e+00
1.668407399827318338e+00
2.558192838709849148e+00
1.400347315114591318e+00
7.712766338958525481e-01
1.434977750783676065e+00
1.650707750420248310e-01
8.117065808868090260e-01
5.172735854531262945e-01
1.443811417487530280e+00
-9.472152347494968705e-01
-6.467463229162198068e-01
3.564826838511025997e-02
-2.690725744174257805e+00
4.034474063214821271e-01
-8.430333668133516145e-02
-4.014286220327344390e-01
-2.689892044906052604e+00
-2.159856562608974961e+00
3.135910207200744981e-01
-7.153799582959969872e-01
-2.195324703726407201e+00
-5.547769363077568183e-01
-1.529918641217909769e+00
-8.830022909909482909e-01
8.795959438429954425e-01
1.450114142920904570e+00
1.657349272935347173e+00
1.375024852370643869e+00
9.310487673026593969e-01
-2.865480338540425942e-01
-5.308682148180066118e-02
-9.561384069670264552e-01
-1.225560598261185241e+00
-1.634020195605943249e+00
-1.460809070112505825e+00
-2.502620693065252588e+00
-1.574056918048153841e+00
-6.888478332756194922e-01
-2.965619370902866647e-01
6.508805526042213963e-01
3.057094142547325255e-01
-3.124543839149991342e-01
1.091324074694494772e+00
6.350725612374303886e-01
-1.897782640341743265e+00
-1.120499560264393457e+00
-3.103205547802474484e-01
-1.419444316931841588e+00
-1.230705453961367102e+00
4.674573370966350616e-01
7.055193064118572277e-01
1.612506931053111714e+00
9.462665088555767268e-01
1.195278203992667487e+00
8.460402864825709024e-01
1.020709723745926611e+00
2.213621951181909964e-02
7.534901682466892403e-01
3.232221030644769622e-01
-6.731253691259448946e-01
7.349893740401891584e-01
9.943424079542698690e-01
1.637971085879910138e-01
1.897090661860263427e+00
-1.170122312843328016e+00
-1.433898490222085043e+00
-1.321763527818539341e+00
-7.149839594682441124e-01
-8.870941039161261976e-02
3.175390536280946474e-01
-1.226025174199220968e+00
-1.709235239377525861e+00
-1.163905715503295246e+00
-3.551606898059890272e-01
-3.719590037700211127e-01
-5.123897435399558109e-01
-1.156286211861657032e+00
-1.298351309636597506e+00
-1.267355385296305981e+00
4.349186412944787694e-01
5.363811831543443542e-01
1.598191737044627247e+00
1.322684096944013898e+00
-1.320723916282333654e-01
2.638873106187586970e-01
-2.405237011015204374e-01
-1.485240212879884947e+00
-1.952807049498660463e+00
-1.066036938183646976e+00
-5.804324957898060466e-01
-2.466744320143849922e-01
-1.255631892819684792e+00
-1.014067370506608556e+00
7.240101377840550967e-01
1.873483119997438884e-01
-5.039537487259759807e-01
1.383510973699700664e+00
6.784336584403034554e-01
2.032769454144229382e+00
-1.326264832770385205e-02
2.427788681248237435e-01
-8.546480645649965346e-01
-8.217244938469198123e-01
-3.134708970735774480e-01
1.619336221085447391e+00
6.510404959726295848e-01
1.836035935953324483e+00
1.514339592329461137e-01
8.993567528509600617e-01
1.325195821598648127e+00
5.957039764482994215e-01
1.529238722967817488e+00
1.777637949449119681e+00
7.872664581345200085e-01
-2.658478225816769402e-01
4.251548097419393102e-01
1.249005989495697522e+00
-6.992684783353366740e-01
2.421653244708182662e+00
-9.537325734705636160e-01
-1.238698002974748302e+00
-1.976424935407719685e+00
-1.339552191845701845e+00
-1.301018577990321834e+00
-2.462199765129913231e-01
-8.737916507389262843e-01
-1.484779872294756053e+00
-1.756074563738058814e+00
-4.649683373500536065e-01
-2.706164256065106244e+00
-1.210268386410485952e+00
-3.820313018481629186e-01
-1.249253157262937730e+00
-1.234578726860553255e+00
9.776642288681002269e-01
1.179113485497862657e+00
4.413719278615563235e-01
1.418758597392030474e+00
1.554842727220808296e+00
-1.083613064523380798e+00
-2.197896843424203439e+00
-1.483817561780937044e+00
-1.444596043338709723e+00
-1.570668356810045907e+00
-1.588442566265045652e+00
-8.874614189106260209e-01
-3.886773145057423884e-01
-5.485847057318320452e-01
-1.148760142310878640e+00
1.233933848651027176e+00
4.484159726431193871e-01
1.122939105550460059e+00
1.251364147914073577e+00
1.612828704875957531e+00
-1.575915752596916519e+00
-8.546284369449337337e-01
9.685851827476166243e-02
-1.655402343696747991e-01
-1.872368062361112528e+00
-1.528750081436198061e+00
-6.723395890996357593e-01
-3.040167922336710626e-01
-1.295884569019418286e+00
-1.567609720167425946e+00
-7.886011857184541674e-01
-1.207510793283260941e+00
-5.953447618956653198e-02
-1.095594978718070100e+00
-1.422207019203631573e+00
-3.446223865978110812e-01
-1.462824899125779066e+00
-2.384807740039525559e+00
-1.804851310769378658e+00
-1.577455024581233101e+00
2.033222116516253397e-01
3.826458198390656484e-01
1.166468422712680475e+00
9.354036668518491693e-01
1.243246047561318512e+00
2.247768814339774046e+00
1.244854063725271187e+00
1.418955780585529070e-02
1.166302541996896647e+00
-5.505041502878784687e-01
6.849862874182507388e-01
1.222643567178379298e+00
3.099323317889330909e-01
7.951984335243251767e-01
2.086764614824095254e+00
-1.223292535446278695e+00
-1.234793202636609077e+00
-8.625272941494428469e-01
-9.429826985468150458e-01
-1.021604382489982754e+00
1.577303795976492617e+00
1.665096684831323559e+00
1.269900194954905803e+00
1.171635612688147310e+00
1.585229684915159698e+00
7.342464795915442100e-01
1.003402046042592755e+00
9.346736738778529396e-01
6.329002611155356561e-01
1.101917599388977376e-01
-2.047366834121361112e+00
-9.273747999274715159e-01
-2.434520697651903376e+00
-1.736746928858639016e+00
-1.142126788547464411e+00
1.096901266426483001e+00
1.090385865239142715e+00
7.040139718181105399e-01
2.503408147195040456e+00
1.041062138644243351e+00
-5.290137522886206867e-01
1.306022174216916021e+00
7.880017122064608692e-01
3.402618422119856323e-01
1.576555241445193101e+00
1.104951841341494045e+00
1.781480876504283994e+00
-6.112937493560428592e-01
-3.816210701450186704e-01
4.578263994656635028e-01
5.934591011386641801e-01
3.047309123642854001e-01
1.209950680147894309e+00
2.120881026438987682e-01
9.694923792394772866e-01
-2.412388893199923778e+00
-3.630753528255538098e-01
-1.152167800147465782e+00
-9.471532595551551692e-01
-1.442061850003592438e+00
-7.420762151320499100e-01
-5.554831378089357674e-01
-4.928514387147756581e-01
-5.989134861554007427e-01
-4.543268231441826011e-01
-1.084461581448267653e+00
9.646646644098000323e-02
-4.172213728793097154e-01
-6.828825701459446673e-01
-1.772543042036202499e+00
6.961630108469198941e-01
1.073875062199080466e+00
7.036561807835878257e-01
1.657481212186347586e+00
9.378576238198595982e-01
-1.576857861406244510e+00
-2.699126525640067609e-01
-2.149520393114071837e+00
1.347214030708894228e-01
-1.657881824798144610e+00
7.472129377768419456e-01
-1.236586971894594766e+00
3.913434769528703061e-01
-6.707227282793783996e-01
-1.544546102628829187e+00
-9.164025190521107866e-02
9.071278767739072713e-01
1.997721249071105376e+00
2.716061497457745499e+00
-1.337667137264935135e-01
-2.035332205390965044e+00
-5.694509969377080649e-01
-6.316289022187562274e-01
-2.957767751472923923e-01
-1.399784998451331308e+00
1.150265560333171955e+00
4.361954675990559194e-01
1.171398679938232101e+00
8.200641007690532280e-01
1.448307031854263016e+00
6.579377321081648633e-01
1.357645330948642481e-01
1.521405416205649619e+00
1.662536372056313549e-01
5.626327999776311595e-01
5.053864672375372180e-01
-1.042527798607229439e+00
4.572220129442035041e-01
7.179235233281032746e-01
5.966163448413883685e-01
-1.471927323973134971e+00
-1.284282411116578260e+00
-8.099747787388709153e-01
-2.391159810743427094e+00
-1.692140420843357917e+00
-1.043593431652716896e+00
-1.403135723989020089e+00
-2.360539814842852913e+00
-8.164755375845804686e-01
1.329088085847429657e-01
-1.930656273312633120e+00
-9.304148476842992732e-01
-4.523487002927994993e-02
2.203145227369640580e-03
-1.546114119597991721e+00
1.269608454276220044e+00
-1.683760643479603303e+00
1.428517649421047864e+00
7.855482088335441482e-02
1.046027471500638129e+00
-5.856017395341800436e-01
-8.251251999311238761e-01
-1.959543682228432449e+00
-1.347036132744536818e+00
-1.319319326068212561e+00
-1.729387001145400005e+00
-5.215547870924013285e-01
-1.621800727554854049e-01
-2.301860488435160335e+00
-1.021628173698204689e+00
1.772418568532057703e+00
1.185363943986870838e+00
9.539455015278941463e-01
1.643564792589162327e+00
4.954063853409823581e-01
-9.601037826424329014e-01
-2.732464888257851943e+00
3.509567309564158855e-01
-6.812377382708074691e-01
-2.202604379152648395e+00
7.735181901997523202e-01
1.358907923326755807e+00
1.498626800817446814e+00
6.324067362720167118e-01
1.882918121411391477e+00
6.328018751270805264e-01
1.030088425501445304e+00
9.229403094219511550e-01
1.344458954019104091e+00
4.351269481629405078e-01
1.440274698959125965e+00
8.586152191548532819e-01
1.040020542251205660e+00
2.502685699793067986e-01
8.267168106995524957e-01
-1.410676275725921691e-01
1.239520861113780903e-01
-1.902217275120764217e+00
-1.412911378866272827e+00
-1.481245326191081180e+00
-7.756943450779476557e-01
-1.047000461129555360e+00
-3.602664952396081866e-01
-3.850403121969002695e-01
-1.128813508208625915e+00
-6.602843123576233042e-01
-1.998209531280958906e-02
-1.463616810815437486e+00
-1.449462850826674920e-01
3.705976538615318727e-01
1.476967333127720661e+00
1.196860118232429437e+00
2.081723504839872341e+00
6.939238238491443056e-01
2.052529519783757639e+00
-1.547658325345921515e+00
-3.093569137356507959e+00
-2.557349735989262296e+00
-4.237033806644334710e-01
-1.638430642495427580e+00
-2.444047465584088474e+00
-1.817587340343971292e-01
-1.294760958324596034e+00
-6.757378938307455618e-01
-6.278690671218939423e-01
1.118881094854998315e+00
2.339841452654741527e+00
5.651414917315654707e-01
-4.704365802387933115e-01
5.314087686588564452e-01
-1.964906251867049480e+00
-1.221679999971419406e+00
-2.284953612569555315e+00
-4.745434315111036749e-01
-6.679263329494484758e-01
-1.378923829444969718e+00
-1.548409511334509991e+00
-1.071527542085897844e+00
-1.323590622165160546e+00
-1.327532157415941105e+00
-6.382169774666617279e-01
-8.069088179129757510e-01
-1.611601737008947710e+00
-1.504634223552382633e+00
-1.092232262356934047e+00
1.529921844039263679e-01
-1.145515512017274418e+00
-5.883182132949720256e-01
-1.485797856050188326e+00
-2.834368782382923335e-01
1.441752409275827596e+00
-3.585344007851960502e-01
3.130034002570418750e-01
1.181759646273885078e+00
2.228981558868664337e+00
1.789375591667718979e-02
1.153068036194543566e+00
5.000554191278619998e-01
1.815338940069051166e+00
2.019122331472870346e+00
7.005291755879460291e-01
9.402615137928030942e-01
1.291396334989310279e+00
9.782866393522688941e-01
1.610050745488142088e+00
-5.871370977051012519e-01
-1.919701136549285536e+00
-2.922908002914426984e+00
-1.305110276484584775e+00
-7.926424669323450800e-01
1.799350988351236635e+00
1.260665249877925831e+00
3.150227357238023496e-01
1.340010312635177669e+00
5.670779047355831715e-01
1.029518815295470180e+00
2.435910976472238865e+00
4.998031861341527549e-01
-1.699463405085364087e-01
1.347182218985294444e+00
-3.993295154549019177e-01
-1.488193139761586847e+00
-3.475711753875316390e+00
-1.338939460524300351e+00
-1.972307165834441767e+00
6.159162028927370747e-01
1.548938155474139489e+00
3.836309524607147692e-01
4.781416369291027202e-01
3.008344343164282009e-01
1.095191453869117204e+00
1.533343593171792030e-01
6.615017307850434847e-01
7.330432624403664388e-01
6.908481313531387169e-01
1.357855131662465631e+00
2.458622944790069820e-01
-2.755148300443455156e-02
1.886394655639407336e-01
1.856809488068850378e+00
9.495346173894733122e-01
1.681941555880604344e+00
-8.166762757145362706e-02
7.830970016252060129e-01
1.138636190996460407e+00
-1.161461329499603456e+00
-1.681118225165800339e+00
-5.807471566755240122e-01
-1.083891248275491215e+00
8.742015458805896255e-01
-2.427678990726517938e+00
-8.235355245848159367e-01
-8.741018774347902864e-01
-2.416019259822951959e+00
-9.398119768682047237e-01
-1.485573510065710812e+00
1.490577205958225626e-01
-1.166769044368701547e+00
-1.794070473014506284e+00
-1.430602187084580645e+00
1.073027571185908302e-01
5.183040656513728806e-01
2.727465805917261399e+00
9.044993057698395011e-01
2.720786385740004754e+00
-1.163210975876723507e+00
-1.209088449195449666e+00
-1.084440073700887019e+00
-3.324180061295492372e+00
-1.099696986291423872e+00
3.263717643697638948e-01
-5.098359292990920499e-01
-1.591576189697436750e+00
-1.794913763075607793e+00
-6.577864522795595636e-02
1.125693520767754086e+00
-1.393180786961378814e-03
9.385375704906623318e-01
1.225412438006297178e+00
6.736780753554111323e-01
-9.799502750304538434e-01
-1.094801739010050845e+00
-1.507052678855003158e-01
-3.725891324856500653e-01
-1.588296663915464313e+00
6.567040915044808358e-01
7.565012997942023310e-01
5.657013212792647572e-01
1.002793679256879011e+00
1.900654237339069574e+00
1.013466839330022573e+00
1.223576733982846720e+00
9.156948388775523195e-01
-7.892083525301001323e-01
6.544971102909912242e-01
1.135352674969885900e+00
1.381153079106785420e+00
9.279176659029406693e-01
1.864563582570870848e+00
1.127630891308288419e+00
-1.363013112480191413e+00
-1.247050827696424058e+00
2.918618147078477776e-01
1.655420595751677659e-01
-1.602673827771348147e+00
-8.755258113768308315e-01
-5.459640359666897425e-01
1.477880248893295168e-01
-1.205421846988088408e-01
-1.182949105115466804e+00
-1.613501580975244876e+00
3.471612298417192655e-01
-2.762905348740274381e-01
-3.959555974798343314e-01
-1.585205465415262527e-01
5.880438521268076535e-01
1.073492909783854143e+00
1.347346407476628150e+00
2.819923472687657640e-02
9.398529587820619868e-01
-2.041603557651926693e+00
-1.554194186906344921e+00
-8.305477411811198474e-01
-6.431217690106636464e-01
-1.193952562021209474e+00
-1.823047897074268509e+00
-8.518182387691033419e-01
-4.438460443274887535e-01
-4.699251948247653576e-01
-1.968192597938642319e+00
1.366006349699561362e+00
1.901975893733145018e+00
-1.455496406168262702e+00
1.937888793204889826e+00
2.080631007596129844e+00
2.624281072903564827e-01
-1.204471712611107304e+00
-1.555292269284419326e+00
-5.952126647473821031e-02
-1.158754722101097645e+00
-1.411090620777579296e+00
-8.043088634186810193e-01
-8.054259974120061560e-01
-1.740909390649706401e+00
-1.241662363342768138e+00
-1.171938411968454608e+00
-1.116821633244320822e+00
-9.054361481158198499e-01
3.752728220453498409e-01
-5.586311021623499018e-01
-1.176195069350523648e+00
-1.367249281666140348e+00
-3.266774792848556874e-01
-2.930549828404834800e-01
-6.721496980597335691e-01
-4.244909950525357356e-01
-3.693925223454386231e-01
1.409329931583194417e+00
-4.229940539016707746e-03
1.238450027846341506e+00
1.496050489036646614e-01
2.284206201565708305e+00
-6.742407520184379166e-01
8.299399648697702858e-01
8.823899654550053651e-01
4.614859743461838804e-01
1.438854954496594951e+00
1.093481107828215615e+00
1.337759603806594644e+00
3.328135384880593239e+00
2.265302080446796040e-02
-1.976664297242111790e+00
-7.526525284782139558e-01
-8.029442900668448679e-01
-8.781429171141297285e-01
5.499070605710740800e-01
-8.691824229072571129e-01
8.996129905484642197e-01
1.310703456960989888e-01
6.234642056685508749e-01
-2.664194581609105050e-01
8.234263587198707990e-01
1.944289884093284515e+00
4.117435369243497290e-01
1.220561240329736341e+00
-1.151162418967811574e+00
-2.402198787505264166e-01
-8.436344770344414989e-01
-1.307799517448808180e+00
-3.509164553117478658e-01
4.434407182710453643e-01
1.727436477608108145e+00
6.596516559557449311e-01
9.087102714992210117e-01
7.366651053293835627e-01
-1.966997541292524687e+00
-7.800730987895914126e-01
-8.152531195850664103e-01
-1.522818728109856412e+00
-1.421988045016234548e+00
-3.168791436612793389e-01
-2.256184464750730534e+00
8.293916668221461563e-01
-1.128845716853122516e+00
-1.360139771111345652e+00
-1.251978950383713318e+00
-1.270884058226167568e+00
-1.268798005052315547e+00
-9.739180636142429348e-01
-1.505531763732728567e+00
1.585398981504825944e+00
2.028273751026698157e+00
7.409305023695056391e-01
8.263913697693802130e-01
1.886145567955245683e+00
1.414703591237045366e-01
1.495037677084480432e+00
8.305429150671691518e-01
7.681676101464662842e-01
1.072778682468992217e-01
8.580383844564329898e-01
1.816813028303091659e+00
1.281729724637497236e+00
1.224157899703672392e+00
1.084330550313651997e+00
-1.736836643612925890e+00
-2.329307262422007252e+00
-6.240631410902517384e-01
-1.019195550459914834e-01
-7.774572987843546557e-01
1.291819380592348132e+00
1.069979826511336052e+00
1.197374721453235091e+00
2.956316039261775330e+00
7.634173105302120010e-01
1.282697021684062966e+00
1.203875080891557925e+00
1.215794193699773373e+00
4.321879699349855386e-01
5.962663898806759288e-01
1.999485531319900034e-01
-2.265022124918594670e+00
-2.245632248097473749e+00
-2.206349864959067819e+00
-1.502947944416234582e+00
2.576504229857552453e-01
1.994950821099238825e+00
1.661196422770415015e+00
6.603162054840392425e-01
3.647222453104159712e-01
1.161623456967748824e+00
3.285394038774627212e-01
7.505289247304306466e-01
6.422599321901735214e-01
4.938316257848754942e-01
2.393810164376706240e-01
1.577671179791333200e+00
1.940440450119238047e+00
5.014550851451906599e-01
1.077052101212941926e+00
4.627193092570998090e-01
1.520258152567424803e+00
2.150530591847785722e-01
4.945193186358305404e-01
1.014197211528130138e+00
-5.446631606085858834e-01
-4.373636113212922005e-01
-2.115941523564901505e+00
-2.075492000973214068e+00
-7.227311352642997733e-01
-9.934492598731277102e-01
-9.683988598978006124e-01
-4.495089241289877968e-01
-2.892377700915525374e+00
3.642692483975789042e-01
-1.879884562740041343e+00
2.151845652203121517e-02
-1.522600236179711297e+00
-7.498505722683981300e-01
-3.987285156465798508e-01
6.861448935746853328e-01
5.612275620979972901e-01
1.537089393572965701e+00
2.556837171657393881e+00
1.240523832217943268e+00
4.050348683424322971e-01
-1.406807763074836792e+00
-1.430891255680468710e-01
-2.742846622812399326e-01
-1.597059558285200076e+00
-1.239925466272155941e+00
-8.863881360115213326e-01
-6.519461857489421419e-01
-2.309263955145280711e+00
-2.115736493892348413e+00
4.127828963832009812e-01
2.016494515743572080e+00
2.306245895385824252e+00
1.905935471960559680e+00
1.123927032221833544e+00
-6.753534793483614296e-01
-1.248057094874849504e+00
-9.641903609194746316e-01
-1.143788412547903866e+00
-2.987131975082212287e-01
-1.021983164675418276e+00
-1.544424757595622255e+00
-1.398199760212361697e+00
-1.249036450813024279e+00
-1.359935949662964383e+00
-1.128221724798531111e+00
-8.452842753723817104e-01
-1.258003364326170104e-01
-4.923069299750115757e-01
-8.194696847689147967e-01
-9.366557812345481793e-01
-1.435913965475272835e+00
3.079093059999591375e-01
-5.513045724762439814e-01
-6.019507884135423259e-01
1.878748136242501809e-01
6.063000831377438615e-01
1.642905377481050255e+00
7.180179157595867334e-01
2.255360970686061783e+00
1.656512553153440592e+00
2.357441672772893959e+00
9.698654317563287774e-01
1.028850073962339629e+00
1.183075261593366401e+00
1.367370032791367374e+00
1.225676039070031642e-01
4.452619543450522244e-01
1.009420618567432149e+00
1.500134808146988963e+00
-2.013736359421715250e+00
-7.511173268715505280e-01
-1.605518875645938870e+00
-2.040726590245137029e+00
-4.672839761507328049e-01
1.562682987681464963e+00
2.985711298362905275e-01
1.294476914639957954e+00
1.921125782222852241e+00
5.566524920024473744e-01
1.192052160505631342e+00
5.222241617679921344e-01
1.054391940706795427e+00
1.293818173602861332e+00
8.121181579317071630e-01
-5.714010177891983844e-01
-6.402815849889966771e-01
-8.130320585448161941e-01
-1.027355336583681389e+00
-1.113197162428083198e+00
6.864326624756831308e-01
1.977013333815615503e+00
1.282993901588246555e+00
1.298295569851355857e+00
4.598502521343595939e-01
-1.296587432905687010e-01
1.378152872405484786e-01
-2.346399912241748709e+00
-1.253264422528146849e+00
-1.669336829885144091e-01
-1.284127265413801400e+00
-1.385351752292493188e+00
-5.326795479285770796e-01
-7.439538380354703273e-01
-1.898334195530006152e+00
-1.688996207430644603e+00
-1.309578507473411646e+00
-2.579612321045294809e-01
-1.319544016055131275e+00
-1.915061122252424752e+00
2.100256705365235010e+00
1.812551657955664641e+00
2.586979860723833902e+00
1.606714755396273286e+00
1.076683965870758763e+00
1.578831999246911977e+00
1.423327986140294099e+00
9.702775476935632248e-02
2.627501606711523108e-01
1.161480206828962913e+00
2.274987629233148567e+00
1.943126363799390077e+00
1.836217929769357049e-01
1.560711437259574064e+00
5.468645471539601566e-01
-1.705408799913297857e+00
-3.219731492429280806e-01
-1.203729107620513883e+00
1.840296403529806391e-02
-1.187653691758536079e+00
1.690163945658580413e-01
9.276468914549340639e-01
1.094246413883101621e+00
1.123683916606557753e+00
-2.705282181769308458e-01
1.059359304423126202e+00
1.976463167873918847e+00
1.526228278987164400e+00
1.374807988008626802e+00
4.062196335571287564e-01
-3.479175717221772990e-01
-1.371217418764511864e+00
-1.100104664862539661e+00
-8.937803767667752419e-01
-1.458158726486473489e+00
1.870364162118234752e+00
9.333617355761585355e-01
8.021645701366253434e-02
1.580344355179553073e+00
1.305008170747805840e+00
-9.489182493627889015e-01
-1.738287364042059968e+00
-1.230675750141533520e+00
-1.286786900395692879e+00
-2.080284000318046722e+00
-2.136006885823780621e+00
-6.123243962934795670e-01
-1.227813506050240866e+00
-5.696061397089998701e-01
-1.503786787347414000e+00
-8.312004443856579883e-02
-1.487258284708417255e+00
-7.464420940162885820e-01
-1.957331053739598703e+00
-9.190812137283428385e-01
4.671691568492137847e-01
5.991602681617651527e-01
1.003423655524713576e+00
1.255452479713751845e+00
2.097567512107171073e+00
1.691930722523411035e+00
2.464110005771019685e-01
1.500652634233388349e+00
1.514782532726324904e+00
2.765590267356184961e-01
1.916910916344046534e+00
4.696564859849432505e-01
1.712550781351565687e+00
2.066509356012274257e+00
8.293926539873646142e-01
-1.268907727642280214e+00
-1.871897791948695655e+00
1.889025262369661284e-01
5.960138811162418726e-02
-8.965308040692471225e-01
1.211562187133077506e+00
5.616069940023040719e-01
9.176822554677162014e-01
7.280184493023700298e-03
1.294850737702066379e+00
1.242526489714832483e+00
2.973054753121123772e-01
4.076947465110571933e-01
1.708744898933545198e+00
1.402888924416837213e+00
-5.026134556789787489e-01
-1.518023105066284684e+00
-1.012301625802872307e+00
-2.478096700398955576e+00
-2.470865554280379683e+00
-7.272302046756884408e-04
1.973804655099885341e+00
7.203554075732760964e-01
1.194328294573199223e+00
-7.800764715664836313e-01
8.872410111897394147e-01
1.370029790192008878e-01
8.029759875140727310e-01
1.068805003283511024e+00
5.133399794078582490e-01
-1.819930150975701544e-01
1.077132406097099926e-01
7.808204995836194318e-01
1.718726199603591409e+00
9.422129968089685281e-01
-3.479968935300190580e-01
6.881279393270909317e-01
2.022529411772754138e+00
1.168970178224876033e+00
-4.055350776369812671e-01
-4.214684343170078673e-01
2.286021747590614162e-01
-1.346135603835742378e+00
-3.777020851068150220e-01
-1.578053618684772896e+00
-9.793735025257863658e-01
-2.445084752225858082e+00
-1.723269407405536136e+00
-1.999206962985015545e+00
-8.677207297548605869e-02
-2.230662930208547667e+00
-1.660170400058396112e-01
-1.632997336518510201e-01
-1.689956123593203685e+00
-1.287650645939268923e+00
9.569229261515133089e-02
2.450350985658232617e+00
1.283984811644183432e+00
9.773728530575408469e-01
2.291988177819977324e+00
-8.559407255439754891e-01
1.849057263914555271e-01
-1.113101094861950857e+00
-1.507849914717107165e+00
-3.995353257393883251e-01
-2.305853178883195298e+00
-2.382380102632591701e+00
5.305341461814627735e-02
4.014486029268551359e-01
-7.070584880027371844e-01
8.651045631291388593e-01
1.802998324570158850e+00
1.589022270469556908e+00
1.181345235274069427e+00
1.122520482625998905e+00
-1.485996091460432433e+00
-1.520392341592458285e+00
-2.076821957738273827e+00
-2.117339628815350316e+00
-1.293480876436720717e+00
4.926970507545999078e-01
2.557035683373000357e+00
3.190396974939711860e+00
1.160153447661363302e+00
5.840767364880333767e-01
3.605807808542718096e-01
1.588800209394621188e+00
1.538162560361843179e+00
1.743127887748318061e+00
1.336356818004023062e+00
1.448991511434698509e-01
1.220489725274734427e+00
4.118879453128692081e-01
1.403434934759851593e+00
6.414280121816231528e-01
1.206043663483131745e-01
-2.080665381651988444e+00
-1.874271853502586627e+00
-5.472391298891599032e-01
-1.834328798904006907e+00
-1.676052946611524153e+00
-1.372760070506509056e+00
-5.123604046664798073e-01
-1.690677753901574487e+00
-1.536496865393649269e+00
-6.387109650662726734e-01
9.804588859890219776e-01
-1.510974684072688756e+00
-1.018302456979149895e+00
-7.443419870382218528e-01
5.348472980273746291e-01
1.999512206270019021e+00
-3.967338449216555318e-01
6.674705050742005819e-01
5.501266259182570062e-01
-1.505871775392328749e+00
-2.188194049291767307e+00
-8.720521185286287391e-01
4.199106068554749882e-01
-1.927102216874532203e+00
-9.400941407944810591e-01
-5.877314951569647672e-01
-1.605469149268525353e+00
-1.727933085277269853e+00
-6.614324776225173341e-01
7.016602840263137519e-01
2.187048505303385015e-01
-2.113647358271317778e-01
1.154271327943519942e+00
6.646774340836016925e-01
-8.292427049737500777e-01
-1.116608074246189908e+00
-1.022819777037074607e+00
-2.610968238300521715e+00
-1.136499589098355134e+00
-4.773830262764314769e-01
-1.167911488768211381e+00
-2.092350305311181824e+00
-1.242474148537817680e+00
-1.637466019565647635e+00
4.869900515776537375e-01
-2.249231746252629005e-01
-1.117859133142309558e+00
-7.612003314836498502e-01
8.055428285153864998e-01
3.429186538027368947e-01
-1.269475177696926416e+00
-3.264495031475573850e-01
6.495215393589077735e-01
-1.694834056907430053e+00
1.037157861552314930e+00
-1.035831522490928691e-01
-3.317754985159266923e-01
2.117189113575514092e+00
9.084893689876845091e-01
1.431597538991033591e+00
9.291968063654296728e-01
3.004251765914303540e+00
-2.286647618354618050e-01
1.102486139139919885e+00
1.625194209656072974e+00
8.281502483830949224e-01
8.729369258611733295e-01
4.806267080835199268e-01
1.398696904228141635e+00
-8.096359961102771452e-01
-2.549691421081365927e-01
-1.138307337279167442e+00
-1.625218372043776061e+00
-3.355498741357947345e-01
3.922474755264060420e-01
9.070650346171560408e-02
2.423538043151889365e-01
1.688870682980418314e+00
1.672374099440917083e+00
2.152880169968647728e+00
1.255124030485427200e+00
6.886709428555044532e-01
8.116085484946533590e-01
1.325034782659054500e+00
-1.847325643422370156e+00
-7.035540476324736447e-01
-1.336955287327994402e+00
-1.356198029113585335e+00
-1.097310710500705389e+00
1.235031260007024567e+00
2.033348302446579270e-01
2.047677510800383072e-01
4.782990109725342442e-01
1.383967245131558332e+00
-2.131755497284695267e+00
-2.124317457314170543e+00
-9.421746757513921322e-01
7.847284113777264203e-02
-1.676171817009217690e+00
-1.275876631366545499e+00
-2.023704408611538774e+00
-8.964198589479394075e-01
-7.438686101062140787e-01
-1.196963061752087665e-01
-1.102958309908088186e+00
-1.264776110465415382e+00
-1.157259296588684760e+00
-1.274105073313538616e+00
-9.787709329908317324e-01
3.280018321949860205e-01
3.096773175343376927e-01
5.823990427171079620e-01
-2.170946058546059376e-01
1.380509355614996769e+00
9.930689590583531290e-01
6.879172303708198655e-01
1.444777601724919869e+00
-4.768251312108593432e-01
8.866039163009811208e-01
9.988238773422007943e-01
8.588899906183750099e-01
-5.199356166628033016e-02
6.940231096037325909e-01
7.919956898436957271e-01
-1.484919331331419068e+00
-1.311117095462695614e+00
-1.859944433764875615e+00
-9.739996063424984918e-01
-4.410115236750606904e-01
1.734934524423410007e+00
9.277168173297276610e-01
8.312733730478822913e-01
1.447958757700036569e+00
1.648122934620801505e-01
9.651022922485796851e-01
1.333783793424718978e+00
7.937231263445023721e-01
1.373067912341439989e+00
-9.528188610939025693e-02
-1.852783783949992324e+00
-1.916543024709540521e-01
-1.509723414868314517e+00
-1.338027838055247942e+00
-1.942296338420699264e+00
2.137764662078402544e+00
1.637513257280935441e+00
7.370656959523805840e-01
3.152712886918611623e-01
1.185307611928428040e+00
1.538957613921072776e+00
1.302255764681421679e+00
7.065498586532379388e-01
5.860355002441092198e-01
-3.640809896622387853e-02
7.444789954291348710e-01
1.339591300303221821e+00
7.986682893429741803e-01
7.562584736069044578e-01
9.829355007247402298e-01
1.050211761134923316e+00
8.760069224517708086e-02
1.430716524020440694e+00
1.291714809259771446e+00
9.705961680440536865e-01
-1.093466827513524420e+00
-1.153675397580201656e+00
-3.007198009989643595e+00
-2.161701847960809886e+00
-1.059708787504978655e+00
-1.984300367338950544e+00
-7.289564997962366677e-01
-4.121339275876967356e-02
-4.942908245895053509e-01
-5.445862192489364650e-01
-5.430439534483114672e-01
-9.789368382299410420e-01
-9.749255169556627632e-01
-8.586069888355805091e-01
-3.990976846915041953e-01
1.535810498964634618e+00
1.164329064229284505e+00
1.378270210333958357e+00
2.163481109500168920e+00
2.793926332966746529e+00
-1.493021123381999438e+00
-6.361889597779852856e-01
-2.502293889764301671e+00
-5.896291629615453278e-01
-8.280142026714998327e-01
-1.121627829208728055e+00
-6.121447594867652775e-01
-1.749068716715949989e+00
-1.178546650767542392e+00
-8.616285568992401167e-01
1.639196537125269915e+00
2.092333470798996231e+00
1.297113900305361334e+00
1.662678864605908302e+00
1.443007599728291179e+00
-1.754883013796575186e+00
-1.755278980828705038e-01
1.140557879845354172e-01
-6.611180464666996937e-01
9.938212696780031052e-01
1.776053525669221145e-01
1.635000127458022368e+00
2.124593044552749888e+00
6.415617143067069428e-01
1.310704510468045481e+00
6.769245090621021088e-01
5.131073221382597138e-01
6.686414815779748722e-01
-2.464528371611345303e-01
1.699295547718096433e+00
6.303224360966337425e-01
4.172135658274798153e-01
-1.104534276744120191e-01
6.315337690128470793e-01
8.409507115460779225e-01
-4.967472230210423501e-01
-1.158934716291692979e-01
-1.627747026894242666e+00
2.572100132051646781e-02
-7.344117338858155986e-01
-2.189847806614425796e+00
-8.700406177958341924e-01
-2.466728662171648878e+00
-2.668088482258521132e+00
-1.129021964601355510e+00
7.921778545163049579e-02
-1.780170486877729719e+00
-8.744660999265958523e-01
-8.125161079851406232e-01
-2.056456545380492607e+00
5.396007723377269638e-01
1.214629313297095781e+00
-4.146474674179341235e-01
1.716896798160524984e+00
1.676095020520066869e+00
-2.159060038486054989e+00
2.947643504714911877e-01
1.146528728536226893e-01
-8.734510564529540666e-02
-1.033723542351157265e+00
-9.082382970606323047e-01
-1.414881051542908885e-01
-7.774870196719602111e-01
-1.049108210642625050e+00
-6.288903257353132270e-01
4.705971079885533648e-01
2.062656189468999646e+00
5.069877374352563804e-01
2.488941013874778285e+00
8.242152912146949451e-01
-1.316207337259186705e+00
-5.894971993774157371e-01
-1.149915630356995955e+00
-1.621092044900342977e+00
-1.597774165447732209e+00
7.213819678794868295e-01
1.261931489325839539e+00
1.998755951499013861e+00
8.739830615121306767e-01
8.008849593513606147e-01
1.645243073996784933e-01
8.324904209454169202e-01
5.458842461167989768e-02
2.543676029755611800e+00
7.643089142343642006e-01
6.811704159474865072e-01
-2.772850719992685509e-01
7.477871267546492007e-01
1.670180417658083005e+00
2.666982316386909968e+00
-5.377688808607756776e-01
-5.435885957945568725e-01
5.207474485720986479e-02
-2.879248304398889236e+00
2.602777082992528968e-01
-2.653962239607706719e-01
1.077588828779951768e-02
6.498553703867391285e-01
-7.967046986618301352e-01
4.269585514020977079e-01
4.402934550667398916e-01
9.874379340720411680e-01
1.501790915698146822e-01
-9.450381474642679525e-01
-1.621281455112333791e+00
-1.451056633738933233e+00
7.331277941123310882e-01
1.539360992464349875e+00
1.066614315710048499e+00
8.062188306944653160e-01
-7.635705639650470777e-01
-9.872100673172218288e-01
-1.756239523059009100e+00
3.945183178762812215e-01
-4.550579831744064885e-01
-3.497357281965572939e-01
-1.158164357782006215e+00
-2.724626657137833030e-01
-1.025241000830004356e+00
-1.742800229838658677e+00
-3.402801236311905342e-01
5.518179718944719037e-01
8.970270721547384252e-01
8.662055024765211719e-01
1.007075338017802579e+00
1.670822440590200575e-01
-5.351951254843800854e-02
-7.705198506952237736e-01
-7.086226035659577427e-01
-1.901631119078254217e-01
-1.744778636657385418e+00
-5.448915497365550697e-01
-2.432551855284784459e+00
-2.035869607595229613e+00
-6.942734735680812230e-01
-8.576952262305239660e-01
-1.156265090516486183e+00
-1.441478195914907667e+00
-1.381425119124289669e+00
-1.368807206069825533e+00
-1.779565631922958246e+00
-1.524643918189265257e+00
-3.751405154954177146e-01
-1.098250847597114443e+00
-6.589431380458135035e-01
9.187769707081243631e-01
1.982773942636694597e+00
1.270678010151726545e+00
2.555079207721419277e+00
2.968567928495492225e+00
1.818005090225387033e+00
1.299846470191857062e+00
1.140695205660228417e+00
7.720305351532315008e-01
1.467699177140849187e+00
6.567176110140470202e-01
2.066145665715520607e+00
1.511134950146022504e+00
1.726838234740041500e+00
4.838711447992267711e-01
-2.238514428225162334e+00
-9.759413065251855146e-01
-1.198643130392490708e+00
-1.384458747777066234e+00
-2.335082276254644817e+00
-1.218792324710571418e-01
5.235512643092544716e-01
1.288590034999339995e+00
7.469456800124192331e-01
1.494798971306523505e-01
5.635282864779234124e-02
1.147007980456389964e+00
6.498961256954435273e-01
1.451109444494081080e+00
8.134315142183433656e-01
2.872233868014675284e-01
-6.428356880518565353e-01
-1.621658017987805955e+00
-1.179599798197553451e+00
-9.501456273743824621e-01
1.146528509415079888e+00
-1.146000092429228623e+00
8.362008991924790857e-01
1.898473203629214234e+00
1.214945606626015362e+00
-3.752906409691254552e-01
-9.517106387290888980e-01
-5.418627213770960127e-01
-9.305468063318284022e-01
1.560651552635561323e-02
-6.932277716810537616e-01
-1.553760385429354240e+00
-2.130566567434183156e+00
-3.215451102617352674e-01
1.005964842355093758e-01
-4.470553239367283105e-01
-1.789684581091792515e+00
-1.853581526365637888e+00
-1.339008016245850641e+00
-1.848291844069293921e+00
1.288200040923297207e+00
-1.210252021197111283e-01
1.364166445420235796e+00
8.136490671596173785e-01
2.208761807788303333e+00
6.816442451565470906e-01
9.262240468717810593e-01
5.121696183215848075e-01
9.647940290036530753e-01
1.818805047910605932e+00
-1.050510771734656235e-01
1.658655492636131878e-01
-6.868116718396217735e-01
5.454458122376948381e-01
4.146928889647143457e-01
-1.321963540998516429e+00
-1.355889672645747002e+00
-1.452875844428418883e+00
-8.629586392228425495e-01
-1.364283449005706306e+00
2.252023202846160643e-01
1.224439179965912228e+00
1.976488064809662548e+00
7.707622460552610022e-01
8.523636885535641472e-01
2.247732707732619239e-01
1.062154597330591921e+00
5.580739189855609128e-01
2.510587442992270324e-01
8.872950251197282423e-01
2.249583396869931917e-01
-7.654419570451940213e-01
5.234505563991678212e-01
-1.745779176173190006e+00
-9.511841266401215300e-01
1.810351738978221103e+00
2.497981365766999584e+00
8.329069439093413907e-01
9.601129609460365977e-01
9.003471127914405292e-01
-2.571762083027495649e-02
4.822738239262436277e-01
2.260938916994774672e+00
2.034694541265725132e+00
2.129556330825042920e+00
1.817902073608755220e+00
4.739774143587269783e-01
3.191593506522805157e-01
2.076071504629432241e+00
1.964640159993368052e+00
-1.976219895445439079e-01
8.575531606357903458e-01
-1.888148865005780941e-01
2.424758473443458406e+00
2.588498926970647762e+00
-1.537519680066139260e+00
-1.928820182491618684e+00
-2.186539217228967047e+00
-4.051836901257962475e-01
-7.129974541174857183e-01
-1.351693867492836265e+00
-1.123856434219476785e-01
3.140733300780684800e-03
-6.961699409989460241e-01
-1.294462584515515990e+00
-1.719159755540662804e+00
-2.447805383058721418e+00
-1.462416257365980465e+00
-1.625180318487785547e+00
-1.577568667743422193e+00
1.631208987914585240e+00
1.667505290916373673e+00
-2.539956637211320256e-01
1.415386640442132693e+00
1.329709354219076101e+00
-1.813973546079064914e+00
-1.231481854244896645e+00
-5.646838572693411162e-01
-4.164564022241272756e-01
-1.079074962377061464e+00
8.113567890501061086e-02
-2.846092177376007282e-01
2.722657451482581870e-01
-1.129043582434323456e+00
-5.296284413292573490e-02
1.675025546838019519e+00
2.535856490785467487e-01
3.236970055756016595e-01
6.215551390299485224e-01
6.505871691611873064e-01
-2.581119442893164972e-01
-5.911858426159601887e-01
-6.628411454137872472e-02
-2.291347670416528537e+00
-1.191673803937282505e+00
-7.103287743776560692e-01
-2.099311050112898869e+00
-1.361993418614131812e+00
-1.076308409396178112e+00
-1.495641231602251375e+00
-1.964035092196375398e+00
-5.126660196291330518e-01
-1.360107454924072812e+00
-5.136495407687700077e-01
2.087294347337609324e-02
-7.096135765131197370e-01
-1.891641118650710274e+00
-1.290019097916746738e+00
-1.784552044744821764e+00
-1.349407800163498372e+00
9.647721985158856928e-01
1.594319942087273567e+00
7.195277628015965821e-01
-7.763522809642766642e-01
2.420195239058257286e+00
-1.264297211960441203e-02
5.170120909238251627e-02
4.286613441790565471e-01
1.015222070542086241e+00
1.121319324132455719e+00
9.449511696908976521e-01
9.697893655956827397e-01
7.567375002789238359e-01
-2.078492319849107872e-01
9.760591287229846147e-01
-4.426649918593843491e-01
-7.418966388504302234e-01
-4.641271174077973294e-01
-7.575082442025778962e-01
-9.047361666192249574e-01
-1.050169335715223085e-02
1.558355496373213356e+00
9.470363823950205262e-01
1.904548044249818606e+00
4.210234097883472915e-01
4.612329967875439252e-02
1.096728978511330332e+00
2.107546331260691019e+00
2.024155662606244022e-01
5.466443589698521954e-01
-2.346676998234773492e+00
-1.268070618138770422e+00
-1.484505321100664688e+00
-4.052567551192757245e-01
-2.033953821705454246e+00
1.718622458334362779e+00
2.801748037363709365e-01
3.871799280120311604e-01
5.087111388954019819e-01
1.013672813215358071e+00
-2.365018002901848604e-01
-1.218183849495702908e+00
-1.151545321357848595e+00
-2.209750815052244022e+00
-3.083882892415990007e-02
3.409593094642595634e-01
-1.510590931023564121e+00
-1.086148963637309173e+00
-9.930341443626068410e-01
-3.772157772214796978e-01
-2.382818790707568191e-01
-9.752186654094398000e-01
-1.387267911638856210e+00
5.256379297578896992e-01
-8.837842766369848890e-01
3.659938305442591577e-01
1.925634308913886095e-01
1.469247190580851736e+00
1.063142118703610972e+00
1.907518878698925224e+00
-1.695468479368620329e-01
1.383654683694994336e+00
1.105591937357963683e+00
2.346011494232790540e+00
6.544798953083901250e-01
7.680401450128266916e-01
7.783047120307592381e-01
1.572909543493298479e+00
1.625622316225749264e+00
1.296658553079983012e+00
-6.970665614212230299e-01
-8.664185293618877903e-01
-8.249068875013210178e-01
-1.457159925939305989e+00
-1.000057035530219407e+00
1.006339582249512699e+00
1.542436867570488923e+00
1.090111010698692207e+00
6.872148965133444420e-01
3.152710234576048265e-01
1.361762931309033586e+00
1.088393005214242759e+00
6.289898215583935581e-01
7.038246810680687249e-01
7.493640342766373363e-01
1.650292836268940633e-01
-2.325095619458712903e+00
-2.134181458604725634e+00
-1.176224910556728176e+00
-2.247045454098225647e+00
1.834214823077122247e+00
1.040079684865057308e+00
9.610228051593517895e-01
1.301195335512183249e+00
-1.871398606878793558e-01
1.329769005469235932e+00
1.613095337857490597e+00
2.013732838998164798e+00
1.240109204465814408e+00
1.123519599371339384e+00
3.870124150980822630e-01
2.131889660166124578e+00
1.619128637941239957e+00
1.872000084309594747e+00
-3.546424679231163779e-03
7.038348719341162019e-01
1.794355288419778649e+00
2.079454900528935113e+00
1.197137356979897094e-01
-4.281082432274270211e-01
3.097993057282795171e-01
-1.507654969136984269e+00
-3.714326996127015335e-02
-2.004748226458279436e+00
-1.112507921015368773e-01
-9.540204294655674211e-01
-1.209263622538889971e+00
-8.710469097441326802e-01
-7.707894217409330118e-01
-1.796764553730380021e-01
-2.148735255083363160e+00
-6.830831940112122025e-01
4.550963176917095510e-01
-1.280144367661975702e+00
-1.116978035213499254e+00
1.248262712360452609e+00
1.631506612932763112e+00
1.045427325492281678e+00
8.268206476522181880e-01
4.888090131633469060e-01
-8.705477935381724652e-01
-1.378775698289359974e+00
-2.763214695294004208e+00
-1.886193741337276242e+00
-1.079497951766725361e+00
-6.861167623768845703e-01
-9.979655490005754359e-01
-7.139392893204911106e-01
-1.003551382958603355e+00
-1.862735970837457788e+00
4.043109168068659276e-01
1.947653751313754178e+00
7.577541514366201714e-01
4.169191145500850126e-03
2.144774985377607024e+00
-7.544371988946325658e-01
6.442983795993262319e-01
-1.444165413918324203e+00
1.024416323183650057e+00
-2.937552617419377787e-01
8.467377399434669050e-01
1.037737772615463738e+00
7.285733927231453633e-01
1.431258249741766075e+00
1.254632792488655557e+00
1.924446835795644573e-01
2.649088228326552663e-01
1.098843577596932519e+00
1.483469993375849949e+00
1.164890454834407008e+00
1.707248015174816613e+00
1.988503431792250753e+00
1.365501025076319097e+00
5.714596845847380591e-01
1.147169392922837705e+00
-4.534745757716511783e-01
-1.202902196793459888e+00
-1.385516222603502490e+00
-7.252076966883485021e-01
-3.978292266534388943e-01
-1.724233104881549572e+00
5.897280839319316570e-01
-1.403728594362560367e+00
-3.707635391768631106e-01
-1.612384618315608531e+00
-1.229237966601668397e+00
-8.580649375077757934e-01
-1.016933605518475670e+00
-5.929264656563870695e-01
-7.317671419424950363e-01
1.835857565467234442e+00
6.656174212080652186e-01
1.663749900312073704e+00
1.888284752177789461e+00
1.710057839029552440e+00
-2.288722332528608128e+00
-4.489488069574008033e-01
-6.443441653285636450e-01
-1.661996181484743929e-01
-4.899578391099429497e-01
-9.118939954159790418e-01
1.152448767461085044e-01
-8.699874798098587991e-01
-1.633411151886888124e+00
-8.242472365251904964e-01
1.070860688822236950e+00
1.056917558628060583e+00
1.486174420277664554e+00
5.168457797561032407e-01
9.931763647002045392e-01
-1.102198009630787068e+00
-3.605744413696031492e-01
-2.172871018615083916e+00
-6.069181252871908017e-01
-1.967746787817454157e+00
7.660522272459435733e-02
-2.498888662485583723e+00
-4.670474357632077300e-01
-6.128225032725685972e-01
-2.008180186712841042e+00
-1.182505747883831004e+00
-1.411534272296664172e+00
-5.207296610154117378e-01
-7.348030512326979569e-01
-1.771620955105464246e+00
-6.056622599833819676e-01
-1.313619427682697127e+00
-1.032765293176965304e+00
-2.583026381184892806e+00
-1.009900094185056885e+00
8.062316944569698496e-01
1.569693670164009625e+00
2.011242641296229650e+00
1.248876623827653409e+00
9.126774563789746830e-01
-4.487540054750138729e-01
8.024437260681076545e-01
5.899153054428771803e-01
1.147213594414435267e+00
6.459208945093155574e-01
7.869347850839205627e-01
1.697499622270297603e-01
1.334569462936199713e+00
6.743678323312065626e-01
4.166604843158125959e-01
-1.102001957279954203e+00
2.308083968527050445e-01
-3.335109509238186609e-01
-1.392371844716723039e+00
-3.731148120365684884e-01
-5.947187278264260968e-01
8.587269922701360469e-01
1.539274022672335374e+00
1.126884048619360978e+00
7.298321289902618414e-01
1.735027996021149654e+00
-9.949868530281413825e-01
1.630896773421369961e+00
2.086120372366764286e+00
1.760052828183143347e+00
-2.602594648357515084e+00
-8.508694674932869573e-01
-2.322739219782418818e+00
-1.300797452519097952e+00
-1.773086866561405905e+00
1.028453747186893530e+00
8.139190278948931212e-01
5.023999642330047033e-01
2.322102772472884880e+00
5.239798408320912593e-01
1.520210979050900635e+00
1.196549321179812164e+00
-2.618988517989051523e-01
8.809128323042533237e-01
2.028622927469228898e+00
1.519739427028379719e+00
1.550216287148949768e+00
2.283375769459768279e+00
2.445094051087734144e+00
5.651228085284168978e-01
1.388559039227646785e+00
4.021445322438208514e-01
1.692286975668071403e+00
-2.397889506190422626e-01
5.938474069912820230e-01
-8.887580726135663189e-01
-9.324148130735665507e-02
-2.966671987829928803e+00
-6.356676256880490206e-01
-6.945825040056605726e-01
-1.759030958805725131e-01
-3.050551845154025887e-02
1.052771993030843234e-01
-2.356321504171058123e+00
-2.913548013343489895e-01
-1.110180195523287505e+00
-1.645254137075945700e+00
-2.109603692666715880e+00
-9.777162442358782179e-01
-6.605013203890537365e-01
1.345088337592585725e+00
1.449431375406802225e-01
1.384699111722281550e+00
2.545499924244301049e+00
6.787123155391172613e-01
-2.163430714834822854e+00
3.236935648105006003e-01
-3.999633384136190850e-01
-9.196835714490902980e-01
-1.637658966075141942e+00
-1.348623164227059634e+00
-1.090536193797488673e+00
-2.468897618604187105e+00
-4.430174845376928516e-01
-1.659066145235196910e+00
2.623311082996401922e+00
1.558560942002879646e+00
1.391982826042324817e+00
3.063338647708691909e+00
1.093447864547058890e+00
-8.952508872719844302e-01
-6.608269203364588451e-01
-1.816140946812257573e+00
-1.367366900498053095e+00
-1.692816791054861048e+00
2.185057423953240097e+00
1.763151136312967049e+00
9.180505581932760784e-01
1.706494992833921476e+00
3.943951363604003557e-01
2.456789375249827767e+00
4.405987701092971554e-01
1.489979035446394207e+00
2.723699806666506351e-01
1.678609877139451534e+00
9.416210406438965119e-01
1.655659327544723336e+00
-4.167242870725829107e-01
1.905012356046174249e+00
1.515273820822341300e+00
5.019469751212835007e-02
-2.108984612277647219e+00
-1.469594111257891189e+00
-1.211207499077175731e+00
-1.807144868096214108e+00
-2.113976490737382807e+00
-1.542380329969593955e+00
-1.718593057902658039e+00
-4.067244209106859465e-01
-1.832599860549771753e+00
-3.240204057698702345e-01
-2.547945924179440880e+00
-5.344345262537308905e-02
-1.067644119900360122e+00
-2.575098785397978762e+00
1.134320334726870438e+00
1.745634776487227535e+00
5.823984573437781531e-01
1.517516814816457948e+00
1.128861048405942258e+00
-3.538665894534916978e-01
-1.118447460996923937e+00
-1.191818688977232199e+00
-1.070963759734746557e+00
-1.160237097462679667e+00
-1.772062935519852500e+00
-1.373029451459616634e+00
-4.794316217690012261e-01
-1.695346693369493396e+00
-9.365766961157730996e-01
1.321025292003756624e+00
7.894280272137532695e-01
1.512257040632401850e+00
2.349070873875799492e+00
1.222404027791395231e+00
-8.265157766138413464e-01
-1.417563680766199763e+00
-9.461292834964658560e-01
-1.074456249791312157e+00
-1.066580925680655989e+00
8.774329822946269619e-01
1.539851653701658218e+00
2.098644493719302950e+00
1.706387286086362920e+00
1.254918058675003278e+00
-2.022939959698244472e-01
5.316748063908764976e-01
1.748521201650665491e+00
6.340487660689413385e-01
6.275936908282291338e-01
1.759724540424436379e+00
3.938856743457791465e-01
9.941079636925415075e-01
1.174491326584661710e+00
5.207625234993792374e-01
-6.021328775870886663e-01
-7.103871239154058159e-01
-2.065424089533976382e+00
-7.476654161641036467e-01
-1.882954247208217691e+00
-3.380335334838021621e-01
-8.512279351917688697e-01
1.299694019149524316e-01
-1.519429015025611784e+00
-1.644868794634642750e+00
9.903686921861387660e-02
-3.326217944889330314e-01
-1.570173851358838357e+00
-5.529218727726027405e-01
-1.366979746761258774e+00
1.190115316919063027e+00
-4.616408059576082579e-03
1.129412420461985977e+00
4.449507642481178582e-01
3.785779588397724105e-01
-6.157334975991644033e-01
-1.018919392695110115e+00
-2.198693508992700441e+00
-8.794053655191387264e-01
-4.615029547434030821e-01
-6.570371343747466453e-01
3.926178756929288305e-01
-1.089295947716160562e+00
-2.215062473487838801e-02
-3.034543256214129459e-01
6.228489659039355697e-01
1.708305372380415132e+00
6.943521898997206954e-01
9.101112664056524304e-01
-3.662501016471171322e-01
-9.677216247094566626e-01
-5.285288726609487231e-01
4.751965348614377582e-01
-2.347184986480187696e+00
-1.525346759520902484e-01
6.457965133237553168e-02
-2.344122778929502715e-02
8.131664189292594491e-01
-5.008158360477654725e-02
1.232864341932552232e+00
7.333585201460970371e-01
1.396081441486105135e+00
3.932176693906646037e-01
6.263697343952371321e-01
-2.190835288039574280e-01
-8.117151712555841225e-01
3.904195083721306858e-01
1.836237288819105196e+00
9.818736679372561671e-01
3.155024765442329127e-01
-7.304918858116180580e-01
-8.192324117583869025e-01
-7.811326129958970910e-01
-8.071354843728277828e-01
1.237962558195013774e-01
-1.240843147353947407e+00
-2.853991267096980256e-01
-1.975273212564699232e+00
-1.106543123684729624e+00
-1.152126829793969520e+00
-1.090256329079670961e+00
-7.185608259619808980e-01
8.129215708047565769e-02
-6.702650809085014538e-01
-6.568631059840587261e-01
4.539802191363950801e-01
1.282773100223212337e+00
8.513978133571264983e-01
-6.047551677351066246e-01
2.037717479031147860e+00
-6.492412281944737185e-02
-2.521140660330209116e+00
-6.758755732484640344e-01
-2.372732267489856994e+00
-6.330730282981946733e-01
-1.363886115441619307e-01
-1.173308947841809280e+00
-4.824044900644102185e-01
-5.601942049926188494e-01
6.232801016704736519e-02
1.678775341077323180e-01
1.315297340484376853e+00
1.923764418087124728e+00
8.210125178090066367e-01
-8.863893801881683743e-03
-3.573742638858146137e-01
-6.724122899015931853e-01
6.003860576819295414e-01
-5.215366484748499287e-01
-4.241020603905640840e-01
