-1.819493934230981047e+00
5.209736221168779213e-01
-1.109294886688282578e+00
-1.272706943029050297e+00
-1.380622038215280512e+00
-2.103632853245067658e+00
-1.574165651886918038e+00
-1.090167528654811591e+00
-8.905647490987200765e-01
-1.062529237372447533e+00
-1.721099337889344660e-01
-1.532334124189653313e+00
-1.881191423148908415e+00
-1.317547996575052505e+00
1.626162545092828537e-01
-3.063878007377924817e-01
4.010700588528379740e-01
2.398612961158856915e+00
1.725852569446919782e+00
9.248848690975518538e-01
1.059354649159278017e+00
1.440331579047107624e+00
2.111517438708840011e+00
9.746149318507728587e-01
1.376584102277437438e+00
2.579222138822887089e+00
1.125266638554676790e+00
1.246060378823638182e+00
1.413861462511035949e+00
1.751214641556910090e+00
7.060814013586809157e-01
-1.215327658319676818e+00
-1.020204236743946558e+00
-4.239340565770897129e-01
-1.462455442765811631e+00
6.372399722028381230e-01
1.694991295917726903e+00
8.654066302917514664e-01
8.416399163623105029e-01
-5.377982663655838103e-01
9.822551817297311416e-01
1.088226457708948214e+00
1.706137952643723477e+00
1.544697920470258889e+00
9.616654003203594092e-01
-8.211816447978890210e-01
-3.756595549167017767e-01
-2.077613043816004978e+00
-1.327422702994035308e+00
-3.751748110093113819e-01
1.262086123344230648e+00
4.350924079108341447e-01
2.207469443787465568e+00
4.548899062085036693e-01
5.192146876262936361e-01
1.818133084392712595e+00
6.662861455309458947e-01
1.102492169648727760e+00
1.370419400480439975e+00
5.525350584438788459e-01
2.218466021439511326e-01
1.823877525526885091e+00
7.620195186381337749e-01
1.193693917996860199e+00
9.167353912006432903e-01
3.142157547382862681e+00
1.413226420395178540e+00
1.010601588967058095e+00
1.465825633821946639e+00
1.171624159566708956e+00
-1.624702943515848652e+00
9.417775356932012176e-01
-1.612383420865191930e+00
2.078769020052464445e-01
-8.051082400735748434e-01
-2.713191443565338812e+00
-5.139477128848124465e-02
-7.884637209789900902e-01
-1.842168796543448783e+00
-2.368139938973179426e+00
-8.759744559125174357e-01
-1.193194574710186640e+00
-2.715430191620444411e+00
-1.330156330966889788e+00
-1.993087288902431808e+00
5.677378003209294643e-01
1.957959097361661849e+00
1.082348846826629130e+00
7.860969856605037887e-01
1.107229068638709624e+00
-1.304601943024450872e+00
-1.712540235507525654e+00
-5.026886802712237090e-01
-5.669274773298094150e-01
-9.560967939645270697e-02
-1.438318950118390616e+00
-4.526869730052744956e-01
-2.043580867070006413e+00
-7.208692634174997949e-01
1.170187018488879627e-01
1.119693542126389607e+00
1.614191302537810291e+00
1.711113664514106736e+00
1.821858439761898207e+00
4.731437923816863567e-01
-1.396433994113479571e+00
1.460169084597282563e-01
-1.314287587510818200e+00
-1.544883360163781028e+00
-1.508781234463179244e+00
-1.399728944591062785e+00
-2.606185049847439039e+00
-1.833365081546670439e+00
-6.005055510606376323e-01
-1.122226810039357092e+00
-1.030289134983806365e+00
-1.105759230023495521e+00
-7.371603823864614213e-01
-1.509954816242841558e+00
-1.949501077233967594e+00
-1.425197523248377340e+00
-5.037234953337350607e-01
-1.462508022095162508e+00
-1.905342925149080546e-01
-9.557226853721462190e-01
7.784917223675835718e-01
9.365317955226144520e-01
2.053061815478812946e+00
1.908683224710538529e+00
1.156315394961122456e+00
1.221842080286351662e+00
1.811609991088458216e+00
1.769240284971172361e+00
3.203781151546865047e-01
-7.672510333618955958e-01
6.897496771323661235e-01
1.816348413947238782e+00
7.138749784869874437e-01
1.569589364491592587e+00
1.378951302423057079e+00
-1.053606660730296518e+00
-5.832759368026512181e-01
-7.106521561041709845e-01
-1.095597343657614964e+00
-3.238141546686367223e-01
2.507649237779752127e+00
2.234574582231970030e+00
8.406506195697192041e-01
1.275837238182088829e+00
1.749946889183318977e+00
9.494207660183799913e-01
1.170215399608451445e+00
1.063621135634475134e+00
1.508846593299402183e+00
-1.063798703234530851e-01
-1.658904372141775774e+00
3.851262835425992570e-01
-1.933809267472015092e+00
-6.621308997451013090e-01
-8.623543977194932930e-01
1.768838391636860408e+00
7.686546468994722714e-01
1.122085989380991577e+00
1.771637764805045201e+00
1.803538781274315106e+00
-5.316211849231508024e-01
-2.319829584917965537e+00
-1.070867938451238954e+00
-1.308905033524425221e+00
-1.588133112187196883e+00
-2.498546146240490984e+00
-2.928191218622017367e+00
-1.975427639894526521e+00
-2.387171569089846734e+00
-2.708404471713510731e+00
-9.995103785065119206e-01
-1.165635791156253598e+00
-9.481072882179120143e-01
-9.000648183014088310e-01
-1.499369801132071522e+00
5.910504354599187549e-01
8.478411787016307821e-01
9.881427236463641295e-01
2.552717589932591125e+00
1.397745182342091885e+00
1.548859273198228470e+00
-1.964073384550262258e-01
1.068028200272541417e+00
8.479532920330977719e-01
1.511738918875719540e+00
1.349010575643350585e+00
2.218431929414986126e+00
1.134653411888760566e+00
7.183667354755428613e-01
8.745899335719218293e-01
-1.283736069396741009e+00
5.485110966197024318e-01
-1.774004817364128517e+00
-9.758853767496825649e-01
-2.190321310685230394e+00
3.279546655014307088e-01
9.235863174722873659e-01
2.975664354932785471e+00
1.863369001807375858e+00
2.614798176243290140e+00
1.125229502486555067e+00
8.294365445302968043e-01
5.993996214345080897e-01
1.667597270898302897e+00
1.240731851177542033e+00
-2.261897770183511902e+00
-1.747355573090399350e+00
-1.685266747402571763e-01
-1.124866742554810672e+00
-2.332603998650959021e+00
1.389493551465181831e+00
1.478439840562807195e+00
1.961426733477266593e+00
1.316414647069402255e+00
1.345555381942732831e+00
-6.677601400402198850e-01
-1.374705506691235257e+00
-1.272222929851423157e+00
1.953983104410044191e-01
2.459884332881800972e-01
-1.342174040597976958e+00
-9.426052883600186671e-01
-1.354894514749784395e+00
-2.211994566127150286e+00
6.020702248274281132e-01
-1.700794654948511564e+00
-1.217261973571849509e+00
-9.628303601438922277e-01
-5.470725268676734920e-02
-1.273435719336623029e-01
1.400196961744983870e+00
3.202192955016923692e-01
7.802287693220140152e-01
-8.943913976306347990e-01
4.856575592293983501e-01
3.333359157972382469e+00
1.554478950192417663e+00
4.053598393344604034e-02
-2.439953508681800276e-01
2.940730588747438867e-01
7.028976556070909432e-01
1.407179169033550004e-01
5.252620797245194373e-01
5.847112028947456519e-01
1.411137859414613782e+00
-1.865148300077043464e+00
-1.556629765779442343e+00
7.200039366395833973e-01
-5.483171255535275179e-01
-9.952654569201885293e-01
9.840139843969953892e-01
4.054440167485320323e-01
3.953553817567958539e-01
1.406684853400088642e+00
-7.473958574432211233e-01
1.289835176958708862e+00
9.756948895062237392e-01
5.546404762305821023e-01
8.880253364583293729e-01
1.135624310673470472e+00
-2.597204256990505833e+00
-1.258200785266383459e+00
-8.405815548875823495e-01
-2.245914193745176535e-01
-8.080552900050244070e-01
1.246867103413021205e+00
1.478800075824615368e+00
1.628210504300016126e-01
1.863628720038183140e+00
-3.677349333774835305e-01
9.840226157511580141e-01
1.688831796994299417e+00
-4.231772421105404192e-01
1.111012037891133453e+00
3.138286484092474460e+00
8.753099727218872639e-01
1.931868402073006363e+00
9.701528516203991037e-01
3.635282863588616964e-01
1.367228901089602822e+00
1.863819698157002991e+00
1.270943768382722272e+00
1.041504889786658117e+00
2.536815202780620560e+00
1.209308120354864569e+00
-1.265531049453156198e+00
-5.940992950747367995e-01
-1.294806197584205343e+00
6.125566368305011000e-01
-1.979502632867527145e+00
-9.782610560526919796e-01
-1.162966139425614331e+00
-1.919480585381525550e+00
-4.560786271571708461e-01
-2.718952642717619383e+00
-4.077497969317356308e-01
9.084246359164784845e-01
-1.878815665019655023e+00
-2.401043474269213718e+00
-4.479207157989393284e-01
2.124914813693334459e+00
-2.480739101518616430e-01
1.036024892892593474e+00
1.364937028136661290e+00
1.578134452313481040e-01
-2.815830831363017595e+00
-1.611657886996987532e+00
-2.701078016184836450e+00
-1.313671944959914573e+00
7.283780047948118508e-02
-1.693863583488554037e+00
-3.394486543420358604e-01
-1.280964647937809842e+00
-2.649730032609463937e+00
-9.113211918491199715e-01
1.168322628914227668e+00
1.596854611940331514e-01
2.711423459048464046e+00
4.913089549966920266e-02
8.520432724437791983e-01
-1.211122412011636840e+00
-9.159177661915429702e-01
-1.674867565380971701e+00
-8.313696843505320455e-01
-6.249301950183316912e-02
2.077321515653383077e-01
2.494180932814782814e+00
8.593851541351529288e-01
1.405620935242944736e+00
9.708978311550403584e-01
2.731536975657118393e-01
8.199606852058158868e-01
9.906567182604566479e-01
1.123920828486670853e+00
6.474697306136133479e-01
-9.902108535995313154e-02
1.961575942103916503e+00
3.017673872385488121e+00
1.167374053999341577e-01
-2.895250505468160984e-01
-4.872267724797308963e-01
-1.090861233752536963e+00
-1.030256744721370410e+00
-3.556597284380051960e-01
-6.606594680287256605e-01
3.335026579870992158e-01
1.477596423486184918e-01
-1.659751987467555256e+00
-3.863133470180358797e-01
-7.676991146051311832e-01
-1.771470960595371347e+00
-1.225600554644141749e+00
-8.166373310845582711e-01
-8.354908471247037838e-01
-4.357543170853661607e-02
-8.020314496113667424e-02
8.323298252798714270e-01
1.756167005546474869e+00
1.739013606279730562e+00
1.098471189964712158e+00
-9.533735816166455379e-03
-1.003059414198367305e+00
-3.448686467990818016e-01
-1.696606333455670024e+00
-7.764258115473644528e-01
-1.212464957804506138e+00
-1.715519187110448041e-01
-1.934544118496918319e+00
6.442703594806622469e-01
-6.584718220111842601e-01
9.747710357484286048e-01
2.748838550496595978e+00
1.495208469932271411e+00
4.989813376173155568e-01
3.145892926043930560e-01
-7.335940474380686638e-01
-1.223160618396513355e+00
-2.467102705570435983e+00
-5.438226897686997408e-01
-1.090040154992777399e-01
-1.313748497572222229e+00
-1.697716115730648623e+00
-1.443638654088358564e+00
-9.040197043992975745e-01
1.308990307588153712e-01
-8.599594904260198236e-01
-2.336201170323546350e-01
-4.113681045551889071e-01
-3.024641744018270462e-01
-7.241969072994681733e-01
-1.071589245875663732e+00
-4.924543372493350724e-02
-2.356442684349601357e+00
-1.170131980521176507e+00
-4.782889445253535321e-01
2.345798519356925738e+00
7.803359161346921091e-01
9.738366646998052323e-01
1.145037736489765035e+00
7.862304054925547403e-01
9.000560656879552646e-01
1.828414829474027670e-01
1.483965993273746120e+00
5.204085127373659914e-01
1.031592845814638615e+00
1.724995832120013617e+00
6.373369115577232069e-01
6.159236373244039164e-01
8.612239166887213360e-01
9.014694222238587296e-01
-4.396608010651334997e-01
-6.897727927502325107e-01
-1.500581370182215490e+00
-3.677853867549332190e-01
3.183079587696244772e-01
1.340514364001007319e+00
1.071706588981680142e-02
8.857473527155901305e-01
1.079570701625683693e+00
1.117652019771868011e+00
5.687009444332333796e-01
2.369986617057195044e+00
2.124526142174293586e+00
1.566848560613540275e+00
9.805339209645234089e-01
-6.252131611923246179e-01
-7.173911941052263375e-01
-1.279627704047718195e+00
-9.393391071798251613e-02
-1.632731034517823865e+00
6.595946231293601247e-01
5.134963887723524856e-01
-3.396616400827130455e-01
3.211608276607684775e-01
1.729089855181515034e+00
-6.836225993124889211e-02
-2.911366937931547660e-02
-7.300309093147495654e-01
-1.738062923177841723e+00
9.989233730990143556e-02
-6.932240174531699717e-01
5.792998682380978703e-01
-1.248755034065042402e+00
-1.132420189954040923e+00
-9.186331756876602306e-01
-1.229037546086286126e+00
-9.084350698763697940e-01
-1.389546754229435965e+00
-3.345799990430336379e+00
-1.346475590810884082e+00
9.190795987139586121e-01
1.236119657345267075e+00
8.139954076969970753e-01
5.095343311756086457e-01
1.786161524330186268e+00
8.564070825318342850e-01
1.557350866428314218e+00
6.790455095356231485e-01
1.434121054041121779e+00
-6.214784951892404763e-02
1.102958626362128935e+00
-4.822399919150432979e-02
2.198022875742681848e+00
8.519621563924582031e-01
8.256943742598965574e-01
-3.781018341974563546e-01
-1.027500928304135197e+00
-2.600886068232313164e-01
-9.139292731830745975e-01
-1.565707395326859874e+00
2.820419204730963969e+00
5.127697818559682208e-01
1.909898771085179359e+00
1.891769419682882258e+00
-1.279392383072825989e-01
-1.598727608067294081e-01
1.774236125082930604e+00
1.148604125477733051e+00
4.635599082390490233e-01
4.074795012984835374e-01
-3.949064904153539723e-01
-2.195210330130084486e+00
-1.571019279180437156e+00
-1.183702853440462333e+00
-1.099022294378224629e-01
6.393006956476298130e-01
1.083596284541510579e+00
2.172174343396297225e+00
-6.932230589736465554e-02
1.666800855634234191e+00
9.596846651906103531e-01
9.608605528697388154e-01
1.071506046380235277e+00
1.630842730589219691e+00
1.166787908254703465e+00
8.324203074313638595e-01
1.158162922042555332e+00
7.459490232271362986e-01
4.138568199749492749e-02
8.487255804108908563e-01
5.724792535572920116e-02
7.130523804158165335e-01
2.934903945384064627e+00
7.780718174438392420e-01
5.299823294766696780e-01
-1.146378992542677722e+00
4.619719246168640936e-02
-1.203253208053013834e+00
-3.296808193366791429e-01
-3.354597137754757874e-01
-1.684250898781973760e+00
-1.529420429269332526e-01
-4.838165336708558639e-01
-6.620737844380595316e-01
-1.378651584038213640e+00
-9.841614720624297652e-01
-1.560616992025518845e+00
-1.543179448685912281e+00
1.630864095762312171e-01
-8.302419924121994255e-01
3.637318683777281958e-01
6.619208380248600143e-01
1.305173323711118716e+00
9.728777079837427344e-01
1.002639133895707912e+00
-4.729766063027255329e-01
-1.255567331404635167e+00
-1.101871887250837068e+00
-1.338423892668471726e+00
-7.426951528130018021e-01
-1.367694988565923531e+00
-9.516361820703773677e-01
-1.816956737180273507e+00
-2.117926805202035023e-01
-1.509171930191240074e+00
8.937231630829792772e-01
7.822124658317501922e-01
2.163833727925871031e+00
1.283103164704207266e+00
1.439549713113786877e+00
-1.296736270012568637e+00
-8.736034211910561620e-01
-4.939281064314312575e-01
-1.819914239721286853e+00
3.293620253946216714e-01
7.686377850197469996e-01
1.756836975679626489e+00
1.150330561564227416e+00
1.636785786602474424e+00
3.233890764199618406e-01
3.582371117454121734e-01
1.171546011539506438e+00
2.298107409948778823e+00
-3.387807450894146921e-01
3.111752166313055401e-01
-6.050583656015509071e-01
1.557553161699426703e+00
1.175578691769648909e+00
1.179866509014472431e+00
1.457695482926260722e+00
-8.730120963756768937e-01
-3.581618335261850250e-01
-1.362036466341206564e+00
-2.149285788234754691e+00
-1.354775632655986772e+00
8.950132520952136517e-02
-5.734755017199715255e-01
-8.561320933893539209e-01
-1.802172911064249039e+00
-1.564469232799180043e+00
5.285275978901005089e-02
-4.974008344753932942e-01
-2.074134164052588325e+00
-2.175421178354717267e-01
-1.492830963507367548e+00
1.830698597322699905e+00
7.064576079603135383e-01
7.854570942324112792e-01
1.466137103252396212e+00
2.404667678031704892e+00
-1.816623405664651747e+00
-8.941848055799338502e-01
-1.729673299137161946e+00
-1.084333130804983947e+00
-1.269674872924729803e-01
-1.796850566401163363e+00
-7.878516176650923741e-01
-1.253594430327090281e+00
-9.000526028633869524e-01
-6.991887697603791363e-01
2.091360499462792788e+00
2.634053457576856605e+00
1.132453900528225477e+00
7.422134872064400923e-02
-2.837869403739277097e-01
-1.887868665837209470e+00
-1.521762714072418810e+00
-1.079017720740856889e+00
-1.172601546150032314e+00
-8.329828046061382718e-02
-9.353572634900596539e-01
-1.200033515415748209e+00
-1.185373310059140595e+00
-1.972770981311730676e+00
-1.559568539158305400e+00
-5.763528494582580430e-01
1.348410510719033617e-02
-5.804998954834356129e-01
-6.824176889387387757e-01
-4.542080199794213957e-01
-7.941983257169740185e-01
-1.805269280728011738e+00
-9.373940797818365311e-01
-1.347373750895104250e+00
-3.158553108100693452e-01
-1.901577550342374856e-01
7.190782515129077179e-01
9.305298681417549789e-01
3.901290623420490267e-01
-1.922298347416313558e-01
2.993241689417711182e+00
4.206430826353754204e-01
1.308179422533857661e+00
2.025197373705123205e+00
9.640113397483561775e-01
2.021072584808357497e+00
-2.173776270771214936e-01
8.018591005799732274e-01
1.236626729544894721e+00
1.104271801198059011e-01
-1.867344895424809081e+00
-1.106100144538246122e+00
-1.417546224710924507e+00
-1.881604006353129410e+00
-1.648140694374884418e-01
5.376983045026750840e-01
1.019446239332461035e+00
-1.632948942736649478e-01
-5.727148343007693043e-03
2.068103221615021248e+00
3.763607156683661525e-01
1.404267753954071773e+00
1.131860587439880828e+00
2.787176238526877015e+00
1.083492619681265978e+00
-1.095406558176501122e+00
-8.894370176874245582e-01
1.899030835464643463e-01
-1.116285057935415104e+00
-1.350521700071101616e+00
6.225330785236984354e-01
2.145793151298120538e+00
7.549186935653038333e-01
1.169153297931827762e+00
-3.772943696844666128e-01
-1.796572438470125821e+00
-6.450440411727498269e-02
-1.958041050564063967e+00
6.948438969210481986e-01
1.215345434400862956e-01
-1.080061142597459334e-01
-5.090563536405130485e-01
4.421527615787814725e-01
-3.097711680471690876e-01
-1.244817718285486929e+00
-7.666273003095579464e-01
-5.778434428974057457e-01
-4.878252781522781634e-01
-5.783398927054386185e-01
-2.125883256226483553e+00
1.028784614394977037e+00
-1.761251955737841435e-01
1.656927612158729746e+00
1.064030507762090405e-01
1.090558456833702117e+00
4.431509861953818463e-01
2.329685074266845124e-01
1.062850013015751216e+00
1.145490035985455402e+00
1.835816244605028569e-01
4.460344214035776300e-01
1.179478905933741828e+00
1.365313452631904845e+00
2.754826773384109195e-01
2.110629995739459197e-01
-1.755590970817929142e+00
-2.883040830495462448e-01
6.044094770867378674e-01
-1.509119970332817751e+00
-1.190213801859145049e+00
5.782887402572678415e-01
5.077244538959299058e-01
1.364288611616494062e+00
8.660792121716778258e-01
1.787457079734307008e+00
-9.998052586840167066e-02
5.868086408000494636e-01
6.380421493900518826e-01
1.331921546759579522e+00
9.107796271201754612e-01
-3.851223207816795169e-01
-7.088255275481992745e-01
-6.765599121794043658e-01
-8.079608611974621324e-01
-8.604599151082608088e-01
2.327701859672199891e-01
2.169259953519769857e-01
5.115936298922161285e-01
1.607237935341359281e+00
1.736149272078085781e+00
4.770955432703871679e-01
6.615639086628812837e-01
1.664540971505588329e+00
1.614000809023847793e-01
7.501775680779956268e-01
8.046026614877656025e-01
5.105811433323341753e-01
1.221289627728726623e+00
7.891395862758141533e-01
2.127341630796585559e+00
3.660527309027671317e-01
1.682570448163438037e+00
1.382471831478446767e+00
1.068376602503663841e+00
3.529736681025301692e-01
9.371219969503541414e-02
-5.542618456857879572e-01
-5.874882136968487822e-01
-1.791415076509397242e+00
-1.223219902678918558e+00
-1.440886606361456934e+00
2.953321485314170936e-01
4.959342623755920165e-01
-2.412646932567292790e-01
-7.069029574974188268e-01
-6.020675261684247381e-01
-1.600853450107705411e+00
-3.407799116158687358e-01
4.682233388766192661e-01
-1.036967157454267152e+00
9.678086394502203316e-01
1.204691278533768894e+00
1.400878490680260269e+00
1.215033536899291722e+00
1.548128267660158208e+00
-1.388398276783352259e+00
-1.272806531918288631e+00
-1.803604462989655488e+00
4.572639423138333825e-01
-3.087547165146989903e-01
-1.112970496298072209e+00
-1.886858153291778306e+00
-1.494036456625297271e+00
-1.332786874460120341e+00
-1.135003633063359496e+00
1.484674067658920293e+00
1.682101804415629509e+00
3.320864009472811240e+00
3.457259582080293825e+00
1.550582400907176472e+00
-5.998304790893903560e-01
-1.605110027115063787e+00
-1.214169662450319320e+00
-1.484534453135279763e+00
-3.710918218409909874e-01
-1.320402508291818489e+00
-1.241423300914129779e+00
-9.613128498114719145e-01
-7.720648287118579978e-01
-7.020590308514358391e-01
-2.035756879793941376e+00
-1.752416430230163691e+00
-1.389267917956989784e+00
-1.634729427880455166e+00
-2.773956248796391577e+00
-1.777531902434882349e+00
-1.993309661103047858e+00
-9.612089247198385422e-02
-1.447317231439537499e+00
-1.312743426699154448e+00
8.685451736008340529e-01
3.174238318135224723e+00
1.306023938013352481e+00
1.010650466875132381e+00
-7.874446614778802811e-01
8.005717990086013147e-01
9.250591763248084964e-01
7.365790420307111175e-01
2.930021171690823101e-01
7.611304479107644516e-01
2.001848188832454412e+00
9.824405713708013188e-01
1.147436987780636297e+00
1.463228771704618625e+00
1.706538647921095109e+00
-1.095560628192719932e+00
-2.218491718280635183e-01
-1.325605898929230086e+00
-1.396597636699945744e+00
-6.589311659766332596e-01
2.527135249344328871e-01
1.131055478793520308e+00
1.667261947045624471e+00
5.436275899377762677e-02
1.312141210906162758e+00
2.751334480582718900e-01
1.263940911844525061e+00
6.311411185866013795e-01
1.539596849707094206e+00
1.870182514079012259e+00
-2.559961421346874211e+00
-1.027417691450331461e+00
4.099999138014678302e-01
-1.112716367374994020e+00
-2.109983535344236216e+00
1.981473104480553360e+00
1.500489565499673272e+00
1.011222006527463968e+00
1.637655118961660605e+00
9.659245854514851848e-01
-1.248910281032178826e+00
-7.190514015516038526e-01
-5.013208921677669849e-02
-1.094476914657097844e+00
-1.474243815717330985e+00
-9.860468908095139096e-01
-1.046501377922707254e+00
-2.122620628743541182e+00
-1.584379062289441809e+00
-9.248969225678518313e-01
-1.195590040909524365e+00
-7.086990555507770573e-01
-2.234190591885000243e-01
-8.805452476637312120e-01
-5.490040402162127409e-01
5.412844588561995796e-01
1.020907158895642430e+00
1.366168914890391939e+00
7.598342122713014346e-01
4.561535350130683231e-01
4.091903166634558442e-02
1.542400849070111768e+00
5.738374852048299113e-01
1.232030383758235592e+00
1.378416098177701388e+00
9.880976398042647935e-01
1.041175079439590645e+00
2.042896425550064343e+00
5.312738162088008753e-01
2.652705068783913767e+00
-1.707346686488550036e+00
9.676993101317084012e-01
-1.490609125813232572e+00
-1.293506147184391386e+00
-1.597413135661943429e+00
-6.854527757609889527e-01
1.582261913415583532e+00
2.134884196233983733e+00
1.314225111201786422e+00
1.057641223541845976e+00
1.469353652248459596e+00
8.902403151301796491e-01
1.527559475338185369e+00
9.043606554588807800e-01
7.128403423339749745e-01
-1.020960173170500918e+00
-2.169093207975362869e+00
-1.182532248823036980e+00
3.366782776056758131e-01
-1.658277745744295650e+00
6.066438700987040189e-01
1.528224444452062958e+00
9.190912295210749150e-01
1.196246183432988053e+00
1.393708402942796631e+00
-8.292947228695493056e-01
-2.208514680108000228e-01
-1.032516670009557380e+00
-2.222128648946372298e+00
-1.579412691089293386e+00
-5.268209060304441804e-01
-1.584994028395711352e+00
-1.906867508513872878e+00
-1.595579265516442247e+00
-4.854296785518319446e-02
-9.557497988675822675e-02
-2.876763971620461824e+00
-8.876864567102618064e-01
-1.110343116520288387e+00
-8.157455427406700155e-01
5.354383851482193979e-01
1.759688025044257031e+00
1.062965468617715903e+00
1.348183244614272303e+00
1.380926106319976698e+00
9.210267281136279571e-01
1.101452104755771710e+00
5.759633280728962967e-01
1.228945102141686618e+00
9.016508780712146898e-01
-2.980475018113957208e-01
2.404921138394472191e+00
1.072847650743869341e+00
2.143829705856902024e+00
7.969771035625915490e-01
-1.368566639764501325e+00
-5.934233305601610553e-02
-1.749448555587894472e+00
-1.975846530301452075e+00
-7.267332797457354276e-01
9.436437468804647066e-01
1.019139055127903815e+00
1.488854535525373723e+00
4.739924527991747905e-01
1.400344327786914755e+00
9.921588606352516049e-01
1.633227174740851773e+00
2.082050238029645950e+00
5.146553939882837492e-01
1.203177352432958758e+00
-5.401333485189012684e-01
-7.083857211921567032e-01
-1.042297763165786151e+00
-1.605591684975264499e+00
-3.023231834245527772e-01
8.504489841511702064e-01
3.664883222822419295e-01
8.687545074306961546e-01
1.416048473420688403e+00
1.074500077353335747e+00
8.459442625428614804e-01
9.456641387065133353e-01
1.557548625694010980e+00
1.253235221173575775e+00
-7.364630730969907724e-01
2.253247014615648247e+00
1.809755830789086861e+00
1.733411173784407788e+00
1.036918576898966826e+00
1.166211449608616668e+00
-9.812824795054342353e-02
1.794684569666672003e+00
1.679940486409594591e+00
1.818183107630176876e+00
1.676889165917111457e+00
-7.444881407439130072e-02
-9.370825360775284496e-01
-6.981386839547853995e-01
-4.494717587901894129e-01
-1.656660986116913037e+00
-1.649566207879584967e+00
-2.311650168002662653e+00
-1.344614942555185877e+00
-2.281209322568486186e+00
-1.222362649057940232e+00
-1.139794666264283052e+00
-5.427460406825890260e-01
-2.143878642298758574e+00
-1.192437687975300920e+00
-1.474106087880313609e+00
8.194278789833860932e-01
1.110281175883920834e+00
1.590039075092866128e+00
-3.738415569168411778e-01
1.507487395702362010e+00
-1.755135228124029556e+00
-1.339865359584512916e+00
-2.302960931158724023e+00
-3.014699135502048044e+00
1.312909130199038099e-01
-2.293436193575632664e+00
-6.665927202688037845e-01
-2.785011170856892537e-01
-2.631650534942074904e-01
-4.009869194381672219e-01
1.632622016870391990e+00
1.024481078188301808e+00
5.492744655077690386e-01
-4.787029738325547790e-01
1.437345724003314951e+00
-1.665238912642928337e+00
-1.725907173229899172e-01
-4.515087057291400363e-01
-1.324375700486186025e+00
-1.554547337103489024e-01
1.922766604887892861e+00
6.740976673835825661e-01
6.034164499614396160e-01
9.954843837572746601e-01
9.863549088187378855e-01
1.467249344913590159e+00
1.022991198307732441e+00
9.823401309567320050e-01
1.838125909090255528e+00
1.089605239247560364e+00
-6.887305324904682280e-01
7.256875843464272169e-01
1.785532997999951244e+00
2.888358235398724716e-02
5.817707739025235192e-01
-9.383542057056516450e-01
-5.031776758597168442e-01
-2.056271923578374405e+00
-1.234826596396487286e+00
-2.305420782028635429e+00
-3.371658143977598332e-01
-1.805675293473503640e+00
3.213802098694267251e-01
-4.323634807456055995e-01
-1.402435873692813528e+00
7.876753757273813328e-01
-5.006553707504739492e-01
-1.142798451712766283e+00
-2.247904923941645983e-02
-1.323755913973363452e+00
2.024455501288677794e+00
1.915783001545350306e+00
1.251154161634753903e+00
1.625073639751497989e+00
-1.124126807824576968e-01
8.120881523258360879e-02
-2.334838096557226628e+00
-1.599884374373872209e+00
-7.848210950482441550e-01
-1.177867060617656003e+00
-2.648214635440115039e+00
-1.322352204409305454e+00
1.035664707220443681e+00
-2.576602242088291694e-01
-1.417939890866042774e+00
1.160375932421956691e+00
1.082542215614272330e+00
1.533471732102299701e+00
8.908115524801296647e-01
-1.007199513098924193e+00
-1.764218743180771876e+00
-1.112163502699845985e+00
-8.525774744126884963e-01
4.503650063039223994e-01
-8.055092603448055222e-02
-7.216334261008116036e-01
-1.223344958373473235e+00
-6.094777684207093316e-01
-1.469260082590966743e+00
5.013685099711087112e-01
-1.803875510800099891e+00
-7.226379631838210083e-01
-1.241920887572181664e+00
-2.185277392935049967e-01
-1.981041563685805418e+00
-6.736782859429260029e-01
-2.558067356892519406e+00
-1.311905048054117673e+00
-1.138482100364318406e+00
-3.283475506907086450e-01
1.884347920902420981e+00
1.322857865280699929e-01
1.984573540152236859e-01
1.821270317027813945e+00
-7.137215733509183480e-02
2.790884212572525946e+00
8.266653499284281059e-01
1.262399493865383082e+00
8.890832624544264817e-01
1.380878903901986643e+00
1.183589725851599272e-01
5.409182788940020137e-01
1.485305214193642920e+00
1.037465654424423844e+00
1.243791627895933116e+00
-8.155271627745239726e-01
-2.680591477627118913e-01
-1.686220749578733802e+00
-1.132304898277705973e+00
5.759295575210390261e-01
2.246122803420936620e+00
4.990702404628625244e-01
6.676202181015564729e-01
1.392837218422868562e+00
9.649963339210194668e-01
1.979171217208450795e+00
1.501402920357885140e+00
1.632458670913372600e-01
-1.618763312685729261e-01
1.296001803080638837e+00
7.083343369965993119e-01
-1.675753334504667791e+00
-1.004276039949409949e+00
-7.732099295020666840e-01
-3.166222331958072900e+00
1.444125670806352346e+00
2.600766259488318521e-01
1.351694175899226025e+00
7.431882099120008522e-01
1.460735583676376237e+00
-1.381259184000424023e+00
-1.049526086509967371e+00
8.627931863354776354e-02
-1.439763635430511002e-01
-7.699056328936804139e-01
-1.415539570242210887e+00
-1.434695835388566376e+00
-8.567753959977715272e-01
-5.791782028879778332e-01
-1.446428273778135321e+00
-2.081402448358456336e+00
-9.321329083905461887e-01
-8.416974449399701186e-01
-1.023961738108380759e+00
-1.961107410807765739e+00
2.592436629817662652e+00
1.978641706504875364e+00
1.950853581087802269e+00
2.141301785638900945e+00
1.735546610444096194e+00
1.947926079288425649e-01
1.670564357424376922e+00
3.740233178678309400e-02
1.499241782975131887e+00
7.102495639979151676e-01
1.998524816116143965e+00
8.142798893476126398e-01
6.131266650847084776e-01
1.003207977872443868e+00
4.680958230016605270e-01
-5.924029187261592444e-01
-2.978476672546069182e+00
-4.258078785000466437e-01
-2.730771806038283511e-01
-2.202159429459818796e+00
9.096175416337141106e-01
1.146149155986286194e+00
1.501182481950946057e+00
1.684553604190569320e+00
-1.502973740491539978e-01
1.570583448623709133e+00
6.265083889283926677e-01
1.091375993104392927e+00
9.877934234014514869e-01
1.175458191313232259e+00
-2.444260923333407831e-02
-5.005954375087533492e-01
-1.967515660685867696e+00
-1.413851233264976859e+00
-2.551820201136245636e-01
-4.423219222295509123e-01
5.144911438670239923e-01
-1.122582744604204041e+00
6.837434610092854026e-01
1.486486065985016536e-01
-1.209054563385164816e+00
-2.952513543916226890e+00
-1.209828648473862067e+00
-7.749348592800046065e-01
-5.973321997450778964e-01
3.304482454193931051e-01
-2.602571048806405773e+00
-1.560596882237090810e+00
-1.009423121130986756e-01
-1.389010055583252745e+00
-8.757751680259180382e-01
-2.314042088125023433e+00
4.758487508094000340e-02
-2.661938965739982788e-01
-4.196179579238290547e-01
2.075262909583219351e+00
1.770313818894298175e+00
1.222041904639557863e+00
7.427077303579832090e-03
1.184193046822684448e+00
8.401319447323167822e-01
7.698822755004123275e-01
-1.274622447496778221e-01
1.377780457750747534e+00
-4.610766972673752129e-02
2.490922700793368527e+00
5.524111514964018532e-01
-2.375158185552610490e-01
1.006720480691336350e+00
9.809314577443747352e-01
-1.778193297412154594e+00
2.107688864522703209e-01
-5.372967024404351477e-01
-1.471780959952046386e+00
-2.706451093027891996e+00
2.926010381519790204e-01
7.436225109539601474e-01
8.818525458413661866e-03
8.220820065823259970e-01
1.382871924645004302e+00
5.878589067496393650e-01
1.450132922246612832e+00
8.148648260242892238e-01
1.647334439456032751e+00
7.468298566225722857e-01
2.731100164546029774e-02
-1.980975336593708391e+00
-2.052826857047645781e+00
-1.989418127205366815e+00
-9.254895123179224248e-01
1.929682958408688753e+00
1.928618133295280312e+00
1.604778923223629361e+00
4.941406113985553628e-01
1.967842900247040561e+00
9.727117058962786444e-03
-6.708063432301084594e-01
-1.199823885541703605e+00
3.868902835340981561e-02
-1.177710373947112643e+00
-1.931067555034681860e+00
-3.174539235294531192e-01
-1.301531404129839142e+00
-2.665774778821533575e-01
-1.396006865928808516e+00
-1.766193897456004969e+00
-1.532118895625952604e+00
-4.851564070608166412e-01
-6.717295744162220528e-01
-1.131951065966969372e+00
5.627749787661744385e-01
6.577916841342763554e-01
9.059417367926601017e-01
1.307310435164587004e+00
7.616161418862463783e-01
8.114777236770048807e-01
5.656641624173142091e-02
8.688909964950877196e-01
1.714396962784426659e+00
8.177768264801406062e-01
2.010990934419209619e+00
1.314980179351824541e+00
8.551028895666863416e-01
-7.157157437852945669e-02
1.122932467855381811e+00
-1.700625677448991402e+00
-1.426061026267930743e-01
-1.625407681341798360e-01
-2.906203764844662363e+00
-1.415078643500410349e+00
5.010660892229986674e-01
1.197941046107732666e+00
1.103211750128905599e+00
1.904499780408402287e+00
7.762993480419065895e-01
9.474307130417464196e-01
2.139396461781290171e+00
2.251266870939956366e-01
1.730826328627725008e+00
5.265547751104838747e-01
-8.251979254828241128e-01
2.390532934124633968e-01
-8.446437502279386944e-01
-7.914380615254148488e-01
7.455493328894791105e-02
2.226908030852695619e-01
1.182582498413452754e+00
9.346635236475334674e-01
9.588530561006309849e-01
9.819119243863511093e-01
1.936054240196249498e+00
7.499564081464149545e-01
1.805323339905479330e+00
5.144323758269329083e-01
1.793229284098454501e+00
1.576542534970640785e+00
1.088652314056942849e+00
-2.174384540937388532e-01
-2.457569440331086597e-02
2.394296926910886913e+00
8.393734924588656110e-01
1.049765555821378538e+00
7.363593480241428235e-01
1.852648079007403137e+00
6.600833460697120847e-01
-5.182635529267534125e-01
1.587049192602125736e-01
-1.128807182611999194e+00
-9.186907457603267213e-01
-1.924605888260775721e+00
3.999923898719792703e-01
-1.883609705754355712e+00
2.197669719092445462e-01
-8.360977673328348070e-01
-3.125883642492032211e-01
-1.017568083134047452e+00
-6.207307310049376969e-01
-8.800166068476726888e-01
-2.294367322961726074e+00
3.771043315565085763e-01
-6.426193370003119298e-02
1.220709444386531173e+00
-2.436780769534774294e-01
1.545251575276632705e-01
4.204060008746735022e-02
-1.729290650496589254e+00
-1.631774244666186258e+00
-1.038496229237410473e+00
-4.054705969110808939e-01
-3.705381614576959137e-01
-2.074365102781388082e+00
-1.176437602079390743e+00
-7.454629792213964823e-01
-1.420089148315499816e-01
-3.695040517321792617e-01
2.085141050531600371e-01
1.474003710549512514e+00
2.600346500107876269e-01
1.721579914823694546e+00
-6.536560830196691541e-02
-1.242986911035910857e+00
-2.598190546350924723e-01
-2.319290842534702968e+00
-1.016899253211752008e+00
-6.502898489427137996e-01
-2.116979664194251765e+00
-9.338223882271944332e-01
4.056720127974466905e-02
-1.088844477650003473e+00
-5.428572862337377458e-01
-2.338051828266440868e+00
-9.627232947065192947e-01
-1.100834948667596347e+00
-2.199952451353416327e-01
-1.678028868993381995e+00
1.464188163296284984e-01
-1.046821361086220925e+00
1.015384725180554781e-01
-1.835980427202453802e+00
-1.326510003212952871e+00
6.213737859231091010e-01
1.789689754349543804e-01
1.068719159026438437e+00
-3.732661367110825523e-01
7.930886842103215262e-01
1.530178113361748693e-01
9.124010137776330520e-01
2.940804252359721538e+00
8.923065033026513770e-01
5.417921376973010572e-01
2.180819474520090395e-03
7.749368848748749983e-02
2.307187805926333990e-01
9.843198027727089183e-01
-1.222075809706613114e-02
-4.158972914063484572e-01
-6.575799112979119343e-03
-1.072141496836591879e+00
-2.048322260444532805e-01
-1.697329805138745318e+00
1.836682166235480640e+00
1.530754908650424628e+00
2.840623506448785029e-01
1.695108293719795878e+00
2.477231809066009482e+00
1.413024967684535671e+00
6.787429419102719574e-01
4.056973741795992794e-01
6.262931676733971553e-01
2.143184982686091811e+00
-6.388454624261885595e-01
4.202463716915438852e-02
-9.297303727700344522e-01
-4.528564325061306128e-01
-5.110566485973786488e-01
1.258336564475310837e+00
1.558110483883812014e+00
5.904241244771962771e-01
1.015565187513253198e+00
1.349629927667310936e+00
1.778205410456704882e+00
1.572566179867032954e+00
1.845040509995574007e+00
1.641815949447310130e+00
1.807629128081429393e+00
8.710964279709240143e-01
5.079305921831918091e-01
1.423992471305312701e+00
1.604799764738265688e+00
1.334474410037970404e+00
2.115303763823627392e+00
9.146563679374355438e-01
3.750755614275760319e-01
1.826230732562525994e+00
4.491390013205774911e-01
-4.835813895115481653e-01
-4.677723391871748682e-01
-1.596197988775157839e+00
-9.616130268312378382e-01
-1.001151307101632026e+00
-5.456253177174981150e-01
2.148506731379629109e-02
2.967375843593740292e-01
-1.004451130946857118e+00
-1.254634490025185789e+00
-1.289032142295812422e+00
-5.984029814580933415e-01
-2.219805500297866718e-01
-5.009608152280450311e-01
-5.916215146990462248e-01
7.957233594098034324e-01
2.831617516640647647e-01
1.100778840809796266e-01
4.366391917273083623e-01
8.400876130568142308e-01
-2.009435416484851356e+00
-6.556208461389612108e-01
-1.614633987173473617e+00
-8.820079133252646253e-01
-1.096724269055828316e+00
-1.111215835024928378e+00
-2.509176399090300436e+00
-1.326147447963274439e+00
-1.235927110145376151e+00
-5.365060994295740571e-01
1.808621253042943966e+00
2.838258931104198357e+00
9.400394208940269225e-01
9.251145887209895058e-01
1.359854822736977775e+00
1.155196158781277571e-01
7.546262857415773073e-01
-1.757187487216516075e-01
-1.053086018729968654e+00
-1.854041832540115564e+00
8.813082284054749582e-01
1.705896652279534020e+00
-7.734855130474560525e-03
2.005391011117849676e+00
1.104788842591592823e+00
9.527532427975787810e-01
2.427749095488903386e+00
1.127616994373973336e-01
2.394832058363544292e+00
3.152296901901978199e+00
9.783003852400290468e-01
7.614579761386404133e-01
2.107654363410541354e+00
1.723348916575493828e+00
1.165743964430981272e+00
-6.913862555232106466e-01
-8.027455133984885416e-01
-1.204009079611400246e+00
-1.400731439122385735e+00
-9.696062780470263709e-01
-1.688464158346707933e+00
-1.171714570009468215e+00
-4.322767609442977887e-01
-1.161891846416506890e+00
-1.907781917130342508e+00
-1.135874161396613902e+00
-8.477507493261281502e-01
-1.250064524462938476e+00
-9.415410941343851370e-01
-1.273742642609851483e+00
1.708077669940249566e+00
1.595475680824811615e+00
9.535691255103805331e-01
1.044684987072864946e+00
1.442720531159554120e+00
-1.200848262841144098e+00
-1.435671307156338949e+00
-1.785130608922642415e+00
-5.347286346776907173e-01
-2.813246349977862604e-01
-8.298677582586421186e-01
-6.523194278515287436e-01
-1.283165339948741046e+00
-9.864080404771262689e-01
-3.772340515902649072e-01
-1.178239710750537128e-01
-6.457428879452042914e-02
6.128851595135297314e-01
2.307774224660465556e+00
1.866514946940823760e+00
-3.770431093864989869e-01
-1.330137080997213284e+00
-9.731477671339817670e-01
-1.916095440744776113e-01
-2.071807938085365564e+00
-4.754483401572462409e-02
4.389807565851078230e-01
-1.160296197255733297e+00
-6.083772641621003618e-01
-4.999659099185449485e-01
-8.232940022153449888e-01
-2.523574902155041322e+00
-2.515171202337859846e+00
-3.257760845178070408e-01
-1.602433437279468187e+00
-3.896383351054338862e-01
-2.279417187950440571e+00
-1.395062051026830119e+00
-2.198740800541354012e+00
-2.033690514448914577e+00
1.024991741256698896e+00
4.444394914596174750e-01
1.783577072606471248e+00
4.192856878839474888e-01
5.678016414952395952e-01
-3.020296407087894597e-01
1.215894475810998410e+00
5.902193728211186929e-01
1.199844398422333036e+00
8.051204804938805193e-01
1.552170440639584648e+00
1.308635333410463897e+00
1.802821216371226942e+00
8.464858163291817394e-01
1.666373105245069652e+00
-9.252308711512359229e-01
-1.257915093836827536e+00
-8.732497606831477466e-01
-1.309838760705304805e+00
-1.052075708781512908e+00
1.409474292318655397e+00
1.581186147915136564e+00
1.991613725461282902e+00
6.157688014940068122e-01
8.623084127604889737e-01
1.164452793023564636e+00
7.211008195878836347e-01
5.196432810398508018e-01
1.443867261480726860e+00
8.036340233466354732e-01
-1.786172776338540658e+00
-1.104969257840764829e+00
-7.173669979513052075e-01
-7.083069768330007010e-01
-2.515928942218770281e-02
6.408088306905947995e-01
1.968957480815522132e+00
1.378654285659264511e+00
5.654271299113252658e-01
6.906752122281694106e-01
1.651996902702486114e+00
1.867689389605506234e+00
1.163127521740726644e+00
8.801439510121734644e-01
9.593787088972544064e-01
1.353219001822304701e+00
6.147766810310426600e-01
1.126583131176744912e+00
9.269908898686894938e-01
9.860364959723820766e-01
-1.953278134874829597e-01
1.057186112039616210e+00
8.419413055422444447e-01
3.459544560898150101e-01
1.757197313687898887e+00
-1.514429516219423455e+00
-1.893624023383367438e+00
-1.634227850300993268e-01
-1.123941489678760286e-01
-7.426509799346929785e-01
-1.279493746682776489e+00
-1.011705002785164842e+00
-1.284413264267051158e+00
-2.716950793843826428e+00
-3.918209030427842743e-01
-1.332902533687894131e-01
-7.154627309538019730e-02
-1.303794534876103306e+00
-5.856300925418651548e-01
-1.311043357734474224e+00
-4.022929515380178067e-01
1.877453042202033240e+00
6.320057947726058778e-01
3.831532742734433672e-01
5.156012854964885372e-01
6.717020935680197979e-01
-1.163110183803726549e+00
-1.576687408970113058e+00
-2.446311564444330955e+00
-1.622260134837314904e+00
-1.265247221358206442e+00
-2.654217817666665979e+00
-1.772161721564927683e+00
-3.629769924751091725e+00
-7.585641591859022537e-01
1.210287731159817914e+00
1.244786254960696947e+00
9.966541890768852996e-01
-2.772518697812982325e-01
1.049669448100929880e+00
-6.410383330234912247e-01
-1.669683459922019830e+00
-8.848686873611844028e-01
-1.718710693910791232e+00
-8.046877297015311292e-01
6.787210356385088295e-01
1.358155041983600819e+00
4.129330106812632017e-01
1.032955135502821475e+00
2.113328949446070304e+00
1.490515311960689093e+00
4.048065990143561166e-01
7.881625654813284587e-01
6.677011314096387151e-01
2.468597791772328964e+00
2.494551827844428971e-01
7.647350482647958803e-01
1.106740967499849848e+00
6.236359661734418580e-01
4.544795562055896632e-01
-1.671555932587113436e+00
-1.270817678900818315e+00
-1.281294990912548393e+00
-1.085869825733617233e+00
-1.144337641526967264e+00
-2.079943026458178856e+00
-1.192752653945175600e+00
-3.812339035340316373e-01
-4.038566754033305894e-01
-2.036395281909743726e+00
-1.032035787663786675e+00
-6.508306445356767389e-01
-1.733378515924874685e+00
-7.082306082030864758e-01
-1.242671862525643434e+00
1.393763075645870542e+00
9.127203874043217091e-01
2.534545507199763570e-01
1.119331875072723026e+00
1.273250221654887993e+00
-2.379593073265370506e+00
-1.555225823093170145e+00
1.866566441063699511e-01
-1.773527769488288053e+00
-2.307890616908125914e+00
-1.585695625524131680e+00
-1.453674660471366842e+00
-1.684972331476636498e+00
-1.268007831193540325e+00
8.152108087552423221e-01
8.182268581622380577e-01
9.614343852797000434e-01
8.053484122036309589e-01
1.602539817363119568e+00
1.291614035455153964e+00
-1.916158142790080454e+00
-1.865332466458984317e-01
-5.869401519743748796e-01
-1.044004873012669643e+00
-2.060071397776479518e-01
-2.801832476412872808e+00
-1.373613220383381073e+00
9.518148382181879086e-02
-1.364050840015851307e+00
-1.449054328005964898e+00
-6.735025247246249069e-01
-1.859279788150408175e+00
-1.263778097345914064e+00
-1.056093834411616861e+00
-1.123190390721877430e+00
-5.929991316371382437e-01
-6.853360451871192138e-01
-1.773049501393700211e+00
-1.067656887573438240e+00
-2.046621975649475011e+00
9.250638912559624449e-01
1.109159055961133733e+00
9.915265593115936138e-01
1.119644043052894444e+00
1.869508738998453268e+00
2.362331526620607969e-01
5.966408857848418679e-01
2.194064800019838835e+00
6.100869941690412190e-01
4.183749863915680045e-01
1.057425486300686224e+00
1.543906387068761266e+00
8.109394332371766545e-01
8.782348534252143457e-01
1.256061501058135077e+00
-1.855285526627674209e+00
-1.470431917509962050e+00
-1.771297386974843846e-01
-1.612889981313132104e+00
-1.135034725309856052e+00
1.520657411761712208e+00
1.199750702574407857e+00
1.981131561898139548e-01
7.229752470713206591e-01
5.868025081102022922e-01
1.541650912781982186e-01
1.214626504904621429e+00
9.561471771468393888e-01
3.171834624847011952e-01
5.216212041976797664e-01
-1.175921826410794679e+00
-1.254892215202378258e+00
-1.955890010603057450e+00
-1.847449343934184807e+00
-5.396113039261685174e-03
7.704881993763904591e-01
2.097410226205879802e+00
1.512784019333968111e-01
1.035411692584952137e+00
2.041524726744691876e+00
1.111501973827069722e+00
7.308314267103145356e-01
6.946514653689147556e-01
2.354990281094482718e+00
1.824318284428806614e+00
2.829024745447731304e-01
5.742962922076726429e-01
1.337219668904125580e+00
1.374570354209775580e+00
1.428395497022345584e-01
8.664906158682762483e-01
2.179496101757156801e-01
2.124440282042614481e+00
1.143900474751838425e+00
1.988474829934995025e+00
1.493920029905805968e+00
-1.181384935553090543e+00
-3.251359950091290418e-01
-1.466227834175828360e+00
-1.103031166599838020e+00
-1.539709720875221510e+00
-4.416178560244998774e-02
7.619174067441227827e-01
-1.262753912518020494e+00
5.421481660232938538e-01
-1.795128790860668122e+00
-6.285734728636809265e-01
-2.315412537833566375e+00
-1.272399894092243855e+00
-8.684174306237835150e-02
1.554912073820651219e-01
2.006792330175828365e+00
1.158627967900003330e+00
1.193784926100791566e+00
1.029381959537238655e+00
-1.137403336808314069e+00
-1.062512141890910478e+00
-6.838039285378056942e-01
-9.357486479235606058e-01
2.445875497309546454e-01
-3.001105955251698321e-01
-5.184646941156385580e-01
-1.496750101925290455e+00
-7.255961947939023604e-01
-1.222656283835592106e+00
1.596048363610609755e+00
7.092371726512127772e-01
1.963833495149681418e+00
1.572823989468819850e+00
1.496847082966474396e+00
-5.022054739980539306e-01
-1.547063173419558790e+00
-1.849121376759695456e+00
-5.773685121049846325e-01
1.008568844738262360e-01
-1.796719328818123351e+00
-1.982662790525656860e+00
-8.583319697390678904e-01
-4.120017903684948246e-01
-8.339141730293795352e-01
-2.102505918683337249e+00
-1.151301727917356965e+00
-2.990977501937797101e-02
4.227549584200354094e-01
-1.134339551121331890e+00
-8.557915687637307478e-01
-9.538905425656205583e-01
-8.383110444739833023e-01
-1.069264224561800258e+00
-2.752524068061326101e+00
3.091253490883543176e-01
1.103374298197411951e+00
2.473209916681526899e+00
1.418345566574048533e+00
6.394928945698739042e-01
2.375293242134637328e-01
7.873215110208555689e-01
7.749429096567178599e-01
-1.282506705987638274e-01
-2.235985252739496332e-01
1.036487181791142076e+00
1.441078763989174005e+00
1.351112395212809236e+00
1.532693285079215650e+00
6.748571533292390123e-01
-2.821458098866459485e-01
-3.165016817992005738e-02
-8.047296402393167014e-01
-7.367676841790820053e-01
1.737116215389047369e-01
-1.204573195736868829e-01
1.557944266660510113e+00
1.468397718198670487e+00
1.299440428901795119e+00
5.119141278865639855e-01
3.602356892566693780e-01
-3.580994579890504070e-01
5.423458903275095722e-01
1.626665286752346118e+00
6.742610250988961829e-01
1.173229019740207324e-01
-9.722360306518633699e-01
2.956943228312582939e-01
-1.508958930683004684e+00
-9.710929710283467964e-01
1.265241203062501985e+00
5.719584990832518034e-01
9.273121719789565454e-01
5.097939143384369043e-01
-2.904432175726525678e-01
1.660032546424882405e+00
7.331891254155943338e-01
1.012979574062963017e+00
1.465694791794982299e+00
1.114947374196815444e+00
7.550795109354244694e-01
1.487573943606907978e+00
8.178728245570445754e-01
1.939012322143282896e+00
1.866050507872983211e+00
4.400795092815874554e-01
6.338959582365486511e-01
-7.143131194718117527e-01
1.155098673104992590e+00
1.386216527225930806e+00
-1.893217653114117160e+00
-1.006202437355901980e+00
-1.086620036668498379e+00
-3.777988598781252261e-01
-1.428862477559424748e+00
-2.195628188710367024e+00
-1.459224721579798656e+00
-2.077004377710757410e+00
-5.382578002246991566e-01
-1.193658883694634909e+00
-1.955436899995873778e+00
-1.552830791138312128e+00
-1.025363255004301255e-01
-1.631974270162710461e+00
2.755370315726546337e-02
2.433939128214530623e-01
2.782367706042776501e+00
2.124392961513120737e-01
1.918858462216549210e+00
4.483633892363181328e-01
-9.011088442622821049e-01
-3.053826229038861806e-01
-6.139185523752541673e-01
-1.441067468540843111e+00
-2.081484379178233368e+00
-1.770869599414696127e+00
-1.677801555350078244e+00
-9.009494737707667289e-01
-7.447914818984273655e-01
-5.226442874040408970e-01
1.337525570741510794e+00
1.797544516692102912e+00
1.889428133555346445e-01
1.560311569809395671e+00
1.186828841909524535e+00
-1.299844087149879091e+00
7.003661546022477147e-02
3.249933286540198640e-01
-7.889992360351794076e-02
-1.031351971597692208e+00
1.483874334768494618e+00
3.294936891976869564e-01
2.797535559296126184e+00
1.560426334197256182e+00
2.975241500408001283e-01
2.297529009866638106e+00
1.955988109476799242e+00
8.796100375602518007e-01
4.473984559814586648e-01
2.027398146015047420e+00
9.860475052542180263e-01
-2.240442934009745368e-01
2.201446383120254424e+00
1.778254881148146449e+00
6.081636798209114625e-01
8.645287636755116800e-01
-1.305186353466840199e+00
-4.216459069640994262e-01
9.034251845611773746e-02
-1.208173824448091072e+00
-1.193159355527594556e+00
-5.639316762706414465e-01
-2.667827442546271133e-01
-2.438446403962273301e+00
-2.404525176048427415e+00
-1.501243479946082982e+00
-2.026761184828452578e+00
-9.022414550162258795e-01
-9.476925053632385687e-01
-1.212539823950745665e+00
-2.439439244815013730e-01
7.175070277598626367e-01
6.465991003047854013e-01
2.154459276252338906e+00
1.051915060355496090e+00
1.314228637514751608e-01
-1.493074073374374144e+00
-3.623590101913632955e-01
-6.385068349854361447e-01
-9.158885625205224201e-01
-1.500900695406646168e+00
-1.038386552648285832e+00
-1.149899522859149537e+00
-1.090338003597363770e+00
-1.004417149149937627e+00
-6.710038197282197636e-01
8.470199374175610973e-01
7.806219533916949338e-01
7.200487073652372949e-01
1.529561559880937782e+00
-3.607856792437991178e-01
-1.476384411478033343e+00
-2.169560939859586313e+00
-9.331683097205818456e-01
-1.189748112965361759e+00
3.376493666905642232e-01
-5.981942937979343178e-01
1.360236331173710012e+00
7.543798173494116188e-01
1.432183641424561449e-01
2.738619810606686578e+00
-2.342916325084742901e-01
8.163702874960386824e-01
-2.794862022065704998e-01
1.899921195713581312e+00
9.723058624391636151e-01
8.255090096708739278e-02
-4.115282969740374774e-02
1.437065878916944595e+00
8.121883563580188925e-01
-6.909123049508747449e-01
-6.093842667158977378e-02
-2.259501970361637468e+00
-1.951461886323321071e+00
-1.153817381692417543e+00
-1.242948961105397210e+00
-1.029628620179494192e+00
-6.102099123496340649e-02
-7.809282085973040521e-01
-2.665365179243859295e+00
-2.263147861826318996e-01
-1.044569044390018631e+00
-8.075428804157778195e-01
-4.025195942078922950e-01
-5.312895257991132603e-01
3.186749502731826000e-01
1.506432458217016990e+00
1.945019451079631256e+00
6.746409499597444404e-01
1.239461071096615852e+00
-3.121267498613833347e-01
-7.546895489508451682e-01
-7.990527499779577214e-01
-6.639990038048501075e-01
-6.214172874976661154e-01
1.478681495428313397e-01
-1.589169379098409385e+00
-1.146586291437048155e+00
-9.575541769012568816e-01
-1.935489089544894625e+00
2.596637345866033009e-01
2.789111578338858699e-01
1.710767795440482075e+00
6.321447347574828957e-01
1.542568432874904749e+00
-1.527501918081336951e+00
-1.342525053863078632e+00
-2.160872047486339653e-01
4.725304323219505775e-01
-1.918210239399050110e+00
-2.085693543548249984e+00
-1.819304264032411744e+00
-9.939949043075241297e-01
-1.391886518291609587e+00
-1.085006812058336045e+00
-8.971317483381361368e-01
-1.083934915914693375e+00
-5.860459540109179688e-01
-1.281649227696926907e+00
-7.309355829931231119e-01
-8.325514851179911524e-01
-8.441389487307696671e-01
-8.508649913853869595e-01
-9.434823849804442331e-01
-1.279158495910845073e+00
1.374425300637281522e+00
9.864368890194842310e-01
1.483932624380286391e+00
-1.927415487255781379e-01
7.902450204368893782e-01
4.456275471981919756e-01
1.768181239505142832e+00
1.539581323411363112e+00
-1.923070461928069186e-01
1.001072957922402695e+00
1.654813387122621826e+00
6.211656677588912601e-01
2.271327741076872853e-01
1.775377189439995229e+00
1.907711922523211090e+00
4.023603042220853521e-01
-2.183993502906675932e-01
-2.350709007960842811e-01
-1.684784883858199578e+00
-2.257128618434491862e+00
1.788303958455734755e+00
6.293818604629335400e-01
-3.052766398597528408e-01
9.329036243576893650e-02
1.373417428925643557e+00
7.533424337100537160e-01
1.775706501428830686e+00
1.693336621929352415e+00
1.011353924055031772e+00
-4.760911376424801222e-01
-1.071186523819679159e+00
-1.777014617885232850e+00
-1.116090555178544941e-01
-1.079287109407503387e+00
-8.284811767239443903e-01
4.793500418990714884e-02
1.803085469188107304e+00
1.553580421740291762e+00
1.110435637493371708e+00
1.754042173632197166e+00
-3.727886186274511626e-01
-7.649500513286595638e-01
-5.242276042103156675e-01
-5.235681204084574603e-01
-1.345015755907458699e+00
-8.369998693220010999e-01
-1.467279067035811346e+00
-1.132922946822567667e+00
-1.013422095320422267e+00
-4.263862548215811010e-01
-9.491672804437715216e-01
2.782484177772301948e-01
-1.462285046965685620e+00
-1.165712349151549310e+00
-6.422043899448446336e-01
7.259219823917301140e-01
7.624023994839598251e-01
3.786546215450317110e-01
9.559182397371812634e-02
1.154978129215516125e+00
8.721744696072099012e-01
1.535190710075060805e+00
2.662025392700309023e-01
3.621509579390365108e-01
-3.597140605597606289e-01
8.223665930308575733e-01
1.582422257376008279e+00
1.611453351737072603e+00
1.283702052333108856e+00
4.305023643801226818e-01
-1.575385240862887892e+00
-9.109258391674167621e-01
-1.497553930115702592e+00
-1.322916903633402086e-01
-1.457368031792305230e+00
1.317135315058439282e+00
1.565694528028590771e+00
7.622048953189790588e-01
2.037632704565593755e+00
2.897510013996209555e-01
6.412306573602655213e-01
1.079223031642797093e+00
7.860054772828161118e-01
1.439253316626150747e+00
8.188758557825577267e-01
-1.861365813797335456e-01
-9.618126274371628925e-01
-1.228413899816596988e+00
-1.168659676744253417e+00
-1.579949756867445876e+00
1.297606476785273744e+00
1.984202450720000677e+00
1.738580924857716647e+00
4.995323862144677163e-01
7.217990004839468510e-01
-1.588166410890767821e-04
1.052569713092231574e+00
1.185698415660194627e+00
1.265267270988601034e+00
3.525872320965087736e-01
1.831529466358224001e+00
-6.979624370775372455e-04
1.352713431252231535e+00
9.225580538296331845e-01
1.504757229222091652e+00
4.127478778258834025e-01
-9.218675857541591689e-02
1.429760620746248323e+00
1.432473133079676053e+00
1.003636328084819729e+00
-1.187423182194185411e+00
-8.556052866466964391e-01
2.669618702337523963e-01
3.841501268088221011e-02
-2.372761165877723677e-02
-9.812670004490785525e-01
-1.611196690017717037e+00
-3.532079423193928980e-01
-1.826061645959459856e+00
-1.582724737510545765e+00
-7.263927958907548943e-01
-9.739904202519238385e-01
-1.789958925045367799e+00
-8.482879585198945804e-01
-8.243595958098102194e-01
7.816753188517779893e-01
1.906694011687117163e+00
7.039362209294088846e-01
1.102116673859615981e+00
1.010823105849741887e+00
-2.558087914299395749e+00
-9.850384905702306293e-01
-1.906418404898995167e+00
-3.727080470893467945e-01
-2.374986699434724180e+00
1.080080326812408842e+00
-6.074360863206086369e-01
-2.463600660539444487e-02
-9.409126053094728492e-01
-1.529195171750331150e+00
5.286211499655381063e-01
2.043443198303397601e+00
4.236655250388221550e-01
2.087669627356688817e+00
7.145780864023120182e-01
2.478096317148903438e-03
-1.151023767675829479e-01
-1.615084163268414530e+00
-7.091476832620916548e-01
-5.982125771761314104e-01
-1.230402881811385907e+00
-5.564508085736097343e-02
-1.436443333913679066e+00
-1.044114625845914635e+00
-1.121428364137346811e+00
-1.468535343790744463e-02
-1.017917169468960381e+00
-3.222702473609911911e-01
-1.120710554078713894e+00
-1.646808827354778737e+00
-1.301856270354446732e+00
-3.683339553732822846e-01
-6.735083578350631317e-01
8.148279594796092873e-02
-1.253858912319551155e+00
1.582729813973619004e-01
1.711805507555208550e-01
7.053508116256296256e-01
7.721932017100530121e-01
1.640129083753326222e+00
1.134748099940672272e+00
1.480542181734080920e+00
6.511364050854711039e-01
9.538093285613158390e-02
9.155050743380171996e-01
7.332389719803174000e-01
1.268022981215794376e+00
2.271986110902075140e+00
1.381231749109995022e+00
1.232446176913500890e+00
-8.046607757852247689e-01
-1.625604029076924473e+00
8.565946002576669827e-01
-1.296179912156760095e+00
2.358397962791929370e-01
7.531701368719154743e-01
-4.158385399370876367e-01
8.991212498298319922e-01
9.174185758675523772e-01
-6.307704988457429884e-01
1.412804570599402343e+00
8.521648877097177666e-01
1.085921140494591430e+00
1.500189450997265528e+00
9.493518390062809509e-01
-8.032650668583292131e-01
-4.399900236402505271e-01
-3.051982579928461670e-01
-1.221334956899433610e+00
-1.423044240498211765e+00
-4.374606815490764689e-01
7.694605633211779594e-01
1.483186574653097001e+00
-3.608398022598624522e-02
1.795468437394313055e+00
-4.252776997737065523e-01
-1.585825663128110019e+00
-1.008087215747733856e+00
-5.162738633459356130e-01
-1.198659307409194019e+00
-1.676140785494013130e+00
-7.294061768986739303e-01
-2.629236520652477704e+00
-1.242338730064978858e+00
-1.226572602766448972e+00
-1.062035651486000321e+00
-5.345878775708767794e-01
-1.193230196878154681e+00
-5.813373371632318820e-01
2.643279923427432898e-01
6.311400091923680122e-01
9.169601107066062129e-01
1.700315332987388794e+00
1.270929192963739851e+00
1.783748726413201258e+00
1.500344503566078513e+00
1.536447655671554724e+00
1.987658936428873035e+00
1.685588297094871235e+00
1.990365960000886947e+00
2.049977690903900029e+00
9.718532264304664547e-01
1.043572931575011742e+00
1.259062952413350311e+00
-2.566285615004131326e-01
-7.282588569249348609e-01
-1.506570872032241049e+00
-1.344482315473712886e+00
-1.017742072166147871e+00
-5.709314347875897866e-01
8.101909007711929345e-01
3.321039177000820741e-01
7.974312347153412750e-01
7.606003471305284869e-01
1.111835665480933155e+00
1.679349403138196584e+00
3.120263583772672433e+00
8.063076863733577015e-01
1.142492040148393118e+00
1.249120941053054157e+00
-1.689579034032508975e+00
-1.571575957856709227e+00
-2.353242480963715355e-01
-1.225545770217538744e+00
-1.200467095131026340e+00
2.439497274409880845e-01
-1.249142322693215235e-01
2.364213023639762934e-01
-2.467443722768596359e-01
1.425567109012148670e+00
1.853956657367926253e+00
8.870381242556678592e-01
4.513140692500958728e-01
4.116538149319692863e-01
1.025349766818591579e+00
1.348324455679175138e+00
1.172149924486491912e+00
2.748424545593483037e-01
1.681151834562180536e+00
1.231502164830150958e+00
1.349160234595085051e+00
2.204570996135469585e+00
-5.989774061921970816e-01
7.761957779150266967e-01
1.143835890552696632e+00
1.835609634663670775e-03
-1.558696949562760281e+00
-1.636494965653724210e+00
-8.176275845997014180e-01
-1.208732755139339199e+00
-2.092371599899982559e-01
-1.201084173906322272e+00
-1.803078232199485376e+00
-1.884338070099885520e+00
-1.844078375291529515e+00
-8.340884079765683579e-01
-7.356681465023034994e-01
-1.581440558543539376e+00
-1.684890179121689924e+00
-1.302461479006587819e+00
3.108119993380314972e-01
1.495853561495583683e+00
1.868754599181735143e+00
4.545793782921381254e-01
1.719793722909361167e+00
-2.613014938800514830e+00
-2.226644489468676547e-02
-6.007431462304761993e-01
-9.940519212460875442e-01
-4.986201475398426286e-01
-4.395894577023891081e-01
-1.306228516532403905e+00
-1.768102165029436845e+00
3.500195632399243362e-01
-1.446813854419993994e+00
5.478099411018326759e-01
-5.567327576514844445e-01
5.050962631694606575e-01
1.575855933188667901e+00
5.113067694309101352e-01
-1.255406778271174861e+00
-9.426366473716830674e-01
-1.268272431719461579e+00
-1.639347268354348852e+00
-6.668289865192762456e-01
2.089211958768910193e+00
1.501111889067751060e+00
1.439125329291231381e+00
1.152596995973586447e+00
8.661725847586445592e-01
6.808190958086268729e-01
1.159625054771053154e+00
8.234943336855701235e-01
2.274336941894340436e-01
-5.411448996112164789e-01
1.466529065719770930e+00
7.963465613438035495e-01
7.966133219649083053e-01
1.949771225677639164e+00
2.192870293649689550e+00
-1.027239206322539067e+00
-1.450498463025386764e+00
-1.218025176981224256e+00
-8.742230837807374311e-02
-2.103895684617294926e+00
-8.382691519737637265e-01
-1.531774073669802227e+00
4.206548619742367379e-02
-2.508489962760167558e-01
-1.846335525173966374e+00
-2.005945491958388338e+00
-1.023421418311039499e+00
-1.408668131602906604e+00
-1.205667555477674124e+00
-6.068453842596955861e-01
3.334085072620470713e-01
2.109615066913971937e+00
2.407953233117966718e+00
8.284477449734646282e-01
1.058229854778445000e+00
-2.122083325687917910e-01
-7.728125593966801432e-01
-1.272387443087467540e+00
-1.816611523427086539e+00
-1.207786528991898756e+00
-2.194423038271269277e+00
-5.306279225302041880e-01
-1.151749270153938021e+00
-7.311992966434985863e-01
-7.698402830396878782e-01
-1.300156580019209418e-01
2.119591201151060922e+00
-1.176697536439414993e-01
1.700920845755399036e+00
1.308280639651274946e+00
-1.267035571806816030e+00
-6.255537479829174075e-01
-1.831358463279872506e+00
7.473513175182500134e-02
-1.391127929213979098e+00
-9.791718160002294002e-01
3.322603333813711757e-02
-1.298844869091380527e+00
-2.851664480634282794e-01
-2.178746699505015982e+00
-6.687261208933363843e-01
-5.449211188864495625e-01
-4.797059868925789283e-01
-5.066738863353024147e-01
-3.104574053986601800e-01
8.878056830855283188e-01
-6.212522406456799651e-01
-1.783056645375090676e+00
3.382187091161932280e-01
-3.051247609948408712e-01
6.263961253315531996e-01
1.234671672988073343e+00
1.041809336720964874e+00
1.030416232006380550e+00
1.521439074713869966e+00
5.642553286478357855e-01
2.717742638792200793e+00
1.191865130591599042e+00
7.479034642717056203e-01
1.234845567002877731e+00
7.567101022722539927e-01
1.620993484618752145e+00
3.275889233447741855e-01
1.598925745440315183e+00
2.125413689592928979e+00
-2.947945819571166082e-01
-1.244602262327668241e+00
-4.229653294780868489e-01
-2.966914648743881333e-01
-8.536706782178976605e-01
3.210836352929914428e-01
5.441422111138030093e-01
6.431522197158479059e-01
1.007403324714870374e+00
5.274297751594118067e-01
2.091013218825452658e-01
6.615568520347494541e-01
8.199361086955450073e-01
1.394481655926235408e+00
1.355323076948548477e+00
-1.276617680610524275e+00
-2.958605927805675329e-01
-6.910005820822564537e-01
-1.234945908343385135e+00
-8.688565920175783663e-01
5.184478669405395701e-01
6.743925254891391941e-01
1.884161171953156355e+00
5.929335086481668515e-01
9.608541609379928072e-02
3.084839805571908400e-01
1.893988728046961612e+00
3.173696577479296899e-01
-1.508004032446954579e-01
9.584467487957479825e-01
5.142388802403342618e-01
2.189158739957330901e+00
1.093562430626973336e+00
1.129381430436421585e+00
1.842767486242554487e+00
1.921010402680407569e-01
1.538874373275792573e-01
1.473424857840964108e+00
-3.800989641121921281e-02
2.288526257880478809e+00
1.016480892891660659e+00
-1.161761988576885729e+00
-9.336325042312930700e-01
-2.136641422700048309e+00
-2.587815043265250026e+00
-1.138096893536092669e+00
-1.550324024906841291e+00
-1.672554418255577824e+00
-6.593924343651424991e-02
-9.667863277951739276e-01
-1.026519291485518126e+00
-1.063223169773153343e+00
-4.886085359996040767e-01
-8.923971971012616411e-01
-1.387378735829265075e+00
1.362203136841830364e+00
1.460445319269241482e+00
1.041346672765169679e+00
7.754342900980253361e-01
1.051349079666166197e+00
-1.033819478668416281e-01
-1.072295133172811665e+00
-7.823889674167217034e-02
-5.447779898619385941e-01
-8.863274094384572255e-01
-9.701763656909151434e-01
-5.675979163068158861e-01
-1.593160553843958827e+00
-2.258724903027568010e-01
-4.512582082280300888e-01
8.951784380248947182e-01
2.453223734379021970e-01
6.659760009110218260e-01
-8.012354940192079056e-01
1.097802987593775370e+00
-1.380790891836310763e+00
-4.415904526433057642e-01
-1.104233105447984808e-01
-1.281295652270541874e+00
-1.055341109793793253e+00
6.696096048873654283e-01
1.238733957443405531e+00
1.853846904869514978e-01
1.004061217749974588e+00
3.619352549754706327e-02
7.407026303940045242e-02
1.464344127866211709e+00
7.815929479986446493e-01
1.462865761653211916e+00
2.252190447474184509e+00
1.339741013165730799e+00
1.269676267016308646e-01
1.910234584654368684e+00
-1.780098612294134242e-02
3.575832278170737455e-01
-6.284655338768215804e-01
-1.370449161264824856e+00
-4.105286095551062830e-01
-8.534408637301720280e-01
-2.334152210042233833e+00
-3.528404913868670167e-01
-5.896103420712316412e-01
-1.186829426395967557e+00
-1.515837021836595966e+00
-4.229873336293706876e-01
-1.652876432017547748e+00
-2.165475654203483202e+00
-1.773544724377523085e+00
-1.297050881621644614e+00
-1.302067345120598851e+00
7.169057927462363367e-01
1.232055938929965455e+00
9.502366503886403581e-01
2.033111338619812081e+00
1.621340687054859675e+00
-7.590265021523789901e-01
-1.356792935777680675e+00
-1.080118382746372285e-01
-8.059044719153756198e-01
-8.974744038583282180e-01
-9.141994768645618219e-01
7.329943168217836202e-01
-4.389040470940220873e-01
-4.714481003846597851e-01
-5.885436692220362698e-01
1.426754229396893559e+00
2.241919402261067340e+00
1.006582083366363456e+00
1.550310498968066719e+00
1.278253511417682287e+00
-7.284140845649160756e-01
-9.331982958420180774e-01
-2.251071925546940911e+00
-2.012438025425262733e-01
-1.679715861545102662e+00
2.572366845478826658e+00
-1.260002832981457210e-01
1.862685325077987120e+00
2.128742325901583854e+00
1.654443176964374151e+00
1.161480779580530864e+00
1.723261010954960204e+00
9.790241415563649685e-02
1.096500612846314171e+00
9.063968245261440071e-01
7.831904023206566201e-01
-1.390864749295124270e-01
1.259187614920850296e+00
1.233724683601767236e+00
1.495063755830042362e+00
-3.339486367879908046e-01
-1.224730218583932384e+00
-9.508330932435002936e-01
-9.739372342684602391e-01
-1.400726037136616142e+00
1.205234050843775329e-01
-1.004650194571496069e+00
-1.559344065878786267e+00
-9.557976722647885115e-01
-1.187561306879337586e+00
-9.569374366396520282e-01
-1.040428188535901022e+00
-1.815032112564167299e+00
-1.885631710216260082e+00
-1.013225798888275575e+00
1.084016495347269959e+00
-3.048748444172109107e-01
2.032910900885829708e+00
1.938790161037096116e-01
1.766508953122210901e+00
-5.788090325145571757e-01
-1.316300817610664975e+00
-2.393348670743844941e+00
-2.368285623743363821e+00
-1.033917764878471868e+00
1.572380961546147038e-01
-7.635679374425542454e-01
-1.454332260992279302e+00
-1.902271773069997618e+00
-1.790832233683743890e+00
8.448537617583754544e-01
7.621086157875857081e-01
1.368989817299698153e+00
1.859906804713229667e+00
1.288582930721496433e+00
-3.731269978588550584e-01
-2.346563670180534800e+00
-1.208301787895892598e+00
-1.709402823874588417e+00
-5.983838240732552993e-01
3.173423393306546991e-01
-7.859020538297105674e-01
-4.179352796335831233e-01
-1.745995020835124922e-01
-1.698794845543651011e+00
-1.215712554102433174e+00
-1.436107879487182881e+00
-8.646451985667578111e-01
-9.959156204152305181e-01
-1.653928613136309789e+00
-2.310119692500597566e+00
-2.189475987461670048e+00
-1.759486123489558906e+00
-1.357017454477450702e+00
-1.273832502884038265e+00
8.148281453840675592e-01
3.444105109195312320e-01
7.449477456732895853e-01
1.458210624206884631e+00
4.047337874694623139e-01
2.003225129186148923e+00
5.369665644943544258e-01
1.755325222096075777e+00
-4.362959604256080315e-01
5.510347973952423040e-02
8.481779843778758377e-02
2.110700975889549191e+00
7.150676925076617785e-01
3.595728109773242975e-01
7.576877791276713792e-01
-1.109062021046590463e+00
-3.832171910453379127e-01
-7.983070294811832612e-01
-1.431243665944310628e+00
-1.120607051065129367e+00
-9.551225209469293986e-02
1.341120786494744088e+00
3.466621341932443201e-01
2.181082659814047364e+00
2.160015680681306449e+00
1.588189709015963569e-01
5.374532836925796087e-01
1.006819356811225363e+00
1.675266200043299847e+00
6.049392186177653397e-01
-1.186698750810720737e+00
5.202997270287350595e-01
-1.441499692652106424e+00
-3.864673862621893496e-01
-1.172802336770200293e+00
1.245952338095827949e+00
1.794772480948777948e+00
1.208631578446287325e+00
4.009902985026081446e-01
1.042126901794306004e+00
-1.307920658678160430e+00
-2.922624213514188884e-01
-2.417464894237002504e-01
-1.829370272177607726e+00
-1.677232351393230569e+00
-1.083273463439501816e+00
-1.076490735577082525e+00
-2.876982801724793370e-01
-5.389916506750059844e-01
-1.562473013455992321e+00
-1.338529404065565753e+00
7.147027087239028464e-01
-1.229761249166073434e+00
-5.402457475512508767e-01
-4.845239792577703541e-01
-8.333876818407270903e-02
1.600433562590254377e+00
5.875761512678241427e-01
7.700970881389173073e-01
3.829070902817346411e-01
2.014760910318183829e+00
6.542584480098931898e-01
1.635687779829807287e+00
1.207390960584090012e+00
1.496114610458355365e+00
4.967167805666209413e-01
1.880390874443681026e+00
7.087362750414486490e-01
6.879442469264573923e-01
1.257773048872335764e+00
-1.481349690986877743e+00
-6.287327871644334820e-01
-2.251808924544456136e-01
-1.263460406646978562e+00
-1.047264640832868965e+00
1.348410509707826499e+00
-1.681161046534862535e-02
-2.331199114850575072e-01
-1.449050845204153504e+00
-9.289099671584333251e-02
2.135747979537804930e+00
2.036028841653504173e+00
7.961812136257880868e-01
3.086143097627332965e-01
2.644858725138091948e+00
2.793655766169700350e-02
-1.001555489398208154e+00
-5.791023780328663495e-02
-8.704495217592408407e-01
-2.139349624320913357e+00
1.774530702401405202e+00
-1.395263547356018208e-01
7.147179879236240652e-01
1.430680953270606182e+00
-3.389546338566256090e-01
3.749755882104214288e-01
6.950332146585143089e-01
6.078350074285446825e-01
2.377419933013890763e+00
1.169382047325688179e+00
2.327870174772568301e-01
9.755601643572590076e-01
1.245207338337966485e+00
8.541293011413683134e-01
2.007118183508023179e-01
7.185634562683587134e-01
1.093024354961995126e+00
1.474484222326832628e+00
1.748081251187324492e-01
1.017523655501660906e-01
-1.614322131902000912e+00
-2.130521967010876150e+00
-1.966188656395715828e+00
-1.446552658949122661e+00
-1.683817425857644157e+00
-6.385666889576993022e-01
-1.079176551117409844e+00
-1.533776343357721395e+00
-1.143410143122955747e+00
-1.915802339061351001e+00
-1.415269336524147548e+00
-1.864562755272111794e+00
-3.946312278519071848e-01
4.073351490798682306e-01
-1.327366381113245897e+00
1.135208516868239759e+00
2.030267392246946301e+00
4.070146214573782117e-01
7.949028007997225309e-01
3.568282638021920139e-01
-1.195685777460095967e+00
4.941436628184268098e-01
-1.109776158961180537e+00
-2.252391608589586536e+00
-1.303817905279624156e+00
-1.072110027384688191e+00
4.388228960462539074e-01
2.522518900614727499e-01
-6.643326832728519982e-01
-1.161031043656142847e+00
2.017650114081474211e+00
1.564889296643183547e+00
8.612937609318886967e-01
1.266457990422228619e+00
-1.225017436978228513e-01
-7.513948107664019105e-01
-9.390229061988952797e-01
-9.656527646915019636e-01
-5.179316965731710631e-01
-1.668588266861081859e+00
1.548837262368610856e-01
1.560044349016238563e+00
3.246478642000754089e-01
1.598420490455092491e-01
1.553078921962390613e+00
1.643949930934737846e+00
1.787063341795775973e-01
-5.952969900485571841e-02
-5.405280838404564747e-01
5.581952925578145264e-01
1.140840447378460354e+00
1.510979222262534893e+00
6.311916115747757683e-01
8.853821509987890304e-01
1.414441079650697652e+00
-5.127124943827530146e-01
-1.665941062176833576e+00
-1.308936278225341310e+00
-8.148545204305657208e-02
-1.846426928460342287e+00
-6.920869960122342235e-01
-6.690865471633736794e-01
-1.481337520879501879e+00
-1.645812675751889165e+00
-1.353509377025619465e+00
-7.469889894716390533e-01
-1.840063180182585301e+00
-8.558977605794175769e-01
-1.098394706768060836e+00
-1.926195546751940935e+00
5.209423647672715152e-01
2.445231186528576739e+00
1.311770659207784462e+00
7.022717954854570399e-01
8.146050834482699843e-01
-1.111883711342180003e+00
-8.420717518846591032e-01
1.322880991047541421e-01
-1.347339494434580232e+00
-2.070346403932337154e+00
-1.078687246240967568e+00
-7.361000159262212073e-01
-8.719003055973706395e-01
-2.342767378028274727e+00
-1.720060228787264611e+00
1.856158327700921262e+00
9.169508654082458854e-01
8.224562943070190535e-01
6.657097337685293770e-01
1.163932334061059448e+00
4.228908571500005209e-01
-1.512414148796531022e+00
-8.546923347747401589e-01
-1.517831201260169571e+00
-4.370249253749429741e-01
-9.656611033566784297e-01
-1.634244736558884581e+00
-2.495426306793685267e+00
-2.561220432114577061e-01
-6.453349532418772849e-01
-3.527194588560796928e-01
-1.063912007110928037e+00
-4.989923736380286190e-01
-1.147560254175152838e+00
-1.446290900847635896e+00
-9.638023673446438622e-02
4.108778835204685009e-01
-8.982060446575459434e-01
-1.305419647064312016e+00
-7.027774897481005034e-01
-5.526600217611534749e-01
7.595240701358436652e-01
1.264314781602557947e+00
3.970102631922212133e-03
-1.589659762563435663e-01
-3.449210871047669880e-01
5.572312108047795531e-01
1.951355575824521571e-01
1.387894067349916938e+00
1.432028615914118674e+00
1.312903463209361243e+00
1.271117884645478480e+00
1.551539830483176452e+00
3.434216040523105917e-01
1.813384219595250091e+00
-1.445303668682261122e+00
-7.617723089784231849e-01
-1.760460782453997730e+00
6.135387454528586915e-01
-6.330872772795768100e-01
5.237175034501098114e-01
2.471404332804639559e+00
1.925514098065107760e+00
1.148948354026246177e+00
1.387167468754573418e+00
6.725985900987199173e-01
1.795423752423105368e+00
1.766977302525469362e+00
1.535764330375120501e+00
2.352597702180707628e+00
5.347312113039586201e-01
-3.591242387574113959e-01
-9.352416313303699713e-01
-1.785334535644413023e+00
-1.722261847252823941e+00
1.346872422249502765e+00
8.418478137686683516e-01
1.366501736464045047e+00
1.000981930544589504e+00
4.659763004114422236e-01
1.148525220409021497e+00
1.524260807235439108e-01
9.967584177842458981e-01
2.061441614139197132e+00
7.316524117305061026e-01
1.780806741072707755e+00
1.751759571822467443e+00
1.519909408083556457e+00
4.848011855042029250e-01
9.172119828838875000e-01
8.727500587133660837e-01
1.289922217266724624e+00
1.991462467089891497e+00
1.206159051370593094e+00
1.958828611470670999e-01
-4.770489658157210933e-01
-1.353002958299566183e+00
-2.669109840206310702e-01
-3.452972946129606591e-01
-5.632399784361421524e-01
-1.954445984869351838e-01
-4.961844904726667727e-01
-6.678091163136032904e-01
-8.682132282786826361e-01
-5.750785230036653539e-01
-7.389791158833824980e-01
-5.105527887370928664e-01
-1.474803738717647583e+00
-7.911431090139204869e-01
-1.360034096378027746e+00
1.615198693462406521e+00
1.866533279878240581e+00
1.913572662939529545e+00
3.296423982268827935e-01
5.665175988982896760e-01
-1.173306363026337173e+00
-2.762186490873886902e-01
-1.167578529650190822e+00
2.519415942593004054e-01
-1.683146187621942236e+00
-9.214296474957410776e-01
-1.145695205408824302e+00
-1.510225650241263207e+00
-2.755303578744803694e+00
-1.551774378232720908e+00
5.408459928214681689e-01
1.100558629052832638e+00
7.785167789690037310e-01
-5.129479245087913419e-01
9.903748187410789106e-01
-9.534354750577065385e-01
-5.440615913265719472e-01
-5.797550255356211935e-01
-6.703694873166894386e-01
-3.758639770942622249e-01
-1.892172426676983710e+00
3.322841680466985803e-01
-1.794265733880195945e+00
-1.865198624756562396e+00
-2.511187678903965992e+00
6.988046562424279351e-01
-6.854815874270918652e-01
-7.345647530782660750e-01
7.873605000340722082e-01
-2.227428052214613707e+00
-8.981636408529491966e-01
-1.538961326588846212e+00
-1.334629409628741659e+00
-2.387962738850401223e+00
-1.245666964994821324e+00
1.776086744613726953e+00
2.188902719007797426e+00
1.118809348122251190e+00
9.427290835501770383e-01
-2.782793092392528145e-01
1.135417661221878705e+00
1.365512534337917749e+00
2.103943113234322482e+00
7.030791661816357951e-01
1.747373559007958654e+00
1.888266923499635208e-01
3.074145379434085612e-01
1.221459678116725733e+00
1.485564272268679042e+00
2.431526509475375075e+00
-7.304588777560727664e-01
-1.473074758380614080e+00
-1.849744772447733165e+00
-2.386337951136612290e-01
-5.098233040110774494e-01
5.727386436301760142e-01
1.391009526015938969e+00
6.504847394148520756e-01
8.143197427429548219e-01
1.653255998289637763e+00
2.077366170997152928e+00
1.177731905377706889e-01
2.516466425205522661e+00
-3.534787767964076011e-02
4.775438315191545824e-01
-6.766827004341497975e-01
-5.869423891557121742e-01
-9.581580283727111347e-01
-1.374775154136038680e+00
-3.292340994872662296e-01
2.031095318705537167e+00
1.433839175819806133e+00
1.075967431567345090e+00
2.776414599313485887e-01
-1.940081197061505058e-02
-4.968538185055713097e-01
-1.070403170986030883e+00
-6.402126422655843863e-01
-1.063583030415863773e+00
-4.787650097359720247e-01
-1.830290550063900401e+00
-8.871897585332426672e-01
-4.892446177569729215e-01
-1.332116257184853936e+00
-3.012760527349376272e+00
-1.356984840612596832e+00
-1.746489068272544909e+00
-1.676556010493546189e-02
-4.480151221009571749e-01
-7.711059257070187467e-01
3.836242946603513060e-01
5.712423047110830598e-01
2.921118514363817420e-01
-2.707667397827240308e-01
7.330112919776198277e-01
-6.179714218989900143e-01
1.709896102826266029e-01
2.679790379284041624e-01
6.287786615498669462e-01
1.265083752809582851e+00
6.760043918691678311e-01
2.540374512910753335e+00
-1.166046373851898910e-01
9.993672625422767020e-02
1.749323668225238437e+00
-8.012696155817685684e-01
-7.404008061215262559e-01
-1.125390042881074804e-01
-1.112635103369738143e+00
5.133067822893777610e-01
-4.289601404818412789e-01
4.992042882158904682e-01
1.026399174021322969e-01
1.692617376596585288e+00
1.843381591501767502e+00
1.910601598989793093e+00
4.638610804695758594e-01
1.611092757285015331e+00
1.291734603749224997e+00
1.517586665672814972e+00
-9.810445315529864319e-01
-1.010035079292023408e+00
-7.817208117301942538e-01
-1.177040738549803622e+00
-2.937683064114255505e+00
3.738084402384746596e+00
1.166645213834798911e+00
1.081282500124558732e+00
2.529510847280567631e+00
-3.923340416170382206e-01
1.460354397825739614e+00
2.886247825454759663e-01
1.177489541421105734e+00
1.530373375996922913e+00
1.566237949127470941e+00
2.012575232050782148e+00
1.721643922250058800e+00
1.427651881332310246e+00
1.301108572891171988e+00
8.513548502848222732e-01
1.456427323547806019e+00
1.258702186547344448e+00
9.043434133055394675e-01
2.144965069700390803e-01
8.237465716180201181e-01
-2.007986271300888248e+00
-9.081103361355977732e-01
-5.919704336499748143e-01
-1.012782306958208034e+00
-1.235763670775932077e+00
-3.315038375940471127e-01
-1.513080087263356965e+00
-1.963358018435992003e+00
-6.409046647680072262e-02
-1.230420742020674085e+00
5.425597291419310686e-01
-4.315198157882866870e-01
-1.314711258727037535e+00
-7.032660239842950523e-01
-1.682827872305227901e+00
1.375103158508124590e+00
1.036475187578458357e+00
-2.895187055902674889e-01
1.830774273573152922e+00
1.615191333950226626e+00
-1.978122368032546152e+00
-7.992555190823374955e-01
-5.553534899154620730e-01
-6.201062548416529374e-01
-1.448398679157021141e+00
-5.418550565958261123e-01
-1.802906441569015250e+00
-1.464064671859698352e-01
-5.126772143649420688e-01
-1.536205748436244800e+00
7.330576722620162355e-01
1.498211068192125683e+00
1.350623197629539307e+00
-1.380853361247897926e-01
1.415442235528572512e+00
-6.553378699694105691e-01
-9.239092006726299378e-01
-8.055022269698238757e-01
-4.446823643409777427e-01
8.704393079423922153e-02
