-2.334063671019273034e-01
-5.088144227727959823e-01
-1.801609712119522477e+00
-1.289702408171463199e+00
-1.380570568729664105e+00
-7.502146175352671920e-01
-8.344379657574267917e-01
-1.188248656215125321e+00
-1.139557415339151669e+00
-1.251922476239955895e+00
-1.818685471856326785e+00
-1.945680890504677851e+00
-1.814704962675557809e+00
-1.885156269281260899e+00
-1.896507214009724329e+00
7.514745165883507383e-01
1.437878157811889324e+00
1.423492223903816356e+00
1.317598631576821777e-02
2.232780496506681978e+00
5.339911948236104600e-01
2.183613239512247617e-01
1.691429063722615256e+00
-2.076278615531426119e-01
1.092160698382960815e+00
7.925186758354645367e-01
3.734220676584043552e-02
1.087607225928969967e+00
1.214746227500449693e+00
-1.460845706969142732e-01
-1.185948927017236310e+00
-1.082873570842406430e+00
-5.844299433587807346e-02
-5.789416310160657719e-01
5.501896296795005803e-02
9.287115684280385919e-01
4.360864291967543327e-01
5.835560450106296315e-01
1.495892685144869727e+00
1.492178731662605173e+00
1.389990245586262496e+00
7.629077220101800894e-01
2.081927910493420519e+00
8.735605987700891806e-01
1.887408161201493240e+00
-1.899049382936575103e+00
-4.882209488865839608e-01
-7.674293626248616107e-01
-1.933438736106268152e+00
-1.675346492694688827e+00
4.381913393670319179e-01
8.726849695409135688e-01
8.756391718597711371e-01
9.559025826299739625e-01
6.937009341342725843e-01
2.009416044964607462e+00
2.422482195577289055e-01
3.811333198625058705e-01
1.607230483112100483e+00
-1.337179978221914034e-02
-1.049129527639617532e+00
8.127277666652295007e-01
1.281965705838218783e+00
-9.841565436348176377e-02
-2.344583488024489792e-01
3.592761168490374857e+00
1.301248370523431008e+00
1.459309399301691457e+00
-5.214886306079189460e-01
3.382772970044469751e-01
1.099761074714775688e-01
3.523296471983639044e-01
-1.770579820290873130e+00
-2.201196218928601844e+00
-1.294514883730540467e+00
5.907582684029266673e-01
-7.106473280631078193e-01
-1.076209548647096170e+00
-6.311452652203539682e-01
-2.274723731457766185e+00
-1.272115078333286409e+00
-1.457921824980582759e+00
1.123645369556705020e-01
-8.308456193783202437e-01
-2.708784549265168096e+00
1.786961991027038898e+00
1.952997032729043569e-01
7.409952129058454684e-01
1.477478895530642822e+00
1.007853174332792312e-01
-2.637681530285366449e+00
-4.416077956269910398e-01
-1.609621128926526978e+00
-1.980256619142912733e+00
-1.786218874468363804e+00
-1.185071551696862180e+00
-8.648846069611464404e-01
-1.224184295787369869e+00
-7.430843732255407730e-01
-1.340905585308298509e-01
-8.000963252460431274e-01
8.172903293953641679e-01
-9.111189001545694222e-01
1.068657309926853705e+00
6.010213837696056771e-01
4.001781827457617791e-01
-9.795946060155756863e-01
-2.820619704274319517e+00
-3.648322888572329559e-01
-7.454056723935720274e-01
1.779214066939660110e+00
1.539200652507110245e+00
4.492657913052935381e-01
-4.233355923107078311e-01
1.401525087750383980e+00
2.107480199293823020e+00
8.928614537257888450e-01
1.301524022505216038e+00
1.329270103834764960e+00
-1.562564688024739024e-01
6.488996197763484686e-01
1.510783505401775972e+00
1.084653132735717174e+00
2.043999656418598043e+00
5.100548210427814366e-01
-5.572764291366646416e-01
-2.381947581008705406e-01
-2.377171824902595709e+00
-2.549882123709137360e+00
4.956260005100299182e-02
-2.576761631684952203e+00
-1.498580572429226043e+00
-1.125851054852851751e+00
-1.925199648512183837e+00
-3.743320393283382508e-01
-1.221960310898747792e+00
-8.552160745784233020e-01
-1.831460609346868829e-02
-2.842132698383275979e+00
1.549452176432801753e-01
1.332505658479460342e+00
6.584910259450993397e-01
2.024299195364742676e+00
1.592605012247296337e+00
1.764768715685718137e+00
-7.670973579490391048e-01
1.620585213543892511e-01
-1.912006163048308061e+00
3.160805450315145038e-01
-1.194979254410564629e+00
-2.506977300556829658e+00
-2.552727119182218729e+00
-8.202988151297583297e-01
-1.918165028889704971e+00
-1.194973000759885551e+00
7.770380247339833124e-01
2.030358634298647935e+00
1.155683227634849652e+00
1.550175435299800508e+00
1.021760474454189049e+00
-5.422069101590527573e-01
-9.162856663219030029e-01
3.108619284115770043e-01
-4.779447672386005763e-01
-1.268504289557569997e+00
1.098431454812727193e-01
1.692018570200084504e-01
-4.678159277018938411e-01
-1.803621271325597242e-01
-1.173646708225732693e+00
-2.072910572066139601e+00
-1.451535122885798890e+00
-1.671579822157019724e+00
-1.216878485264181187e+00
-2.656628969469863932e+00
-1.024000395975224409e+00
-9.046972555639238855e-01
-1.489505203327707861e-01
-1.052155293247601930e+00
-9.730122054841434664e-01
-7.502361048789965015e-01
1.643706936983844180e-01
1.486237177194877024e+00
1.057447489641366367e+00
1.441533574373761617e+00
1.026948361111546415e+00
1.058794510687780077e+00
-4.098537824761026016e-01
1.082561435127570304e+00
5.071154800365174076e-01
6.760297469989264840e-01
1.724562563716509622e+00
3.728146422456776188e-01
2.261655226492333526e+00
5.694655497761281771e-01
-1.015835446283270604e+00
-1.710027646286425007e-01
-1.306003243767221322e+00
-8.270541613928237279e-01
1.328070684191420270e-01
-2.823714565647637009e-01
1.117771048525303179e+00
1.304447162049854336e+00
3.801815597808038127e-01
-3.883224286000763747e-02
2.124299472752811724e+00
5.523427942242510325e-01
1.153793553861175880e+00
-1.009604388714133716e-01
1.716340468479651493e+00
-1.334353666304891828e+00
-4.034511058163194885e-01
-1.158735880387844697e+00
-1.110641563402697818e+00
-9.473450440642557924e-01
-2.950687457729506136e-02
1.393930226386682847e+00
-1.000061061892410397e+00
7.789078606164050456e-01
-9.573411990459517185e-01
1.551377199549242025e+00
1.327061302094556083e+00
-2.607884940896814108e-01
3.782953093404466394e-01
1.683631303564894210e+00
6.944453835876329695e-01
-2.304905829745877988e-01
7.910728482483265767e-01
3.072855217150238349e+00
7.112355364222966436e-01
3.734748039738688963e-01
2.392507606006149423e+00
1.599870860836538622e+00
3.112501112988127483e-01
1.362147005009608058e+00
-3.473712828651686291e+00
-2.352374260449344057e+00
-2.323820782410915164e+00
-1.300283538180709408e+00
7.548506146502935721e-01
-9.485410371520119899e-01
-1.643016452836318919e+00
-1.400999972461756116e+00
-9.020177519364929175e-01
-1.068322325429527098e-01
-2.162142176515677860e-01
-1.181709710725335816e+00
1.195178503089167066e-02
8.682999179322137273e-02
-1.391647809295282645e+00
-1.396294960074504488e-01
7.299228887626230122e-01
5.101325580717130936e-02
1.232513592531390145e+00
7.448369016032775347e-01
-2.143987601760082295e-01
-1.120487764596957314e+00
-2.108092755746342917e+00
-6.629453257285913281e-01
-1.855702142866405557e-01
-2.031432083456652826e+00
-2.157896740165925031e+00
-2.114905656462896522e-01
-1.956612248955241551e+00
-2.052326822594613631e+00
1.190609779439085525e+00
7.151240166568526568e-01
6.469810427815838594e-01
1.095501859939173261e+00
3.588025726019143935e-01
-8.972405226474130524e-01
-1.214387805969942224e+00
-9.381679656362529318e-02
-6.731716128570615076e-01
5.140658046268411496e-01
1.328453627883067423e+00
7.976363448436901704e-01
-1.308743593841670272e-01
1.721591624603693749e+00
9.877631507491514418e-01
3.956645303491586052e-01
9.251508017258922578e-01
1.498391367229660265e+00
-2.505789239728661855e-01
1.385786388304163896e+00
-2.840977447457320171e-01
1.498379868992413488e+00
8.526498484199016570e-01
1.576752860486082541e-01
-9.092371531090113201e-01
-1.865953982684667167e-01
-9.051649803568767583e-01
-9.393207039475042208e-01
-5.765277123519731983e-01
-2.012748917386725012e+00
-7.355726689579940025e-01
-7.732846839693909846e-01
-1.426010107733183263e+00
-7.048991751095970981e-01
-2.292161052627659679e+00
-1.386426074441056810e+00
-1.070028592776125498e-01
-4.101037626879314724e-01
-7.676263807327009525e-01
-1.125153343442609977e+00
4.457035712704083830e-01
1.213759118385535629e+00
1.088696454789384038e+00
1.329588463796269160e+00
2.139739203053635741e+00
-1.004253672386630880e+00
-1.080350081772738058e+00
-2.081007672533500941e+00
-7.632892808586347888e-01
-1.524052352935989951e+00
-1.754985573105105612e+00
-2.155030080532376324e+00
-1.842677130942335317e+00
-1.065287503319590767e+00
-6.905303791764056953e-01
9.242728314989173688e-01
-9.332033923071758608e-02
2.845656021552896764e+00
4.779375149467210981e-01
1.817934312130971453e+00
-1.067821873696188195e+00
1.089064788101765657e-01
-2.682148044661611941e-01
-2.616230966022977888e+00
-1.716639530705577510e+00
8.678461521759710529e-01
2.528316172522887761e+00
6.129150477606422065e-01
4.162549321332604801e-01
9.914424722322470185e-01
1.231037492961752911e+00
1.412880840783717895e+00
-1.159810826175289300e-02
2.341709697432457382e+00
1.888894011319060429e+00
2.309400214527943973e+00
2.107534964039964542e+00
9.459153933264765612e-01
-6.958821283540956859e-01
2.106235654374815525e+00
7.439105637075433819e-01
-1.057391884896966561e-01
-4.850654947020893726e-01
-1.924929727572457505e+00
-6.848634439610541413e-01
-1.164120746540878493e+00
-1.115550735483456846e+00
-1.087469985964409025e+00
-1.613013616982704734e-01
-4.203744155743712740e-01
-1.262036774727271160e+00
-1.181570662192894305e+00
-2.594440980944795250e+00
-1.387580237769873825e+00
-1.455926921728803780e+00
1.243383253449154457e+00
-3.950044691163001609e-01
1.781557502604668386e+00
1.187292110882305352e+00
6.811990783859416254e-01
-1.456146376451653568e-01
1.199768826760470031e-01
-4.627765177318845513e-01
-4.031235973569494702e-01
1.975054158128421999e-01
-7.741353890348736666e-01
-1.432432098948063892e+00
-1.396417641311546554e+00
-1.627375186164748300e+00
-2.053153526359093206e+00
2.185450132779221732e+00
6.221724088834372779e-01
1.338769256739233748e+00
1.206817713195464270e+00
1.242015298894269648e+00
-7.131250016952548343e-01
-2.945023310663485994e-03
-1.820632123027111415e+00
-2.379530856689541451e+00
-5.559146903947518314e-01
2.338979215900778286e-01
8.515063660128351364e-01
8.801700125209812597e-01
2.096933026341751827e-01
-3.347498537398474472e-01
2.568880657816960955e+00
1.056532150481477306e+00
1.640094319653004007e+00
1.419326401914088320e+00
9.871763689420041121e-01
1.796764937872989965e+00
1.879490197308824939e+00
1.614188677318035836e+00
3.473681770073785202e+00
1.624891353714443820e+00
-1.776477722024246031e+00
-1.409753786875829196e+00
1.058191485951379462e+00
-2.136641350169211861e+00
-9.910295972676929077e-01
8.808737429233248761e-02
-6.415921811967217891e-02
9.360306762185399698e-02
-1.306394242622384239e+00
-1.998727810011368344e+00
-1.742569464869209828e+00
-1.291110317987141709e+00
-3.497916632749673571e-01
-3.897432775220072143e-01
-3.834129776478077956e-01
1.205901089864434006e-01
1.861353368023271670e+00
1.293195925671136282e+00
2.579510872645949249e+00
3.405116483368175739e-02
-1.582625857211246601e+00
-1.618021777166062769e+00
-8.255868149171478043e-01
-3.422699337879842041e-01
5.276634701958524687e-01
-1.793645638487817884e+00
-1.331480242043750151e+00
-2.074585859531065779e+00
-2.094469750878817926e+00
-1.104429639136754071e+00
-5.953117328429620159e-01
1.295050594300709346e+00
-5.214004334244819461e-01
-9.744825182597247615e-01
-2.568365117717750223e-01
-1.401659107617234890e+00
-2.167375167955288617e+00
5.015334773042132710e-01
1.631210274869769883e-01
-3.682267667393980259e-01
-1.310310229872774679e+00
-1.203569599557514191e+00
-1.969001113500959521e+00
4.514882466863654464e-01
-1.245877531255784154e+00
-2.991614792748459095e+00
-2.049951070121869279e-02
-5.222038629667634657e-01
9.153284152732874546e-01
-1.588362757567741479e+00
-1.836425178082589982e+00
-2.808936256120369013e-01
1.035995015441515399e-02
-1.252740142447299476e+00
-8.605918762829365409e-01
1.067960726274435279e+00
1.396244834865917772e+00
1.612749840662711653e-01
3.686132366569625507e-01
4.786784230503648985e-02
2.092484582179161556e+00
1.409152410501177677e-01
1.124969938879380793e+00
1.342525983595532768e-02
5.092850051421111690e-01
2.315913450272664598e+00
1.541201693378471571e+00
3.949159956990573317e-01
3.398516025325243328e-01
9.294658792538075254e-01
-1.973507176171014343e-01
-1.311549070677545892e+00
-3.327880539175921415e-01
-2.079187391715915822e+00
-4.739112779621575955e-01
1.441768314813597573e+00
1.012505467551703342e+00
1.019512321236955010e+00
8.098621595512681681e-01
5.764323838567134706e-01
1.564074028198331412e+00
1.507375315429156259e+00
-6.998862605455320463e-01
1.074010005575940951e+00
8.388347107488817178e-01
3.173107822646890064e-01
-8.189895502876265443e-02
-2.514534829894118584e+00
-8.933793265330989275e-01
-1.731192258716378163e+00
1.958149970937032025e+00
-3.789754073310880322e-01
1.063241305617115495e+00
8.389614047613548342e-01
3.979134308217744387e-01
1.165458571579561786e+00
1.544358827590109673e+00
-1.672864820733697133e-01
2.561519662977064904e+00
2.386498354382358134e-01
1.196433697428668230e+00
5.023963798582075091e-01
1.334528702207772533e+00
1.774541124120055713e+00
1.806206251974695309e+00
1.326842612939812316e+00
1.634893433863640944e+00
1.992703474002671671e-01
2.764111465516820854e-01
2.391145806195238421e+00
-5.823641303378925826e-01
-1.357582359264108085e+00
-1.169262213399226757e+00
-4.825082326402647670e-01
-8.570572163844154545e-01
-1.159374211257250931e+00
8.392639865633721996e-01
-3.572095688521978563e+00
-7.797616261039806984e-01
4.250823653273982927e-01
-2.836825331415960827e-01
-1.650711838724949754e+00
-1.176956253543283148e+00
-1.852138414303145630e+00
-1.315825354294520411e+00
4.131958903007816319e-01
7.939802135409246286e-02
1.376488457309473334e+00
-3.993227864122599335e-01
3.852811821372338352e-01
-6.140763179137604943e-01
-1.677700050213839500e+00
-8.962504537418173323e-01
-1.265806446250680617e+00
-9.964434782299107507e-01
-1.682967404338208794e+00
-7.317725263192487173e-02
-5.598718998034993843e-01
-1.714326044730589693e+00
-6.395002221511068008e-01
2.166440689585918733e+00
1.593725755143942990e+00
1.338048579859171694e+00
1.865250064544926589e-01
2.179817237303116606e+00
-1.760634148933942544e+00
-1.221330678234005429e+00
-5.385687583568479209e-01
-1.132421761035548924e+00
-5.704701764243609308e-01
1.204382685253973628e+00
1.258379349237641609e+00
1.154064239699417183e+00
2.912280058967900986e-01
1.217397443295543447e+00
1.058335863205039695e+00
2.616305054954630727e-01
9.269043956701135123e-01
8.027137616510890972e-01
-3.202967614788310158e-02
2.349221821083192552e+00
8.591360081138184057e-01
9.155741003501305375e-01
1.370597841763276037e+00
2.738657820234364770e+00
1.081645634912853815e+00
-1.132807467224437037e+00
-1.599088978500885716e+00
-3.686667383767434636e-01
-1.892487431030341227e+00
-1.429533607996607003e+00
-3.767815694124612147e-01
-1.263755028344953235e+00
-7.461091268626951489e-02
-8.749538326025682045e-01
-1.691221164734794336e+00
-2.984730378238905635e-01
-2.035786358692257991e+00
3.212779186845260426e-03
-1.054119595571985091e+00
3.210485700659633235e-01
1.191956096176389535e+00
9.941193886546311198e-01
-2.616244062601518205e-01
8.494884251007732701e-01
-5.863508052527638403e-01
-2.081710628960087739e+00
-1.429193315223184602e+00
-1.905735922188605436e+00
-1.472196658499122179e+00
-1.428918971344820710e+00
-6.550198298363265614e-01
-9.234127567078642684e-03
3.722322506752089311e-01
-5.554864624689326291e-02
2.679087812050029438e-01
1.664978005148522122e+00
-9.636695304055531430e-02
1.240561627952578405e+00
1.440426920583861126e+00
-3.662226016175538224e-01
-1.592743337956842753e+00
5.051745419563584694e-01
-1.447260159832317150e+00
-1.605232502579382547e+00
-2.870252937900041879e-01
-1.410796637629867956e+00
-1.138750814520797627e+00
-1.023832891557412639e+00
-7.017997629831964623e-01
-5.702362719119354884e-01
-1.063510160638484692e+00
-7.693308127211111458e-01
-5.703674679592185548e-01
-1.557584019561438993e+00
-3.573892358448772510e-01
-7.098583871215957686e-02
4.036316981768484080e-01
-7.920310698665370408e-01
-2.053179327372250729e+00
2.585636061905268734e-01
5.630740143561718813e-01
-1.518398151768943105e+00
6.332469460670323569e-01
1.389837876770777303e+00
1.859589758211819710e+00
5.752487040289300246e-01
2.774421492003806833e+00
4.614172791136849083e-01
1.193820901913909438e+00
5.934513647865550245e-01
3.632097896168311468e-01
1.376284536116282764e+00
1.542616877006044884e+00
1.229408066747862183e+00
-1.722935521913717682e+00
-1.724362453539022288e+00
-6.140476877503124875e-01
-1.218634743799270614e-01
1.094998039551440261e-01
2.490380941580430552e+00
1.377173019549126076e+00
1.563206982515847665e+00
3.281593564382181416e+00
2.095911609424472744e+00
3.678858394891822980e-01
8.019396614750978758e-01
3.788664208038746706e-01
2.490801577932940436e+00
7.594960961953061140e-01
-1.558946605401727137e+00
-2.598638918453914926e+00
-1.624461911363835886e-01
2.061485931599751353e-01
2.208747479315578133e-01
1.150297020945913795e+00
1.620383432961063352e+00
-7.736989429500600313e-01
1.570777166061564589e+00
2.044686638256755895e+00
1.987074639258671560e+00
5.090482765344648275e-01
1.478274619655973288e+00
-2.956923801985760214e-01
5.154313406333916880e-01
6.969158961734759350e-01
9.491126963678420125e-02
1.643702053003590180e+00
1.829064331694557399e+00
1.376711349868563250e+00
1.886615419487516654e+00
1.697976448297495722e+00
6.102278005674455219e-01
2.069230819400688759e+00
1.024051621298172066e+00
-1.101038932247148994e+00
-1.788289497585612287e-01
-6.430372555389518574e-01
-8.558266893701695910e-01
-6.903443649444636065e-01
-1.487885296673560509e+00
-1.140685915457279265e+00
5.115042527886475288e-01
-2.593976758109672431e+00
-4.121317112164777363e-01
-8.177561505285551036e-01
-1.807876502279735620e+00
-1.052813023655577718e+00
-1.119581772040409762e+00
-3.862145069960938315e-01
1.349172375028739213e+00
9.868949097077195365e-02
1.812981508412510490e+00
1.176692510151825521e-01
1.823943901259955647e+00
-1.313008190661449692e+00
-1.701731663191313526e+00
-1.426820792751214650e+00
-4.780337027690634288e-01
-1.761104963691470404e+00
-5.116644911420417108e-01
-5.939054088677262477e-01
-1.790664146237475940e+00
-9.421728552711039484e-02
-5.484060321932131554e-01
2.012343031513696090e+00
1.764439095640394584e+00
1.034469513722149348e+00
8.829068914111147803e-01
1.326535860436195424e+00
-1.737310337220207002e+00
4.961450134640659204e-01
-2.082740254492050358e+00
-1.047179447236541883e+00
-1.806202695197472785e+00
-1.955577352574595196e+00
-1.053114447073983717e+00
-7.803557812916606107e-02
-1.753372023835338744e+00
3.510440524954050456e-01
1.463388077109299967e-01
-1.471298303488269177e+00
-5.570841243003994414e-01
-1.268299290665907852e+00
-1.639788862908947653e+00
-1.188039581830395708e+00
-7.488368740639399501e-01
-1.130916178878093037e+00
-2.176758753831824489e-01
-7.479953395290717122e-01
3.996883250328537862e-01
2.064344609781479267e+00
-1.984992509671179572e-01
2.070615402555604057e+00
1.090274116312688779e+00
2.229362767960286762e-01
9.931511896863243205e-01
2.439739024567717074e+00
1.369755873828098380e+00
1.690253995557776889e+00
8.168253269361611668e-01
5.837637516165417040e-01
2.028188941375554943e-01
6.457506266013690599e-01
5.857376858700145128e-01
-6.968343941774060024e-01
-2.570886209212076778e+00
-4.463599582193918947e-01
-1.274190077862882742e+00
-6.480726115518949948e-01
1.888033203006733496e+00
1.206471761246210361e+00
3.032576217327814128e+00
-2.944098725495778446e-01
7.347459850116637714e-01
1.004247328799971806e+00
1.785216544226277513e+00
1.201352842019401734e+00
9.949006016105992334e-01
9.345258625569824451e-01
-1.255290604577702140e+00
-1.229442262651990081e+00
-9.712644818000496505e-01
-9.547021105572435218e-01
-1.608237023944303346e-02
4.904343238461690291e-01
1.227368685829334227e-01
1.948614890080775375e-01
9.258498110285293681e-01
1.169676133450014088e+00
-5.522337603653371119e-01
-1.960898226004782696e+00
-2.015425360363117591e+00
-6.740725831364973164e-01
-2.020290932658006078e+00
-8.420783495370000038e-01
-1.017197544335257886e+00
-5.349144332357658183e-02
-1.847091856841560631e+00
5.876038907784773002e-01
-1.199843028236641684e+00
-6.047964231642810606e-01
-5.282498447440822087e-01
3.261129487350422629e-02
-1.182519668938174506e+00
1.536965938445385316e+00
7.463759065848907248e-01
2.611211084156556339e+00
6.325449366899369430e-01
2.284324488768792349e+00
-6.430193772581256351e-01
2.068957353201470006e+00
4.509066144143637489e-01
2.688042245383761131e+00
7.253071361222018787e-01
7.265416095553788312e-01
1.506603760430537342e+00
-4.422729593617031885e-01
8.749747104419474120e-01
1.495135595055974598e+00
-5.348398936806120219e-02
-8.858844234906565474e-01
-1.612438132134677016e+00
-7.678732395746820094e-01
-1.072773015175075395e+00
-6.193813350736054879e-01
1.638450954088439548e+00
8.745013559623781019e-01
5.261271665544766662e-01
3.552731935622275294e-01
7.716476127089612058e-01
5.642923445709824293e-02
1.000881459305105636e+00
2.166747467188259613e+00
-3.661812205259957764e-01
-4.066830253802229400e-01
-2.259987910678139755e+00
-5.193848934917792981e-01
-1.711794696694160844e+00
-1.778488035719511196e+00
1.228830109222245559e+00
2.280781164571298314e-01
2.125816511514952545e+00
6.101759278757059590e-01
1.945225965792150236e+00
3.772725239423865284e-01
5.351293545210940028e-01
2.404312763478727355e+00
5.707317557366533567e-01
1.551390180516935224e+00
1.137023330148211997e+00
1.047005642926474245e+00
4.544780840753811502e-01
8.262266140341046894e-01
1.894063990930743291e+00
1.790426367991450940e+00
1.589629004705968462e+00
2.469181717948250032e+00
6.204297950768845604e-01
1.157699830006070574e+00
-4.388302304196407544e-01
-1.028825461913550621e+00
-1.535211415995663131e-02
-1.083465906009183577e+00
-1.202945539395873897e+00
-2.043546909658706667e+00
-7.734692767679709480e-01
-7.334390381348747656e-01
-2.230709664550224680e+00
-2.341043349687990549e+00
-6.391051748766726215e-01
-1.954152660251028850e+00
-1.860589946859798172e+00
-1.040712124353457613e+00
-1.543189288825074446e+00
-5.917607709870160715e-01
7.124954579520417219e-01
8.523042592123922789e-01
1.939126589644363463e+00
1.646279027287658181e+00
-2.515153098784002950e+00
-6.967225168085235953e-01
6.229549164095626868e-01
-1.252146008668193256e+00
-1.425205311763702687e+00
-7.974007446171489377e-01
-8.616943681614399608e-01
-1.472245229058787519e+00
-1.838915763929555469e+00
-1.975268389634163846e+00
5.325924583640907484e-01
7.758096936830538581e-01
7.626783292530008307e-01
9.484741685883640860e-01
1.742536117815309371e+00
-1.608781124457125511e+00
-6.372193557020486843e-01
-1.248362253743539707e+00
-3.355865505330046794e-02
-8.543925516419363930e-01
-7.349971144418537827e-01
-9.287165666524433982e-01
-4.073096522378385487e-01
-1.207355221654262678e+00
-2.719506278883044637e+00
-1.068185026198831711e+00
-1.728438119743912260e+00
-1.467984733693789234e+00
-1.567098028424728895e+00
-1.745081552451305473e+00
-2.389389047949641576e-01
-6.292405218753690521e-01
-1.086057455569036989e+00
-1.290297254367010149e+00
-2.069880713469712141e+00
6.647043775578279634e-01
1.069928195819315198e+00
9.284316690687063334e-01
6.761903656391543560e-01
-4.681138480101947330e-01
-2.770939923720421305e-01
1.033278851030755341e+00
4.987770452439738156e-01
1.289181645949321720e+00
-2.468541141459312804e-02
2.293951036611685534e+00
7.738744533156649563e-02
1.675432527545928973e+00
2.148084365595955170e+00
2.385934295285944140e-01
-1.001094740068179112e-01
-2.040127321035445807e+00
-1.181507328327320305e-01
-3.961050601475060162e-01
1.563175396633498249e-01
2.631448912281467489e+00
-3.963775408569041314e-01
1.734445059432536240e+00
1.640871989152035137e+00
1.952947384065144565e+00
-3.370754000349884816e-01
1.058244857152258245e+00
2.044707323131730092e+00
1.997889140549955700e+00
4.189013803602386066e-01
-1.229164087806442485e+00
-5.832733797705815793e-01
9.914768638722937233e-02
-1.140744167281112720e+00
1.717163797971963390e-01
-2.821248932504183404e-01
2.527017427012303585e-01
9.273229248192708107e-01
2.238434661632148881e+00
1.203912569954645573e+00
1.399577243569146034e+00
1.175988231292451225e+00
4.743033060336152573e-01
-3.722871357508086287e-01
1.685089829118495697e+00
1.156049917640415536e+00
-5.203550587650362935e-01
1.402600310789438254e+00
7.016665202532001988e-01
1.647143682441710721e+00
1.691872554910089033e+00
8.530243355114393022e-01
1.378269009091324104e-01
1.257687698891204242e+00
-1.832988030916329336e-01
-2.302592885153200264e+00
-2.324739004937844467e+00
-2.737326956061271188e-01
-1.300730484054020808e+00
9.484401073627135581e-02
-1.673188199214528105e-01
-5.906039323587862766e-01
-1.179060828629372004e+00
5.167151867163184420e-01
-1.871258199565407176e+00
-6.994039544982623147e-01
-7.699254738551153388e-03
-3.314345430573525375e-01
-1.923502090942282416e+00
-1.360680436701469098e-01
-1.013713982949777215e+00
1.903298592807243228e+00
1.672460826077374119e+00
1.491516526435389123e+00
1.031361560595378535e+00
6.843559745334530930e-01
-1.847421792584936107e+00
-1.171599053674703850e+00
-9.096845537793597503e-01
-1.741099978167675477e+00
-6.318152907599585699e-01
-6.950466244370984148e-01
-5.430589743100031619e-01
-1.448450840419933661e+00
-2.242373204857669444e-01
-1.512771074302184715e+00
6.888500693286945253e-01
1.448169939949071505e+00
3.222779545849826510e-01
5.150622675207037204e-01
-1.006338142141401715e+00
-1.603252994735650638e+00
7.862742659189152494e-01
-7.296051159006011755e-01
-7.491844774885141334e-01
8.131358247248895443e-01
3.281793644979569269e-02
3.333552384613640562e+00
2.703345596404571616e+00
1.913932174886752158e+00
3.207627278482978461e-01
6.452878635508094707e-01
1.684786569832074754e+00
5.937392930555807080e-01
-8.203755646919006494e-01
1.364924510875075603e+00
1.222966596720104437e+00
4.366541726406086843e-01
1.849912854278343399e+00
7.305510739638310103e-01
-1.460155766169379143e+00
-6.405883071616711444e-01
-1.349229524084022191e+00
1.026691708060482267e+00
-1.770833221508124833e+00
-1.660089191849864143e+00
-9.710536881990509128e-01
-3.831127387729734712e-01
-1.575551303383849966e+00
-1.322859292577970969e+00
-1.764403604092447786e+00
6.979154015767783381e-01
-1.012018022855702304e+00
-1.061708089153104329e+00
-9.039285958274185795e-01
1.781289202990155029e+00
-1.145710937328796586e+00
1.331066219386763283e+00
1.775233857441147034e+00
1.711606892796997403e+00
-1.040907325758559265e+00
-2.459171753038114971e+00
8.649113971229231979e-01
-1.216256555715460319e-01
-1.924455881708819982e+00
-2.351761915859489349e-01
-6.533194386544804999e-01
-8.860358931558030005e-01
-2.010398506132474061e+00
-1.006896416221873647e+00
2.727521165414505511e+00
4.678368060583700805e-01
1.091350878526365920e-01
-1.491054877201509754e-01
1.241907757415974478e+00
-7.642317127049902403e-01
-1.113694699970146917e-02
-2.924728995599630288e-01
-1.441486652697632653e+00
-8.780285844904665016e-01
-8.950957373282732998e-01
-6.214304154429830529e-01
1.115465081013773396e-01
-2.313525928310652624e+00
-5.458935763976391353e-01
-7.666147057972962919e-01
-2.298482134152634693e+00
-8.606415451413200746e-01
-7.705537941247614375e-01
-3.264168224550632047e-01
-4.087555406037776118e-01
-1.950574793047376021e+00
-2.134629325376978137e+00
-7.646697083259345051e-01
-2.061898264927721769e+00
2.019384380183074423e+00
2.300638293195152784e+00
7.785327086455950951e-01
1.076551379590528379e+00
6.528099326093181887e-01
-1.663938533076394499e-01
7.889218302155648344e-01
5.894631187326065946e-01
-3.189544268435593466e-01
-6.476769291337907131e-01
1.623214161552537504e+00
4.631758674855579461e-02
-8.846788597106658436e-02
9.901018751466219570e-01
5.637763416631822455e-01
-2.413082591473087568e+00
-1.427643970664115303e-01
-1.700881270664922340e-03
1.956759774491834136e-03
-1.009258522515299461e+00
1.506594668500853551e+00
1.567293529002034891e+00
1.152385852760266616e+00
7.031158784796986971e-01
-1.860243758116622015e-01
1.264970010443692727e+00
-6.003528202285655091e-01
-4.983424490391252792e-01
1.413587352254860985e+00
1.670317676649040628e+00
-1.173283026395465001e+00
-7.127625619948729785e-01
2.595763017110286341e-04
-2.141864094986825506e+00
-3.565828804496912197e-01
4.548734094033758391e-01
8.250279930843167353e-01
-1.951774541390669526e-01
1.213803036936762059e+00
9.511833918749539318e-01
1.756341747009484422e+00
4.020553417599354029e-01
1.924920402924047647e+00
-6.098860706560043088e-01
1.750001654111363880e+00
1.709151050579117204e+00
1.024314028126793952e+00
1.842839554066984409e+00
1.872702257186638741e+00
2.063262790095005128e-01
7.840740895198102800e-01
1.431033099132106301e+00
1.654446526294161224e+00
1.016890600316294080e+00
1.192992335730849618e+00
-9.733216020016891568e-01
-2.024826944969022602e+00
-1.366952211792942906e+00
-9.094455148440452330e-01
-2.459557441175306280e-01
-1.694723093116694557e-01
-9.485373981462009718e-01
-1.538171165490398895e+00
-1.875984899046143406e+00
-1.871676675929705214e+00
-8.742537770946865461e-01
-4.384899008368484674e-01
-5.964387587978554617e-01
-1.651560872158976068e+00
-5.538697419011374690e-01
1.354691311932707976e+00
1.748404596414419032e-01
1.173760793833797500e+00
7.969641857081979364e-01
3.479522773792093071e-01
-7.686093317448741136e-01
3.930302900892534979e-02
-4.183300625788550775e-01
-7.300399198113846078e-01
-7.041763048585161222e-01
-1.262240847772061025e+00
-5.203119233854620607e-01
-8.586161622437591401e-01
-4.923384861712200022e-01
-2.191156288658475226e+00
9.435065609391576347e-01
1.334782700168308134e+00
1.143917208042851685e-01
-1.766029084831319818e-01
1.041659892878143978e+00
1.540427808823094935e-01
-2.226436134491236452e+00
-2.872649878629685904e+00
-1.503197689691412542e+00
-1.497490870456136935e+00
-7.269754650936273155e-01
-1.495520595207970427e+00
-2.013440502782962938e+00
-1.192975972371970173e+00
-2.418683272161476605e+00
1.495051728472669428e-01
-2.299745879567734796e+00
-4.649509413091503784e-01
-1.530880609023710814e+00
-1.839040272140119558e+00
-1.085032573545642087e+00
4.160259745969905332e-01
-3.359065670523612379e+00
-8.429922756322626443e-01
-1.958733669589844073e+00
6.376055872025081506e-01
1.610320127254849965e+00
1.255473682335162655e+00
5.320028479137806077e-01
1.261038802570680462e+00
1.473791236414883299e+00
1.862110299000246716e+00
-1.154678650355167591e-01
1.800856156573399147e+00
-3.489035774174660265e-01
2.912696832121031143e-01
1.371793478467426830e-01
5.746490060369719988e-01
1.212657123054651009e+00
1.140499363579430714e+00
-1.386347913045334890e+00
-1.563750162243010999e+00
-2.089362796875148032e+00
4.896205742886494683e-02
-4.469718469349613921e-01
2.378371111585120268e-01
6.195854425016886768e-01
3.096357208978300912e-01
1.841349106826621007e+00
2.095526515262260858e+00
8.187607487891963576e-01
1.065300117972048932e+00
6.841046458897555027e-01
2.346679541781040435e-01
9.443353291123679494e-02
-1.914368890461827899e+00
-2.613068161535297973e-01
-1.436113899848595832e+00
-6.623900401318314479e-01
-1.702730130920163898e+00
1.653830868920376229e-01
2.403410322576633895e+00
1.580616431831527446e-01
7.635126716685086690e-01
5.146774765098982574e-02
-1.608087020848472992e+00
-2.775137660070642553e+00
1.286895343211467146e-01
4.332997826698781196e-01
-1.756627245332949006e+00
-1.120244964308708679e+00
-3.406850090275854726e-01
-1.025215750066879039e+00
-1.024785438172580276e+00
-1.385404775050644410e+00
-2.622496462022010366e-01
-8.710194078931455808e-01
-1.502964352618414878e+00
-7.271013718942442861e-02
-8.100540776772213736e-02
1.078914769534123241e+00
2.284503760025865748e+00
4.573263234517583875e-01
2.085543301446011633e+00
-6.301566621324883322e-02
1.628149625894707242e+00
5.324151941005954569e-01
1.438522156961358878e+00
7.368985337566872351e-01
2.061956487223373102e+00
1.404478114859592619e+00
4.313743993961720591e-01
7.655642446749183483e-01
1.917763072592372886e+00
7.126797767692607533e-01
-1.271876789184837042e+00
-3.473174287105341707e-01
-1.177746244480408766e+00
-1.992892244535412694e+00
-1.639210458740235854e+00
2.722752355682582781e-01
2.221264503997159245e+00
-2.251763355979046199e-01
1.404620449084220679e+00
5.041072162005031387e-01
2.187835573202844053e+00
8.493622560503031327e-01
9.025250709628068746e-01
2.828019614588014541e+00
8.170860477547710055e-01
-2.266880442484918490e+00
-1.564519040723302723e+00
-9.490777280065892940e-01
4.044310908331603116e-01
-7.450956241456967444e-01
1.314278567233103878e+00
1.695965442810321466e+00
1.760618305180401411e+00
-1.229566163149857783e-01
2.041799186432990076e+00
-2.644591810351624162e-01
3.426385956198094718e-01
-2.063847076439916162e+00
-2.083012753896404057e+00
-1.784674016087749004e+00
-2.468422957844936816e-01
-4.997566680025100627e-01
-1.879045514056842059e+00
5.614431386277791702e-01
-3.327768100018293485e+00
-9.879974469116319380e-01
-1.162549947265074657e+00
-1.156858698351320491e+00
-1.334759473694056453e+00
-2.476290091400351612e-01
-4.085455073835129181e-01
3.241429022192239273e-01
7.874704468846479566e-01
4.950901359885701014e-01
-4.515365782466498334e-01
1.423660120074602853e+00
-2.489410133838574346e-01
1.446786964113686125e+00
3.009582256465256345e-01
2.658995763567228998e-02
1.416730935061180752e+00
9.380184662180126587e-01
3.765562172336247571e-01
1.184317142921040622e+00
1.292723916074726809e+00
-1.264683652840165262e+00
-1.027609013530172088e+00
7.815912563242450872e-01
-5.407140365751184063e-01
-7.538859966939767121e-01
7.160126350590210187e-01
-2.387164151195459993e-01
1.170876503785650780e+00
8.880928400354948238e-01
1.106534511185956360e+00
-1.632739249651675717e-01
2.124850333748039777e+00
1.338553460365826453e+00
7.908165290958596438e-01
2.152912074922451735e-01
-1.679682697691208038e+00
-1.488067092387841184e+00
4.594280137660957664e-01
-2.006096764528624288e-01
-7.693381524727117560e-01
1.320375175196649487e+00
8.819870568707950387e-01
1.073523784548172433e+00
2.352308361556681993e-01
2.217748019787145530e+00
-1.751879839777575665e+00
-1.316739083868609939e+00
1.571266160437694293e-01
-8.589817769231666844e-02
-4.325597036118106198e-01
-2.962912581682007884e-01
-1.946561099699122721e+00
-1.286947440196893666e+00
-1.135193745806668764e+00
-3.151249402441613778e-01
-6.160726912417600065e-01
-1.001957263565253609e+00
-4.924932443927499959e-01
-5.060929888586829239e-01
-1.377457592018893839e+00
-5.681513440870116227e-01
4.093061314657712169e-01
4.364246639122139060e-01
7.360036620499629256e-01
1.482064256409630243e+00
1.752999594941208272e+00
5.596272047634326396e-01
1.079099868609938895e+00
1.440055739570551330e+00
2.322734556442547671e+00
1.781100680226826327e+00
9.643303588551852545e-01
1.482216861354405335e+00
5.063635582903580623e-01
-3.241778344901280473e-01
-7.621121437855813419e-01
-1.433348704745510460e+00
2.806353213142969150e-01
-9.146055487068229795e-01
-1.480372315023687602e+00
1.107904747211685637e+00
2.247915344503186752e+00
1.321739461256278281e+00
2.015263973562210431e+00
1.085657504967863618e+00
1.388218536839204820e+00
9.366845636981137035e-01
-1.245795066958483854e-01
1.580325502724836628e+00
6.433037799041054772e-01
-5.455264021996892865e-01
-1.929239693048878657e+00
-1.815300042521009072e+00
-1.519969823549359500e+00
1.485931549882371083e-01
1.099842874161936157e+00
2.185346608709414440e+00
2.614390058199140388e+00
1.433598940689027934e+00
2.528875174828378647e+00
5.683391503716288540e-01
-3.637023501565539441e-02
6.555288142489099634e-01
1.144446470726441012e+00
2.002130946158926506e+00
1.649677980164332425e+00
1.549313073758804116e+00
-6.827784785253383504e-01
1.052583573978118636e+00
4.331269494059605263e-01
2.331248676294160660e+00
1.574032299937969670e+00
2.264170607895443332e+00
1.255041657741775785e+00
8.080123941922452424e-01
-1.947652993980780511e+00
-1.285302629717710587e-03
-2.382564526236764513e-01
-8.238858705487902556e-01
-1.782272709986909565e+00
-8.938671921664843589e-01
-1.412357557341910042e+00
-7.138677618483272314e-01
-1.010482437686107238e+00
-1.486284132148513404e+00
-1.202879848758905190e+00
4.226038758601151635e-01
1.601976642586300237e-02
-4.115760171333079365e-01
-4.819595436667583055e-01
9.577663793891383337e-01
7.704542544145296379e-01
1.673939797149476938e+00
-9.153821725782667063e-01
2.479163915283262298e+00
-1.531220671157611957e+00
-6.184942836764650842e-01
2.012728392065032956e-01
-3.784808137674904316e-01
-7.197849917491363492e-01
-1.142002381251741694e+00
1.033123331343677176e+00
-2.611233775487795672e-01
-1.021470623810852851e+00
-1.622738703713743291e+00
6.213481626091846843e-01
8.922227871128458609e-01
1.265083792861090073e+00
1.559001422468825560e+00
9.711160687709440298e-01
-5.664900824316023709e-01
-1.246494668049680232e+00
7.741763795187215358e-01
-2.511583460234462883e+00
-2.643544091081717617e+00
6.055650201218878426e-01
-6.005007375822102311e-02
1.526234595953311901e-01
2.798896064724051946e+00
1.550832307087723905e+00
1.255142403598798806e+00
4.089591855086591732e-01
7.086654796854781058e-01
5.832514035453306711e-02
3.700952555496613838e-01
1.383628885190205438e+00
-4.720376558153560609e-02
1.075215571931034786e+00
5.641735722319656254e-01
1.457874773665061463e+00
-2.535562049392710016e-01
-4.739216065328248906e-01
-1.266527047185356025e+00
-1.464511960445145977e+00
-1.744404794031943151e+00
-4.723020711177378095e-01
-2.028651626194655222e+00
1.700502656513265265e-01
-9.497814084046196648e-01
-5.165353507430325841e-01
-3.955156678195056452e-01
-1.130941708241669064e+00
-8.361614725272450421e-01
-1.681206156927887774e+00
-4.292861647851476947e-01
5.325502875643906009e-02
1.753987027948936905e+00
7.874378865198031763e-01
2.089050788487175847e+00
-1.335330252883657476e-01
-1.460070358569915738e+00
-2.867243248227681285e+00
-5.175767572832845609e-01
-6.897880012610658751e-01
-1.780963718937678575e+00
-1.982603416605710045e+00
4.655534414899147322e-01
-3.972886739691418034e-01
-2.203774937652492660e+00
-2.354575927781232814e-02
1.829510746264838783e+00
1.405084983991006675e+00
1.334575179327665895e+00
1.349489349489129353e+00
1.775092926333849075e+00
-1.115854716544107061e+00
-1.891080197813215236e-01
-2.504219905215342212e+00
-1.414764982548720518e+00
-5.222787593855628963e-01
2.027355661042078427e+00
2.012913208815869659e+00
9.748303707074817970e-01
1.612541067828438202e+00
3.572323424007411985e-01
-7.184415062495337345e-01
5.488199819249779399e-01
1.274648911403059026e+00
2.798043771267622049e+00
2.147637467986366566e+00
1.703492530735921662e-01
1.897329093502596598e-01
1.701067062909797922e+00
-5.843574542748639633e-01
1.813263301257724835e-01
-1.480595471424495102e+00
-6.482753237515586076e-01
-1.172985563270532827e+00
1.140125304984358490e-01
2.484668760237542795e-01
1.016210757376498020e+00
-9.764735950904792627e-01
-1.762802097137885937e+00
-1.243037104869884057e-01
3.613676104569907288e-01
-2.240774714087919950e+00
-2.442257130652423669e+00
-1.439756037765261398e+00
6.338189159370295478e-01
2.661129843309211207e-01
1.863491472537143645e+00
9.343130590761139498e-02
1.212749063235619262e+00
1.192557657782771896e+00
-1.868552504767944100e-01
-1.140538236426780649e+00
-1.039922974784779797e+00
-1.067083454164934775e+00
-8.324144036981808714e-01
-8.764272371308257092e-01
-6.431737115139339878e-01
-2.098355500447873556e+00
-5.182228240935859986e-02
-1.777241511587916989e+00
-7.287108395953347806e-01
1.127472770202442298e+00
6.668852403315963517e-01
9.879173123370992293e-01
1.112112858766031609e+00
1.909552317920666376e+00
-5.547150863768951501e-01
-8.253289612585384960e-01
-6.787101471175804868e-02
-5.737910521038587230e-01
-2.506234878253983389e-01
-1.347128906565800310e+00
-1.913843923995696361e+00
-2.294147195293904318e+00
-3.138036508365149579e-01
-1.914477225780092606e+00
-9.714625005939830915e-01
-1.204394606548441216e+00
-1.827362582934192847e+00
-3.594504858127153257e-01
-1.103645052851059294e+00
-8.171920397429933702e-01
-3.457874060247796422e-01
2.147378488252760231e-01
-1.231794290869272501e-01
-1.092195859094284849e-01
1.594397710646104471e+00
7.705433156038263842e-01
1.500289316801059591e+00
1.177798026946121457e+00
1.269654926195139533e+00
2.724622753859557989e-01
1.238929556949396105e+00
5.156568450341338927e-01
2.156762725660482438e+00
-2.721156997816713830e-01
7.591548819277620375e-01
1.347676854395379875e+00
-4.459100408044234243e-01
2.532267952188179905e+00
1.637247209729570940e-01
-8.673252792999303074e-01
-8.853417838880842661e-01
-9.680720354761681579e-01
-1.449395912637032824e+00
1.008277292249448287e+00
7.317030344135940778e-01
4.943596231983913292e-01
7.496562794298888832e-01
2.209771484938756636e+00
1.263532727979511883e+00
5.267188016967944142e-01
1.417677542228386045e+00
4.985524004806940468e-02
1.058780425967328576e+00
1.124386600410893555e+00
-3.761109865833955901e-01
-2.187557587016673466e+00
-3.415883188332986542e-01
-3.409518655778517537e+00
-1.662691807783843068e+00
7.012825478888322639e-01
5.994011186805643376e-01
1.153214899429618523e+00
1.689123151168902659e+00
1.244776668824098431e+00
3.382120598597115890e-02
3.128885245198363974e-01
9.155318466778052944e-01
1.781496036223283452e+00
3.051734789047260143e-01
7.682093797084428299e-01
4.644878209313536566e-01
2.906666531230845507e+00
1.843651097928340477e+00
1.000444519782373698e+00
1.031978430092003185e-01
7.574916028250968658e-01
1.646607439947156415e-02
7.551192139944424842e-01
2.307166127284351109e+00
-1.593882556626619040e-01
-6.459159031339316570e-01
-2.710307328240901814e+00
-8.648748357722892965e-01
-1.327094030541162262e+00
-1.344844384266094872e+00
-2.041826202077679397e+00
-8.805034279474497350e-01
-2.413423943055291510e+00
-7.593438543218123948e-01
-1.398743286735398828e+00
8.077058060879305224e-02
-1.056376588872162348e+00
-2.804954870621291008e+00
-2.017458634344031942e+00
5.067586695098017513e-01
1.265592638074297227e+00
1.268271918642662754e-01
1.485660876809324904e+00
4.655016380732629466e-01
-1.268902822203333614e+00
-1.247060979200508957e+00
-1.457024954723085131e+00
-1.160964583802333916e+00
-6.434830283243233584e-01
-1.198595402322314207e+00
-2.224868242008536390e-01
-1.379831504545568022e+00
-4.787949628155373505e-01
-9.753288957995881470e-01
1.210426096196414170e-01
1.508463536752989498e+00
9.939988821255874019e-02
1.041774544713255590e+00
6.483437168180690158e-01
-2.050527347283972901e+00
-2.544541439631434976e+00
-1.359324124441969817e+00
1.390674068299069255e-02
-1.898026226374504022e+00
6.854557963516332286e-01
8.171893125439781969e-01
2.131555549664444493e-01
1.769807724692991080e+00
2.783213205796409850e-01
1.814138183564293794e+00
5.799026083188904002e-01
-2.900127437619590687e-01
-7.932289462762818211e-01
1.284470641178103723e+00
1.620599828977941304e+00
9.964855352903627672e-01
2.260593604549915980e+00
5.573885273685570407e-01
1.951541531268891960e+00
-9.012234920825320517e-01
-2.479717445323367464e+00
5.335758584881871158e-01
-2.191612151265723174e+00
-2.283624900209375141e+00
-8.206816072110167948e-01
-1.103215875320321393e+00
-2.142415092218381112e+00
-3.289777989335377351e-01
4.414484504854705449e-01
-1.095534014319088367e-01
4.711423892314514639e-02
5.289804780781675042e-01
-8.626307121025924562e-01
-9.081235917739687302e-01
1.522082531225578572e+00
1.258673871849931736e+00
2.198605438217116514e+00
1.310420908287017516e+00
1.039089675045365535e+00
-1.779078882052698152e-02
-1.751980376726033573e+00
-6.051679178139317550e-01
-1.987953448067116380e+00
-4.971503920751968453e-01
-1.547856472001219785e+00
1.347268380242201413e-01
-2.725510269323319967e+00
-1.175796297324513517e+00
-1.445695086582050592e-01
7.439328220992511564e-01
2.249393417938276851e+00
2.859324471464178785e+00
1.656766105147178703e+00
9.542392099147090079e-03
-2.084982006785440767e+00
-7.437465688510105366e-01
-1.028911324945105621e+00
-2.845242987370306231e+00
-6.669838078027725548e-01
-6.178429788957362501e-01
2.739891418627791175e-01
7.494841308576782879e-02
9.400801240100886691e-01
-1.804874971793755778e+00
-1.633625522357099236e+00
-6.571229793181172507e-01
-4.900141811122682434e-02
-1.875515120113240730e+00
-2.299663913072609311e+00
-7.472194080274964234e-01
4.649316264401146537e-01
-1.700969455441434963e+00
-6.085800610132597877e-01
-1.450749562919843694e+00
1.629649485621061267e+00
-7.969211741472059796e-01
2.455438934872055112e-01
1.175747617414222512e+00
1.208552391078083765e-01
5.695894443821636344e-02
1.598825447190411975e+00
6.942802150860214461e-01
7.494035378147922977e-02
9.538508235628210263e-01
7.874720969223281131e-01
5.325990686148043274e-01
6.643109730069690633e-01
6.969455164575623085e-01
1.396835869150311993e+00
-1.514433717308256933e+00
2.946933823734028124e-01
-2.814003150786379415e-01
-3.213661341992360976e-01
-1.991293896114874729e+00
7.150032328515829594e-01
1.480051581981560505e+00
4.748333077356722276e-01
5.971033938973131505e-01
1.709765022825385117e+00
2.073989765014516706e+00
-2.507030223149149251e-01
1.618546566350809179e+00
-1.968884033841173942e-01
2.559122552158857866e-01
-1.912788588131998369e-01
-1.808025179872648547e+00
-1.258980196386278561e+00
8.128909918953746150e-01
-1.609526230694681370e+00
1.333569485650121456e+00
8.665337775109365204e-01
1.090537995737463239e+00
2.120171108855518849e+00
1.625598095553248523e+00
-1.520627535196588109e+00
-5.221251202353873744e-01
-5.955704329599200708e-01
-2.230011853878119954e-01
1.650179198290291360e-02
-1.674095874390939542e+00
-1.757988109598602744e+00
-2.016842587870956161e-01
7.191479327982852610e-01
-2.325460062689193030e-01
-2.243878953872521453e+00
-1.295679335019235712e+00
1.083320974558261707e-01
-1.160274293618642538e+00
-4.983373367992501857e-01
1.031798100580022526e+00
1.703750710819116776e+00
2.844756172166222896e-01
-7.588818738213887194e-02
3.928069921702289635e-01
-2.879523462689872471e-01
9.133512596030273212e-01
1.635701404533968173e+00
1.638444786863801905e+00
2.089817710541264084e+00
3.459339734323045867e+00
3.738873864445373396e-01
1.736442837672651507e+00
1.359965919888590502e+00
1.947133796207633605e+00
-2.836972538911600727e-01
-2.396838606252909010e+00
-5.879274849730575792e-01
-1.807614399724176923e+00
-1.817030941770251040e+00
1.627403515375559495e-01
6.376115405684212867e-01
4.397411096048536860e-01
4.021755802727526863e-01
-8.333397676846265867e-03
1.285240491425806209e+00
1.114722212155597747e+00
6.709514784474664983e-01
-4.787609389992146802e-01
-2.550017593683562289e-02
-7.223123352713471945e-01
-8.084553965576718459e-01
-1.131716325665054423e+00
-2.330231052500681521e+00
-9.316304416312507497e-01
1.623296818711958522e+00
9.959140741078784664e-01
3.842101884141040369e-01
1.393037980629378891e+00
1.280751572073470568e+00
1.271188181198093181e+00
1.164588002425551938e+00
8.809517888373048500e-01
1.325470356627072022e+00
5.902207549596871772e-01
1.634042786483433041e+00
-2.578186024717914471e-01
1.637226059514726995e-01
-1.121271553049063563e-01
7.890650386199222766e-01
9.990844082139394011e-01
1.859970779937938801e+00
1.085223455173607077e+00
3.135797113404164005e-01
1.302756849497189506e+00
-1.935029639276499847e+00
4.626476190806649846e-02
-2.129496700163394873e+00
-5.785509429570934170e-02
-5.173345074128924415e-01
-1.353384328895639310e-01
-1.448306636443694728e+00
-1.370616998079666971e+00
2.383557177038044816e-01
-5.475977959508736559e-01
-1.033087060698506088e+00
-3.645634602073226649e-01
-1.121012988226386842e+00
-5.274929832282725384e-01
-1.533796375236827547e+00
1.169839523483545474e+00
3.047927215132163470e-01
3.371810944388478060e-01
1.605919926054335978e+00
1.349959885674748339e+00
-8.441316085304785277e-01
8.459901434623695593e-02
2.687346912657972986e-01
-1.416067980950861616e+00
-1.127994372208129148e+00
-8.951881972593926928e-01
-1.466454110421477219e+00
-3.351111623693889818e-01
-9.468329016419503308e-01
2.824100884260476452e-01
1.128576827506645008e+00
3.758529223750755044e-01
1.697092245961810519e+00
1.458745584995833067e+00
1.911947831011811427e+00
-1.119131456402163494e+00
-1.170808738591764264e+00
-5.806013056195276079e-01
-1.206998779118135356e+00
-3.630412126268349748e-01
-2.726061917059787731e-01
1.371001151862318412e+00
1.662667563449595320e+00
4.711510883330224386e-01
-5.178720203665574395e-01
1.926850285451269240e-01
8.671894672822328953e-01
1.937009803265152819e+00
3.709085382167112144e-01
1.060301414676394716e+00
2.126813149381165502e+00
2.512204651361158447e-01
1.122431311756487471e+00
1.793641509815738777e-01
8.516674726087997138e-01
-1.475950722993517816e+00
-1.507470590840484626e+00
-6.265790716845890396e-01
-1.474550638269724434e+00
-1.072044370479686926e+00
-7.862057290532029619e-01
-9.589741779441531833e-01
-1.931238245990412494e+00
-8.458453911827765737e-01
2.566415040322858054e-01
4.129499049904030716e-01
-8.080547955643335722e-01
-2.040814768371105536e+00
6.265294455327263812e-02
-1.076738548078771895e+00
-2.666188175812567174e-01
1.669129111452832603e+00
2.506340690324257992e-01
1.302635207742288914e+00
-1.292667922196188091e+00
-1.239654450613433934e+00
-1.350758896816013355e-01
-6.162591627615598977e-01
-1.710002355212536296e+00
-2.292007416616969273e+00
-1.076079855566454135e-01
-6.278372991194640651e-01
-1.241955409727120374e+00
5.481984057106183972e-01
-4.287228609091648934e-01
3.988926108521515523e-01
1.565201895119487929e+00
-5.944900666633163855e-01
1.568332884127860982e+00
9.868481798330583921e-01
-1.077773687103134925e+00
-1.142427680137172219e+00
1.005747235349296886e+00
-1.992576155581701203e-01
-3.103867246439873107e-01
5.107979456968005927e-01
1.230326187768236990e+00
1.713803729578122770e-01
1.918638960464645438e+00
3.897235596684039960e-01
8.663243151612356474e-01
-4.354277408344116029e-01
2.502595814249085393e+00
3.099171926286519163e-01
1.308613856760038718e+00
-2.816006423900370148e-01
7.229834816272353581e-01
1.412785615391380922e-01
4.336788765886002706e-01
-5.779301681092796628e-02
-1.052562148488037197e+00
4.098286247647326963e-01
-4.525726914283957347e-01
-9.129368317187385173e-01
3.302388087062062549e-01
-1.504623587893376691e+00
-2.493190296027726127e+00
5.949428871348660941e-02
-1.616415357630063276e-01
-1.758050957126303659e-01
-1.761281356082966099e+00
-1.842691724942256304e+00
-1.125780904968733953e+00
-2.007437476707628399e+00
-1.691155433737592695e+00
2.253136341499685225e-01
1.451128121616481970e+00
8.188311630125996166e-01
1.398198080247950337e+00
1.530436919560765885e+00
-1.342547737964601140e+00
-2.850483343418850346e-01
-1.175660748080693541e+00
-2.202965794088541429e+00
-8.473168879873567150e-01
-1.202886230409945245e+00
-6.099663387482213706e-01
-6.222726513049420261e-01
-5.670522017950070381e-01
-6.238168753328694471e-01
7.209301723228871417e-01
6.214969137606551897e-03
1.902992607913885248e+00
1.922180389292457381e+00
1.593650580411404061e+00
-1.187695822138933543e+00
-1.913823712941995492e+00
-1.597591273841682646e+00
-1.544677383011768157e+00
-1.157914746799941774e+00
2.735379818049538336e+00
2.038165607957616032e+00
1.205080915975077049e+00
3.044215860283975950e+00
5.685721696076997400e-01
1.217011705232073027e+00
4.335332402688730769e-01
1.849448437759252162e+00
-5.071615995930542908e-01
7.991135293122653138e-02
1.525488649631432159e+00
4.511672891858281575e-01
3.415460709700921527e-01
7.805102916124719847e-01
1.900929794630934477e-02
-1.708415835198067168e-01
2.555792466086226344e-01
-7.041322524062247901e-01
-1.916602328262774213e-01
-1.837868872881884386e+00
1.593313084351464237e-01
-1.885460135648296287e+00
-2.470845275944360431e+00
-7.685203073171703592e-01
6.831161518851545100e-01
-1.311324827616751731e+00
6.519497299214416230e-02
2.645050285014005631e-01
-2.006918298787940813e+00
-6.422142296962574104e-01
6.870121718722577153e-02
9.272966166840894697e-01
1.299597201424242510e+00
1.208748775175001233e+00
1.356093756359659785e-01
-5.264622422834452919e-01
-1.554562422497329344e+00
-5.003941494080810237e-01
-1.602853940849450431e+00
1.402111256096079117e-01
-2.407117997107750984e+00
-9.645816609164672428e-01
-2.600506317799779588e+00
-2.013513412194421370e+00
-1.229478101932987011e+00
3.489055920651461307e+00
4.444843584214819288e-01
5.001853603736099441e-01
2.843554261163531383e+00
3.543968369087693304e-01
-8.986779471535439878e-01
-9.036218611848092497e-01
-2.829020425245594161e-01
-2.606697105797033842e+00
-4.628911338549832610e-01
-1.591025765308558215e+00
-1.514711438734774873e+00
-1.711201448759739785e+00
-2.158896701020340370e+00
-1.894803602661044195e+00
-1.611875100242817327e+00
-1.755326308345553699e+00
-1.143352089206157718e+00
-1.085848617635817748e+00
-8.568492987975152575e-01
-3.674162443125512656e-01
1.296418676134356129e+00
-5.360831349357909614e-01
-1.102943212291408015e+00
5.762138326461345716e-01
5.445701016437141107e-01
1.301691115859065828e+00
2.818252703049068941e-01
4.668095956506667088e-01
4.071651016543892387e-01
1.470370173782282075e+00
6.047096132142070202e-01
1.602477285467076573e+00
1.729471551852199696e+00
1.306927298266942428e+00
9.773175554247922614e-01
1.501663819315902648e+00
5.156361501633481836e-01
5.188587837901279531e-01
8.749677324329211414e-01
4.744258234039233635e-02
-1.903879718510034902e+00
-1.179252979860248907e+00
-2.227559525724983391e+00
-7.590788923225387785e-01
2.212246577381540291e+00
2.127055909947505263e+00
6.058456821733289033e-01
1.132660245685058076e+00
-3.488057198050853458e-01
6.781765307677782850e-01
1.768566410626008611e+00
1.356720980991377612e+00
9.800211528351405743e-01
1.626103931756777810e+00
-1.317887959781352647e+00
-1.898197316562033610e+00
-6.165067478573658111e-01
-5.397230548709939235e-01
-1.620520307865317644e+00
9.960074541158140393e-01
5.264314714261570938e-01
1.519167911666882365e+00
1.108798376300787369e+00
5.404550806022034859e-01
-4.770159428393538903e-03
-1.432367456820630380e+00
1.919739556592581664e+00
-4.897414909779262970e-02
8.998735097802690319e-01
-5.197323677147613896e-01
-3.623342433255394290e-02
1.683357265549462189e+00
2.298219116185016730e+00
8.791547871108609247e-01
1.514271116409704465e+00
1.504137445720365784e+00
3.998038177411421534e-01
1.345750964052765619e+00
9.280433387307505111e-01
-5.557959740856522890e-01
-1.729489408229767822e+00
-3.756078657927445219e-01
-6.905838165101242376e-01
-2.805431122672548128e-01
-7.676814217211105351e-01
-2.760731697384239958e+00
-2.447420186345692361e+00
-2.031247515364271283e+00
-1.339911481798288007e+00
-3.464854588561692150e-01
2.618331538642555412e-01
-8.279170986496029450e-01
-9.485050305771866030e-01
-5.183087318160803925e-01
9.235361100437511350e-01
2.187144925044949950e+00
1.592271140817709707e+00
1.622712200323056964e+00
-7.222286950778546988e-01
-1.038565608868879941e+00
-5.307829978917417701e-01
1.309244111075722472e-01
-8.606176608266016270e-01
3.812243462853439624e-01
-1.419157200425643417e+00
-5.659806699489540183e-01
-7.934242206374465534e-01
-1.748538291887564267e+00
-2.314662437445223375e+00
7.564539997079506861e-01
6.076914579042413944e-02
1.443581525361663731e+00
2.308667090488852658e+00
1.989314412555907907e+00
-1.090498304760983084e+00
-9.338044789691064551e-01
-1.415860282609938459e+00
-2.315461327295817107e+00
-1.598819460341316390e+00
-1.071107546959938928e+00
-1.220816670970508611e+00
-1.768369561137760559e+00
-2.854880177830471766e+00
-2.082529102190159520e+00
-1.563026520368855365e+00
-4.404746846152760575e-01
-2.784472431184809027e-01
-1.136151732764868250e+00
-1.131836314298476642e+00
-2.081688262165819925e+00
-8.095420767405101525e-01
-1.601644900380629899e+00
-1.048921663786328784e+00
-6.597849177840595658e-01
-9.200417650235515055e-02
1.264825798613149921e+00
-3.323963851515410184e-01
1.617974851667258740e+00
1.287656790990430622e+00
1.773170571101982507e+00
2.193845949902679227e+00
1.248835256484279732e+00
4.536814582474537616e-01
4.461317124598956907e-01
1.334711956538431110e+00
6.742508699044016396e-01
9.991992677230004949e-01
7.899573313606128577e-01
4.627763686733407100e-01
-5.643257109595317678e-01
2.012132944944422519e-01
-8.769574506119044432e-01
-6.025739324887748882e-01
-2.282073619532395625e+00
4.259637405164478086e-01
1.109943385261013438e+00
-2.062685308375669102e-01
1.659653595255501823e+00
1.643112122092719396e+00
5.702707987118935673e-01
2.926725251431343100e+00
8.981471434025907197e-01
1.325620654541948218e+00
1.764154573783920377e-01
-9.441666922083288283e-01
-1.746221131806007687e+00
-1.138758771476473308e+00
-7.345884517720585594e-01
7.338250739644336385e-02
-1.059462319352790782e-01
2.358218040516722347e+00
8.029698257267844363e-01
-4.090109523964979843e-02
7.577767455081170223e-01
-2.015155262312932738e+00
-1.690577774077697715e+00
-7.183107412005724779e-01
1.267724934229188527e-01
-1.357931746852870436e+00
-1.095956327938107266e+00
4.521332681693785993e-01
-6.464852090170676302e-01
-1.608100286242855947e+00
-7.459569451570680076e-02
-1.354655345571101455e+00
-1.326296586196052729e+00
-1.542016623415189969e-01
-4.586683832855587006e-02
-4.077855055135125584e-01
1.712283898193318388e+00
1.099090919869973204e+00
-5.496405124607064430e-01
1.531555970277564738e+00
1.181227631960036994e+00
-4.637591275517882750e-01
7.901109159117835068e-01
1.036128617344951097e+00
7.246859164975745227e-01
1.441353375188709318e+00
4.711004283318175334e-01
1.867327011301731510e+00
1.337918733261096449e+00
6.694158832787111546e-01
6.522779449927034179e-01
-1.915820635565960828e+00
-1.237832718089308059e+00
-1.713546795032096393e+00
-5.466770070550364125e-02
1.505372168767855623e-01
1.304631076748417051e+00
1.499212250024589466e+00
2.393822626893089556e+00
2.678367517139542020e+00
1.188331030085839402e+00
1.802479749683757237e+00
5.615142304882738689e-01
4.872154667005520468e-01
4.757613588400644300e-01
1.060491848303645179e+00
-1.769148917170620949e+00
-6.780933516798637317e-01
-1.418554314862912946e+00
1.846211407580038433e-01
-9.091897556871064712e-02
5.742673408892553510e-01
2.982775302650962912e-01
2.261118486411645812e+00
2.463818050773495916e+00
1.506597410840633477e+00
1.276104391376576164e+00
1.386389514041379334e+00
1.060506133563392961e+00
1.734409211585334010e+00
1.909761471033422531e+00
5.736971592551758370e-01
6.832620412623165995e-01
2.083284653301571865e+00
1.087956291233427963e+00
1.065577466772034798e+00
1.612273847919670988e+00
6.394374847490564839e-01
9.954265608290968625e-02
2.045673471728833626e+00
1.438240840029917589e+00
2.539974373654088069e-01
-1.181890687470336765e+00
-5.135896737154381775e-01
-3.918179820269898084e-01
-1.662667603003247452e+00
-1.682104436423270455e+00
-1.700227423394993220e+00
-7.344240701146007577e-01
-1.105746307987759858e+00
-7.758360285639076537e-01
6.431216079224233440e-02
-1.086033452757604989e+00
-3.708846930785176799e-01
-1.552934150116764389e+00
-1.348853646098200354e+00
5.215735405591330753e-01
1.989699504824702370e-01
1.544057110254744680e+00
1.713187865978259783e+00
1.872337164329060499e+00
-2.274609710758536352e+00
-2.237698578631944990e+00
-1.253351862349247003e+00
-7.677705248879517219e-01
-9.420663402355974325e-01
-1.052574317010576577e+00
-1.137114858724084021e+00
-1.666208593226390144e+00
-4.917628962350314437e-01
-5.662897408145859401e-01
-8.608854141490884793e-01
8.090730533391862211e-01
1.458829967155458762e+00
-3.749745399152304426e-01
2.861303772392705946e-01
4.368436915325271119e-01
-1.685365282296417799e+00
-2.506189982233475000e+00
-1.449746402432622983e+00
-1.539613918089028921e+00
1.263634599997696117e+00
9.735699121591290250e-01
1.575243430141503920e+00
1.284415719902187725e-01
1.005198575983792697e+00
-6.575135278221457824e-01
8.110571890838869091e-01
1.298102629831197730e+00
8.263210201686870260e-01
1.103535603278920529e+00
3.438057819441886487e-02
1.193897471189123927e+00
1.421247621348620482e+00
1.355240314087582387e+00
7.123375514702048328e-01
-4.908093612856058163e-01
-7.860154747346623783e-01
-1.618402674539885400e+00
-5.979116357776365076e-01
-1.396655722989138981e+00
-2.054715564566782504e+00
-1.476951264576136902e+00
-4.562235801075530395e-01
-1.231962552386398624e+00
-8.200476913520662325e-01
-3.149788648851444828e-01
-9.862371711590178780e-02
-1.482819270044315463e+00
-6.623630740891445212e-01
-1.196545254331450758e+00
1.030122412145936250e+00
1.537150279286294996e+00
4.413052676653295148e-01
1.012352349326131717e+00
1.058246843761401212e+00
-1.303251883653469889e+00
-1.104643562720429628e+00
-9.953338553966638580e-01
-1.208917755003426020e+00
-8.938682226210314941e-01
-1.631266957883693580e+00
-7.874298187958042039e-01
-6.801052172376724769e-01
-6.440399182401809197e-01
-1.751826000308553510e+00
1.129437239835205720e+00
1.111404532667035649e+00
1.489737584696837924e+00
4.481796474268345820e-01
3.552041118589618351e-01
-2.559893492926439862e+00
-1.751279647362129044e+00
-1.416204037874614796e+00
-1.879251530151289540e+00
7.233602645882442062e-02
-2.200998444780839058e+00
-2.111355345937549366e+00
-2.107756190560385878e-01
-6.242333450878592149e-01
-3.733649637710146907e-01
-5.639223483948744287e-01
-1.326502127349142413e+00
-6.540775283095798809e-01
-7.473150250099878100e-01
-1.645745336272902648e+00
-5.067021699262020951e-01
-2.882867334920406144e+00
-2.185610264325133834e+00
-2.505478847818552346e+00
3.453511821769317258e-02
1.904269944406884685e+00
8.827050762803495543e-01
1.332854706648877174e+00
1.175598044786166696e+00
4.003048229450434370e-02
1.221115796049542679e+00
1.661392740235564380e-01
1.023801453211497847e+00
1.334626156210961812e+00
-3.959904389942825453e-02
4.117445885076455037e-01
1.743630755455911618e+00
1.593992885160708806e-01
1.259619254205071703e+00
1.529228959845124969e+00
-4.197350224959229825e-01
4.626978096201046498e-01
-1.572949465672779823e+00
-1.796712569415487515e+00
-1.458802889287530435e-01
1.668597111559456669e-01
1.633046069477113837e+00
8.073988797278138785e-01
7.210036003889992440e-01
9.300370239331348099e-01
9.415958779109203647e-01
-1.152421701592627468e-01
-2.268772120436777229e-01
-7.162303581000872832e-02
1.153832513782360625e+00
-1.264846616020472547e+00
-1.088302881266628885e+00
-1.180425473705365214e+00
-6.778695880729010970e-01
-2.149599921446565531e-01
1.798803109870648065e+00
6.300576928959257250e-01
-3.128610228836405938e-01
1.079204360305529242e+00
9.749116016367249671e-01
2.042722592339369925e+00
2.013150179643177662e+00
1.446870939002299128e+00
7.859795767430864943e-01
9.969427442018742314e-01
9.347512983378476470e-01
1.563878863222334381e+00
1.363797140139203057e+00
1.430808012857563316e+00
6.903395307434878614e-01
-1.173688060922950527e-01
3.780798935371043612e-01
9.312367316733155542e-01
-8.226174326203370413e-01
1.709777169317614920e+00
-1.125625968138746602e+00
-1.393478375304610939e+00
7.617829326796397016e-01
-4.245800812210249742e-01
-7.752606045449197403e-01
1.115758279503233918e-01
-1.639021406294426164e+00
-1.319532022310046182e+00
-1.073771633478195042e+00
-1.502683580961170939e+00
-1.632128269210554095e+00
-1.810593473570107026e+00
-1.085415075382910377e+00
-5.585121756452833264e-01
-1.298133226082092140e+00
7.193105631713270220e-01
7.086835760549883290e-01
1.357310866903211011e+00
3.066092419126313917e-01
1.194678079110272684e+00
-6.271225612512643099e-01
-1.507233593526312365e+00
-1.310845401978630864e+00
-4.878388663719288587e-01
5.933126227318794577e-01
-1.130207218246257250e+00
-1.648403271965862560e-01
-1.622139844264718800e+00
-9.441968254406840622e-01
-1.271888033594275047e+00
1.613231386199371897e-01
1.928590340052426466e+00
1.631241707892080672e+00
-1.573673018861871942e-01
-1.154949908510567447e-01
-8.731032441607914363e-01
-1.275038723826709353e+00
-8.263872466130761651e-01
-1.819558239357368379e-01
-1.093812750693347935e+00
-1.745822174896955126e+00
-1.304360546790172437e+00
-2.270376291836845084e+00
-1.587124106013697133e+00
-2.843279705229448062e+00
-2.772595295714650909e+00
-1.402872101427911744e+00
-8.894486888980199790e-01
-1.222352489364157080e+00
-5.483169577617519330e-01
-1.749166597836409487e+00
-2.231547222901894667e+00
-3.492622552226974930e-01
-5.571531039891426396e-01
-7.634191819782414345e-01
4.311184221737077715e-01
5.706962209130328478e-01
2.671130575267425034e+00
1.998862378072296941e+00
7.798811057736887431e-01
7.650304549933102383e-01
3.062294790669546352e-01
8.731470062304295121e-01
9.701588764404656118e-01
2.237881605000381358e-01
7.823369763144907285e-01
1.464040571750483855e+00
2.747304931370331271e-01
2.277673749140242787e+00
2.165730467655124336e+00
-2.278069778631268250e+00
-1.079230941778435371e+00
-8.656814238898660196e-01
-2.094361358849635923e+00
-1.448810470517228666e+00
1.242157577966577442e+00
9.533238959638098420e-01
6.993456764839248718e-01
2.210487436028607533e+00
4.961255276624157995e-01
1.581966333762185428e+00
2.963514809052479881e-01
8.561056266016615623e-01
8.358065425112614077e-01
1.314300737743966163e+00
-1.333636689218544724e-01
-1.421796948139375516e-02
-1.291241793530165660e+00
-2.638316222868113403e+00
-5.472564515446074473e-01
4.329386408308139034e-01
3.100782930250677083e+00
1.959179911103407612e+00
1.860972173139182395e+00
1.543627012365865525e+00
-7.152529854017153355e-02
-1.044649739334068794e+00
-2.705765342950517294e+00
9.531706512428095301e-02
-1.726677510141880312e+00
-1.767186946176364293e+00
-8.850258623339306574e-01
-7.047094288859689915e-01
-2.662145531852758928e+00
-8.518285498589891480e-01
-1.666752116516016624e+00
4.447134198111131198e-01
-1.926433395354860467e+00
-1.400839758012658143e+00
-1.821081393491260414e+00
9.144553220948250516e-01
1.027727491667972393e+00
4.214589389765930338e-01
2.509400234545181796e+00
1.374270019225065864e+00
-1.085153875996212047e-01
1.534260386602142034e+00
-2.273118660734190222e-01
6.241405663975314599e-01
1.257656871408843635e+00
5.074979934387913172e-01
1.441176183389792254e+00
6.604375406119655789e-01
1.192088442789029257e+00
8.297679902231349658e-01
-1.049253172249725141e+00
-1.616437996036133695e+00
-2.815164404316246038e+00
6.168949597013992925e-01
-2.526946053835648076e-01
5.115090001396594976e-01
2.288074207030787122e+00
1.259407281059838901e-01
1.128313886346530515e+00
2.065698637035553453e-01
1.250480277111110095e-01
9.917123784653478769e-01
7.324272480985278833e-01
1.822698101322340891e+00
-2.646385650970306536e-02
-1.231937663580727094e+00
-1.840843007952539967e+00
-1.838287011236124480e+00
-7.796019880734161855e-02
3.451223410466330854e-01
1.179809634002577212e+00
7.136972521448918805e-01
1.825655524180183065e-01
-3.004997589480671305e-01
1.364100128126148004e+00
5.191174831501312870e-01
-2.013975945335357842e-01
-7.124828159787295334e-01
6.046555765499073143e-01
-2.837280088054892069e-01
-7.440221422089302594e-01
-2.948952513415208365e+00
4.581389475417640966e-03
3.998104035288569946e-01
-6.250021039091868680e-01
-8.457765482174028904e-02
-7.383614332781538447e-01
-1.382525638143753177e+00
-3.913912890701553016e-01
-1.479461075408902593e+00
1.436672650392371464e+00
1.332811106329279127e-01
1.247600019814764982e+00
1.315234686818397503e+00
1.357883712715511670e+00
-6.579390193080094651e-01
9.243194085599347742e-01
1.275413363757722740e+00
8.610428367572048325e-01
1.963146261551628857e+00
7.510171486851302536e-02
5.677556631742611826e-01
7.909381615829331746e-01
2.237027004663149299e+00
1.062791073726516267e+00
-8.773179513628948101e-01
5.190487097897618085e-01
-1.218018962997622356e+00
-1.328571412727273637e+00
-2.758282411687606128e+00
2.913649413105675601e-01
1.699476960987924556e+00
9.577053482785143901e-01
1.293703014465945600e+00
2.112995766702508327e+00
1.262686850759582535e+00
2.116463502845131295e+00
-1.121814116205309464e+00
2.722183591486367682e+00
4.495684203300933657e-01
-1.266920684848502177e+00
-7.499378214002248022e-01
6.499915749025864109e-01
-2.820312310729189420e-01
3.229256636781019374e-02
3.526636964327460877e-01
1.250543017638495957e+00
1.615977415002215256e+00
-1.855859071732506305e-01
5.735152958245250954e-01
-1.189822154003534083e+00
-1.265005418970891915e+00
-1.526359715253528204e+00
-9.186385568759614095e-01
-9.641994392695552030e-01
-2.402310665908845566e-01
-1.729889317821439398e+00
-1.153483345551449712e+00
-1.135656290943136248e+00
-2.545176225641890611e+00
-1.312754524113073584e+00
-1.302448271674988778e+00
4.134027211834458981e-01
6.746966213058251949e-01
-1.089162924729428994e+00
-7.480888912883676412e-03
1.993308706204889535e+00
1.741583956866241456e+00
2.113373629456130942e+00
1.010756203265558817e+00
1.786267344076269747e+00
6.572889728250785879e-02
7.642923038562980942e-01
1.940472323244804009e-01
1.120382526944916135e+00
1.294938399091013714e+00
1.109236669751752169e+00
1.409493233722111993e+00
1.467969342986894965e+00
1.044715626509963080e+00
-1.694904941915722496e+00
-1.389424272313416475e+00
-5.341746502470376967e-01
-1.753704348907941579e+00
-3.211939238479020187e-01
5.646260556212949755e-01
6.332225608751997914e-01
1.304376034570532417e+00
2.273975116925582185e+00
5.300805400238763898e-01
-1.896125840931845996e-01
1.077623278886070679e+00
2.196282470644135287e+00
1.416887254099997939e+00
-3.006508947256403275e-03
-1.297582740457790429e+00
-7.092651778993217526e-01
-1.109265537326766138e+00
-1.076497485706514379e+00
-1.814193090820754861e+00
6.669795862613157045e-01
9.889762393529647477e-01
2.956204258414852237e+00
1.794979019160088729e+00
1.257950507923654149e-01
4.902090057624685082e-01
-3.271660046732201010e-01
7.186645478726414460e-01
6.566103010303336873e-01
4.249429334753240806e-01
6.059618341214640935e-01
-3.380105165903213305e-02
9.890427528813507951e-01
1.103843059746935751e+00
1.194053917986209079e+00
1.830848669666937711e+00
1.741474241143028845e+00
1.691526620733278197e+00
9.242181268052326315e-01
2.627604607996500086e+00
-6.171517059366464775e-01
-1.596638424092237329e+00
-2.548380790950268704e-01
-1.262398379584571684e+00
-1.567013048060127201e+00
-7.765132825928621196e-01
1.857015263619190559e-01
-9.922386084414189789e-01
-1.921432960310508253e+00
-1.138796746929847004e+00
-2.204045761879877219e+00
-1.190626766346303045e+00
-1.911208866981220389e+00
-1.088459446404852482e+00
-7.552887411980099275e-01
2.888439821857805567e-01
2.199904069216558344e-01
2.017435118555286344e-01
1.948763933683104632e+00
3.135130555123375906e+00
-5.308027225918466874e-01
-2.602395728169208056e+00
-6.592544360336309861e-01
-1.256279521837105451e+00
-1.782670605628799976e+00
-5.372206728207256088e-01
-3.586992931016300679e-01
-1.432328316227103659e+00
-7.995665456888570999e-01
-2.334008865698082857e+00
1.871031311628765126e+00
1.082406002139346457e+00
1.991065285888437675e+00
-2.733777311238783092e-01
-6.907509931528608149e-01
-9.805136368411291325e-01
-2.120483239098610362e+00
-8.492477893227705632e-01
-1.367410044309292028e+00
-1.329095786727282347e-01
8.931964927412452404e-01
-1.388255642010169932e+00
-4.791897986763704598e-01
1.248436862122883628e-01
-1.037522777350091907e+00
-1.448678979320281002e+00
-1.178978854171337298e+00
-1.818739889072546578e+00
-2.467157537597318706e-01
-1.291321336295406796e+00
-2.506072695579280030e+00
-7.087033116468164362e-01
-1.264533054648740329e+00
-9.832002219269997401e-01
-9.375760643826447360e-01
1.740404062603217117e+00
1.197081308326060523e+00
3.832252622445638801e-01
1.071303216863614294e+00
8.468962694996446938e-01
1.730187131888254015e+00
2.504529153073098424e-02
1.207588929782510867e+00
6.906747782391930990e-01
2.470633728285367425e-01
5.490960043576240679e-01
1.324663387214022547e+00
1.442349425134030749e+00
6.325843046010217741e-01
1.142413964055402076e-01
-4.616567714175113801e-01
-1.129047820807837166e+00
-4.239530442546770583e-01
4.045047325263553262e-01
-3.007666180890579133e-01
1.570893995606772453e+00
8.021362005880624535e-01
2.413989810052275864e+00
1.089540537090273320e+00
2.381824610129320563e-01
8.431226230737116634e-01
2.703071495216868847e-01
8.927642135871038942e-01
1.138222365814520964e+00
6.530908183185594185e-01
-9.135404658797017241e-01
1.031983154699227523e-01
-1.423304506786998935e+00
-1.441343288285305890e+00
-3.467494412422957861e-01
1.006831622659456027e+00
1.441257516513095638e+00
1.827677004763430091e+00
5.122264762338408772e-01
9.312513881093170687e-01
-5.810954442103856143e-01
-2.438980492269405609e+00
-2.128607032500354990e+00
-1.662321230315794818e+00
-1.965144969653850548e+00
-1.540466400247643364e+00
-1.647020686363104502e+00
2.123818012646516706e-01
-8.980618773404055455e-01
-8.596301380636627298e-01
-8.013673707018409420e-01
2.584855888899177945e-01
-9.142106231456237353e-01
-1.343353671581879460e+00
-4.902014282171972548e-01
-2.325607867760826064e-01
1.193065825578751848e+00
3.991920184728963150e-01
8.434229149749845611e-01
7.980139920949123056e-01
5.937208407542993172e-01
2.287994811283645014e+00
1.025216927223351782e+00
1.560569256204836330e+00
1.448328456447753876e-01
1.927481085662224425e+00
1.097076964106879160e+00
1.687562664297817872e+00
1.524403853626690175e+00
6.403173270054989263e-01
-9.124175722417858792e-01
-4.968799066752737081e-01
-1.596824883551973606e+00
-1.101618113409215560e+00
-2.838397712214032254e+00
1.694803423889820859e+00
1.144946371619166792e+00
1.459634156663927040e-01
1.639829456711017208e+00
8.516675514122822310e-01
3.382511400924682832e+00
6.735410169176454520e-01
-6.080810003282772769e-01
1.241237668560752461e+00
-7.982160890325435965e-01
-1.319906880623027412e-01
-9.814406588793312958e-01
-9.579722473348344369e-01
-1.442159375613255801e+00
-1.754385882733122237e+00
1.498140516728567295e+00
8.006720690131344798e-01
3.442598384351303054e-02
4.528677390834064953e-01
1.694256362315035513e+00
-5.801142340889182680e-01
-9.519919462987893599e-01
6.475633773050732955e-01
-6.096046528284695398e-01
-4.336556531607855813e-01
5.804440099069330117e-03
-2.147853254669539247e+00
-3.045439846090625124e-02
-8.691018153998993911e-01
-1.132200964595303061e+00
-1.053867512343086732e+00
-8.665767909588451001e-01
-6.124630523983147778e-01
-1.109102943902455340e+00
-7.791105859640499176e-01
2.523959879233754755e+00
1.163024566762764112e+00
1.772329912735257196e+00
2.034557493837283459e+00
-9.989261427678175487e-02
8.548398507983075989e-01
1.182202702173066333e-01
1.235539181466936531e+00
1.577133795881835887e+00
1.119808491805179829e+00
1.676228134653184210e+00
3.127209421105625609e-01
2.009089196439743930e+00
1.436669146905517280e+00
1.271254981069494860e+00
-8.178923570628516826e-01
2.987475391657135049e-02
-7.367747896918825923e-01
-1.548640455030119156e+00
-1.738722264604366519e+00
2.164661715775565654e+00
8.154805629343510054e-01
1.458597772644778523e+00
1.991489576788858518e+00
6.066844462146284700e-01
4.207024834444004213e-01
1.939712216084740870e+00
2.050752885494686595e+00
4.369069586056645305e-01
2.244026362871738289e+00
-2.960376338206025082e+00
-9.638595472711342094e-02
-5.624594739501818097e-01
-1.792229307161455898e-01
-4.996446045471977238e-01
-8.112653491179155907e-02
-1.018231654960668475e+00
5.564506899378155458e-01
-6.812841135536884529e-02
2.018736708822779224e-01
4.396135237606431101e-01
-1.998639886134762289e+00
-4.368725072419610278e-01
-1.420524075860700064e+00
-1.008900018183286562e+00
-1.287768645309488091e+00
-1.372180091805956348e+00
2.043869562992635114e-01
-2.065222505905827788e+00
-4.650715589379917914e-01
-4.163406035415119222e-01
-6.132396109723539102e-01
5.440175663551878316e-01
-1.013516977139671482e+00
-1.139040488774752280e+00
2.667078925858002991e-01
5.938594737464456541e-01
1.003830097719559777e+00
1.201868110497257280e+00
3.382960459214262583e-01
5.485261984594322904e-01
2.975186656000570196e-01
1.878802675349505735e-01
2.041229641580303955e+00
2.169571170779649449e+00
8.268163238995476227e-01
-8.388906109743459183e-01
1.251231262852033232e+00
1.106868228096980156e+00
2.576281052723640386e+00
1.346396365703061093e+00
-5.578661497299746141e-01
-1.237061177602707840e+00
9.010128030383175446e-01
-2.489558981157445894e-01
1.090205746345389581e-01
8.823716133121695115e-01
1.946390377185478471e-01
1.118986241525969927e-01
6.614339516414297071e-01
9.195453847064578579e-01
1.651636988579924914e+00
6.451387459063564478e-01
5.605629631753636932e-01
1.633387605215974148e+00
-1.501350592600916078e+00
5.050746042887905851e-01
-1.822388927433663541e+00
-5.780965449672661460e-01
-2.007905117967148101e+00
5.567114901821046402e-03
5.701027678965933099e-01
-3.134355044775840593e-01
9.006858871185823290e-01
1.606531227290101116e+00
1.769531565677222140e+00
9.250837841463145361e-01
5.421097041513740500e-01
-2.820863818926491184e-01
1.447177417669651245e+00
5.706075318939664021e-01
8.685319654108598630e-01
9.116105752521603822e-01
7.997506512619133590e-01
1.428502667497660417e+00
2.424881101691871432e+00
-1.667157886036592096e-01
2.837918502172152024e+00
1.520911347278564030e+00
8.815909061169742156e-01
-1.789641230172646091e+00
-6.868844217922993600e-01
-9.219626162883380882e-01
-1.656062052384283056e+00
-1.251485199768088918e+00
-8.342580020769012616e-01
-4.620417873614491855e-01
-3.249568611731908918e-01
1.415046929740204629e-01
3.668449903911989995e-01
-1.516822826093733090e+00
-5.611908696560856669e-01
-2.053522483752658445e+00
-9.566993787187486609e-01
-9.073735490185305119e-01
1.585745393672622239e+00
5.226867557883840831e-01
-9.261351123918686312e-01
1.301389457675889982e+00
2.338150371912269598e+00
-3.298014838307879781e+00
-8.135943787818689099e-01
-6.174861763920962421e-01
-1.019189459518831553e+00
-1.042217220859301019e+00
-1.443685292444552237e+00
-1.717015742156169811e+00
-1.415863555130564944e+00
-4.960894342485900887e-01
1.214482039673592251e-01
5.929000203867100804e-01
1.629682399079783739e+00
1.079191973088212686e+00
2.072838632863115649e+00
1.509931860452000008e+00
-1.105300519395593373e+00
-1.158233411255436440e+00
-1.091620495610466923e+00
-4.975159821193136933e-01
-2.659273327992553781e+00
2.136662856957551426e+00
2.200017696755862673e+00
1.776121145322976602e+00
1.364218014631306541e-01
1.422794619170491437e+00
7.482868080560576285e-01
-7.231567922708830309e-01
1.188209972843443207e+00
-9.403375541383178771e-01
8.341328787383139876e-03
9.916231646363514729e-01
2.137233864358416113e+00
1.550995579877069375e+00
2.633921942937811345e-01
9.585315924176350810e-01
-1.018257143861722946e+00
-1.321170325855912653e+00
-1.714343614871756127e+00
-5.138056856331885136e-01
-7.078725963004202093e-01
-1.565038642624969611e+00
-2.735121591578410616e+00
-9.179443559716038425e-01
1.297361960923284485e-01
-1.599116555140478457e+00
-1.300554687761630746e+00
-6.557375399779861169e-01
-7.280912171346454187e-02
1.073822316301484392e+00
-6.089169458714794869e-01
6.757857801240791940e-01
6.413261321836802864e-01
1.188317188244152778e+00
1.635916577616574941e+00
1.524887332023138420e+00
-1.963046876204899593e+00
-2.084695849812562507e+00
2.830616592437016354e-01
-1.501413185189297783e+00
-1.450780629691719392e+00
-9.677470790544114854e-01
5.592908049460731945e-01
5.811658500596279531e-01
-7.878781880023939532e-01
-6.348894481039968340e-01
1.925489728413489532e+00
2.446702753071712699e+00
3.113316006430255634e-02
4.120367225502168385e-01
1.641244266889632097e+00
3.295511769239134470e-01
-1.356231694499851148e+00
-1.787550869585402324e+00
-1.361790116348251534e+00
-1.864906282381433744e+00
