-3.844763709891729775e-03
-2.175695385745821220e+00
-4.320330629150210822e-01
-1.538605423554325391e+00
-1.300729881685842804e+00
-1.487932545660853867e-01
-1.018119025325088467e+00
-1.047254508307469578e+00
-5.443184191626857515e-01
-1.011778863623369551e+00
-6.979365250135850518e-01
-1.944856391133334306e+00
-7.753361257338688972e-01
-3.462575578991750058e-01
-5.716373079247405453e-01
1.593144455205526722e+00
1.915540560385036395e+00
1.081225281066610755e+00
1.930173472726181894e+00
5.865487409891820825e-01
8.560733504518956982e-01
1.655984886095882125e+00
9.256085166661454089e-02
-3.909406963170529714e-01
1.711005873227345653e+00
1.273447960327732886e+00
2.169238957645318600e-01
-5.144931623676538557e-01
1.159723264702418710e+00
1.020111130049371484e+00
-8.777732842123624479e-01
-1.161385791642478793e+00
-8.409665810903524941e-01
-8.616111859854111987e-01
-2.514000530148996937e+00
2.584731127314896515e-01
1.773607013846269398e+00
2.119188718882856204e+00
1.588185081622039974e+00
1.122278036679199342e+00
1.007971815388049697e+00
2.583146850194695254e-01
6.069756404412750550e-01
4.270723835985844596e-01
1.130938897268853216e+00
-9.922340709398632663e-01
-1.665836430426494541e+00
-1.232910686947077616e+00
-1.651759477256837583e+00
-7.861468445204686795e-01
1.067627424918242918e+00
8.612139294827376723e-01
1.869475507186995733e+00
1.796969221906343561e+00
-7.586062467860572589e-01
1.237897445490364845e+00
1.127348784183357155e+00
8.144991009716072705e-01
-1.515672784183399457e-01
1.379667044189151648e+00
1.656387893103356657e+00
1.672105091766887597e+00
1.700734314190406993e+00
6.840049002592045735e-01
1.825031036023492703e+00
1.097247294740277823e+00
1.230622832675051015e+00
1.040370616512911184e+00
-2.491667638855237232e-01
-1.473335425564055168e-01
-2.063041523511357944e+00
-1.810070114660208951e+00
8.434384173670927964e-02
-1.160422560771923406e+00
-1.407196304305749379e+00
-9.469870877816582988e-01
-1.432511830588832469e+00
-8.742431077174717124e-01
-9.428286637312688345e-02
-1.715251816305737975e+00
-1.518147741154963981e+00
-1.108120584286991894e+00
-2.541544939449894569e-01
-1.726877684660426127e+00
-2.884165996837385615e-01
2.434654705485230330e+00
-4.127170795697043815e-01
1.148770869068558298e+00
1.386218866623126544e+00
3.333862814493449012e-01
-5.380385153483000504e-01
-1.050680842161751949e+00
-2.227919888553538286e+00
3.443117997012112852e-01
-7.480656789940776097e-01
-1.097255543037636061e+00
-2.422023456981839296e+00
-1.831268895688177523e+00
-8.185621858216161062e-01
-1.525571265736699766e+00
3.753063197088399860e-01
1.638526072445473325e+00
1.313399012731662374e+00
1.429172171110157485e+00
1.588441201738610697e+00
-6.651870743901359129e-01
-9.996100847874540563e-01
-5.148154889422191793e-01
-1.050388226779368939e+00
-1.459251397621609714e+00
1.275417127031460263e+00
4.944204667735541125e-01
2.341434186221165614e+00
-1.810517199257615228e-01
8.543941174807381245e-01
9.603872516942106863e-01
1.917043898319700235e-01
1.592318763910484325e+00
2.181857607383806741e+00
-2.682843643302268433e-01
2.093866196098039367e+00
1.385651249922941419e+00
1.170585472527936988e+00
2.037803993107325518e-01
2.416070983075811363e+00
-2.097266262531158887e+00
-1.465541298920387536e-01
-1.244068269136345828e+00
-1.573187908456703976e+00
-1.384540550192242758e+00
-2.245152834975393752e+00
-9.004727287549758596e-01
-5.676136772355713234e-01
-2.248837675036012840e-01
-1.035622263092737860e+00
-1.207490174411504080e+00
-8.543049268247175920e-01
-9.407528620601692815e-01
-5.414348440666216788e-01
-1.832530393429968596e+00
1.212474660957859607e+00
1.860588529330598151e+00
3.291290348063282689e-01
2.456829942466231653e+00
1.483537991966959346e+00
-7.146011811311752115e-01
-8.280214415062321365e-01
-4.054301486913827191e-01
-6.435259457558912821e-01
-1.974962313206654052e+00
-7.341164074657069438e-01
-1.606411914537015484e+00
-1.272520535928119978e+00
-1.861648434419068909e+00
-7.257821906807314649e-01
1.977161538860843226e-01
-4.716298042022750714e-01
1.480281915408909299e+00
1.092674318091445107e+00
9.262512988352531451e-01
-7.107090237244746422e-01
-3.358458740349422822e+00
-1.164440570042748924e+00
-1.211755023833949174e+00
-1.380565979923225717e+00
6.303596017162320653e-01
-8.234111937174350970e-01
-1.549954522253281564e+00
-1.006575994268946284e+00
-8.523085149941534988e-01
-1.766061015688340508e+00
7.776581509572815243e-01
-5.411882896215797212e-01
5.885203861129892910e-01
-8.741454120279752438e-01
-9.299849835350256777e-01
-1.216276161374949760e+00
-3.078129495732451204e+00
-1.197473711395938167e+00
-1.043566684754967833e+00
4.595323220723201985e-03
1.089113548748517069e+00
4.841080280256240265e-01
1.546302350299805450e+00
1.731223947574163979e+00
1.331287321954644165e+00
1.176662719284234049e+00
4.181861009399007179e-01
7.789938964899487672e-01
9.908322664421560511e-01
1.586195701393585900e+00
7.004452251109340999e-01
2.101244981804721412e+00
-3.005452718005585666e-02
2.672240074401265542e+00
-9.947356605945363306e-01
-9.736880525968472089e-01
-1.181408187332999571e+00
-6.043965874809326122e-01
-7.373894465354569050e-01
3.622723097039337592e-01
1.041447110521086294e+00
1.023296333021311844e+00
1.079165941991290678e+00
1.579965806405547735e-01
1.179262474533421479e+00
1.621756383314626238e+00
1.041163464551414952e+00
6.971985231855405418e-01
8.638128552555450757e-01
-3.333282870212571636e-01
-1.207924254267133346e+00
-1.946880314785078836e+00
-1.539746357440671565e+00
-1.126262258092115554e+00
2.124768691836249612e-01
1.289203430195639211e+00
1.336323663635893499e+00
-3.782077716689129510e-01
2.415304944180669544e-01
1.293312974858795705e-03
1.557968590950197019e+00
6.916660183299256914e-01
1.654028272080970252e+00
7.644223743206284283e-01
1.408936373791127128e+00
-1.416267272152504919e-01
8.200225114213802735e-01
1.674803694106016483e+00
3.606690727017562992e-01
1.310980072936464458e+00
1.507085171844657179e+00
7.769525373939737412e-01
5.073266993738182462e-01
7.239096323148856982e-01
2.882719242515987546e-01
-2.669985279080323792e+00
-1.671499660399127229e+00
-1.813974495802724851e+00
-2.698943632341173071e+00
-1.372855763765705728e+00
-2.852166775511173036e+00
-8.097755270629281021e-02
-1.673139655251727032e+00
-7.234942354305375911e-01
-1.931414515090677186e+00
-9.138563987372658737e-01
-5.786519091801035630e-01
-1.504913611954897590e+00
-4.245729001537184022e-01
-1.469739642315217587e-01
4.200176416033882809e-01
1.310360962362034920e+00
3.536042848983894649e-01
7.492363084346957969e-01
-1.651384452657546298e+00
-8.941079471877333429e-01
-1.766823381096444212e+00
-2.960462240059136274e-01
-1.398188734856326665e+00
-1.759169400051398435e+00
-6.956299758519852716e-01
5.433144766500030975e-02
-2.722119663779299259e+00
-5.671040723371914005e-01
1.913465020874882905e+00
1.452659015957518562e+00
9.956468005295666668e-01
1.144259205582803807e-01
-6.161600848871580105e-01
-5.276824995501252502e-01
-5.273231460002025806e-01
1.443612347519347416e-01
3.049260175337824563e-01
-2.312917123954132848e+00
5.274114917693843996e-01
-1.452202283312106657e+00
-4.207311109213405231e-01
-3.799238420975690200e-01
7.744563376735902338e-01
-1.744927661547179598e+00
-1.964157630387271425e+00
-6.487839426736933257e-01
-8.924368275033628395e-01
-2.223498414585206362e+00
-2.427777818193062487e+00
-1.091863829863696012e+00
-1.425166173245463463e+00
5.211255544335988699e-01
-1.096368622257661407e+00
1.022880181742343408e+00
9.880397486146101915e-01
2.946665038830746930e-01
1.355325506369102762e-01
2.618333017071315716e+00
8.407307066307022625e-01
9.154722034594884317e-01
3.813654991882491352e-01
1.305541682755397392e+00
-4.277054538326479083e-01
1.159009189434387910e+00
-3.610150728712659962e-01
4.192624373755179379e-01
8.060439309517899442e-01
6.785783853277127520e-01
-1.963049381051838571e+00
-2.488436945180587667e-01
-9.444232974097209743e-01
-2.481969059965671853e-02
-1.582517087856349924e+00
1.912971474631554036e+00
1.538809185392941536e+00
3.472802653435720366e-01
4.170452178337809013e-01
9.632969696448344665e-01
1.257619119212873837e+00
1.175325780439747003e+00
1.400097683753766198e+00
1.147718043363652907e+00
4.116739851362376523e-01
-3.028995157911438252e-01
-3.190732563411157185e-01
-1.877527952426021329e-01
-2.105193914890952644e-01
-2.706019343574888936e+00
7.271937599281239617e-01
1.167551572683961592e+00
7.657856183429684327e-01
1.246574527696822754e+00
2.073062968632999326e+00
-7.473743742284726377e-01
-1.758097590848838099e+00
-2.103742630420586401e-01
-1.730419442301158739e-01
-6.801865925253598455e-01
-7.804021872882633826e-01
-8.115624984662029862e-01
-1.349702953786197979e+00
-5.630135179750923591e-01
-8.421914110023375200e-01
-2.891354491438591356e-01
-1.278706085505433521e+00
7.013358090888079932e-01
-5.525774652568589129e-01
-6.459457100235830307e-01
1.374237235746105013e+00
1.154135098044100971e+00
6.279274124402853818e-01
-7.089424968178614783e-02
1.008718573474348901e+00
1.138530705612426086e+00
3.930785123466938868e-01
1.161354898277425107e+00
3.488714040269235150e-01
1.345255660303821266e+00
2.395339723948441968e-01
2.726181747673181999e+00
1.648969390913954003e+00
-3.872392390336820700e-01
6.901561663378862344e-01
-9.913274630065710413e-01
-1.661991156285146154e+00
-9.767455478177983208e-01
-8.906073521335303722e-01
-8.792319656960111418e-01
1.243132583440722971e+00
1.301164055417723731e+00
6.430661275298590329e-01
1.171725463112773147e+00
7.956386252838044681e-01
1.383308220905369090e+00
2.400096932326455601e+00
1.314011276287102126e+00
2.037089390301204617e+00
3.817468338879465017e-01
-6.091706070196925005e-01
-1.162478188332839668e+00
1.780799522754339392e-03
-2.304275352875258420e+00
-1.754750373548642273e+00
-2.656609199313804126e-01
1.817525083866215141e+00
6.777387555963437782e-01
1.015591894154019847e+00
1.206864151987749212e+00
2.754111836566368599e-01
1.817555638584957389e+00
1.089935322437078913e+00
3.285914280939559173e-01
1.296236787616686481e+00
1.544123162924868176e+00
1.980314573211925167e+00
7.220024114369878454e-01
7.586527259189170813e-01
1.166520279535204541e+00
9.175168992691011827e-01
1.637088829347208563e+00
1.671956104215222449e+00
1.402839521810895329e+00
1.796786509146645283e+00
-1.830855618217066105e+00
-1.103122215651284987e+00
1.116245807281881497e-01
-4.319092609030145136e-01
-3.310557390950512602e-01
2.795612471037287605e-01
-1.390975499794913084e+00
-4.010746304718374455e-01
-9.177834312556831797e-02
-5.474645328199410077e-01
-1.067155409985061976e+00
-1.166076643198378227e+00
-8.595191537745345833e-01
-1.072360510560207869e+00
-1.047790152820041953e+00
6.411356832730319422e-01
1.042810661077270495e+00
1.033628238227538354e+00
5.961462565162157778e-01
9.255614584632194664e-01
-6.415383201757325349e-01
-1.880810304301038016e+00
-1.550276033309638812e+00
-4.373897557934856017e-01
-1.348015329778726068e+00
-1.459053365694783500e+00
-4.741684782284814048e-01
-1.034512107727241670e+00
-9.040339335331853965e-01
-1.639855840123595199e+00
1.094205742627535338e+00
8.596455143417225386e-01
6.319648436751647003e-01
9.947272747095095013e-01
6.027775169725577697e-01
-1.557323257730018007e+00
-2.108998872065412922e-01
-3.849219005051558451e-01
-7.242420089535994698e-02
-9.363735317942901704e-01
-2.212815606950388592e+00
-4.933930050869802519e-01
-9.868157372842834008e-02
-1.720273263043015310e+00
-1.475820575481001207e+00
-2.649048852002987786e+00
-1.633295695368017553e+00
-2.305985722095829082e-01
-1.484886355202711616e+00
-1.013608714065916683e+00
-2.096073416315291205e+00
-1.190979566112116084e+00
-4.141810183003946655e-01
-1.021464329979789420e+00
-7.099170165275761057e-01
7.609742948145492569e-01
1.881273618903736677e+00
1.728139067401791795e+00
3.489548802405439965e-01
1.991635340650579566e+00
1.164863104775850422e+00
1.397315998584756969e+00
1.302406615747008445e+00
1.054952010649966798e+00
5.888895915698274530e-01
1.586366957771037978e+00
2.015556254581337914e+00
-4.204084490631250226e-01
1.205781996740270090e+00
2.182721810619447922e+00
2.203904832389054214e-01
-2.700252839047146747e+00
-1.230283886031050544e+00
-1.778918586038062966e+00
-1.426954810074597457e+00
1.257660105528118466e+00
1.945825454460418769e+00
1.269262640652098151e+00
1.407419951584105711e-01
9.023542430029291017e-01
2.179996373512354424e+00
4.945435635789890982e-01
1.162368152107069008e+00
-8.152436483461311667e-02
1.888824673586874781e+00
-2.546984870576676219e-01
-2.327808426020451016e+00
-1.037298893711646741e+00
-9.198163828084147120e-01
-1.059062349856402463e+00
2.145478968501509653e-01
1.209525177673717700e+00
1.131146256736315303e+00
-5.410612498561551131e-01
5.909171751181779841e-01
1.867299279400810086e+00
1.786035723342584758e+00
2.999291549177630634e-01
7.315687910434740537e-01
1.503865661013323862e-01
1.581433073653277566e+00
5.908102293839680996e-01
1.860321686424296628e+00
-4.506926019679289297e-01
1.252064479978390210e+00
7.188101909376053422e-01
7.802516629721899521e-01
1.389758216520890821e+00
3.470705151476013439e-01
1.776319971880691462e+00
-8.774508780834497923e-01
-6.286717621130933908e-01
-1.609544364226622726e+00
-1.159848228257989389e+00
-1.532462712633723356e+00
2.987865527127362419e-01
-1.967260554993817578e+00
1.141177970928351826e+00
-9.313560986915482287e-01
-9.693195118470139260e-01
-8.602976790572126609e-01
-1.334866625854280509e+00
-2.206764028928757337e+00
-3.253735361550358363e-01
-2.408206136079128257e+00
1.095118201282325066e+00
1.930626908860183732e+00
1.470218425529492556e+00
5.433062245942418267e-01
1.253590176539994827e+00
3.084208269379229428e-01
-5.841509452075179798e-01
-8.041322743382074423e-01
-1.264317244406151897e+00
-3.420507380205224379e-01
-4.376879812529472780e-01
-6.427972870810635397e-01
-5.705394367814442536e-01
-1.655560570433001200e-01
-1.353053786444725404e+00
2.044236914847233688e+00
1.307468947107543134e+00
-4.746179209431118373e-01
1.164380807664583184e+00
1.489725778537442924e+00
2.482106409002262648e-01
-7.410522404501267424e-01
-1.302221514864667196e+00
-1.208323475327771401e+00
-1.163515454209260502e+00
5.931516388749569213e-01
1.659212359977734197e+00
1.063580335565130541e+00
1.000314198613735828e+00
2.071704084051023909e+00
1.385572479172598737e+00
2.964981154041198774e+00
1.594094349452391146e+00
6.940868723939733753e-01
1.319343847406396986e+00
-1.737666093386218691e-01
-5.201468726330671366e-01
-2.902463091571201304e-01
1.168607276127803685e+00
1.802774315258748761e+00
-1.286213683185329915e+00
1.532607191895238863e-01
-2.097617126975463098e+00
-1.217921762802059771e+00
5.200521453774358260e-01
-1.341992045328320948e+00
-7.789385820492435997e-01
-1.307132155497238379e+00
5.419178812365390563e-01
-2.209720526437554788e+00
-9.299731984665338125e-02
1.962770736465628829e-01
-1.902363568854152698e+00
-1.946767888802721780e+00
1.054887647976614495e-01
1.371456634376657213e+00
2.530412226943147491e+00
2.286520813879708847e+00
2.294585217924471898e-02
2.780979972014975266e-01
-1.005971236301515637e+00
-1.798368270225109145e-01
-9.005780977965978096e-01
-6.844932018429836784e-01
-9.588500547468656876e-01
-1.646997883823316133e+00
-5.380700413432866203e-01
-5.683427552990418796e-01
-9.439392862190055800e-01
-7.060985658567411338e-01
1.317135433277335510e+00
-3.305842607489983820e-01
-1.902238775754852007e-01
6.928734857148322046e-01
-8.421210883440490846e-01
-1.695687869110933166e+00
-6.472278180040311746e-01
-1.993056408822351244e-01
-3.412487470889381536e-01
-3.740672340909149129e-01
-9.802881998620085469e-01
-8.118632582540107334e-01
-8.444587199209465656e-01
-7.769461415826977024e-01
-1.535393970169550260e+00
-7.495972970876412234e-01
-1.096794289723223903e+00
-5.046645931632058879e-01
-1.619987678778128881e+00
-8.582380516483782973e-01
-1.509275927517903515e+00
-4.554837994634104437e-01
-9.761475713228110473e-01
-8.119072761995497212e-01
-9.804834322136934954e-01
1.783489494693321076e-01
9.068098182017094722e-01
1.083120734442799993e+00
1.992736591126110124e+00
1.316782618418145923e+00
6.409230314892672142e-01
4.820408136412666078e-01
9.283874446836892780e-01
1.459469686242340192e+00
2.024667534362105226e+00
6.614238951109903120e-01
-5.271866198583730068e-01
1.124859763953939273e-01
1.404031549412675606e+00
2.887654372252795199e+00
-3.680370364002578665e-01
-1.713392366094354857e+00
-5.802816236613399514e-01
-5.623550218037411952e-01
4.573668613223071944e-01
5.868879793338663831e-01
-1.897073662118864412e-01
6.180904957021894353e-01
-4.602906639630623964e-01
2.162209813573058970e+00
3.409097251009799434e-01
1.170698019554628821e+00
1.568483632556336937e+00
3.867906738246377207e-01
1.054448318414435093e+00
1.859811626075236202e-01
-1.498536122966804607e+00
-1.327494739742888896e+00
-6.003358653220187691e-01
-1.737403030386343028e+00
1.026147013052720158e+00
1.573672867363163030e+00
1.177495136179706803e+00
4.816490986651795758e-01
1.685880493968086480e+00
1.568422105174450465e+00
1.715155815949730433e+00
1.834364916445439198e+00
1.212714185295516778e+00
4.567514683176403523e-01
7.393677297148855132e-01
1.017470059481125011e+00
1.148302554236859896e+00
1.208139714608303716e+00
1.009017866004924713e+00
2.014178808237031326e+00
1.156851498441383130e+00
7.289931497309962705e-01
-5.135497049440032047e-01
4.784353540616206324e-01
9.762985424181587213e-01
-1.621735347405662830e+00
-7.997546516059356181e-01
2.766252333695853327e-01
-1.225511019627488096e+00
-1.127523928471826142e+00
2.512934373468092009e-01
-1.194796498814750141e+00
-2.172009991244540306e+00
-8.739651843797592301e-01
-1.531151338087894498e+00
-1.310843140373529669e+00
-9.525298217302782255e-01
-1.228746602339938487e+00
-1.272414714469689567e+00
2.386592912174112513e+00
1.784477668444998777e+00
1.132421700876968362e+00
5.703293794752700707e-01
7.209858532700328393e-01
-1.236588130265964036e+00
-2.291530614039600788e-01
6.437635952731384226e-01
-1.470202030091324108e+00
-6.613872285270547824e-01
-1.323373025271141534e+00
-2.129376002081151409e-01
-1.931633495725916250e-01
-1.091864352804285287e+00
-2.392753206281065470e+00
3.847877924531415417e-01
1.038604558143170209e+00
4.539348281087952630e-01
2.398762680015541271e+00
7.620412720576252852e-02
-8.393682056287448123e-01
5.730678080290907417e-01
-1.836918162867491322e+00
-7.083079658063953232e-01
-1.118226983871381863e+00
-2.117360074743920073e+00
-6.681787222799178139e-01
-3.673737818225721874e-01
-2.420475053983721203e+00
-3.514322149930815264e-01
-2.618153347450665080e+00
-1.251221007977615596e+00
-1.875433605438558970e-01
-5.661312433284692025e-01
-6.639121045694863499e-01
-1.469834372359062780e+00
-4.770869404101081290e-01
-6.520177859173583723e-01
6.172304688364296243e-01
-4.560800374463225282e-02
4.215413009526290944e-01
3.712607880609347655e-01
1.262934837230630603e+00
5.954936230400815766e-01
1.276290282411625565e+00
1.253370067606533356e+00
-3.887357977042238399e-01
6.896858653597163213e-01
1.308348675739162692e-01
1.061947089872979699e+00
1.786752191820611735e+00
8.106357630440104156e-01
1.470183911490286821e+00
1.164844917228779364e+00
2.294813433127121938e-01
-2.561549662023572260e-01
-1.206270343652841692e+00
-8.169528476523277849e-01
-1.440596977659917899e+00
-9.315213346994265509e-01
1.542352569134066709e+00
1.402695580213376481e+00
1.018533957315114868e+00
3.658181975458487667e-01
-2.507145488636481900e-01
1.338457882201085747e+00
1.308887331632363482e+00
6.813468187833781053e-01
1.662030911112241327e+00
6.919798870668254498e-01
-1.220976371614909350e+00
-1.603467130416416309e+00
-1.095562573954428798e+00
-1.934788915590460512e+00
-4.178496458523965895e-01
4.126873721096251391e-01
1.239397921117882495e+00
1.057132377390479938e+00
3.400275631199317639e-01
8.781294705421406332e-01
-9.778510527613265557e-01
-1.255788580659326970e+00
-1.163788337041299581e+00
-1.480081309146574320e+00
-4.719892853690778045e-01
-1.712662938688528591e+00
-8.158306154846695080e-02
-1.098541986486773592e+00
-1.468051569331263906e+00
-1.005666627651957024e+00
-1.795457837490088027e+00
-1.008341020485699513e+00
-1.922917694818357948e+00
-1.795520039433672110e+00
-1.982670919137834886e+00
3.202101007378940212e-01
-1.124052203248282478e-01
6.161037471076296068e-01
1.872594758637682988e+00
-5.404395454736319326e-01
1.842237134699400869e+00
-6.246376628822463140e-01
1.325824725809858551e+00
2.195680380455454994e+00
1.400351144533008574e+00
1.654305561704105143e+00
1.338246061119836128e+00
5.083946181712077905e-01
-1.359042736763569348e-01
3.812895086390729604e-01
2.608270258654852292e-01
-1.730850857635259921e+00
1.423818349650134429e-01
-1.405315793373082212e+00
-1.243032602545278476e+00
1.355345686806798122e+00
1.031023356141616887e+00
-3.475398025268241486e-01
2.380341273317643669e+00
1.126167738138764474e+00
1.089284789870041514e+00
6.308637276150749207e-01
1.758760846610333051e+00
2.677758682009129032e+00
4.720035186977702413e-01
-1.239756311854119941e+00
-1.813747468666550455e+00
-5.160174484146247131e-01
-1.370565840196124707e+00
-1.276105395909460816e+00
7.722366943999940947e-01
1.473271180719613049e+00
1.916776649662351506e+00
3.264387453613929457e-01
1.884030075168571239e+00
-8.462667044653366943e-01
-5.540362189203509313e-01
-8.588534551279146667e-01
-1.027337925176259548e+00
3.076997934881946506e-01
-1.119596960296010302e+00
-1.997293797031848950e+00
-2.106488341347171556e+00
-1.092614539172021892e+00
-1.671328699773447557e+00
-1.044515703275253893e+00
-1.760066073965133926e+00
-7.472249215619694018e-01
-1.081346443916739064e+00
-7.549396152142074934e-01
1.169386730399516905e+00
2.395647240301818304e+00
1.270064276644021994e+00
1.226134877837350867e+00
2.210107533343717456e+00
1.455995772668837063e+00
1.662030106154906761e+00
1.037362081832438943e+00
1.056156999038187161e+00
2.281392493727367743e-01
2.107440237961968332e-01
1.783706383912097460e+00
1.799647094592383700e+00
6.794019143276039951e-01
1.185293850705502638e+00
-2.017904491843042436e+00
-7.931001296092765607e-01
-2.009376557095390758e+00
-5.509101899965218596e-01
-6.407046567421303962e-03
1.637930441295286865e+00
1.870717151184498661e+00
1.756612262914065248e+00
-3.243378276599795385e-02
5.545065562263854497e-01
1.212038675654318443e+00
1.693993960361136919e+00
-1.765472711970572650e-01
1.160442876047262484e+00
6.161944673056914956e-01
-6.370083921159876983e-01
-1.325977489920732610e+00
-1.298733412234822637e+00
-1.254233540295068394e+00
-4.427747592815025612e-01
1.932078522050398206e+00
6.449063232651134348e-01
1.203231565684600435e-01
2.745562017803082622e+00
-1.080144476359473416e+00
-1.448397667891552665e+00
-1.373351328196082521e+00
-1.225875439366533204e+00
-1.341358493305130350e+00
-1.596931537951554514e+00
-6.969362860792049919e-01
-1.338062624574854143e+00
-1.720128515827494375e+00
7.107810973830110957e-01
-2.714618521646673388e-01
-9.936937549796396318e-01
2.879430459792169383e-01
-7.461762922486061544e-01
-3.259942802270688889e-01
-2.042291322402236986e+00
1.563489769218766590e-01
1.727042935772489241e+00
8.503907858602399727e-02
7.983643246444547259e-01
1.044287965193105405e+00
4.692672155570686288e-01
1.980136130530634864e+00
3.323019828156553723e-01
1.750020634541385345e+00
1.710708796824713884e+00
1.431534697164065673e+00
1.404130680451021185e+00
6.255531146036801271e-01
8.966034409840912822e-01
-5.877281286871927080e-02
-1.430994596223012616e+00
-1.434275452192893985e+00
-3.827770979835736220e-01
-3.244777746553150211e-01
-1.095753187203297729e-01
7.429695653877748107e-01
2.018752205509299458e+00
3.078283789121446512e-01
4.689082776642357064e-01
1.026022867722433674e+00
8.759664997196223712e-01
9.352326242967474723e-01
7.378339808884400997e-01
1.067033368839354512e+00
-1.863130700481030466e-01
-1.761179218368697175e+00
-7.681951357149556792e-01
-1.608383794800517075e+00
-1.903500414454521339e+00
-1.085219485715467780e+00
1.338519949172516377e+00
1.756867154202906622e+00
7.253353650113465445e-01
2.849618349439528853e-01
1.398448153214170819e+00
4.544770982121251190e-01
1.305486280121658016e+00
7.323814210357433296e-01
1.910602301519106261e+00
1.245745203804419221e+00
2.401114953962983467e+00
1.285553821193073265e+00
-3.047587604221069224e-01
2.645167341328856114e+00
3.233537492805359514e-01
1.459509275379952564e+00
8.236774389393000106e-01
7.106416110443924961e-01
1.136578933487436771e+00
2.067801805342094568e+00
-1.313085065731808498e+00
-6.277447987179874955e-01
-4.952213375846443721e-01
-1.106934117247523996e+00
-6.621423668679089491e-01
-8.276004296057237752e-01
-4.021070724836521837e-01
-1.796746295282420025e+00
-1.590415461296322164e+00
-1.020125944292860298e+00
-7.740702954676852432e-01
-1.331309431937692578e+00
-7.886192648974403863e-01
-1.221173456776598831e+00
-1.481968751516671734e+00
1.046532208017239229e+00
9.098608661899173500e-01
2.216167419959139018e+00
3.850018065052545069e-01
7.734165404003112698e-01
-1.192142835793914113e+00
-3.509055114489856297e-01
-1.556383055426608486e+00
-1.382693913315891976e+00
-5.907628426487754325e-01
-1.116966081361421281e+00
-8.860081886028324805e-01
-9.038122195532729553e-01
-2.619394762869878157e+00
-1.232865097914963570e+00
3.444963883162821539e-02
1.020058370866471886e+00
1.598838378035920993e+00
1.239860239838233014e+00
5.899115175919475984e-01
-1.031007064044842769e+00
-1.276901525212673416e+00
-2.440056147092352301e+00
-9.981013491405585913e-01
-9.839560027405163112e-01
-3.799649995737082175e-01
1.044171259374312211e+00
4.211003833304755029e-01
7.928739904473149913e-01
6.861029294046216975e-01
9.082630351784882761e-01
2.674582261691782481e-02
1.046085679827901016e+00
1.677557266357708965e+00
1.775148617699756848e+00
1.485879939125059002e+00
1.758464066780069501e+00
1.328305841199149739e+00
5.122961597704076553e-01
1.092681376057849318e+00
-8.676732158103384052e-02
-5.049539331420285215e-01
-8.888715778335154472e-01
-1.281869159095163857e+00
-6.625943776950660169e-01
-1.699298975947473256e+00
1.674097687124354028e-01
-7.276814514798377598e-01
-8.797089056274232099e-02
-7.463948121081643849e-01
-5.821578339867212737e-01
-2.340617347830836970e+00
-1.499730547297686956e+00
-9.440951529215917404e-01
-1.372524605727010183e+00
1.073566283569401980e+00
6.470553280328392720e-01
1.067794530189422719e+00
1.003953504495117555e+00
1.838557160408510693e+00
3.313232770135576821e-01
-6.923832882983528281e-01
-1.356031686554609594e-01
-6.681786075703071148e-01
-1.091474530977305069e+00
-1.350158275993933454e-01
-2.244393732413417553e+00
-2.182575414930548519e+00
-4.754115542861556687e-01
-9.904852208321623941e-02
2.376616539730058708e-01
2.405100009916359305e+00
1.394862868470675865e+00
1.329032867237581517e+00
-4.810077192144541769e-01
-1.193351078111801744e+00
-6.337726062431133789e-01
-1.063483450156843535e+00
-3.789717416326559007e-01
-1.361341145343596404e-01
-3.498199527318024415e-01
-2.439233732698118384e-01
8.400619995013429708e-01
1.872887048529904952e+00
4.128309220849089023e-01
1.324509576904854935e+00
1.089521175167422529e+00
-1.324835334659169028e-01
5.998508202788089827e-01
6.483099809941451630e-01
7.714176683128949330e-01
1.156489652453093875e+00
2.767219754417845845e+00
2.193839569866926631e-01
6.443796661988263619e-01
-4.119268233727282347e-01
1.638966112577315837e-01
-5.015068109633108451e-01
-4.138599272860090661e-01
-6.399602290683816808e-01
-1.180132003465133694e+00
-1.130089526743420114e+00
-1.049507777425117139e-01
-5.004701338416013279e-01
-1.705798837022096004e+00
-1.454253008342580644e+00
-2.436581248367111652e+00
-2.834475529086269985e-01
-8.453379602231434475e-01
-1.581425128572951477e+00
1.249845666149518753e+00
1.685535822098293668e+00
3.652263158956196021e-01
6.678423472451111564e-01
6.471343841037853206e-01
-3.045408209193070093e-01
-1.212736005164201991e+00
-1.476138686195515248e+00
-7.829907170305263620e-01
-9.235727698134996722e-01
-3.652819526193529232e-01
-1.134109018941760416e+00
-9.078920643000473190e-01
-1.718267054780284742e+00
-1.612229205432419210e+00
9.275102045136673912e-02
1.844996392726910850e+00
4.115204720951335382e-01
1.740770973214124773e+00
2.467169074697239672e-03
-9.380832393460442065e-01
-1.028360816953222345e+00
-2.425281596500928893e-01
-1.241048992103832127e+00
-8.562753846580042350e-01
5.848448764713713999e-01
-1.667046315031219361e+00
-1.435215992224534221e+00
-7.057831441180411058e-01
-3.778206630795122312e-01
-6.589603843943696582e-01
-1.259707627732909119e+00
-2.097504843971503163e+00
-1.067908619514523094e+00
-2.342150532762827808e-01
-1.947579046942620629e+00
-6.443702919473759394e-01
-1.073089122373302784e+00
-3.969479060860067188e-01
-7.341897438376594476e-01
1.185733285872146991e+00
3.384730824695261209e-01
4.749819821554183141e-01
4.227603182355764710e-01
9.993075391913869288e-01
7.819769742328569473e-01
5.594206490331643522e-02
4.836805111318499550e-01
9.963059079368155047e-01
1.712630320151773189e+00
1.166935666691089502e+00
2.633106691410945777e-01
9.219473642636549782e-01
1.295322018234287054e+00
7.433405531158322477e-01
-9.010332925729395148e-01
-1.724411133321109624e+00
-1.195122970581520949e+00
-7.201694892244691060e-01
-5.266383915221917178e-02
2.069111961618634421e+00
2.040488475097791188e+00
-4.017960532660547202e-02
1.447489222694290367e+00
1.833207405967631320e+00
-1.145583556688249960e-01
1.605577794709658557e+00
1.562234839133326059e+00
2.400970640251859134e+00
4.236839963100360595e-01
-2.676030626131252754e-01
-3.145603143707905724e-01
-1.214526363166346101e+00
-1.904556959531485072e+00
3.176513027636416187e-01
-9.092057158043640452e-01
-7.543492838606997708e-01
7.598852315276496405e-01
1.644306065031378328e+00
1.664148068239848177e+00
-1.597847106388299299e+00
2.746792546640388633e-01
-8.396402125122082172e-01
-1.234251411864202508e+00
-1.865946285235585700e+00
-7.838710863323699041e-01
-7.232868224725352846e-02
-1.076645260481145616e+00
-8.485736265961291158e-01
-1.612072002704768803e+00
-4.171395733445829590e-01
-1.125012376306310902e+00
-2.575703062640299912e-01
-1.268078324366996190e+00
-1.161006565659776557e+00
5.143380067095890684e-01
2.238803033916688001e+00
1.008235026721670646e+00
4.644419710255652811e-01
-6.118888744407247060e-02
1.668339369870970978e+00
8.244303954633108722e-01
1.408982882554920657e+00
1.453549293808130916e+00
1.938073284304293598e-01
8.785812327229713947e-01
8.875138185645823352e-01
1.574391524498492512e+00
2.596579336293804996e-01
7.035723456294817879e-01
-1.520758873414623125e+00
-1.700168788005105291e+00
-1.344269035079250330e+00
-1.550657265594227452e+00
-2.056175469949735657e+00
1.947082725911950085e+00
-1.323542351539490625e-01
8.622041839806408037e-01
9.370557637192334921e-01
-8.726233055162291308e-02
1.407114196100333281e+00
9.000259136522951176e-01
1.985051902401732571e+00
1.271906876423025690e+00
1.988489293894423859e+00
-1.705273589765551323e+00
-1.396817231495173228e+00
-5.083385816740151331e-01
-2.514340549309646011e-01
-6.314061872042335821e-01
1.160718135440201859e+00
7.554551759329222183e-01
7.279553434154838465e-01
7.457085098426862180e-01
1.549821460106037607e+00
1.356602484016424359e+00
2.979849305808945914e-02
3.592050886568693979e-01
7.772278400695054046e-01
2.208175311755963044e+00
1.293988189090859553e+00
3.618305861143641389e-01
1.313457357748913257e+00
1.452524826705295702e+00
1.731448144986379667e+00
2.022332370011394431e+00
6.930355487366914868e-01
5.445090977207398542e-01
6.812582115997949384e-01
1.426021935933986740e+00
-1.636136819776666584e+00
9.571767799354562456e-01
-4.863185484875094389e-01
-1.111933873727469546e+00
-8.147592034014702334e-01
-1.689876566234144173e-01
-7.118204952957890574e-01
-1.118106994497368500e+00
-1.019470625432448152e-01
-2.799162608434180299e-02
-9.996620914514950940e-01
-1.335845200486266648e+00
-1.136539016813230774e+00
-1.442458727832598653e+00
1.549635073983783862e-01
1.705251020736558321e+00
3.139067871028357049e-01
4.259048880130812398e-01
1.023681097549810959e+00
1.970423072262852848e+00
-7.320326077470524773e-01
-2.760751516806017047e+00
-1.511484719135669064e+00
3.421340837642752319e-01
-1.183566573996943649e-01
-7.056548050746777045e-01
-6.802865913581236379e-01
1.597329339033153328e-01
-1.237301002672426264e+00
3.885027027314973402e-01
6.707508917636111345e-01
2.426078402284633118e+00
4.513695143574713020e-01
1.503608302920868223e+00
1.017003761550914431e+00
-7.918904761011957838e-01
-1.202403678532867559e+00
-6.544139269179314322e-01
-7.358831965653396256e-01
-2.752684383750878983e+00
1.269671300231678179e+00
4.434126420690849280e-01
4.438452223798126095e-01
2.656921828067757563e-01
3.778531263962086051e-01
1.928707103544808898e+00
-1.516349938595173974e-01
5.488539092779143314e-01
-1.208724342054869894e-01
3.479248031170496525e-01
1.214296613554397997e+00
2.056107743847405356e+00
7.080410831348140643e-01
1.872122073766638195e+00
1.520653608998031370e+00
-7.780430825368473968e-01
-7.216604937132053976e-02
-2.014857648788236588e+00
-2.115075179514494419e+00
-2.548249120889878316e-02
-2.252454201354050500e+00
-1.574278443286620810e+00
1.187159379600988274e-01
7.716426431547707132e-02
-1.133734017225445090e+00
-1.781299351543527809e+00
-2.219271709256126268e+00
-1.751692445236628037e+00
-1.144340884663553215e+00
-1.195758648812083713e+00
1.573669957624906024e+00
1.128809492957899563e-01
1.218496151868292188e+00
1.084116167952315468e+00
1.190089517659232321e+00
1.796213876988028701e-03
-1.795212231189943219e+00
-5.126007928027301874e-01
-1.212348899616347842e+00
3.392932829467798506e-01
-1.260161213718024253e+00
-1.990000188840600037e+00
-1.188365103235564213e+00
-1.318873483283149461e+00
5.439432754794735203e-01
1.258216786193912640e+00
1.204850315613365419e+00
1.089444267688454371e+00
3.811083603914207085e-01
7.695998308041096525e-01
-2.268181594392322253e+00
-7.239300451362148392e-01
-2.203051878622082960e+00
-8.222565830408479215e-01
-1.057555794340622413e+00
-1.620016478608041544e+00
-6.482565234296017165e-01
-1.546069578501255259e+00
-1.104673696119659487e+00
-1.440523481632688174e+00
-8.972239510486411662e-01
-6.702701058845724758e-01
-8.160185068451077939e-01
-2.248344024361169424e+00
-9.913773974703826708e-01
1.480779407085885957e-01
1.330744063800808341e-01
-1.459923928298040297e+00
1.240587792776137732e-01
-1.431112511586625224e-01
1.336728586327198043e+00
1.149099581161146411e+00
8.331951197357672090e-01
1.789491096279922200e+00
1.018746847017516499e-01
9.020708911885503278e-01
1.189107684811785859e+00
3.927792912242090706e-01
1.010508933333827741e+00
-3.623294574995719053e-01
1.774742319473793239e+00
2.391764897889463448e+00
1.253731502391597363e+00
-1.716653848289955153e-01
1.092773727890865798e+00
-1.190031310766227035e+00
-6.386302390860950640e-01
-1.529752073766666332e+00
-2.566780156013011460e+00
-1.218619976024359453e+00
1.176001590799169660e+00
1.522825878613183859e+00
1.533848714925774015e-01
1.172368031622160967e+00
1.386172048585669003e+00
-3.143637292893526336e-01
2.036438817610986440e+00
1.857606391419192482e+00
2.243094847585477281e-01
-3.144002389775417683e-01
6.522167958192039983e-01
-1.045472591545734131e-01
-1.321719445801222692e+00
7.259956992772842455e-02
-2.265133273557259130e+00
1.280134231864212380e+00
2.624358160821997910e-01
1.582442983403785419e+00
9.901011259335680270e-01
5.217436622636115739e-01
1.624731248433671116e+00
1.436537719220753795e+00
1.729018076283995065e+00
-6.623587822724297247e-01
-3.541804985508110182e-01
1.077701799375205827e-01
1.248739873196821559e+00
1.380669262237025574e+00
5.436153935472598508e-01
-2.208497910640856432e-01
1.427852431291438240e+00
-5.070593521514155100e-01
7.023077903635882580e-01
1.388431411000742077e+00
1.497131422170063786e-01
-9.863015563033258326e-01
1.246997495540345113e-01
-3.430267890637588302e-01
-6.389969744256656092e-01
-3.305253128925892403e-01
-1.293180440003316001e+00
7.192209238023443696e-01
-7.406284541905510110e-01
4.237321835552390059e-01
-1.506211396407512337e+00
-1.179094559939390496e+00
-1.555281735241961005e+00
-1.455594146318543114e+00
-1.550049957917653654e+00
-2.294929405888906260e+00
6.636275940270192075e-01
7.825895094934989249e-01
1.563023145388410251e+00
-1.135050387359919366e-01
4.175707324170022661e-01
-9.447128262490291917e-01
-1.782282315148275842e-01
6.450559910590232260e-01
-7.735343798077231048e-01
-1.218833408234803573e+00
1.546071818667722475e-01
-2.122547195373821083e+00
-1.298731686387857076e+00
-1.049488434081454757e+00
-6.539322700787435494e-01
1.729056695633656826e+00
1.515973310288193598e+00
6.923534747634944031e-01
3.775929504686024174e-01
1.832053106986093693e+00
-1.290682634456299382e-01
-1.719537847241201289e+00
-4.671257185924800881e-01
-1.464965927068693885e+00
-2.763404171769900941e-02
-2.665014119051547503e-01
9.348344626011801939e-01
1.208559799516794930e+00
1.495421702552590215e+00
6.686692501968831692e-01
1.726237877302271961e+00
1.529226820938875075e+00
-2.876940576872755173e-01
-3.523969840714435975e-02
1.214479644343656517e+00
1.313003945139469497e+00
1.891526715240732237e-01
4.230901729965537150e-01
1.632177399781390204e+00
1.979839148607682953e+00
-8.572668276161121703e-01
-3.866022159758768506e-01
-9.383905764853514020e-01
-1.607229830983069707e+00
-4.884288937609237991e-01
-5.382892275296062845e-01
-1.394837926242598503e+00
3.339194689012603412e-02
1.832219631508948954e-01
-2.380593667175136652e+00
-1.628727572400437751e+00
-2.714617382629925801e-01
-2.350190953430442597e+00
-2.564079378969965628e-01
-1.964029106441427253e+00
2.296914292685521275e+00
7.877987348538290080e-01
1.287833915253178363e+00
1.539050570927645634e+00
3.308993315684549685e+00
-1.291436960843903581e-01
-2.091931680092927515e+00
-4.374291010205728636e-01
-2.337029261502103772e-01
-9.416915612888723253e-01
-3.959084221633117906e-01
-5.966004758210938785e-01
-1.402932312997726028e+00
-7.543938330949089277e-01
-8.246561423068684560e-01
-3.572608401067833839e-02
1.509459925060910868e+00
1.405895336738313128e-01
5.556212054606513018e-01
1.219258995610844387e+00
-1.250478390185754130e-01
-9.093439098911283436e-01
-2.165470564404746945e+00
-1.725948615792682883e+00
-2.870023685341920316e+00
-7.882244497380279658e-01
5.750071602216189071e-02
-1.491333420815570410e+00
-1.037916899178546126e+00
-1.639359929285471251e+00
1.944462734152327954e-01
-7.773776340306408628e-01
-1.129251187814223290e+00
-1.112988463175806464e+00
-1.170005352742869764e+00
-1.140319254164592344e+00
-1.004103574269815002e+00
5.244128154018690147e-02
-1.441861021532764298e+00
-1.040819491321963941e+00
1.895983156966458028e+00
1.235366977987929049e+00
-2.778508090966163024e-01
1.591760819930382320e+00
1.347835197907307769e-01
7.821492367755324970e-01
2.312277656986583274e-02
1.339846044649679158e+00
7.380149322668870804e-01
1.299261683021026625e+00
1.948326952524052968e+00
8.489331346753519192e-01
2.020721958612815561e-01
1.586745522204705328e+00
1.946812253973145612e+00
-2.932388476722650461e-01
-1.779372883971173769e+00
-6.599023095380442960e-01
-1.026620516357067414e+00
-1.141520340725453719e+00
2.735395376857575833e+00
8.622831125587979706e-01
9.853690437310451689e-01
5.406258393611969026e-01
5.027423344131793925e-01
6.956416166250777300e-01
1.447991409736971047e+00
-3.334707842872299821e-01
2.047398065047229210e+00
8.727524740499812417e-01
-2.395021380698598268e+00
-9.587124964428728191e-02
-1.703166912515945874e+00
-1.445932469023956779e+00
-1.728778764812683555e+00
6.135128599785608650e-01
1.156116633902476210e+00
1.674285062165920879e+00
5.996448057745065174e-01
1.581271162246007389e+00
1.497426324838009748e+00
5.601933296411507612e-01
-1.257068365591855752e-01
-2.532588439494609656e-01
2.379543900080269392e+00
1.752612802535787218e+00
1.586224923727144187e+00
1.263639029529824098e+00
2.300242181265074404e+00
8.279362445529311332e-01
5.364022580572002097e-01
1.641743035013591978e+00
7.836686125707290618e-01
9.545563379021479999e-01
8.999437013298121624e-01
-1.562306566207552594e+00
-1.197185486948073141e+00
-4.886190812813302475e-01
-6.095938452377740457e-01
-1.000595965671690735e+00
-1.685885510508245755e+00
-1.247514547392015949e+00
-8.922545389184441955e-01
-1.539045544797533527e+00
-1.283906488087012354e+00
-1.776236126434145302e+00
-1.031492009452586567e+00
-8.562368721517839010e-01
-1.415016613793317113e+00
-9.947996290457634672e-01
7.378105721413419360e-01
1.950136863929155417e+00
-1.581527547451619942e-01
1.831680407071639038e+00
1.697249352683548151e+00
-3.117154769215383148e+00
-1.075367694223299919e+00
2.466116064735202063e-01
-7.759626104437541416e-01
-1.030967666954062611e+00
-1.198842340055461753e+00
-1.382977290436186779e+00
-4.664496464431581169e-01
-1.277215164612572895e+00
-7.821703774701946887e-01
4.336107461865421620e-01
1.005186905988866064e+00
1.391061957490316026e+00
-1.488490025669131356e-02
1.516017235264032426e+00
-8.026596365944859146e-01
-1.796787651940473518e+00
-8.221300403961805392e-01
-2.861432448465255352e-01
-3.006850298625436402e-01
-1.064851649146333123e+00
-7.957892305994196391e-02
-4.659927352087031016e-01
2.867291403522616022e-01
-1.467447084047856176e+00
-1.270985425459724150e-01
-7.388218703473481419e-01
-1.598054434552691250e+00
-6.536297074925568884e-01
-2.096478162903277820e+00
1.259038488827406432e-01
-2.349523708332933669e+00
-1.136156109298669836e+00
-1.306481559724139041e+00
-3.595615817913091483e-01
1.063334240217427729e+00
-2.013654726314761945e-03
2.352973746806283017e+00
3.015382468035056052e-01
-3.703482015417074447e-01
5.439135756798297860e-01
2.071728909655921935e+00
1.542520074555711940e+00
1.110086134848225603e+00
9.687880022539350211e-01
8.313461073721394312e-01
2.448892086115036726e+00
-4.549980323918063618e-01
1.843958068461207578e+00
8.066152095004236466e-01
-6.895808968042342890e-01
-4.313198983640893491e-01
-1.711252371108354708e+00
-8.296783031812327014e-01
-8.662597758451628938e-01
8.436049947918325964e-01
3.126735012605096342e-01
1.045563823162218187e+00
1.181785578587876140e-01
2.093374328172921128e+00
2.023764487465298245e-01
1.899073362765153705e+00
5.763743263932726846e-01
7.558802524201166939e-01
1.267055974938470886e+00
-2.176122424251713205e+00
-6.461838494806586564e-01
2.055136040615579418e-03
-2.445350312952676575e+00
-9.326364268193209073e-01
9.925867963318623088e-01
1.297162130511606115e+00
4.507715299134000819e-01
2.016533385554000191e+00
6.505850142673584857e-01
-1.916677100710320714e+00
-5.703701137355495776e-01
-1.131852207466196525e+00
-2.603954874679790255e+00
-1.176842043719892539e+00
-2.535085371904796769e+00
-6.420045571611803226e-01
-1.460083043237664802e+00
-1.591376047693106921e+00
-7.254071502753232092e-01
-1.911714717215280857e+00
-1.102644758684718118e+00
-8.233347361231757588e-02
-1.223194265704335537e+00
-1.629948764701162789e+00
2.364622624251626615e-01
5.790683868442214610e-01
1.446865809307427142e+00
1.349859503267684335e+00
1.100533611137212375e+00
6.831854509264059239e-01
1.066223169566926421e+00
1.141033533166909475e+00
8.770329546410363664e-01
8.984774814611951044e-01
1.641010211348454373e+00
6.721770757891274428e-01
1.470129047694885394e+00
1.426740883829408890e+00
1.916508460328811836e+00
2.419998267138290249e-01
-2.519384605544879641e+00
2.562523467532451527e-01
-3.512966593313915364e-01
-8.440311009633159056e-01
2.497235160521421804e+00
9.624816065978156754e-01
1.315462265378213091e+00
-9.858628846711359195e-02
1.533020555488218140e+00
1.760102916945665674e+00
1.702530759913460479e+00
1.567754128987818962e+00
7.413799780909493542e-01
2.519874171834030729e+00
-9.746070710480159160e-02
-9.576754459232226235e-01
-2.102048709285278427e+00
-1.202877299421323487e+00
-5.430782665553043342e-01
1.316463594687139249e+00
1.469593852992922889e+00
2.119216019567920384e+00
2.285753980398996354e+00
1.300884253842975902e+00
-1.144820260206143026e-01
-1.174291683516589524e+00
-1.892000247686718595e+00
-1.085274157514025228e+00
-3.756823875521941858e-02
-1.545705682954691351e+00
-1.364224909515024287e+00
-2.272190767167726833e+00
-6.724598177181471126e-01
-3.745150355768235295e-01
-1.405446059787279989e+00
-2.049257928338838575e+00
-2.658813977157455932e-01
-3.226290000709329142e+00
-1.941104026669009386e+00
-6.535392132624755490e-01
1.035220817287203721e+00
2.094304846912376838e+00
1.122553284533688522e+00
1.969407588703502077e+00
1.717655578911051473e+00
-1.348657421092025466e-01
5.526897537429916740e-01
7.025100731772315754e-04
1.501323652290026178e+00
1.184648298238028641e+00
1.345831740732585713e+00
1.737215158657053227e+00
2.250494842202308554e-01
5.402162025174541693e-01
-1.541696651899886028e+00
-2.782447026777175036e-01
-1.676785730423464571e+00
-1.284942531483287631e+00
-1.376391548151074007e+00
6.905139528177460795e-01
1.646267666145066144e+00
1.414470194147611659e+00
6.301052524326458126e-01
1.086972725594295586e+00
3.907003116200069570e-02
1.017187653760329047e+00
7.380407538238396015e-01
5.455526377537978089e-01
1.308123557539937476e-01
-8.483113546144014361e-01
3.941326331585068843e-01
-1.994956521561751073e+00
-1.818866102866609769e+00
-4.301761667367086650e-01
7.348207288150265803e-02
1.033404199410970392e+00
1.386420423325973594e-02
1.762301865745067087e+00
5.862312047108106938e-01
-1.085098655843757864e+00
-1.665188727081546860e+00
-6.449713724369532386e-03
-1.743139535883359681e+00
-5.834572048154644808e-01
-2.352169518785428348e+00
-5.559689494242000540e-01
-1.486708623853204791e+00
-1.977900028795312570e+00
-1.160965843244049056e+00
-4.535420271085756072e-01
-1.983641105277787142e+00
-1.807276502631223192e-01
-1.598510049508276243e+00
-6.078460542022144919e-01
3.483458772066683196e-01
7.104390497329102772e-01
9.848769923401570203e-01
6.307928421166447697e-01
1.352471131027374707e+00
1.558751728608518849e+00
-9.184433019519597785e-01
1.546922125259319269e+00
1.091772730226387988e+00
1.748352201671034667e+00
1.432646645006468322e+00
1.988709475847705299e-01
1.340175626465109904e-01
2.376915619790726630e+00
1.322244373351513236e-01
-1.827518908956004662e+00
-1.324738016050785117e+00
-3.833971309441297493e-03
-1.213279088080791990e+00
-1.139071467208149002e+00
-4.191989231292434503e-01
9.134527894007945514e-01
1.088312375224867790e+00
1.075857976438000296e+00
8.434447491312353495e-01
9.608454422491496949e-02
1.329309804958041408e+00
1.205364894361041106e+00
2.160537797773446123e+00
1.298607864679157009e+00
-1.858906705803325510e+00
-6.311102583486342121e-01
1.310653754862818321e+00
-1.476056635339637158e+00
-9.941969910835064539e-01
1.772592637365371315e+00
9.296363583759141846e-01
1.331091212214344122e+00
-1.119149315753793505e-01
8.665788243970520277e-01
1.190119253703771252e+00
1.178563151369359963e+00
1.512805518116779435e+00
5.441019431225426750e-01
9.231039659459926439e-01
1.072569486265724015e+00
1.132629582319697903e+00
1.137581594195001156e+00
6.717173067540787024e-01
1.363641644592104907e+00
1.895154419921037059e+00
1.287557681123697284e+00
1.257363356783685049e+00
-5.924854792732059394e-01
6.507878252650083351e-01
-4.793386069380883852e-01
1.578581929007589757e-01
-1.848175604340108524e+00
-2.345979960376965989e-01
-9.500300125805660745e-01
-1.080994523931923634e+00
-6.423632864728099356e-01
-1.324236408474888771e+00
-2.297671468310640286e-01
-7.436881764264280381e-02
-1.202521627494035350e+00
-5.978999523133672334e-01
7.956621619200301421e-01
-8.831361254906180402e-01
-8.573265102416305350e-01
1.524464478037683257e+00
1.472209056842568309e+00
2.124321217032020037e+00
2.494434862649367535e+00
-1.003144058329426880e+00
2.091951007388459516e-02
-1.449100249942338214e+00
-2.351858377634541419e-01
-2.789990971061990344e+00
-2.501486555312709026e+00
3.608923422366441258e-01
-3.494448465464909948e-01
-1.352713227746992875e+00
-5.394058968803714382e-01
-1.465461324565587198e+00
2.474452520639879083e+00
2.091987643791698659e+00
3.922975126933632151e-01
2.916008399764186132e-01
-6.324125070585107089e-02
-1.927625438432877480e+00
-7.935919785681870842e-01
-1.149777652630711522e+00
-1.003132774579402975e+00
-4.712444814116646397e-01
1.352254867165723073e+00
1.029650943580455502e+00
2.316207725816638252e+00
9.211842768112037394e-01
1.599548336553336281e+00
1.209431920846331554e+00
4.817044152391882772e-01
-3.251006321097575924e-01
8.389767382175518096e-01
1.007800520075451622e+00
-9.965848760296425191e-02
9.759292219783748390e-01
7.203484993414133175e-01
1.536340144390146545e+00
5.234357818258615902e-01
-2.716953960280244829e+00
-5.358147610904151481e-02
-1.215978691100045861e+00
-2.581829524361490158e+00
-8.420798754472258452e-01
-3.427523660486729851e-01
-1.001399475565772246e+00
-1.914410460744024878e-01
1.755493040425026852e-01
-1.759574618073987295e+00
-1.133869859867832508e+00
-9.383808000218688550e-01
-2.283708192354694244e-01
-1.269633701448638963e+00
-2.221616204023252106e+00
8.593916894455742028e-01
5.188871320132049103e-02
1.235530670460568858e+00
5.054798410600496172e-01
1.389102219211086897e+00
-1.911076452314852236e+00
-6.398765221506446110e-01
-1.079056605795483792e+00
-2.627161551858855359e-01
-2.616815780093524779e+00
-1.528022907218255177e+00
-1.772167487781983297e+00
-1.422112372224987542e+00
-2.233456418609303107e-02
-2.246544628454567594e+00
1.890902139670878945e+00
6.084293002204435030e-01
1.899726287764658794e+00
1.334740363427523446e+00
1.913039940715699050e+00
-1.748562085393972509e+00
-2.355473055264649229e+00
-8.545825329486280708e-01
-1.823836502246569458e+00
-7.601426934278079361e-01
-4.393607158655102873e-01
-1.395969505829412816e+00
-2.938317590229888587e-01
-5.836686212628222625e-01
-9.317640345222870657e-01
-3.308132051631641479e-01
-3.415806460969453839e-01
-1.084305864863619906e+00
-1.134266418174321389e+00
-1.027795632454513886e+00
-9.257935935355724455e-01
-1.698220482976090073e+00
-8.557121204260145220e-01
-1.072999232753479415e+00
-9.052129102563981622e-01
1.540667195615746277e+00
2.535772445802745301e-01
2.426020592936947384e+00
1.215485339034601875e+00
2.328988314519864211e-02
1.085487150782370014e+00
7.090057552160993204e-01
6.818033534848166877e-01
1.493313863100635519e+00
3.552414930866202303e-01
5.265440567596654242e-01
1.602601158301041107e+00
1.513794939659963923e+00
-2.672192579099252896e-02
2.160272771149604587e+00
-9.953939602844028567e-01
-2.056157090112770369e+00
-1.376672281226258843e+00
-1.007139037908126866e+00
3.210113471041615707e-01
3.258635135695931995e-01
1.328008678748944238e+00
1.511923448253533531e+00
-1.647677501124928945e-01
9.874020080745684602e-01
8.864819264465632065e-01
2.122500475766845973e+00
1.297353561744240213e+00
1.222369442924703620e+00
1.706756461653899937e+00
-1.193618140636852010e+00
-1.928603195759282851e+00
-4.456151657329256999e-01
-6.816112246657780593e-01
-1.428450573600321682e+00
1.628688221342073028e+00
1.017868336621000402e+00
5.971984989301620805e-01
1.931665951817450377e+00
1.176790741576914101e+00
3.195676793264851101e-01
1.815469811948626777e+00
1.500187738899104284e+00
1.350982556975226512e+00
-1.133366975126515186e-02
4.679118691974957223e-01
-1.938074473725275304e-01
8.071002027991778238e-01
1.738370384794432510e+00
1.139469259045149396e-01
-4.303717450258217614e-01
1.706732133100376192e+00
-2.647034105095038559e-01
1.329368362211297727e+00
1.876804314707058108e+00
-6.660033100632847258e-01
-1.584006792955209075e+00
-1.433451135351178962e+00
-3.516788185962792523e-01
-1.269133939147891077e+00
-7.260602988376287925e-01
-2.086045826102790102e+00
-5.078573974609625896e-01
1.637787511325461409e-01
-3.141409722094477885e+00
-3.984059315591448325e-02
4.332073631482880050e-01
-8.365273137483537624e-01
-8.774185353172020418e-01
-2.236351126833514336e+00
2.222859564388370401e+00
7.446875463354745150e-01
6.275063716545636883e-01
1.483844680903828372e+00
9.852138914101959966e-01
-7.437550610400391893e-01
-2.273746694732288187e+00
-5.201063343257619209e-01
-2.238209795649656719e+00
-8.001352481667596273e-01
-2.899446993131598038e-01
-1.681027751133685966e+00
-1.565772415913271765e+00
-1.799086283405118225e+00
-1.545036922178672167e+00
1.649062720545888094e+00
1.674639139450100123e+00
1.541510901859706628e+00
1.339635426205525892e+00
1.846883827169313763e+00
-5.113111231299651838e-01
-2.458667555331928156e-01
-1.828871063020554244e+00
-1.032022916230319609e-01
-1.328668201117563452e+00
-1.708424742313018108e+00
-1.515072148446707789e-01
-2.043928245737592242e+00
1.120204882231030652e-01
-6.468631657251640021e-01
-1.645050109774204961e+00
-6.295377492689434584e-01
-8.542824579376560035e-01
-2.435201272169426279e+00
-1.881103585892188512e+00
-1.375765496556832890e+00
-4.944625965231052023e-01
-1.213201645850915389e+00
-2.678931472115749779e-01
-3.184559203020569385e-01
-5.335929013183382530e-02
-1.796379050997187754e-01
1.554189392244838874e+00
9.610568625072640758e-01
1.859562810178716941e+00
1.335988931026679261e+00
1.062111125523206079e+00
1.754534217920566963e+00
6.627165870151748850e-01
1.165227327886639852e+00
8.040039605943283263e-02
2.282368524265873333e+00
1.028068421314998204e-01
1.013985773151063086e+00
1.656941282754099021e+00
-1.366506565827861230e+00
-1.004930612460967598e+00
-1.714395291192105653e-03
-1.281018089281416028e+00
-2.079055258348910140e+00
7.013968740062200835e-01
-6.828246390841741231e-02
6.075241260006858379e-01
1.594071272355380708e+00
1.016201573954301329e+00
6.424477076332855141e-01
1.408142777429508996e+00
1.537147963380928406e+00
1.899191251656104029e+00
2.035539748419024075e-01
-1.124143353049060767e-01
-1.441577311634727243e+00
-5.420186363063563828e-01
-7.985792416095351953e-01
-2.512461095936117772e+00
1.698734121255807583e+00
1.481493693719904803e+00
2.129287409776589257e+00
1.027140594803756635e+00
9.198275540844728093e-01
-1.691539017523279176e+00
-2.700079574584071107e-01
-1.584464281335465241e+00
-4.775452397513468838e-01
-6.236628692476783309e-01
-6.779727949060648795e-01
-5.978463045154047695e-01
-9.363020028204738221e-02
-1.365322347494134503e+00
-1.879291171898103130e+00
-5.694772437779782592e-02
-3.746394769283991621e-01
-3.208037129201317672e-01
-2.627623536639225321e+00
4.878551949830844947e-02
1.833787096458696642e+00
-5.827952630679318347e-01
1.415534619345719669e+00
1.183831585149059507e+00
3.886686885347535592e-01
2.250091073198748237e+00
3.642984360030768753e-01
2.095273550599860979e-01
5.993153303219378447e-01
2.088352880306349135e+00
1.078812770182189240e+00
4.304478531479449810e-01
1.475396920154309122e+00
2.169181911886400638e+00
1.444776186163967635e+00
-5.614238885256723766e-01
-2.155279444405870493e+00
-1.111643885342789684e+00
-6.599264513118523467e-01
-1.101307132021648316e+00
9.959186491401035290e-01
5.971680934286598408e-01
1.370160581180270620e+00
9.986345868309045581e-01
2.327281938051262600e+00
5.079273000838040453e-01
2.133267869314180665e+00
1.498464794191630478e+00
-1.414468454527906260e-01
2.695932682713548800e+00
-9.071130955819565189e-01
-1.020047137888989486e+00
-1.519039417643782031e+00
-5.925743612933522808e-01
-9.070533006454972735e-01
1.257135204839380238e+00
-2.536475470167445234e-01
1.644866683935381602e+00
3.605318229659213447e-01
1.363867269068250732e-01
8.683712010738694476e-01
1.345349372928350551e+00
1.927421580093055198e+00
2.757307682298398177e+00
-9.581993679756983795e-01
1.139787176790947321e+00
6.937021009888671985e-01
4.473131570694585113e-01
1.066863072884945085e+00
1.269714064504990914e-01
4.815178489482061508e-01
8.043060107302540951e-01
1.515799346763293087e+00
2.985990343986327789e-01
4.455200923117764722e-01
2.316500640506586883e-01
-1.267428106794182163e+00
-9.616008340610272542e-01
-1.731860080538451196e+00
-3.312252295797381008e-01
-2.555665320263191376e+00
-1.445882896849099764e+00
-1.710688463557799688e+00
-5.406898123960850455e-01
-1.365050625610430446e+00
-8.057335085560874965e-01
-6.932504579455645022e-01
-1.201635829023844471e+00
-9.795314804132170261e-01
4.343980088968906195e-01
2.388474424414217534e+00
2.027629001627528016e+00
1.262812025884126443e+00
5.430688565295129777e-01
1.437928953649180386e+00
2.207746472213787392e-01
-1.030509337723086505e+00
-7.922947996922774516e-01
-1.303421808391282521e+00
-1.730428233684077277e+00
-8.597780531497047907e-01
-9.133898619219682491e-01
-4.879831910999766764e-01
1.469491878300919208e-01
-3.456613877124804501e-01
1.653169194074408432e+00
8.692367547245775095e-01
1.383292396896486087e+00
1.603697884140449004e+00
5.878485430657315325e-01
-1.245143525440258747e+00
-1.456354559118522740e+00
-3.723456457689756638e-01
-5.814350287811426155e-01
-2.415315017878356674e-01
-2.911044200176911012e-01
-7.820263272528031884e-01
-4.766200255697521371e-01
-2.102694051119000207e+00
-9.078821984344278562e-01
-9.217028742838467847e-01
-1.866849829874424049e-01
-2.770748085712101405e-01
-6.739896675350299793e-01
-1.454822625649992762e+00
-6.730574590708626737e-02
-1.169452924662294668e+00
-1.381437525334256122e+00
-1.212316626624764915e+00
-5.130752468528145815e-01
6.484236444700794966e-01
3.753330848248201956e-01
6.649577841559087821e-01
1.927358341081036208e+00
1.078400041586137892e+00
1.799203029757894479e+00
1.170428645289484981e+00
-8.285249795325730915e-01
2.617693173078938784e+00
-2.946360568418646686e-01
1.984625123546744252e+00
2.484913652476949952e-02
9.011840605805232496e-02
-2.569266294409020546e-01
1.371001808796578736e+00
-1.454157691134895236e+00
-1.451152790268026127e+00
-1.147785689615509419e+00
-1.325873271953357246e+00
-6.070154284431322766e-01
8.576743703013861575e-01
5.650953862784163784e-01
1.589596083376136892e+00
-1.741618893553131819e-02
-3.959154763088257312e-02
-9.726148629731445894e-02
1.055776042243166124e+00
1.265903742783215602e+00
1.537729145459948210e+00
9.516419808801137581e-01
-1.873725163138276528e+00
-1.633382149279298368e+00
-1.093733208648203892e+00
2.575911926936402807e-03
-1.149775323495755286e+00
1.627032750062850752e+00
8.725363458495780655e-01
1.891102542153313415e+00
1.439876757060523538e+00
2.529326844424749643e-01
8.710221197762064715e-01
-1.276444027535412751e-01
5.562437319370291400e-01
1.243942342800155032e-01
1.940793294677778391e+00
7.158378128532766338e-01
3.132170769114195341e-01
1.777158911059615320e+00
1.338952267097984095e+00
9.653683802931997127e-01
5.416460080240771413e-01
6.796466449062059656e-01
4.581164361362668469e-01
1.779024769751756274e+00
1.432966900391446252e+00
1.150520494883062739e+00
-7.785249874683063398e-01
-1.497609564008489658e-01
-1.291679694249831423e+00
-3.982558299415233094e-01
-1.176477605018183548e+00
-5.101043488797775138e-01
-4.175112301097111400e-01
-6.217044709973245098e-01
-3.232681707246587433e-01
-8.627549685117945621e-01
-1.820161746764043187e+00
-3.537564361065852481e-01
-1.527735211799635229e+00
-2.137269638601164701e+00
1.331225433858920226e+00
2.064909647127628922e+00
-6.650947153961488389e-01
1.277687185052039487e+00
-3.282889261505328449e-03
-1.946141277012126913e+00
-6.139999415450272391e-01
-3.141409135516477935e+00
-1.714568479785271826e+00
-5.130525867042838861e-01
-6.776139952811655043e-01
-1.437934537240219912e+00
-8.301143390904317521e-01
-1.979936295865862395e+00
1.340291865424063644e-01
-7.835859272929228680e-01
7.017263844461711919e-01
1.122967078737045377e+00
1.074903727658913732e+00
1.912090217992307606e+00
-5.338541838872048473e-01
-1.489545866829791176e+00
-8.525591434787554990e-01
-4.325537933607447316e-01
-1.579750587418693009e+00
1.115848455348535939e-01
2.594524835679932639e+00
9.544794025107603552e-01
1.575178408624276827e+00
6.858830484552183027e-01
1.494484884225861343e+00
2.052405291670072351e+00
7.225758215462132483e-01
-6.008052481206473949e-01
1.371233243001719782e+00
3.992109219804143017e-01
1.025919612588137797e+00
7.611983036013582060e-01
1.119069343523869220e+00
1.218220720582546379e+00
-1.674177741814336873e+00
-1.038077054248847553e+00
-6.284486341456716474e-01
1.185974497315718246e-01
-1.796190721062906004e+00
3.225692540293989552e-02
-1.695236641208727857e+00
-4.223355680250705513e-01
-3.681141468068909184e-01
-2.332809942791816971e-01
-1.393872907610608891e+00
-1.027861953225496450e+00
-9.715848226775678498e-01
-5.232622453407259622e-01
-2.651509360217095157e+00
1.189315738125368727e+00
8.448224648861375474e-01
-2.821032496958308933e-02
5.732564414880852999e-01
5.479049737128833808e-01
-1.658279362416670288e+00
-1.199164948997644364e+00
-1.372926014943296913e+00
6.003060202609122875e-02
-1.162544887083563072e+00
-1.709912531466235563e+00
-8.646818011963134376e-01
-1.841564399566980592e+00
-1.510133274622470045e+00
4.131542994554679993e-01
8.260245666690908539e-01
8.661750403888012206e-01
1.852438342818623074e-01
1.382233421833150677e+00
1.831189369972150205e+00
-6.432656784793566729e-02
2.960760316474897458e-01
-1.417475079828266926e+00
-1.700505023956188744e+00
-2.166173113415215568e+00
-1.311586365745120553e+00
1.178342511722314523e+00
8.252003113329942074e-02
-1.163436601944028981e+00
-1.671297202398975390e+00
-8.611444822901979101e-01
-1.334330664536030220e+00
-1.542651143282790294e+00
-1.244640534718964409e+00
-4.682704697751041145e-01
-3.531756309576145059e-01
-3.838867737569369165e-01
-1.237144618729309364e+00
-5.859130345357588254e-02
3.167924855929937777e-01
8.392185879781388635e-02
7.291006861312272491e-01
1.473733177217654511e+00
1.863229292578015839e+00
1.624302675066333190e+00
2.324674424172514797e+00
8.700275301958138030e-01
5.292102120445328906e-01
1.016991141664415954e+00
4.127445368718469787e-01
5.621402807923597811e-01
1.207634900079185725e+00
4.516928911367419364e-01
1.621338895873923214e+00
3.015521552478792611e-01
-1.244092651117867376e+00
-1.457275271014969009e+00
-1.061831255892029091e+00
-1.454394078758837416e+00
-3.774711557171059884e-01
1.023676562122503464e+00
1.167980778419093202e+00
1.490954359040867150e+00
8.584084205485679187e-01
1.280552899157103353e+00
1.795346879201302537e+00
8.834288168706760924e-01
1.349299520164559674e+00
-3.788554816483287180e-01
1.820524607137319340e+00
-1.031066875755086709e+00
-1.406868160281822711e+00
-1.042852053005401958e+00
-5.999324318181314952e-01
-8.661053026113361142e-01
1.373432570953543763e+00
1.740053370556231993e+00
1.851783826447438663e+00
-1.658376524780664774e-01
-1.275021103845611847e+00
1.163638822618280333e+00
3.191446760999838261e+00
2.185866036469995555e-01
1.691786529144613915e+00
1.738912352451817078e+00
6.246601606662083306e-01
8.753392600324105821e-01
2.089401873550505329e+00
-3.065036753791661184e-02
1.307812919498656967e+00
7.653397505606424067e-01
1.339270360070904609e+00
1.769146892357534639e+00
5.996321960222494862e-01
4.158412622292123606e-01
-9.988825943256992579e-01
-1.155204895939996312e+00
4.922327566949040722e-01
-1.673568657793722547e+00
-1.029211077561405174e+00
-1.338360150913387780e+00
-2.900113573488159346e+00
8.869528547167819799e-01
-1.221890584580568540e+00
-9.494077835677876553e-01
-1.944453159248702434e+00
2.777495433090382271e-01
-1.468743897305325286e+00
-1.377612528283951532e+00
-9.577935789725993132e-01
3.356767549507335691e-01
1.335183646793155932e+00
1.435082109301973663e+00
7.390391567639232884e-01
2.339292537930139471e+00
-2.454584744063084134e-01
-9.413225487220999721e-01
-1.015746661555601005e-01
-2.024614806343007167e+00
-1.399157215962269385e+00
-9.567259852604270698e-02
-2.072152457832987071e+00
-4.743441234036457343e-01
6.015149583622800833e-01
-1.304042708985582388e+00
2.214434609495687933e-01
1.200203184696905456e+00
3.395793684337045093e-01
6.072481472305595318e-01
5.844757672027531825e-01
-8.934814593725778353e-01
1.393510960017243505e-01
-1.211348522709586595e+00
1.381145992337886597e-01
-4.919360997532736812e-01
1.084947513754131343e+00
9.615255913390199360e-01
1.522689487778323691e+00
1.402529428181532811e+00
1.266909332122610365e+00
1.345804000657011334e+00
4.809616374204244149e-01
6.553917859260398604e-01
2.128944466003456881e+00
6.052792900946021293e-01
2.008856997449083082e+00
9.092128413526961994e-01
1.720820507073850258e-02
1.231098310132784146e+00
6.443566983838642237e-01
-1.316499876132871893e+00
-2.472992574285695522e+00
-1.414798049084558862e+00
-1.784910477572004384e+00
-1.629290113985612187e+00
-7.499860066714548745e-01
-1.389410096384644078e+00
-2.151740810947292637e+00
-9.846920620194647977e-01
-2.776696113084010875e+00
3.862347122558373869e-01
-1.192721754248245558e+00
-1.678396554630817050e+00
-8.682957243488703680e-01
-2.191153396670173059e+00
2.047354729930766393e+00
1.807587610978445891e+00
-4.050667969735592955e-01
4.919445776853437202e-03
2.070871487388671994e+00
-1.565754401447881694e+00
-5.401155547147932223e-01
-7.916559771242966947e-01
-1.393989945217058768e+00
-1.140016723397546006e+00
-1.092213176358171056e+00
-1.398311137120202385e+00
-2.290127398195289210e+00
-3.716553494984222716e+00
-3.587476790141510552e-01
2.107058737915298074e+00
4.585827840873810679e-01
1.298622839830270159e+00
1.925346780618074849e+00
1.653483021028257838e+00
-1.149015882113743281e+00
-5.630276264900371253e-01
-1.257658793720479506e+00
-4.789026869597617919e-01
-2.306216495428983215e+00
-3.367637104805698556e-03
1.928754728616567382e+00
2.737127346773382541e-01
5.881051592515291748e-01
7.192476428865786087e-01
1.680614070840779073e+00
8.233150233550315944e-01
9.315542659423688976e-01
1.835870147313539924e+00
2.022521521917493015e-01
1.215585898816147425e+00
5.412051036378355828e-01
1.040729599876493161e-01
1.010539377289627394e+00
1.758307779456234954e+00
-9.554117665146416583e-01
6.966434606836449106e-01
-1.314369456360470645e+00
-3.743916248726926188e-01
-1.473405957332976079e+00
-8.359506893502348657e-01
-9.937625210150835553e-01
-5.714237491536611202e-01
-1.039417758702389394e+00
-2.316560260672985816e+00
-1.328066708268351714e-01
-7.850065837289574855e-01
-4.131343051416578316e-01
-1.506011971036143038e+00
-1.227900392633859639e+00
1.859266981374568584e+00
2.377403303800980527e+00
1.858409834858976595e+00
1.130641797706980922e+00
1.627553208335249302e+00
-1.152087923992483720e+00
9.997210630945962961e-02
-1.211320426378133863e+00
-5.661238094424485556e-01
-8.760633031419772232e-01
-2.015463816223921345e+00
-1.180111613331140452e+00
-2.082379886694178062e+00
-1.818841470480536682e-01
-2.764156522642995384e+00
7.394456682259055169e-01
9.045002981193928093e-04
1.837491628447598169e+00
1.540677977455490844e+00
2.707447144334498290e+00
5.964627414540715211e-01
-1.258008980392547604e+00
-2.804177213438285854e-01
-1.143454306646905394e+00
-2.372242468419962780e-01
-3.666803359267843954e-01
-1.493245822177832638e+00
-1.393032537581327723e+00
-8.795932445031462432e-01
-2.012410517464539694e+00
-1.528210498643394200e+00
-3.257924187984000408e-01
-1.426424906552002714e+00
-8.569533338012498280e-01
-3.240648575627619321e-01
-9.582793278831114314e-01
-9.426965206211674886e-01
-1.463369524165683888e+00
-8.970713154474465600e-01
-7.944073019795450108e-01
7.722801335678644019e-01
4.493934247241115898e-01
-1.236605576711000687e-01
1.885633440215881196e+00
7.648239020443889924e-01
4.845801834370643268e-01
9.942536606968608304e-01
1.218048751943095365e+00
1.679720264237753113e+00
9.909082494971961363e-01
-1.274222382534668796e-01
4.795693622341541396e-01
-5.418694091389286704e-01
1.920027859636262990e+00
1.488783256801894606e+00
-4.341238838459288152e-01
-1.171673276059105762e+00
-1.442280278942941418e+00
-9.720854393330371490e-01
-1.545891767108108272e+00
1.917786836882868773e-01
1.633898276514706982e+00
7.321864239540736286e-01
3.656384139286761314e-01
1.032516142159564776e+00
1.434602490872153080e+00
1.008612579325675496e+00
5.218084114460448397e-01
4.457092321236395538e-01
1.118362103175233546e+00
-1.156198487484912496e+00
-5.626858013246804902e-02
-9.822308920812056199e-01
-5.282038822793209132e-01
-1.280705534359677378e+00
7.127040672262832111e-01
-3.952763683571802744e-01
1.047988797666471017e+00
6.872848517365283127e-01
1.282018736341581588e+00
-1.998280965069410442e+00
-1.208102756492531737e+00
-1.029348054311309824e+00
-1.042830394026830643e+00
4.294622123346947262e-01
4.990834703143010032e-02
-7.733562210363225109e-01
-7.584331241628565756e-01
-7.093664688602521196e-01
-9.082155663240565335e-02
-1.353337861513747908e+00
-1.369709893007653223e+00
-1.070635800944545135e+00
-9.562457249762627010e-01
-1.486070405734274846e+00
-5.704168741494957118e-01
1.404339763995124502e+00
-1.026605060879219877e-01
8.664685880516753702e-01
2.656431497052087032e+00
2.144352573007737295e+00
1.984018053034419582e+00
1.005900622409160228e+00
1.979659703368407797e+00
1.425037420405584232e+00
1.038111815690817341e+00
8.362641098512904048e-01
9.880386474325233426e-01
-2.374511902417582032e-01
-1.872675803331120825e-01
-2.656931456944977121e+00
-2.663154619818515645e+00
-2.599726875157479800e+00
-2.264903781526514059e+00
-7.917906219683332747e-01
8.269229205634379687e-01
1.383871744468399889e+00
6.649390466487798967e-01
5.242399760693970956e-01
1.662429728895535641e+00
5.403116164303541913e-01
6.530383529460128678e-01
1.436391607457974562e+00
1.165044859362410978e+00
-3.567810757262934729e-02
-1.506929823693625936e+00
-1.358700634381123429e+00
-6.274368779660657314e-01
-5.471789717662711716e-01
-7.556709384281793396e-01
1.042937780017405558e+00
1.162653160433500199e+00
1.323286654402734852e+00
1.940100643769572697e+00
2.317228418030001347e+00
4.528251853215677913e-01
2.156694629754942305e+00
6.648858848401560939e-01
7.356285139297558118e-01
1.461261569652207992e+00
3.557356359589278760e-01
8.145224798033894320e-01
-4.428330529289601358e-01
1.762624468267992128e+00
3.143331096727384200e-01
9.974696533809164212e-01
8.723907002688412460e-01
2.009366821966321215e+00
1.092014191461635475e+00
1.880687454145438586e+00
-3.922333706817895393e-01
-4.337363057305800851e-01
-1.048157715449074212e+00
-6.138133116927582122e-01
-1.034534545929873595e+00
-8.676247509365492272e-01
-8.708442642510324516e-01
-6.688046300837933167e-01
-6.714774447756548525e-01
-6.656459231769777940e-01
-1.868255888281271648e-01
-2.022082052135481867e+00
2.735418317142910283e-01
-1.958969671267993817e-01
-8.382045801658777329e-02
1.351450371890320579e+00
4.749327329750513416e-01
9.148535499907735069e-01
1.871121033566977676e+00
1.570189097062737904e+00
-2.406575881842186959e+00
-3.090740778380790532e-01
1.691053126752419811e-01
-1.732941608091958630e+00
9.087581081531692639e-02
-1.652142392531341875e+00
-9.819962509936750461e-01
-7.054072323911060316e-01
-5.497592892217120220e-01
-1.874970477993100459e+00
2.184359320222455381e-01
9.603945937903267671e-01
1.584214217534574143e-01
-8.315922619774320790e-01
-7.939988357683365194e-01
-2.482117573425413504e+00
-2.071643981573683568e+00
-6.598958763935591776e-02
-1.332537031300325081e+00
-1.224312810629893944e+00
1.482119039745342093e+00
1.018133191502780477e+00
7.437806980339105589e-01
6.358172039192314662e-01
1.054937379961054633e+00
6.743306238334442204e-01
5.980601591247607374e-01
6.628750543158934416e-01
1.247937132031240015e+00
3.110925677275120371e-01
4.583442851828538611e-01
-1.263272836734552484e-02
6.409760170662373024e-01
1.620056095698677812e+00
6.830681223492189869e-01
-1.024955425465618131e+00
-1.068270474922622837e+00
6.511624994793896448e-02
-8.049056456113303781e-01
-4.171444315890826537e-02
2.232804252277875712e-02
-2.947900887889821631e-01
-1.140851282592110438e+00
-6.873780138067674406e-01
-9.856355017779083738e-01
-6.373952154602687825e-01
2.758623048700623581e-01
-1.950591710079538910e+00
-9.357014637597728113e-01
-1.783947832875154571e+00
1.590780938939765132e+00
1.596868724519736382e+00
1.143924914320283648e+00
1.329950814617331112e+00
-3.734445224539619801e-01
-3.221815471604596581e-01
-8.845568492862414534e-01
-2.354318518101738533e+00
-7.746606967867224469e-01
-2.681830929380891515e+00
-1.340324727545341377e+00
-6.704491890399313370e-01
-1.809185696486447448e+00
-1.111189030974195857e+00
-1.914667654036444899e+00
2.893674155766046141e+00
1.542117730355722749e+00
3.424643291318836269e-01
3.717646901555207162e-01
1.351516876971721626e+00
-1.611098828342252265e+00
-1.128204451244042561e+00
-2.189000379786879336e+00
-1.395653025672460856e-01
-1.774021938184741298e+00
-1.723772606195860480e+00
7.538402294647816859e-02
-1.888347367131776977e+00
-6.877294607109593061e-01
-2.087286129768251008e-01
-8.701298349680173239e-01
-2.984333681004813776e-02
-7.284240280822755764e-01
-1.428904501210230826e-01
-6.894161373438834062e-01
-8.598917504426968339e-01
-1.933124715636280078e+00
-1.679474783844492780e+00
-1.673387660008617273e+00
-1.089298990916778953e+00
1.844307216259515769e+00
1.485676256406593954e-01
1.761099116432016665e-01
1.475474900718854343e+00
-2.383899840233683065e-02
9.110621363382301885e-01
1.097931770892822678e+00
2.056294700544356147e+00
-8.505767159994284121e-01
1.371962399811882172e+00
1.803282601886442293e+00
8.230904908882256121e-01
1.381778917184138367e+00
6.394637152646588385e-01
1.345330578979850644e+00
-2.021173031254868580e+00
7.203403683733666796e-02
-1.701272409943485497e+00
-1.765411864828397626e+00
-1.180232489560622655e+00
1.544136499447136490e+00
6.521464572727676545e-01
5.585628726609903616e-02
2.533068755514486625e+00
-5.602084051506182050e-01
5.455200045143285825e-01
4.789430751262528929e-01
1.420529813592017021e+00
-2.874390794993699760e-01
1.121929827543638236e+00
-7.727557843484368361e-01
-2.097734269601939872e+00
-1.915049028578781343e-01
-5.531175475435392563e-01
-3.338706450798412106e-02
1.932710484055642386e+00
9.671918632233882374e-01
-4.686368897484918250e-01
1.660014142976468321e+00
1.047988029345140903e+00
2.463733372829037371e+00
-2.455073714390121342e-01
7.936263600857618172e-01
1.718771372309086054e+00
2.046058975146792136e+00
1.268314172413018248e+00
8.026368467920086403e-01
1.760177365314242959e+00
1.393073410594795947e+00
8.744321028205948032e-02
1.406874208539681037e+00
2.691805380715137641e-01
1.240121278203071720e+00
9.901111879304225205e-02
-3.375726738389017711e-01
-1.571701588604707656e+00
-1.460330762897618095e+00
-2.705933913966274140e-02
-1.071055367678406256e+00
3.495944753082611545e-01
-8.682663747885062122e-01
-6.879633603029144950e-02
-1.505194135187898130e+00
1.302594647521009286e-01
-1.126937335018999509e+00
-1.406401290674166304e+00
-1.312904725103639869e+00
-2.030587559118886887e+00
-1.141151791591145770e+00
-4.940397166469446821e-01
1.045078839664100867e-01
1.870895995643318654e+00
2.416421806725328025e+00
1.292720530088410591e+00
3.610572378312553177e-01
-1.096097682613725866e+00
-1.694006010404172091e+00
-6.665476757121501228e-01
-7.861071556216434608e-01
-1.829966463657195952e+00
-1.426342167351879464e+00
-8.072679444320299824e-01
-1.547933085164284073e+00
-8.015908801936243444e-01
-1.854686565366911566e+00
6.880106705038460113e-01
4.092986663102476941e-01
1.463752566725117665e+00
1.610080573572484131e+00
5.274561563922701701e-01
5.356208226147503026e-01
-1.330157767837337079e+00
-1.547476151139183242e+00
-1.167458071899104999e+00
-6.742212999242215288e-01
-1.236953943222183883e+00
-1.624963793115697719e+00
9.271123476269109709e-01
-1.603773345019957386e+00
-1.631644347479796586e+00
-1.647448609620938420e+00
-4.307686605093369314e-01
-8.951496769852835822e-01
-1.829102378783691307e-01
-9.956660806951910248e-01
-1.542320785753614976e+00
-6.615727804707158821e-01
-9.952565067386768272e-01
-1.230185044919091641e+00
-7.148881335346721766e-01
-9.608582647437025059e-03
1.221886841613320840e+00
-8.726363129763508031e-01
4.772244318818716913e-01
7.879315871456458176e-01
1.048874662261518154e+00
1.475654867750267440e+00
7.670391005920274008e-01
1.039152548195692249e+00
1.488176472700697861e+00
1.323320015985351983e-01
2.748010951605295293e-02
3.147473703408661949e-01
1.712306575381983720e+00
1.941890783713461133e+00
-2.031417736192207446e+00
-4.372878417669588957e-01
-8.958822419731931053e-01
-1.678333525150490946e+00
-1.064291271795809068e+00
1.639135294041888402e+00
5.174585983342486761e-01
2.307616741811669758e+00
6.900259675157883743e-01
1.539037642366587910e+00
9.876889987441301866e-01
4.362550951639596608e-01
1.558018387062060306e+00
1.447474472671101964e-01
1.097546332873147845e+00
-1.125307399816302123e+00
-1.828430546821456781e+00
-7.969161173400420850e-01
-1.396991721626384964e-01
-1.885874163164721562e+00
2.205895416546515886e+00
-7.386284401510723185e-02
2.520364328541189192e-01
7.696292444246571884e-01
7.146309797603282998e-01
2.101595505194294056e+00
8.921053278007258225e-01
1.997062046128716961e+00
2.933793095878638457e-01
1.565251693085252471e+00
1.214890275466663505e+00
6.151745991536530234e-01
9.266844212290833438e-01
6.150237008595945687e-01
1.273427125151197492e+00
5.379941675499201326e-01
1.566465674617183890e+00
8.080781543169258674e-01
2.298678630821128888e+00
1.397753004297438872e+00
-1.230951363295766932e+00
-6.141534898920398833e-01
-5.227601828992805011e-01
-1.098275118805719375e+00
-1.452054953489883671e+00
-1.667186000039343918e+00
-1.378962722274124308e+00
-2.114044203825530488e+00
-1.638319453333005660e+00
-2.772602654760027985e-01
-1.073812441718014155e+00
-9.167169396639951451e-01
-7.117988690958798603e-01
-1.484891061946643998e+00
-1.197254120252883247e+00
1.230927173680158138e+00
1.380827427814138364e+00
2.515713752281810045e+00
6.977096336663767273e-01
2.048490411631363362e+00
-3.308491801996863435e-01
-2.499357960888222152e-01
-7.049344982692176131e-01
-9.444442621074367050e-02
-5.521590720259671459e-01
1.948481268183785975e-01
-7.027620912193579539e-01
-1.177161290644671565e+00
-5.174550161923840985e-01
-5.822547231238408560e-01
1.055729475065745326e+00
1.388404923003458968e+00
-6.205977773812156872e-01
7.708393018985582046e-01
1.100146659730140364e+00
-2.764545584533141254e-01
-1.192728279696756433e-01
-2.250950655124481337e+00
-9.190216983441105159e-01
-8.553453814786766696e-01
5.748158651133020713e-01
-3.655928435652731068e-01
1.222803494852037876e+00
2.264093506311541049e+00
1.400036520707125254e+00
1.014721461083746279e+00
1.460482970915559564e+00
1.743388324114944155e+00
5.539356765209207945e-01
2.074403851461739556e+00
1.011187874663636022e+00
6.599224124045407480e-01
8.500891015340014123e-01
1.174150653922458876e+00
2.214614056658013475e+00
1.448594540583592050e-01
-7.351399802711107156e-01
-2.911047414215119922e-01
-9.673366377856132958e-01
-6.720287263758346619e-01
-4.196281260538788915e-01
-2.217120703025884154e+00
-1.700680370352665616e+00
-6.460643478569421116e-01
-5.601262652667329256e-01
-8.538769457132908691e-01
-1.008725133463668211e+00
-1.356006115859400118e+00
-6.641710161964489156e-01
-1.330565170441254219e+00
2.897609348922225436e-01
7.178585112296992365e-01
9.498294921284774484e-01
5.647666799716457575e-01
2.109414637674714932e+00
-1.716436417507914980e+00
-3.994461394822327316e-01
-1.148144989555167639e+00
-1.393213203806916045e+00
-8.261338712794967787e-01
-1.613213882439701097e+00
3.971472249169583080e-01
-7.986387862646153746e-01
-1.745230797435546988e+00
-7.956908222765045613e-01
4.453429702391826783e-01
-6.930300954144263947e-02
1.738322490388277464e+00
1.478956994895636479e+00
1.346996688740419446e+00
-1.122097393436504609e+00
-1.752182244864619376e+00
-8.742070129219365882e-01
-6.644924008916249791e-01
-1.775515454744437394e-01
-7.403783634359297761e-01
-1.920206502825688499e+00
-3.346500328649053557e-01
-9.141793996414449008e-01
-1.241831231620134979e+00
-1.376764050807414819e+00
2.975549995726289865e-01
-2.013543671757191955e+00
-7.148792116820402720e-01
-1.337929882675022775e+00
-2.964614303458487088e-01
-1.351300870975166157e+00
-7.981080179687485288e-01
-1.348768425954777417e+00
-7.256177388777814707e-01
1.037218125917257705e+00
6.168086591783227268e-01
3.145739214225867775e-01
8.431810382873008436e-01
1.022980939105843090e+00
1.181895144763476235e-01
1.617994070162337206e+00
2.134733834039130862e+00
-1.671212569350244426e-01
7.538288337721105181e-01
3.619799832238165260e-01
2.465312632595190845e+00
1.044278017004957038e+00
4.667161732155422627e-02
5.500817765757322064e-01
6.058815887808588485e-02
-1.867017366067005080e+00
-1.386574908787963523e+00
-1.973526934860025950e-01
3.473655946933387195e-01
1.163201489697199609e+00
2.347531975115830782e-01
-8.657615374021765398e-02
4.596218001369107853e-01
2.433026615454986885e+00
2.208132617343284476e+00
1.292163783445262615e+00
6.462795701663129888e-01
6.754784460168428151e-01
1.035588800991666059e+00
-9.171122967960581018e-01
-2.299961057851722224e+00
-1.806280603934157902e+00
-8.221329046607843694e-01
1.121411156591545222e-02
1.598773519131369003e+00
1.024312209378363203e+00
1.471693716817523256e+00
1.470603453797034277e+00
2.224682673310121039e+00
1.362536381972467403e+00
-4.256043424988615875e-01
1.752746611679673938e+00
1.560630150757426948e+00
1.650694104718642974e+00
-5.864443644859840266e-01
6.542047434675777318e-01
8.392826100364956243e-01
1.217554566353924228e+00
1.230608827888849177e+00
1.802717568746951882e+00
1.506721504866407324e+00
1.032535001548088305e+00
1.854315190578043060e+00
1.341882723345841244e+00
-1.219469077589915074e+00
-1.118030145071387205e+00
-8.932582045691297434e-01
-1.094654043986278191e+00
-1.605399714865243910e+00
-1.410704110380690990e+00
-5.276385833147434479e-01
-5.778117565032929726e-01
-1.613311257640711371e+00
-1.721244847720069471e+00
-1.131308407720909681e+00
-1.100940383181422844e+00
-6.326412830143591792e-01
-2.843030353965365631e-01
-7.779975395847271713e-02
4.913241077577323868e-01
1.318622861601564944e+00
1.144946125131127923e+00
1.546525883005190449e+00
1.471177090871011117e+00
-1.823866076727070462e+00
-1.355886643122513169e+00
-2.220067857480042539e-01
-1.967979865375792059e+00
-9.616958971625650943e-01
-4.245003526431602170e-01
-1.184880118054019160e+00
-1.106109865757079813e+00
-9.212596387926459407e-01
-6.274764905036354090e-01
1.394743430375042559e+00
-1.765362655545510417e-01
1.000586960033719386e+00
2.065850670111802900e-01
1.210354993063878837e+00
9.405159116525996232e-02
-1.605308727661169499e+00
-5.909219613754489453e-01
-1.210117323247243748e+00
-1.111358859895966722e+00
-1.004777548294455425e+00
-1.268785336167597588e+00
-1.907310791649730275e+00
-1.486429705069323814e+00
-7.444159684927484921e-01
-6.413554433067178984e-01
-6.267019129476262274e-01
-1.049643172158205351e+00
-4.462797237188860233e-01
-4.536904542413571217e-01
-1.595133730389385995e+00
-1.622994559906355549e+00
4.594027111938452368e-01
-1.328572408037921981e+00
1.006351537257179185e+00
8.501479219170349211e-01
1.128995078695580911e+00
-1.267806243274738343e-02
2.477492782305619201e+00
8.089227293834067023e-01
7.705160961362969019e-01
2.281489707357420738e+00
6.799837447129641887e-01
2.878870700813827010e-01
7.193707416075598715e-01
1.917439933484264003e+00
1.287723794601911997e+00
2.130048557075345350e+00
1.909912677598001540e+00
2.630924239768011930e+00
4.128310889772865977e-01
-1.525848408537814116e+00
-8.477203052450391629e-01
-9.774106470874022179e-01
1.055540230962104253e-01
5.656360534665150208e-01
2.269755630800315060e+00
1.353022139293319270e+00
1.682674412118137841e+00
6.455906205590916658e-01
1.160948653251496321e+00
1.170246084579120049e+00
9.228780562144109911e-01
8.601121240802738210e-01
8.266615694816314974e-01
-1.309398592422745367e+00
-1.856723104963538873e+00
-1.659813471195572543e+00
-1.403153217491911464e-01
-3.991482038098543850e-01
4.533012300018990359e-02
1.328769836914352798e+00
1.384685448677983821e+00
1.734795179934368603e+00
6.413622492387938134e-01
-2.931292087518500011e-02
-1.683718889647645156e-02
3.907754869288908584e-01
9.782101283000851355e-01
-7.353521006367282897e-01
9.524404323264122896e-01
-4.529881913397333371e-01
1.387078941525887732e+00
5.684217452532063231e-01
6.011096147059818984e-01
1.537423384015884187e+00
4.840293047400602289e-01
1.116893758299003725e+00
7.077859374107943191e-01
9.720206603109567967e-01
-1.277058872951316371e+00
-1.187770620071800787e+00
2.709300141321215882e-01
-1.129172366036279351e+00
-7.539418188538513643e-01
-1.670959024884200783e+00
-7.579449281993395626e-01
-8.004441753220576938e-01
-1.710857078973672341e+00
-9.705365126098876027e-01
-1.543772720874645676e+00
-6.009452155721795030e-01
-9.027634292319324238e-01
-1.272714605622858652e+00
-7.473248427429697305e-01
2.098991465143174029e+00
8.524237569673294157e-01
1.319809688142807858e-01
2.101262460160711498e+00
1.306679433027479353e+00
-1.298310875980984269e+00
2.247214899350074013e-01
-7.349664575425836066e-01
4.854981919865242190e-02
-2.422111786067024042e+00
-1.431083659971182476e+00
-5.651583470725223268e-01
-2.301793449696261096e-01
-6.123289622947458710e-02
-1.155974109282710049e+00
6.292617280235479615e-01
5.100286317383104784e-01
1.814071988156880755e+00
5.784863970225767593e-01
-2.857710021111952159e-01
-5.403069847420192140e-01
-7.105712866620760293e-01
-1.271004877296136204e+00
-2.372389893829569552e+00
-1.288565773358576916e+00
-7.232378665476505430e-01
-1.086305488799987007e+00
-1.541066156800423137e+00
-6.427689387355417505e-01
-8.137927422264228383e-01
4.031250305097593412e-01
-5.460575091177463092e-01
-1.813926928005917816e-01
-1.105925112651707787e+00
-5.257448773148820642e-02
-1.386748674878795384e+00
-8.868441879174471243e-01
-1.071051083902311740e+00
-2.049367550469376020e+00
-4.133270962849422414e-01
-3.847621650918231495e-03
1.193446417585803498e+00
1.828343191780582133e+00
1.369178101052150209e+00
-2.787244459688367204e-01
3.075704302215103159e-01
8.810448364507753594e-01
1.575072576672192692e+00
1.827587084217197955e+00
1.010231795849936720e+00
6.888207560102369564e-01
8.639854089286437278e-01
3.008870850532463503e-02
8.799390314852912898e-01
1.611594849660397344e+00
-3.797974971288360369e-01
-3.577806847494054976e-01
-2.336925203086916536e+00
-1.529769446983825887e+00
-5.498663210458047956e-01
6.341027271107373409e-01
1.863887984253576491e+00
7.999904328907490036e-01
6.384555616258196231e-01
-1.844583126387631111e-01
4.778999082285524391e-01
1.189524318319500784e+00
1.132174402124774826e+00
1.108907407421484415e-01
1.456365783942554781e+00
-4.215168330317063949e-01
-5.932219859810374807e-01
-1.094272011157540359e+00
-2.453087310325912540e+00
-1.820768362186365952e+00
-5.652099327980308896e-01
-7.768371145628893970e-04
5.706678811521725958e-02
1.630599108507224004e+00
7.292633611057108833e-01
-5.492345147576243036e-01
-3.553967437619540704e-01
-2.121213151295219257e-01
-1.742090713123399803e-01
-9.474410247355602444e-01
-1.461387603958414827e+00
1.003614878267884425e-01
-1.009296505108186359e+00
-3.937702462164830441e-01
-2.247340378514774528e+00
-3.874945673748187991e-01
-6.943242861535374733e-01
-1.260319308471923527e+00
-2.094972933740987475e+00
-1.327136832547409551e+00
1.043113315005857800e+00
1.133458614818219745e+00
1.669055359923917070e+00
5.546164822195269739e-01
5.667339463391198873e-01
5.827596144859259475e-01
2.477704409915509887e-01
7.237768813525667921e-01
7.265546355411661716e-01
1.255662112768163752e+00
1.597151489575630245e+00
4.850956054435715536e-01
5.895972945795678877e-01
1.424862940963869784e+00
1.503419317267989719e+00
-1.729317534394337219e+00
-1.497480832301697706e+00
-1.433731821618259072e+00
-7.171393719563735614e-01
-1.766323748594196053e+00
4.778700570490034272e-01
1.647776140770882858e+00
9.776759584093096533e-01
2.061973962099760804e+00
1.125122501895856164e+00
-4.838889810355739840e-02
2.116335751957225231e+00
3.896381941332038856e-01
1.460984433759516365e+00
-1.075100530344947902e-01
-6.467133854771600632e-02
-3.036664963961231756e+00
-4.633028704863200176e-01
2.337117672701369830e-01
-4.802210774550892403e-01
8.438707988000183624e-01
1.857547424557387084e+00
1.793867990760881437e+00
1.337839616803668807e+00
5.816305609252385711e-01
4.654345102654878774e-01
-2.297381740202741884e-01
1.420841270663361078e-01
8.874761924712546435e-01
1.069564288670127539e+00
3.616134806515439060e+00
1.914124452904490736e+00
-1.135513273326773209e+00
2.212882057511621703e+00
1.260957915519414607e+00
8.897305731564041364e-01
1.813942794372528811e+00
-1.938501827403893429e-02
1.880827462325753485e+00
1.725807620362050265e+00
-6.402828447929659328e-01
-1.483691127304858304e+00
-1.454724893263780183e+00
-9.561601821741776419e-01
5.591283029875726562e-02
-1.773169252019484388e+00
-4.607301649700428214e-01
-1.674278943739937020e+00
1.728203210874643680e-01
1.479087984829274838e+00
-5.995990279253053945e-01
-5.815303844786667842e-01
-1.354687063433513750e+00
-1.259078820343589644e+00
-1.007068442404694064e+00
8.519606121555400868e-01
1.020681032320407855e+00
1.251155150518860282e+00
2.840157580102604662e-01
1.244207993712684424e+00
1.530973796694792277e-01
-1.484615887593556671e+00
-7.001526325701028508e-01
-8.791221022242582395e-01
-5.468947051619617028e-01
-8.471590545895495428e-01
-1.472279936133351175e+00
-1.388439394656501014e+00
-1.558000172263875882e+00
-2.170910041058598416e+00
7.552125884985377846e-01
1.203398624545776396e+00
-1.154871214646813193e-02
1.109720812778006938e+00
1.165380793401506576e+00
-1.320334170566909826e+00
-1.770469339782932972e+00
-8.742630107379902871e-01
-8.849511807216545733e-01
-9.189040863220750976e-01
9.960668229960405462e-01
1.918803112855809179e+00
2.522528651246703113e+00
2.199392748626025629e+00
-1.186474780727710954e-01
1.266904572007208518e+00
9.488489222133721368e-01
2.019638049692740189e-02
9.291857925048699895e-01
9.263218071456262859e-01
1.994023427581923080e+00
-5.926920313394186124e-01
5.058828737611287263e-02
1.046354550991475563e+00
1.234941849076726772e+00
-7.022927200517268265e-01
-5.497868872966893417e-01
-2.625804977754189196e+00
-8.657801803247706651e-01
-1.679483320870844398e+00
2.529049374183474086e-01
-9.490396083242114145e-02
-7.220854433022618757e-01
-1.386984006063720187e+00
-1.075912630928605340e+00
-9.132973414361220676e-01
-1.029036380053459210e+00
-1.619312593873925010e+00
-1.943563712018016032e+00
-1.152779766103277259e+00
1.621453758471093742e+00
1.857921290962043059e+00
1.191159504420111315e+00
4.940455899805088480e-01
1.367718895416347946e+00
-1.005276111725777133e+00
-3.313237750272616244e-01
-4.975734259774110546e-01
-1.263412410227084059e+00
-3.840760985628660640e-01
-1.441487591504452936e+00
-5.301355127968967462e-01
-7.568351643267843265e-01
-8.851385692371318559e-01
-2.111249232642501639e+00
-4.202038219404711228e-01
6.148563022627527852e-01
2.405760467445713591e+00
9.822334372891960985e-02
3.401859270417673109e-01
-1.345566639717793000e+00
-4.043689273354920122e-01
-5.327277426348860923e-01
-6.934800948757118277e-01
-1.351068062566405992e+00
