-1.383607314572540936e+00
-5.859524885092939339e-01
-1.893124869830948853e-01
-2.206569179370277745e+00
-1.523203506816766195e+00
-2.096135223020457516e+00
-2.192716641075452610e+00
4.610052574456524610e-01
1.470542760751956113e-01
-1.234210838217823403e+00
-6.819092258944727813e-01
-9.305915006826079861e-01
-1.499921755531695267e+00
-1.147019791502537966e+00
-1.877200917442212402e+00
1.608205990900462456e+00
2.751777625445386732e+00
2.611054022075188108e+00
3.800857640860850761e-01
2.211905035477855108e+00
1.038173120301262964e+00
5.666238150676197183e-01
1.605127775354275865e-01
1.767985411098293991e+00
2.437326039159241065e-01
1.172891126561578901e+00
2.680297755182605712e+00
1.077691613759020228e+00
1.271716983723561789e+00
1.672970942006013484e+00
-1.426508246420890913e+00
1.737491999724209535e+00
1.824044760778403163e+00
-1.431790880040376690e+00
-1.344343061578661125e+00
9.977266228764964939e-01
1.001272816568310020e+00
7.268556845178497650e-01
1.184021641336491681e+00
-4.627762751089665727e-01
9.356079750497420244e-01
1.187636186987872877e+00
5.929873061832668935e-01
1.321808898009897204e+00
1.208091995262725149e+00
-6.967233046984704359e-01
-1.267235042775427534e+00
-2.391607284409562162e+00
3.886248811806125580e-02
-1.764652662507296021e+00
3.600125833942686704e-01
1.382445907896177939e+00
5.537464357252823710e-01
3.384221775701795831e+00
1.495259676537281868e+00
1.090923384757452652e+00
2.658125794656516661e+00
2.055291546474845354e+00
1.071270039208930935e+00
1.251481516431032892e+00
1.126061422459072370e+00
1.078170056415121980e+00
1.179630312197424313e+00
1.651116254881634049e+00
2.030201702619141457e+00
1.410422821475731947e-02
7.631350341758831313e-01
-5.176415135564347292e-01
6.401105390810079010e-01
1.680087743934866484e+00
-1.859812366365740655e-01
-5.945740381590982615e-01
-1.948905399142301098e-01
-9.551511020547892583e-01
-1.067344200659650078e-01
-2.321557072180344683e+00
-1.950175543024756486e+00
-1.076783948965119864e+00
-1.223908241875552028e+00
-1.237237826127439710e+00
-1.021361935168507706e+00
-1.080465451204588589e+00
-1.080823996006472276e+00
-1.140317395999928873e+00
-6.103774388523086625e-01
1.376987296531480442e+00
7.657999348074735479e-01
8.050832453013133660e-01
3.587652536016167071e-01
6.140464373523881747e-01
-3.474073788885663205e-01
-1.868817948699053044e+00
-2.646797597927882384e-01
3.688416769229327929e-01
-3.398839446200622172e-01
2.377208973588507135e-03
-1.261018575873303682e+00
-5.024396590614579328e-01
-1.943466664951702949e-01
-1.576826357817154634e+00
2.459175026312405699e+00
-4.347813311377990431e-01
6.347732076778855870e-02
2.264006091394762166e+00
3.971267465976122679e-01
-2.067625682140006749e+00
-1.627396500669127777e+00
-8.152494679288286861e-01
-1.252957425890970145e+00
-3.623697922059387899e-02
5.954411577193963190e-01
2.736301587601381868e-01
4.475724917863852514e-01
3.400159022899069683e-01
1.620560491749682086e+00
-4.817080746749780040e-02
1.940800163268163292e+00
1.874798860984411952e+00
1.406824797454902853e+00
1.158411492482903205e+00
1.089793264145056728e+00
2.466140513264430956e-01
1.117119605828668316e+00
1.482179284903437644e-01
1.430608611037414102e+00
-1.650512670324925324e+00
-1.036666190034172486e+00
-1.916193399695313992e+00
-2.902404846883195333e+00
-1.049633677714909563e+00
-2.226844003044964326e-01
-8.368799644167115304e-01
-1.448146402235316987e+00
-3.852725073524068122e-01
-1.486209394737950662e-01
-2.166598812182745970e+00
-1.862679105290903081e+00
-2.065509329262742888e+00
-3.737941966730637944e-01
-9.806319518204064112e-01
1.323904751665104573e+00
1.233271688991074200e+00
1.050484392409897216e+00
2.736914525095440753e-01
1.527449559135725110e+00
-6.603290555019654118e-01
-1.021135981753421129e+00
-2.381455621525894184e+00
-3.388170368400051480e+00
-6.254405780486154143e-01
-2.413789678186282206e-01
7.304620891669391103e-01
-1.822878020647165531e+00
1.097877536873246740e+00
-1.151815878507974844e+00
2.121312226379334476e+00
1.067236255802397782e+00
9.478763015442468465e-01
9.551930491492930386e-01
1.749151423909960812e+00
4.259336830604678603e-01
-1.209768202208903576e+00
-2.391193180766708171e+00
-1.155881938431922329e+00
-2.426446718827137694e+00
-1.432344878030781921e+00
6.075089716894883640e-01
-1.636854248950949442e+00
6.326321380283572715e-02
-1.495610298952503525e+00
-4.236686901900236224e-01
-1.869065259444301574e+00
-1.112302227307466751e+00
-1.420124050339638178e+00
-1.112140912165277218e+00
-3.484223071417117401e-01
1.415066180262108286e+00
9.043578584312039759e-02
1.490265166025379617e-01
-4.979869576176976231e-01
1.056204795806547470e+00
-1.781696038993119124e-02
-4.439201737613003296e-01
7.492815848115873534e-01
1.409621374265768834e+00
2.340187542622502281e+00
1.718823338518214339e+00
-2.349376918072383358e-01
8.416543817789298165e-01
1.201031310259762730e+00
1.218896765873588306e+00
1.351054734909447497e+00
1.098088516287055727e-01
1.895012205620747903e+00
1.049389544722464374e+00
-1.851151938308807532e+00
-1.369620421263463061e+00
-2.259288326995243068e+00
-7.611013211156403280e-01
-1.373233392320152291e+00
1.410721155279393457e+00
1.821648086520498699e-01
1.385390292449389493e+00
-4.227445305208088477e-02
7.370923726656422037e-01
2.127861836099570247e+00
2.177364245269400200e+00
6.578218242253250914e-01
1.159135340712015960e+00
1.997509999751160947e+00
-2.139502308611128001e+00
-2.027844382031461556e+00
-9.378119669255047253e-01
-1.304128893152726620e+00
-2.932267533325161324e-02
1.080925505630300432e+00
4.036270150976634108e-01
-2.315174306398100068e-01
1.484412631386154091e+00
2.705677387884219964e-02
1.711776851514889231e+00
3.631858721189902273e-01
1.297600883946867123e+00
1.435998776783611985e+00
4.601029024637204312e-02
9.665545645730927449e-01
-4.870421559757291963e-01
-2.722908437027804496e-01
1.016942169795819195e+00
1.374709704233467722e-02
2.903308679760134847e-01
2.786233336645574932e-01
1.213605834906223535e+00
1.503599488266894824e+00
-9.240759066372854491e-01
-5.379418149452475095e-01
-2.740022948232938571e-01
-9.156038783309943252e-01
-2.709392728155559205e+00
6.766458649205975284e-02
-2.046836399928659844e+00
-1.543684754249038615e+00
-2.058713146495906088e+00
-5.739976308716612241e-01
-2.449202343843452923e+00
-9.202510469968085971e-01
1.603964118956049401e-01
-1.927343361795979870e+00
-1.491793079110324438e+00
-1.441109452228590326e+00
9.686093492702521068e-01
1.335057158807145150e+00
1.059302892806568197e+00
1.387461267683847144e+00
1.961867169885656681e+00
-5.807527859069909759e-01
-7.331138746324277200e-01
-1.484911790786339170e+00
1.304581604837895537e-01
-4.639736587381136923e-01
-2.248079655853371328e+00
-1.099563241869976782e+00
3.612578186465180696e-01
-5.534644616513543225e-01
-3.401482495665617556e-01
-5.197377554798920940e-02
-8.791503489861427489e-01
5.942708506329137386e-01
9.705743987477077894e-01
1.969617434097421960e+00
-1.422193353908284275e+00
-3.124364248186930482e-01
-4.537683428211077841e-01
-4.579805905909478669e-01
-7.991491802404693257e-01
1.434051502996516181e+00
2.191533872785035975e+00
2.672262651637561381e-01
-2.786441624809281592e-01
-1.401025987687802843e-01
1.224998456249936529e+00
6.479364703176091478e-01
9.677189281021409961e-01
2.428073375673498457e+00
1.584379266509624573e-01
2.124505365310295435e+00
9.435317480032029414e-01
1.191723819114497651e+00
1.732977087162376861e+00
8.972309671729257197e-01
3.361645474091929930e-01
-1.394860171364827206e+00
-1.285564035948817629e+00
-1.211038179299261719e+00
-8.003669939103108533e-02
2.729711250479418538e-01
-1.265421170433179476e+00
-1.991809193385778887e+00
-2.202996023791361502e-01
-3.849627293340969203e-01
-9.884465717054961020e-01
-2.664913579006432665e-01
-2.194803273768985985e-01
-5.247211579864632380e-01
7.847727243873925396e-02
8.957434825432510905e-01
1.062795766146628962e+00
8.241005065304232158e-01
1.110818472868917217e+00
6.553099635120854805e-01
-1.006890841507285028e+00
-9.201516513388846574e-01
-1.537632129284041138e+00
-4.811664411723352019e-01
-1.729439361537888464e+00
-1.471574874407526545e+00
-1.571216690679073658e-01
-6.537033533222138537e-01
-1.697806357958309587e+00
-9.201334824258665668e-01
3.836201672292264275e-01
1.462493624134031833e+00
3.648857745420711618e-01
2.776934067708494602e+00
1.664164358798612131e+00
7.852950141609249535e-02
-8.009092454504699310e-01
1.029626628834929836e-01
-1.100357604885884966e+00
-6.033492737056287414e-01
1.349507658511973851e+00
-9.218796206923138836e-01
3.927237330212350885e-01
2.793944988264350560e+00
1.225436031871776077e+00
-1.744786800059028309e-01
1.333604667585732706e+00
1.737398678464635582e-01
6.948910728548125526e-01
1.647261607784446191e+00
-2.421769740586687814e-01
5.261324027655928104e-01
6.043050089588102303e-01
1.564077204938161270e-01
9.438514158209218019e-01
-2.041811002039064071e+00
-2.162703166938668708e+00
-7.456707227237557856e-01
-1.193404480267499235e+00
-3.525607527785711293e-01
-2.271713760513542901e-01
-2.243272766534557761e+00
-2.104587454827431703e+00
-2.781666405306150835e+00
-1.758267597776904889e+00
1.025133294290814234e-02
-1.087191559154511378e+00
1.822159497005009232e-01
4.024860721014733578e-02
-3.185722901282850295e-01
3.858315964714990054e-01
1.602648652664347306e+00
-1.237976197403809486e-01
1.531312713034251871e-01
2.639326599891196334e-01
-1.208089250304481999e+00
-6.748668534404913544e-01
-1.707744195778745588e+00
-2.261868319784204218e+00
-1.115554343140713334e-01
-1.276513799126701709e+00
-1.278231301544835663e+00
-2.033416581484806862e+00
-2.008458899446017298e+00
-1.016280359381669829e+00
1.237143021870071635e+00
1.644195475046108079e+00
1.660619800498595477e+00
4.966252107342808975e-01
1.005705914371978871e+00
-1.764455951902545117e+00
-1.927687969391893574e-01
-2.106454671816765156e+00
-1.072943848010571966e+00
-1.320823362827829417e+00
-1.249002899266107303e-01
7.538113236955095164e-01
2.327020303215044938e-01
1.587695879321301629e+00
-6.865553387750522596e-02
4.515797338378892967e-01
2.337038828901314425e-01
1.251107795497403918e+00
8.944679070631964546e-01
1.815205422458595397e+00
1.388385384543919798e+00
-1.687539637148340876e-01
5.902997153142746090e-01
1.705394364399587692e+00
9.700325157958847866e-01
-1.174434625598113291e+00
-1.138981737935527150e+00
-1.378462939200721937e+00
-7.242264715954974674e-01
5.641414287071211398e-02
-1.013374806192431921e+00
-2.096829084523812003e+00
-1.910875102954008309e+00
-1.963888720075526395e+00
-2.271958080643512901e+00
-5.522701251247171816e-01
-3.973868372431270668e-01
-1.116036140128071397e+00
-2.424313886332062573e+00
-8.588903664272705685e-01
1.639071123706968613e+00
2.099235837090327905e+00
1.021859015294503958e+00
6.207095999474051551e-01
9.387942531803538104e-01
-1.304481582433466125e+00
-4.737572156264144851e-01
-1.609321935780567259e+00
-1.355371797193979377e-01
-1.349014497082006825e+00
-2.932102529820648229e+00
-5.105034245996356024e-01
-2.490794568275327414e-01
-1.492653638524007231e+00
-5.675519860275306527e-01
3.574455815815406057e-01
1.088142581975961809e+00
5.567481004247405441e-01
-1.529587989715461838e-01
3.057435018915266589e-02
-1.441917613591954916e+00
-1.106110409841512210e+00
-1.022771257282764745e+00
-1.359342966298728639e+00
-1.224484409470525392e+00
-1.306837905211619244e+00
-2.055928916139469820e+00
-1.827140818964966273e+00
-1.143313342192924686e+00
-1.176853967938362722e-01
-1.422170191199509048e+00
-1.088920571961407457e+00
-6.837128846329389997e-01
-9.832301465523169970e-01
-9.183085159166618494e-01
-1.389995568216511268e+00
-1.354837840378072755e+00
-2.828416099409176709e-01
-3.563098364680330477e-01
-4.609941122207970032e-01
6.462313962261783118e-01
2.817288845491261462e-01
8.022745667187629603e-01
1.684983656443070466e+00
2.578506840287090540e+00
1.103978711907445343e+00
2.496972565319862447e+00
-6.150433628149842846e-02
1.677274052918181768e-01
1.876376813316860570e+00
1.245681146081928814e+00
1.882324023776260846e+00
1.969727186397210339e+00
9.308330872353018925e-01
1.181032372560621546e+00
-1.822540362866600816e+00
-4.445105460865611535e-01
-1.751944310225930224e-01
-5.195439245676058970e-01
-8.705089545169113485e-01
1.015280132372641031e+00
1.887240173852758218e+00
1.126385611797681818e+00
1.372786826472125465e+00
1.036805531439420891e+00
1.361417800749593843e+00
2.528600953730318679e+00
9.541877007761501162e-01
1.927960041654336099e+00
9.361788795845058520e-01
-1.260228796915304095e+00
-1.244167723893991662e+00
-1.248138857869228957e+00
-7.549115257738662210e-01
-1.133915376829119914e+00
1.084600843711423179e+00
1.217150027079249464e+00
1.080428001830612272e+00
1.514765494888456132e+00
2.451866729958282143e+00
-2.752761834060060142e-01
6.718198636482178854e-01
8.526927659032325080e-01
2.963483820293820736e-01
7.698773862213923458e-01
1.773970566291559692e+00
1.074902834812558883e+00
1.185766415238297400e+00
9.895658442973161995e-01
4.090116636637264325e-01
1.973501201328028420e-01
2.762195360634263075e-01
-4.708179256473941088e-01
1.298709447738717104e+00
1.141311337676639726e+00
-1.417535517592586336e+00
-7.919762251537930675e-01
-2.620079176246346897e+00
-9.511826783929780982e-01
-1.363376952209129467e+00
-1.749344671784969663e+00
-1.685663303972127824e+00
1.354577520553990055e-02
-1.011354530303615773e+00
-1.701376014227895972e+00
-3.873355910836284721e-01
-1.518783373694972516e+00
-1.419556770606975160e+00
-1.524321794024894317e-01
6.132056378477022118e-01
1.632164235967130672e+00
9.713440227511179748e-01
9.053078813375620149e-01
1.080145028049199540e+00
4.924678287944600497e-01
-1.220569925818071999e+00
-1.507597820099399577e+00
-1.473007013324965975e+00
-1.385025093065037405e+00
-9.838472920740081173e-01
-1.521264640999689721e+00
1.825606107626258634e-01
-8.969168796450861514e-01
-4.447604236122915111e-02
8.137189367721000544e-01
8.734228717322886082e-01
9.189763839726343697e-01
-9.248465776535419458e-02
1.227103629810676777e+00
8.898110181297690380e-01
-4.056467528160424552e-01
-7.107282551108516921e-01
-9.685803580988913142e-01
-1.391851187909805665e+00
-1.376906582267682477e+00
1.669891694660582626e+00
2.220165970407312450e+00
3.436366466337149816e+00
-8.880668734787522389e-02
1.020103056279608289e+00
1.211888000248285469e+00
2.331039019907606979e-01
9.018407968035668798e-02
9.317494697280543914e-01
1.536166763918429545e+00
-8.175839531377815383e-02
1.099030745112219432e-01
1.413782585429228522e+00
1.993504614273100106e+00
1.920527266244296039e+00
-6.604104550968064036e-01
-2.197195914074698386e+00
-1.225619319027950960e+00
-1.375403182351498277e+00
-7.328386396484019016e-01
-1.074982080691767594e+00
3.183141154192359323e-01
-3.071282509288184581e+00
-1.553437963754058515e+00
-2.366012197424916863e+00
-1.428025374746570098e+00
-9.759088540674865087e-01
-4.623610091255049293e-01
-2.077437659787806368e-02
-1.913497495053125386e+00
3.112925127364957412e+00
5.367401332361476651e-01
2.062168650935263692e+00
1.125036646605197976e+00
-3.138716897760158719e-01
-2.217153677662844657e+00
4.769962312226463386e-01
-5.973270687931140355e-01
-3.762814202515913919e-01
-3.046551571428317562e-01
-1.426971394207094956e+00
-1.488957095440078593e+00
-1.594190879397395344e+00
-7.794987503378436600e-02
-1.165719888476939747e+00
7.362208958336424747e-02
6.503889899585340029e-01
-2.873211529438981504e-01
1.046686811157068631e+00
4.949751751825945956e-01
-3.199558023750392888e-01
-8.361049709379876349e-01
-8.548319176099621330e-01
-1.209294269681489009e+00
6.886767893376752880e-01
3.997187861947001375e-01
4.222491083674062562e-02
9.527835757845388720e-01
3.389796365443330739e+00
-7.399911955719735701e-01
1.057448998306198096e+00
3.816193737335749070e-01
9.852514427590132184e-01
2.224379002087366608e-01
3.332365718496298257e+00
1.462477513899672399e+00
2.774755377022914971e-01
1.824574873557183174e+00
9.788761179858044281e-01
8.120722783722689186e-01
-6.962271114806342087e-01
-1.483294497774119147e-01
-1.536036925640243300e+00
-2.043028353072559256e+00
-8.054479058404070413e-01
-2.364577467863896665e+00
8.362906238492029409e-02
1.648814734446082397e-01
-1.747810281767665064e+00
-1.129834804187254127e-01
5.163738192368405588e-01
-9.089874610466470717e-01
2.926537752288842498e-01
-1.193274554725476388e+00
3.754001381118432512e-02
1.818868268873680361e+00
8.044979391492956822e-02
2.345425762711257356e+00
2.080919872252283032e+00
4.633181940854615988e-01
-8.218608284958497379e-01
-1.694800603278798334e+00
-4.360439236450798228e-01
-3.207003857474128861e-01
-1.284510002376261228e-01
-7.986528485115123033e-01
-1.707524712479336682e+00
-1.637705467260916148e+00
-4.063140192200737077e-01
-2.369336895956047684e+00
-6.332004025406661185e-01
6.537030639488350392e-01
1.295235284241601281e+00
1.779197425593082027e+00
1.535998870587248710e+00
-3.536968567662752694e-01
-1.790977574752350421e+00
5.681812145954787674e-01
-9.814602757845246606e-01
-1.893795411183779587e+00
-7.588349022340785677e-01
-1.708272041569145250e+00
-2.119630935131099569e+00
-1.247273034190955698e+00
-6.661917871414986259e-01
-1.704866506684772132e+00
-8.820075256170948341e-01
-1.031747703661637816e+00
-2.218711834465061816e+00
-1.800569735617636891e+00
-1.775280413246440148e+00
-1.368585150162761943e+00
-1.267377041385673309e+00
-1.612855398590598011e+00
-1.083700902302859426e+00
1.987871402358997397e+00
2.664547881079768477e+00
7.040831827526592424e-01
8.635214555209095311e-01
1.927474355154392249e+00
1.712290734672614168e+00
1.554579670007283365e+00
1.518138655004722448e+00
9.798315481373901514e-01
1.384085603667849940e+00
-6.347810038732522031e-01
1.235624898968424867e+00
-5.355782869834757598e-02
7.449023141165560524e-01
1.582784127315095768e+00
-3.024880126013566040e-01
5.727837017877508430e-01
-3.349282378224065493e-01
-2.004180672629487514e+00
-6.319727677519859643e-01
1.538245019100306754e+00
2.754204112489786471e-01
1.965705600345898141e+00
3.751001582332440520e-01
1.367023190074261096e+00
2.257196656173801941e+00
1.292566185416351709e+00
1.384758756423595472e+00
-1.701508454549972793e+00
9.605241173949348177e-01
-3.941050412804035785e-01
-4.054377494350834832e-01
-1.804172823568117590e-01
-1.715387448664716263e+00
2.301936496818872691e-01
5.356954327878689082e-01
8.217723916142485319e-01
1.493382690403100010e+00
3.816045750333802999e-01
1.367296754333207742e+00
-1.410204537037273997e+00
3.081283399230327902e-01
-8.351646147381631691e-01
1.611367562184429225e-02
-1.632109113919492094e+00
-1.293389579462638217e+00
-1.177454827786418079e+00
-1.056728007281593440e+00
3.181395117761920410e-01
-1.126784592980951238e+00
-1.069819021295694617e+00
-5.722338986983193099e-01
9.688153581823251148e-01
-6.239838487833615499e-01
-1.077347532464277613e+00
7.578897064967359265e-01
8.388106263875885205e-01
2.025606063091592191e+00
2.670002407813147016e+00
9.975268729772320819e-01
1.553521315393531665e+00
9.664585126538324245e-01
9.469226588101941067e-01
1.406740293979213741e+00
3.364965370047845461e-01
1.099730684157201654e+00
4.431891847086533165e-02
5.090341626483716464e-01
3.129695455753698230e+00
-1.565644367693370675e-01
4.491907646798949383e-01
-1.452290259285271556e+00
-2.244771138761243456e+00
-1.636491711122545212e-01
-6.750350646600731253e-01
2.704122921336253871e+00
3.782949102449018053e-02
9.408050820036439887e-01
1.002818695312371000e+00
5.230813066897499475e-01
2.193525571753335512e+00
1.789689865938499214e+00
-9.903583475463930696e-01
1.035358611166705911e+00
2.052041816051339396e+00
-1.057548937153605317e+00
-1.128266771363732879e+00
-1.870238898262560179e+00
4.001174980982529217e-01
-9.928829971894483908e-01
2.894866616204671672e+00
4.132337707423300310e-01
1.419769661515488224e+00
1.280049434014143062e+00
8.442265648515365761e-01
3.613016625956004813e-01
1.954570009301748623e+00
1.214566797101988893e+00
1.415610475550865832e+00
2.889576602548031836e-01
2.170102904609493955e+00
-2.703400079574158621e-01
6.538003495102889806e-01
2.637314868452173000e-01
2.314625512781456340e-01
3.040166362817733336e-01
8.796110723623029592e-01
1.478026556087111754e+00
1.255242409568905426e+00
9.517361613438390933e-01
-1.703840418258244505e-01
-9.096135212261611258e-01
-6.943798868361666932e-01
-7.131333459540762920e-01
-2.152612881786209353e+00
-3.430944223896025047e+00
-8.816628159077279925e-01
-1.532019336967530787e+00
-5.281860007459141526e-01
5.726750050516169477e-01
-9.638928933522539211e-01
-2.857090605392458293e-01
-1.496766824265432838e+00
-1.512936394493418657e+00
8.172519705105469878e-01
-6.021747635940610799e-01
1.605806946537204016e+00
1.422474897913085012e+00
2.235505490903077153e+00
3.785528493596933552e-01
-8.445928636292294733e-01
-7.987364258214882939e-01
5.148039603548157928e-01
-3.836033537733425369e-01
-2.205157348563207442e+00
-2.225010670001783986e+00
-1.864171490503388373e+00
-8.430009949948223946e-01
-2.839075695142053490e+00
-1.181935118984076327e+00
1.381862823019903708e-01
4.115733841501959533e-01
4.741680946978165112e-01
2.582474419592860393e+00
2.909224356024789238e+00
-8.348005372801059476e-02
-3.000451447336864863e+00
-5.979813486805276579e-01
-1.099862410184299533e+00
-1.277685456074778347e+00
-1.074996604224227603e-01
-1.164233530417239981e+00
-1.003588577779890301e+00
-8.894219463664210235e-01
-2.034715837515912007e+00
-1.566291303550997327e+00
3.519971366998668749e-01
-7.300641402416183645e-01
-2.253029456246927520e+00
4.326654284232220871e-01
-3.143690265498568781e-01
-2.166483995903186743e-01
-2.171876526199106650e+00
-9.607437774032316913e-01
9.297432811400740960e-02
1.417898618868988603e+00
9.367463083311748928e-01
1.575263039308731461e+00
-2.829081303612033249e-01
1.717761360852294361e+00
1.665774032420509254e+00
1.404302030387988731e+00
3.877652432024141227e-01
7.124537988169044045e-01
2.022782575921439063e-01
6.008608286309542468e-01
2.768418974858676496e+00
1.646711113720686015e+00
3.000340791256869144e-01
1.140584855896861427e+00
-1.059044831831257527e+00
-1.385559490520759551e+00
-2.058285597192397454e+00
-1.217901842440873850e+00
-2.739761125580522094e-01
8.143164612431432747e-01
1.160958078552694062e+00
1.582213098763444403e+00
1.558523649200166616e+00
-7.062443569377574448e-02
-3.560150748289967471e-01
1.312004937258079540e+00
1.927734683073472066e+00
2.144676097014587279e-01
-7.668364209189257874e-01
-3.902788877748259999e-01
-9.212942388548888140e-01
-5.623802748376982574e-01
-8.161308331229704116e-01
-7.534682580138212238e-01
6.776513107947215175e-01
1.565050904318158853e+00
3.555663914087761057e-01
1.835753411322101236e+00
1.515372942473431905e+00
-7.861757913660870623e-01
-1.031869418387498349e+00
-1.880506525508808480e+00
-2.025988150281314404e+00
-1.192054430986333013e+00
-6.998723569360580932e-01
-3.128008420366839015e-01
-5.365934868290147541e-01
-2.739839397262003873e-01
-1.645882257075672150e+00
-6.704348875210539571e-01
9.130841000531053631e-02
-1.108512663659067199e+00
-4.695497563154117371e-01
-1.950273989230423943e+00
1.051165912159740756e+00
1.058746126803022936e+00
1.182072105934354189e+00
-3.019837481353482289e-02
4.355991925892963579e-01
1.241461354366240055e+00
1.012039025351499699e+00
1.031336999542390220e+00
4.804458270583449320e-01
8.780449523277866763e-01
2.357379453541142977e-01
1.248208435386645609e+00
1.382429553224306717e+00
-3.138069424590488321e-01
4.009033208627061917e-01
-1.831606919503582454e+00
-1.091739073242468772e+00
-5.545995762938570328e-01
-1.215462074856133556e+00
-1.112423229394414959e+00
5.026802714784126547e-01
1.817388837541760616e+00
1.247542063706936766e-01
3.644231028222295610e-01
1.454769772980037068e+00
7.738341274967038830e-01
6.150074172513599891e-01
-2.262929453754121134e-01
1.205651035693785289e+00
1.214511964909787300e+00
-8.117714171597113504e-01
-9.202190947608543947e-01
-2.638573077549652979e+00
2.496200165521280656e-01
-3.107655891222371736e-01
9.100430178884081345e-01
1.046060079078730221e+00
2.615661914881528993e+00
-1.407250943517310837e-01
1.560534197589556804e+00
1.412562938910188581e+00
1.358327150542382178e+00
8.707156366241211032e-01
3.034761737106670854e+00
1.341276077082805607e+00
2.518049752550671982e+00
1.425101958607628116e+00
1.953149535162314709e+00
1.129395391075019184e+00
8.700551556758250316e-01
2.414824130462270624e+00
1.396840608617007984e+00
1.436050275861661341e+00
7.414709788981197480e-01
1.614769126566769630e-01
-1.352548067928456499e+00
-1.020486567464513827e+00
-2.037958644026482524e+00
-8.698596134748769471e-01
4.848677169385773311e-02
-5.919065758307708869e-01
-1.585309775140613109e+00
-2.756263644751086872e-01
-1.464791941703460498e+00
-1.606243720348756288e+00
-1.269739194721264397e+00
-2.682420728354201200e-01
-1.086515066129614127e-01
1.171967402110254408e-01
-1.005202771196335609e+00
6.791188795739075967e-01
9.498841477194385208e-01
9.665464963381399377e-01
5.166522235813100217e-01
1.153721693187912178e+00
-1.279894582411597259e+00
-1.101929939812013703e+00
-1.051274093003428334e+00
4.703495683250065174e-01
-1.011185391953379975e+00
-1.890192323910900196e+00
-9.349548743087288116e-01
-1.533841713058039513e+00
-1.339819473605328382e+00
-1.753342393831805346e+00
2.037859837990781742e+00
-1.406697964234218556e+00
7.428466038737003840e-01
2.114047825806184555e+00
6.425341302837113133e-01
2.125075595245802251e-01
-9.053022608855246789e-01
1.031057077626892138e+00
-6.202882701072505167e-01
-1.637180986328974353e+00
1.918036007778332497e+00
2.376360094290596026e-01
-6.668911987542736064e-01
1.102252229672134876e+00
8.507155406047354207e-01
1.406973055752458679e+00
1.609353172415356248e+00
4.394163027144842859e-01
9.219081494376420993e-01
1.896165091228777744e+00
-2.071701522949256358e-01
8.389988001737416212e-01
1.657654132368171274e+00
-5.055855842760559327e-02
2.211920360794800366e+00
-6.745143703148130943e-01
6.218532770226339323e-01
-7.652345768233260737e-01
-9.455926386157132990e-01
7.792037044119592970e-01
-6.397439885114879488e-01
-1.160785266332000631e-01
-8.364515390694942099e-01
-1.504377264213907051e+00
7.115709646908818797e-02
-1.148586324657691060e+00
5.612127249463161327e-01
-2.076880167739028948e+00
-4.387603186118768095e-01
-1.253933890413720942e+00
2.367077251521894077e+00
1.259026755943961629e+00
1.264789842549541188e+00
1.992598560292719423e+00
4.326222179280628799e-01
-8.301051964364473124e-01
-2.626676063054107946e+00
-1.232873401274013903e-01
-1.420782146371421417e+00
-1.540821454501147603e+00
-2.593027098929183261e+00
-1.515844931424805697e+00
-3.089240431754123328e-01
3.153362261104302178e-01
8.269605162071758109e-02
1.082710410278106439e+00
1.896606274726643893e+00
1.393412653505879950e-01
2.904476814745839519e+00
1.683405631055518326e+00
-2.034892805678078176e+00
-1.199265724006461475e+00
-8.933143553167373074e-01
-1.277072876734518525e+00
-1.025102480531502769e+00
-1.319935832695810163e+00
-5.224719675847064870e-01
-2.816708151901919699e+00
-2.087955458637000383e+00
-1.121875983071777938e+00
-9.793652174523534981e-01
-1.454246681141149855e+00
-7.491825720815048495e-02
1.165608259078079634e+00
-2.500661019728207535e+00
-4.551349988054154139e-02
-2.121877188192636154e+00
-1.715719653464611749e+00
-1.067345047612610509e+00
-2.896478399988365870e-01
2.111035400226759950e+00
4.638623724073980270e-01
1.354074102533908031e+00
1.647042785943269916e+00
1.077390415483598929e+00
6.621749507609071550e-01
2.455518424084364160e-01
-4.822949030692202932e-02
2.615735667947082455e+00
1.986341454275660112e+00
9.233196281939736183e-01
4.642980475921006933e-01
1.652483763668859851e+00
1.443078886567704444e+00
1.950460859020475279e-01
-1.110387082406860682e+00
-7.640676992109345367e-01
-1.217972935075540608e+00
-2.098210580843615336e+00
1.474441308099212478e+00
4.328687081258079106e-01
8.382360015525370800e-01
6.124003538025202253e-01
1.902822170772844323e-01
4.921030326260076304e-01
1.497832648156034008e+00
1.357702115435937662e+00
3.434968618078222402e-01
6.330035510736664595e-01
1.757766458275233257e+00
-2.211443240670921906e+00
-1.062000653529600047e+00
-2.128113233779863833e+00
-8.410930008289511095e-01
-1.556328031298281900e-01
8.086467894897209074e-01
1.071874382749589127e+00
9.241384541552448706e-01
9.515393688242039794e-01
6.163951453441853801e-01
1.495926320600745818e+00
1.870068809213557559e-01
1.418150050879289914e+00
1.736452238884070187e+00
1.333127159530188344e+00
5.573272301924649952e-01
8.545568428135279504e-01
5.980902193210617668e-01
1.441750867162605143e+00
-7.019719938159139083e-01
1.101784889344550100e+00
1.636667345962026676e+00
1.996181273090946506e+00
1.377080464796048176e+00
1.263139995927790027e-01
-1.391769298035986591e+00
-2.961993051021405421e-03
-1.343897425527492251e+00
-2.085426299126917016e+00
-1.249768380790495348e+00
-2.297249924621686201e+00
-7.522184647185957695e-01
-5.679098573017563600e-01
-9.067922585490653109e-01
-1.215355779608290110e+00
-1.829325499400192845e-01
-1.000209233624366645e+00
-7.049861092247462491e-01
3.816535717785582982e-01
-8.216201783466461350e-01
1.092019774305601487e+00
1.806418454643106131e+00
1.390797058702333278e+00
3.243793470884758223e-01
9.061663056482696099e-01
-1.882328799371915107e-01
9.847241323383415512e-01
-4.656910978069784823e-01
-1.142059723660941994e+00
-1.056169701670022221e+00
-1.424103195951355927e+00
-8.134761079959673680e-01
-9.799670171489152093e-01
-9.841059068679661737e-01
-1.920022432066185170e+00
1.520608762391384872e+00
1.338486977580514159e+00
1.325088800457222771e+00
1.335459923505739610e-01
4.483874162603610491e-01
4.685117612556364275e-01
-5.234161831605360637e-01
-9.595234970506200112e-01
-5.475629388415352850e-01
3.418542569748563853e-01
-6.935838013430974947e-01
-1.778897296430912656e+00
-6.543021070673111783e-01
-2.538712466199566364e+00
-2.284351479742641189e-01
-4.080118820507220301e-01
-1.991131412230573439e-01
-2.746208053686114425e-01
-2.909744883387512804e+00
-1.319545664453254386e-01
-1.031439218508490852e+00
-1.700522054802267480e+00
-1.783728599821529093e-01
-1.786555416956877362e+00
-2.011306072342348372e+00
6.797838504666866566e-01
1.585109445841691667e+00
7.098554207336233990e-01
-5.352204848240125212e-01
1.731755537317226423e+00
1.433449459247738478e+00
1.018146233519775956e+00
2.019524632521110696e+00
2.541916075278343179e-01
1.149514600191982039e+00
4.583160059570873246e-01
3.552948964665345599e-01
1.515952522018553683e+00
-6.773130586028472955e-01
5.649007537741446150e-01
-2.535255296529355107e-01
-7.022480959778518717e-01
-9.240302139455098818e-01
-9.629545936129789707e-01
-2.315601306304148732e+00
1.591138774772500986e+00
-6.642050397415240059e-01
1.274626394607570878e+00
-7.109016109286405705e-01
9.747250709982139272e-01
1.471409836204800259e+00
1.240801528980027602e+00
-9.889704266830166013e-01
-5.143151210449103949e-02
9.332355361488205991e-01
-1.076271266030238261e+00
-1.264853246496007166e+00
9.681730977859870357e-02
-2.583781246842367985e+00
-3.145785975020483072e-01
-3.447877509279371200e-01
3.098174740514836323e-01
2.761382271569141622e+00
4.390706488829417831e-01
8.040134230492096412e-01
-1.412539881585122004e+00
-2.057029329583262900e+00
-2.036277759267699494e+00
-1.742040095959485280e+00
-7.897556505651561753e-01
-1.559315266847806303e+00
-2.004468929247775755e-01
-7.239712512724030269e-01
-1.965421144792022012e+00
-6.430145368051691790e-01
-1.630785937920994355e+00
8.551754406189790991e-01
-1.419567261861374163e+00
-3.577639263697977023e-01
-3.414144545090682659e-01
1.805242328506141636e+00
2.379810469213821555e+00
1.361746100631666678e+00
1.295533685728981865e+00
1.784964783821759715e+00
2.974394437414751735e+00
1.621593738754878444e+00
7.322265915655644664e-01
2.950264322547959672e-01
3.956321468369661254e-02
1.489686282995828170e+00
-2.568610759592733217e-01
1.426494438901400041e+00
1.038427039369424598e+00
5.183335434205268433e-01
-1.491475642774519494e+00
1.128808946809951586e+00
-1.316801715865081324e+00
-1.027338359407830026e-01
-5.517105575045211374e-01
1.095389083848445688e+00
1.262856330031787433e+00
-3.415431365562699995e-01
2.042036535060249847e+00
1.247399957159195827e+00
1.870233607705774848e+00
8.582824286531587354e-01
3.130097409668645136e-01
3.204489907964062079e-01
1.278927720698666892e+00
-1.192751121033672979e+00
-8.311967624109504182e-01
-6.622061423248060130e-03
-5.098927501688761410e-01
-1.419282112519944183e+00
5.412842541337088420e-01
1.107843320326441283e+00
6.941057920070456966e-01
1.115509317483356355e-01
9.865228132344762146e-01
-5.195116887879435152e-01
-5.844217041698813730e-01
-7.567477150746709791e-01
-2.290132451999843610e+00
-1.273740566931095941e+00
-2.490707238923044464e+00
-1.928830928914735843e+00
-5.775092246667892226e-01
-3.985337355909426282e-01
-5.132292362754529158e-01
1.966113803199642796e-01
-1.298130182643687958e+00
2.457755936394168117e-02
-1.125590980180130263e+00
-2.624612661671790637e+00
1.062037070650109882e+00
1.335828004842481320e+00
1.759797087769848112e+00
6.432108906388391834e-01
1.285700582593187313e+00
-1.056397647008446850e-01
7.982928347967463978e-01
1.089801403086981813e-01
-2.155289471778880639e-01
4.604819514156194282e-01
3.259960844825804394e-01
1.856802429577319558e+00
1.184369165567111803e+00
5.577764066410474397e-01
1.136666036123668011e-02
-1.569095819947049275e+00
-6.655775196392241799e-01
-1.652822365577830688e+00
-1.171098928868733235e+00
-8.980585097803344130e-01
2.033897942623582367e+00
1.618212721419120870e+00
6.501248727002009176e-01
1.512260372306013068e+00
1.100924492700157575e+00
1.099445542025869083e+00
1.438184937741039393e+00
6.778129021479801786e-01
1.435127427752824536e+00
3.294543327583131509e-01
-3.620693980843009419e-01
-2.416531685998525525e+00
1.071158233917819391e-01
-2.458911098347679847e+00
5.283873536414271932e-01
-1.520425391531065706e+00
8.954355354031514613e-01
1.106260599009531775e+00
5.866656706307258329e-01
7.527270144602298263e-01
-1.359578760558507238e+00
-1.663393453686997425e+00
-1.997130716233698200e-01
-2.347620705810975927e+00
-7.815109112767855137e-01
-2.385239575772247100e+00
-9.188876305486095575e-01
-2.482459450393481593e-02
-2.302362067110485633e+00
-2.499075434317327149e-01
-3.729700044392840752e-01
-1.636000412580711716e+00
-1.276189314382861983e+00
-1.128604827334719340e+00
-2.368123439909803452e+00
1.734866580799169000e+00
3.981367294769593279e-01
9.510675423744291423e-01
2.921326434219735368e-01
2.201651867781864169e+00
1.638536605886455444e+00
2.460529521474339454e-01
2.040064292662756351e+00
2.266200626499283999e-01
2.055670964553674818e+00
1.538308397330863553e+00
8.109903435112243431e-01
1.236599823277864330e+00
9.212610995738341746e-01
1.629132310208883938e+00
-2.349273390086131563e+00
-1.160473989177508880e+00
-1.798282515647243951e+00
-9.687949053058295679e-01
5.748115327916702988e-01
-2.231610364197718077e-01
6.580569294613246578e-01
1.586147876314535354e+00
5.132342930966105055e-02
5.580913443405091101e-01
1.782615626392682895e+00
1.815068241955551276e+00
6.606141073560172217e-01
5.276938096779415499e-01
1.276374587638226199e+00
-9.912203137413139187e-01
-9.983101609972591106e-01
-1.743346361805670597e+00
5.376921336467861412e-01
-2.086167165279696256e+00
3.021974061332584061e-01
9.865660347053554213e-01
1.801207641699490214e+00
2.530677638768923376e+00
1.490050989795666414e+00
1.633909064501835928e+00
1.133122529277839297e+00
1.318031015004865081e+00
1.281783429124982110e+00
-3.051378934639603635e-02
1.421503954190912467e+00
7.746756353843224918e-01
-4.662652795675976680e-01
1.330506227523855056e+00
2.793815883404654699e+00
1.373133482371386105e+00
1.379098921975775660e+00
1.917738115419248324e+00
-3.767105099413976532e-01
-2.492991142212763744e-01
-8.878334138542713916e-01
-4.262391099836150277e-01
-1.220838932011608868e+00
-1.237945403404346667e+00
-5.140846767293050235e-02
-1.082010879213759047e+00
-2.035433150717600004e+00
-3.448465453342325349e-01
-7.203335542924542700e-01
-1.471890201403057707e+00
-1.444087028242659221e+00
-1.061892224642722038e-01
-2.091872957687516354e+00
-3.043541133338949489e-01
-7.878061295317714263e-01
3.116981428327808556e-01
2.326656099536662525e-01
6.646149586208603965e-01
1.418839691449058638e+00
1.832170261927269284e+00
-9.571204664577991350e-01
-2.671210106963675113e-01
-1.787891078707034342e+00
-5.445354016855796786e-02
-1.366698087357959279e+00
-1.505224845793815103e+00
-2.570735144278550877e+00
-1.408496496152126687e+00
-5.091969968366676369e-01
-9.803107654426912454e-01
1.029466717799021769e+00
1.674477343222102288e+00
-4.133038566886189091e-01
-3.895681470818566083e-01
2.993054091070946887e-01
-5.371266064313064970e-01
-1.246111929405460117e+00
-6.459166660754382949e-01
-2.505040114223874959e+00
-3.880438522957621039e-01
7.376560024126153081e-01
3.832983571542083467e-01
3.379507052323407201e-01
4.459742841429572557e-01
1.467541711989066577e+00
3.045864046213344167e+00
1.599538935358863823e+00
7.373027585727005562e-01
2.637746577308448970e+00
4.321127626560353763e-01
3.552367703782621788e-02
6.051849696892070973e-01
6.575743988161508735e-01
2.185033728576172507e+00
8.210364878039225767e-01
-1.836521391214066323e+00
-3.699060967658041044e-02
-1.402470709069072452e+00
-1.361187661580899322e+00
-1.434154767119639962e+00
-7.919064701008882157e-01
-1.231017045662795351e+00
-1.083458163750619319e+00
-1.197543970387783485e+00
-5.014245247365121116e-01
-1.161576351617211289e+00
-1.383164271928561284e+00
-9.747227348711726691e-01
-9.786226828379187559e-01
-1.156117846332907817e+00
1.507426242095526892e+00
2.712676055344067638e-01
2.382272468695484591e+00
1.988086512251719729e+00
4.584566653245230050e-01
-8.051356351936000966e-01
-1.962714717537936249e+00
-7.966717824058600073e-01
-3.335493519376929950e+00
-4.713246487153937014e-01
-2.181887980435427643e+00
3.476200677998373401e-01
-1.580946951015217206e+00
-5.149634474511932680e-02
-9.552002390772786899e-01
1.594048580727515985e+00
1.422137253064764018e+00
2.039025920131170011e+00
-5.631183218199691254e-01
6.155699733973372112e-01
-2.222106090894972574e+00
-2.889067478817181289e+00
-2.020637166824056585e+00
1.516445581913339336e-01
-5.647872204379817962e-01
1.495775497691876010e+00
6.934216641401715897e-01
1.535844711440349286e+00
5.000183752055666897e-01
-8.081993967743408280e-01
1.219980602559721738e+00
-3.697736915962657189e-01
1.901244136624388403e+00
7.321806448559806668e-01
1.547083087287326020e+00
2.165962247224231252e+00
-2.043876074275905452e-01
1.414325378292205615e+00
1.157132389360907343e+00
1.484463629828397524e+00
-2.169871944198304980e-01
-4.183662406316904780e-01
-1.016246694822162455e+00
-2.804428229271929141e-01
-2.384884006032687687e+00
-1.304196262277877771e+00
-2.060746634107148090e+00
-1.939844529072304091e+00
-3.985666865105736978e-01
-1.304680628411856391e+00
-1.421895772285694637e+00
-2.482880453848654412e+00
3.432786863547554468e-02
4.472826246041199383e-01
-5.968332430454181825e-01
3.720199519510991593e-02
1.958309003022673522e-01
1.134724348179277476e+00
-3.523273882131079393e-01
1.119828258050916014e+00
-2.446151162392689038e+00
4.716087730726405969e-01
-9.219212224028202618e-01
-1.231158975257182098e+00
-4.769249431564491770e-01
-7.211408336934510555e-01
-9.295366133235554162e-01
-1.903535518772764057e+00
-5.206934370249893806e-01
-1.309720999775487504e+00
1.213553400144350869e+00
8.326075406954374092e-01
4.660199339021748877e-01
1.975965382700298534e+00
2.078781982945011597e-01
-1.395713207454347460e+00
-1.962141654447082217e+00
-1.724613960650669409e+00
-8.027721003768659713e-01
-4.937290944898425904e-01
-1.607236386268997785e+00
-1.074865546017923057e+00
-3.144903111141843510e-01
-1.002663719124897268e+00
-1.313283096292164220e+00
-1.311833389108037817e+00
-9.734368618106579163e-01
-2.277666298908448184e+00
-2.028900957829659069e-01
-1.006493571511635654e+00
-1.046235920567990307e+00
-6.770649622367415077e-01
-1.543128695431855935e+00
-1.741649034902125859e+00
-2.215889045958521653e+00
6.192295240717990978e-01
1.083575938560477292e+00
8.411789840037009469e-01
3.670898734990113432e-02
1.639288771082817897e+00
1.109721404343272377e+00
5.694567349761858743e-01
1.312527473493169561e+00
1.623748368549584153e+00
5.392946874197559470e-01
-1.155034934753007558e-01
1.196036850629568216e+00
1.148917182430773121e+00
1.226473466727792561e+00
1.424292230322310893e+00
-3.821526362495835105e-01
-7.369820243249052272e-01
-2.412662966348851690e+00
1.626196456786572764e-01
-1.800074742475984202e+00
1.662921293297956460e-01
4.206632267834198302e-02
1.778327613237277838e+00
1.828474756878487373e+00
2.376531884386802185e-01
1.369779650262495041e+00
-4.016735925332048929e-01
9.419429488520615346e-01
9.551090019980446044e-01
7.282000949165353676e-01
-3.897470784280168132e-01
-2.214066931948877048e+00
-1.243199156565707675e+00
2.206983773301658402e-01
-1.307883733904328105e+00
1.644687757878942058e+00
1.661396786549597548e+00
7.646536633469314115e-02
1.127138472481890918e+00
1.409907184755620602e+00
-1.116315932813353173e+00
-7.646427018588878299e-01
-6.050412612004336665e-01
-3.352820843590030853e-01
-2.077243354974463330e+00
-2.110577155084619516e+00
3.027506517429412458e-01
-1.416294362932803974e+00
-9.550144553959369897e-01
-1.431822517001634099e+00
5.542781989746714544e-01
-1.343165916137375904e+00
-9.464888723859884445e-01
-1.142536193044814574e+00
-1.275817619166126349e+00
4.336892264239646799e-01
9.875604674071714051e-01
6.196182855114160670e-01
1.332807635524291268e-01
1.251272027726945568e+00
1.519543564638986322e+00
-5.035425513593128066e-01
2.174574729055453570e+00
-1.714057355105476077e-01
2.158635045473402236e+00
7.868886301684916429e-01
3.602238388320905260e-01
1.126731398385637073e+00
4.990204861659963687e-01
1.736877488987297102e+00
-9.322176220022947435e-01
-1.353738822982962109e+00
-1.129219330782887276e+00
-2.043993970231712254e-01
-4.733203226285688237e-01
8.802721037033498508e-01
2.190762177624772100e+00
1.155694043119509296e+00
1.424191007600377867e+00
1.684045369832521066e+00
8.261414433647867872e-01
1.295560720542976441e-02
9.144336620261568349e-01
-1.148735556280653380e+00
9.153143412151998337e-01
-9.113038238600690288e-01
-2.874403726159926897e+00
-5.171471778039657963e-01
-1.701696879396772388e+00
-6.833916748712882683e-01
1.680523053422231960e+00
6.892427752687091402e-01
1.152877318048673994e+00
1.332363711422161368e+00
6.511875064716079464e-01
6.786121065006041064e-01
-3.471575984139567694e-01
2.153950886266769338e+00
2.620079633485206116e-01
1.761936446903446196e+00
8.622955826602567431e-01
4.326576761836313789e-01
1.204362702825821696e+00
-8.578428834855227336e-01
-3.284998470549060912e-02
5.641144101156515545e-01
3.644767678128801869e-01
-3.303114132237878753e-01
1.355098728857907942e+00
7.427002723001545625e-01
-2.617350575557857439e-01
-1.063763090696745905e+00
-9.908907006576850307e-01
-1.421058506267367516e+00
-1.355498007974700769e+00
-4.036514942464594080e-01
-9.069019082891084382e-01
-5.431094513961036707e-01
2.935516318065338748e-01
-1.883936406539848285e+00
-1.500547988241651254e+00
-1.029990225997416298e+00
-7.637330079401748462e-01
6.277761252277693771e-01
-7.428403272498123044e-01
1.382980746173015252e+00
-6.027900769109562074e-01
6.604808428291693012e-01
1.567955193324087837e+00
1.767247374593265530e+00
-1.459052816500715499e+00
-1.479016218256041793e-01
-1.135704651504951368e+00
-9.140666860890975798e-01
-2.961950572271967452e+00
-6.533908348378731912e-01
-1.329082844104244154e+00
2.567159104028355898e-01
-3.866948503140458238e-01
-1.253950873593860038e+00
4.537943902590915179e-01
1.198645208573403176e+00
1.292193101915554365e+00
8.432260114010954322e-01
7.264907718073563281e-01
-8.660634949165588736e-01
-1.003916241433649992e+00
-1.577211013672119133e+00
-8.852432505317282541e-01
-1.488830419224634660e+00
-4.872595313261842698e-01
9.125413733507943270e-01
1.124358349683231229e+00
2.033101619093606871e+00
1.025996407041535496e+00
1.030657099242367147e+00
1.590813767229377618e+00
6.826003384249141881e-01
6.636451926642450427e-01
3.650141444646637368e-01
1.381321819203275902e+00
2.233035916026024914e-01
6.953181897413928114e-01
2.306430041332027336e+00
6.709305068153506024e-01
-1.008928465148172027e+00
-2.303869671202130043e+00
-4.986073148914730302e-01
-2.141425447339824650e+00
-3.159590068744803082e-01
-2.640479469113905964e+00
-7.277511339121323086e-01
-1.256610597640661631e-01
-1.368690907244158650e+00
-8.969735638776141773e-01
-2.062765392000431852e+00
1.617032724461924253e-01
-1.596416415644166698e+00
-8.287210280361714254e-01
-1.857883370405151169e-01
1.423382218556701329e-01
4.805238843272974236e-02
-1.900566949055704224e-01
7.508456600448588647e-01
2.020681168787096915e+00
-1.405201904084089959e+00
-2.220626815778334873e-01
-1.482891435421373139e+00
-9.475652951165203230e-02
-2.053285391570598861e+00
-1.641954673869157499e+00
-1.134038857212856355e+00
-1.670394338648139243e+00
-6.915723891339530249e-01
-1.145010897608457201e+00
1.119989799297858912e+00
1.181616589427576525e+00
1.161295229077903057e+00
-5.922941646134527449e-01
2.158485142032763981e+00
-1.677784105721221941e+00
-1.487117225894690753e-01
-1.188393050636638471e+00
-1.218299631383010784e+00
-8.671081088353760347e-02
-1.229167205301030963e+00
-2.604839198252995480e+00
-1.412889091691853949e+00
-9.606697445001297631e-01
-1.833475147264572502e+00
2.579995463451822957e-01
-9.180090718014194406e-01
-1.145764146505839243e+00
-8.295263718195791114e-01
-1.198582850359077856e+00
-1.879079576408962726e+00
-2.728167440385919740e+00
-3.574103613057511009e-02
-2.039093253531679473e+00
-1.779289566315946924e+00
1.132526785753639631e+00
-1.566359357556759146e-01
1.103628156914960634e+00
-4.428238181663988193e-01
2.332186628665206651e+00
-6.596699707345863306e-01
2.290203272765301890e+00
5.559500850818752671e-01
1.519653755298809195e+00
1.441301249029060871e+00
-2.515576869791280590e-01
2.130748353979324827e-01
2.652856445053544565e+00
1.630885300152167705e+00
-1.062654238064228984e+00
-6.552712860410289109e-01
4.894410694791861971e-02
-1.027285839254841404e+00
-2.639379960442091999e-01
-2.547426507927790240e-01
1.127142838357734878e+00
1.600793894855868649e-01
8.744397716347811489e-01
4.155195307088519474e-01
8.955992816855348204e-01
5.957021744870287794e-01
1.116327737038926848e+00
9.709352247887171883e-01
1.808395253576355888e+00
1.400474159469789148e+00
-1.070407715447261543e+00
-1.751581206280315328e+00
2.052480511260945661e-02
-1.808395421691323612e+00
-6.077324712547556018e-01
1.269528890031327073e+00
1.893276976496526043e+00
1.492716583943798359e+00
-9.380619001336054641e-01
1.462286478653736843e+00
8.043887029672943667e-01
1.046516755064668347e+00
-5.085229366844206123e-01
1.715426282252481283e+00
9.480419388604783837e-01
7.510109322580817981e-01
1.368451513191072166e+00
1.741894939003227005e+00
-8.031693716184884480e-02
1.509702395627859906e-01
2.909700261065362170e-01
1.933041131846731098e+00
2.236722202801227910e-01
-1.864288837893608441e-01
1.777436871251783401e+00
-5.377305435063772787e-02
-1.339676633605042300e+00
-1.095804802532236888e+00
-3.180560111456273154e-01
-3.505939651221934295e-01
-5.460269540023321433e-02
-1.256727983012652095e-01
-2.250578009793893219e-01
1.462901602202284490e-01
-6.853004994065161615e-01
-4.135223679930455365e-02
-1.070042678888866838e+00
-1.418298308265868002e+00
-1.197370785026814266e+00
-5.361904888737318853e-01
1.129879040046730454e+00
2.089033944282553179e+00
2.654692665402111018e+00
-7.872965128338553775e-01
1.006824522107184983e+00
-1.873300882731967043e+00
-1.397250101917941745e+00
-1.359758590169434678e+00
-1.723988718796864994e+00
-1.944007613152769487e+00
-1.258979334656217697e+00
-1.625407629658408570e+00
-1.120899468228472529e+00
-2.353517576820737922e+00
-9.924946867948010176e-01
5.633301366860430370e-01
-1.700586522570584069e-01
2.050658408357477036e+00
1.747385205285627130e+00
1.454734790977976422e+00
-3.988951963202098661e-01
-1.856999568744991169e+00
-8.315146723099287041e-01
-1.124478741063608567e+00
-2.080638011504120755e+00
1.241795688498068539e+00
9.891057340515790886e-01
1.188092488178192685e+00
9.964279985036222920e-01
2.306121697419253991e+00
-1.689898686415529649e-01
2.585874765533487718e+00
1.196953988003247149e+00
1.470827926538595065e+00
2.274339354649851153e+00
1.427435324025518204e+00
1.106182886001321641e+00
-4.625856309633284980e-01
-1.166269322430764088e-01
1.304587775006942341e+00
-9.617532494047908997e-02
-1.715542855513036313e+00
-1.260269933597117253e+00
-1.203915287384685229e+00
-4.578660152830286156e-01
-9.568618940544721951e-01
-2.215964180559824470e+00
-1.573590666372055802e+00
-3.528447559517242205e+00
2.628740562597247088e-01
7.650703364811519691e-01
-1.400514571052297930e+00
-1.411044433727305814e+00
-5.634176693772845468e-01
-1.486749905585692311e+00
4.847401592616519261e-01
9.314121538968974656e-01
1.723711531522808649e+00
1.600563974788214328e+00
1.146068922208791641e+00
-8.920308274414887606e-01
-5.460664545200341058e-01
-1.869874620102505158e-01
-1.210147834302582659e+00
-1.541362515999722849e+00
-1.284424637710243955e+00
-1.252940505762814460e+00
-1.655741312057574799e-01
-1.407037389160066709e+00
-7.191319184829736422e-01
-1.864515852324428735e-01
1.663952547829946615e+00
1.319017465775477627e+00
9.614803825530634507e-01
1.640701613386595925e-01
-1.809212082804622757e+00
-1.245281275845033342e+00
-1.677837047341529164e+00
-4.873976198993695830e-01
-3.619561963421508155e-01
-6.459897762659492226e-01
-2.332589920812933038e-01
4.541121502512608377e-01
-7.101944584844455122e-01
-1.346725798033431065e+00
-1.596246726425825324e+00
-1.659362053584700014e+00
-1.911448586892745549e+00
-1.923075741963117702e+00
-1.789330314777442865e+00
-2.775330697648525913e-02
-8.250798643460497406e-01
-1.153175789728472456e+00
-2.082442857346751275e+00
-5.133576933714580903e-01
2.459237777720915119e+00
1.659045166656506698e+00
-8.400389993707186864e-01
1.519579989836795653e-01
1.036349993179715767e+00
9.466375299553495548e-01
1.127442046070656456e+00
2.313261875826725600e+00
1.128796394393974278e+00
5.356304909519411517e-01
1.495627380927858630e-01
1.516551015778774048e+00
8.554143844065517088e-01
1.506668994043012688e+00
1.211872098640746742e+00
-3.925472235793754372e-01
-7.218537206765904823e-01
-1.497527351149460006e+00
4.832631040269284028e-01
-1.001934907152823628e+00
4.555624186301466816e-01
1.313826820121073435e+00
1.125715957389067157e+00
1.924673847131165960e+00
-1.846549751292481112e-02
1.969502112690658668e-01
1.373382855731200003e+00
5.350952140636481280e-01
3.780982515469588634e-02
1.769686821025686640e-01
-1.307729729790332307e-01
-1.661517750949135230e+00
-6.906244734837290178e-01
-1.341072785446835613e+00
-8.875765874410501688e-01
2.427153942244055784e-01
1.337002930416249846e+00
1.650003922378888710e+00
1.515965823969623427e+00
1.081019129464922734e+00
1.075403259692899516e+00
1.130404056472824381e+00
1.190806278216594682e+00
8.337139534349340408e-01
1.259652629094936138e+00
1.394478917207073287e+00
7.750890775900391994e-01
5.052644525559335520e-01
2.419724707652147977e+00
1.257115659529376650e+00
2.012324637342090217e+00
2.075702777879500083e-01
4.010196578699583014e-01
3.487249165738686152e-01
1.589132189264104156e+00
3.892774530942024747e-01
-1.491199990166912848e+00
-9.415683462334425435e-01
1.805977881648404004e-01
-1.176957912911276383e+00
1.381679819992198688e-01
-4.501744269612960592e-01
-3.294238439387640494e+00
-2.410059390570809867e+00
1.697800104144975286e-02
-7.596163031620817296e-01
-9.050181528494724015e-01
-4.339693312503899447e-01
-1.454733245172211920e+00
-1.497643010875691960e+00
-3.481458605205085544e-01
1.704861779691619450e+00
3.453328839368250414e-01
1.239605636867335381e+00
1.603390959550614170e+00
-2.421189145324911252e+00
-1.934564762414614059e+00
-1.557575430609009492e-01
-1.471014880189882579e+00
-4.691116544489667417e-01
6.305252382768071762e-01
3.097121798419844030e-01
-9.573085292745632247e-01
-9.635513455714378450e-01
-1.156109436027791704e+00
-9.610812086978874902e-01
1.205839875313209131e+00
2.510510536802664561e+00
-1.740807796674364027e-01
1.554976895517178326e+00
-1.759914177048600425e+00
-2.795299605210693983e+00
-2.113777366467919805e+00
1.273365168483353571e-01
-4.276330865067610176e-01
-1.811765045480124847e-01
-1.111936595144997542e+00
-2.041095366872863526e+00
-1.241464903058453917e+00
-1.083278139281824481e+00
-1.304861768168475322e+00
-1.685509514588674929e+00
-5.201576871919979528e-01
-1.558698465482341700e+00
-1.118711274632377295e+00
-2.020633148971951343e+00
-7.032619774692288050e-01
-2.952857122780255139e+00
-1.355101079704311928e+00
8.557873048313813236e-02
6.266251179474581212e-01
4.446365118002032490e-01
6.858537022521253856e-01
1.279349623788706758e+00
6.929518900559805683e-01
1.840148642812150737e+00
5.660553412513029681e-01
1.829217257468819469e+00
1.070243035084587513e+00
4.530263155053073643e-01
1.126266914917535278e+00
1.006337892599706185e+00
7.113894962470317385e-01
1.426004297015517785e+00
1.235510455090609749e+00
5.876106787934953779e-02
-9.837967280417266869e-01
-3.458618667211883491e-01
-6.014668321956448960e-01
-5.594058638212565659e-01
7.346737490913702873e-01
-1.798686869520937925e-02
-1.725775328021923460e-01
9.454402724465317265e-01
1.278154465378385174e+00
6.974069747954347864e-01
9.504408121328160597e-01
1.542082455570698230e+00
1.007251671732379616e+00
4.676790211809050968e-01
-4.971519343940921098e-01
-1.252576208414873493e+00
-2.008326519145927413e+00
-1.820763948973569413e+00
-1.227709658368451251e+00
1.487487197876741218e+00
1.320610821085773434e+00
1.001335004844918330e+00
1.311698073170745049e+00
2.252358820098142367e+00
4.084663730782067681e-02
-2.712199487410488219e-01
-7.715955746413316607e-01
-1.616944788406759814e+00
-8.422815217250341213e-01
-2.805211817971303034e+00
-3.298172087168549371e-02
-1.309933791114036516e+00
-5.961134059231101290e-01
-2.568416364801805463e-01
7.882125302063098804e-01
-1.385995610521799204e+00
-1.970284623935900203e+00
-7.239951550778138678e-01
-2.300170504628336055e+00
1.402388317706978693e+00
2.742607389142769136e+00
1.780158615654350518e+00
1.038980945913976939e+00
6.530404410213137556e-01
1.818172535823928904e+00
2.545033666297527919e+00
3.410550111674508500e-01
1.833041391319651936e+00
-3.201530569118449243e-02
8.867782752018857906e-01
9.041003448701206979e-01
2.029789096162266659e+00
-7.160305147255325853e-01
1.390002523460395212e+00
-8.794762693538682452e-01
-1.650317145398285001e+00
-1.305575668918494747e+00
-1.151046088922866417e+00
-1.941435288175557883e+00
3.097911323770725645e-01
1.096157404167437122e+00
1.388069336835104917e-01
3.483493025386492636e-01
4.153376961376388232e-01
4.309863464647402109e-01
2.751267206580011448e-01
3.269103320647734012e+00
8.791450329418556420e-01
1.435281483008487013e+00
-1.028153948111189209e+00
-7.774747532114758553e-01
-1.628494078907908094e+00
-2.001053185292150260e+00
-1.790235353252792816e+00
1.715079951722481066e+00
3.346029088713239341e-01
1.302965739948735768e+00
1.139682110286121652e+00
7.807193865321129245e-01
1.229124523143658720e+00
2.331018364429099154e+00
-6.587474667809176676e-01
1.808586973567059442e+00
2.344570646060564201e+00
3.126812331608612716e-01
1.137271456405879011e+00
8.172471208513233387e-01
2.236498579123809449e+00
1.154027595449093058e+00
1.285266273432625450e+00
2.134734546082043272e-01
1.240405332228744495e+00
9.042302618806319359e-02
1.477978740102383171e+00
-1.247332818308792390e+00
-2.533262915418565964e-02
-3.559507527561138751e-01
-3.458292653178929310e-01
-1.800725818947798373e+00
1.052528708193331664e+00
-2.860774529661401999e+00
-1.275406251885233155e+00
-5.254089051808391586e-01
-3.230075042972228028e-01
1.930666859709508909e-01
-1.006331523361724489e+00
3.645124887075623654e-02
-6.778036413126868887e-01
-1.860475269332370063e+00
1.827411087484305252e-01
2.162990223463703288e+00
1.389575153908936711e+00
1.158316811470865515e+00
6.345261058091262729e-01
-2.023916868379917133e+00
-9.586279878284242884e-01
-2.345918350884117043e+00
-2.266013817269135977e+00
-3.137428123283201309e-01
-2.178764358987564265e+00
-1.309393687817606899e+00
-3.934901769142443717e-01
1.907370217481374475e-02
-4.875284721043838809e-01
-3.163291922485238494e-01
-4.384671915753033389e-01
1.751734062413654147e+00
7.274717567757775782e-01
1.990667309253704165e+00
-1.053024211640049002e+00
-9.754020018072195874e-01
-2.053413376725155892e+00
-5.755777096712856311e-01
-1.704324561162921636e+00
-2.003263337447393155e+00
-1.584463504616640872e+00
-1.396982590907827282e+00
-1.358691628457112444e+00
-1.039075911429141463e+00
-4.957646077938117068e-01
1.932229956549231797e-01
-7.503519830334609564e-01
2.841478678737967556e-01
-1.900413348437152594e+00
-2.162739632756958574e+00
-1.381181033377139267e+00
-1.520426932306765400e-01
-2.217071642116304808e+00
-1.278575745591175705e+00
2.554300596717936633e-01
1.011403296586160572e+00
1.406039696167137532e+00
1.466714681310715251e+00
1.871044206257096221e+00
1.001887381900681495e+00
1.360540743362966154e+00
3.435559878834339997e-01
1.410454757097365341e+00
1.589897317922259745e+00
2.219642663574205033e-01
2.037047022069661040e+00
9.875926790987635817e-01
-3.277784100027918424e-01
1.678935274323264171e+00
-1.114084957243050678e+00
-1.913891597007651990e+00
-8.037394490813887238e-01
-2.321811681732659061e+00
-1.049350741083925342e+00
1.181992758323442416e+00
6.483207981140428622e-01
1.169988070636710953e+00
1.571254559201729739e+00
-5.037286888612140245e-01
2.878048969566926463e-02
9.987210761603140252e-01
-5.700819485073433945e-01
1.305382162674044055e+00
1.866514546085064730e+00
-4.476967709602758250e-01
-2.257235323563731022e+00
-7.003065521379765457e-01
-4.962320193609022212e-01
-4.074516432747725680e-01
1.811473589239274595e+00
7.821162719069375546e-01
1.676133364709221141e+00
1.075968627265042166e+00
1.386923347715839583e+00
6.668892205286489627e-01
1.283069949125896336e+00
1.678226859190721898e+00
-7.595688778061160384e-02
1.290867915087018369e+00
2.037756784488900852e+00
1.025098954148445873e+00
-8.724255851438722509e-02
1.836826499526852174e+00
4.390997532097280498e-01
1.991748916355287058e-01
9.908422511260123189e-01
2.111139598306785103e+00
2.058019365956528013e+00
2.211478083247421011e+00
-7.035350694256651272e-01
3.677598381333364586e-01
-6.671079405513563598e-01
3.978098885414800279e-01
-1.290086014955321492e+00
2.073690779082451030e-01
7.169351375667187831e-02
6.143141474363009724e-01
-1.704560711816064167e+00
-8.794848384459414969e-01
-1.144048963472712011e+00
-1.453053485076751361e+00
1.655951867692186941e-01
-4.818334597403411967e-01
-1.206022199617786672e+00
-4.397067857110465994e-01
9.887493724136111606e-01
4.380890519033335817e-01
1.450859958828877971e+00
1.431120481742321093e+00
-5.851192738984258845e-01
-2.563141705053234576e-01
-9.152450208707720858e-01
-1.612352330269058331e+00
1.017115263211065823e-01
-1.275190618325237280e+00
3.489475007534750262e-01
-1.272850428839076953e+00
-1.110548371534422429e+00
-1.655037511225258662e+00
1.406637474786549324e+00
1.183213998105938858e+00
1.783259645809814220e+00
2.002875727106560255e+00
-5.269648335454124588e-01
-6.606277312874864194e-01
-9.134819718218659679e-01
-4.850349016016123338e-01
-1.468768915721401891e+00
-1.502438437959157769e+00
3.236913791579471011e-01
8.938916696546118645e-01
1.295865945662812546e+00
1.589156022598618545e+00
5.361256750723835118e-01
-7.728763733154675464e-03
1.986350066993854302e+00
2.504650469747700114e-01
1.321631590464857009e+00
1.608551897212236126e+00
1.283759571511846609e-01
3.580857498748999390e-01
1.719050440369876753e+00
1.910583949762628020e+00
1.833216532342473615e+00
-3.656544309400945325e-01
4.085992138567782206e-01
-2.183896719349881721e+00
-1.366217757674069722e+00
-7.549322678245338203e-01
-2.146511559111708323e+00
5.685500998564421149e-01
-2.077413093619072892e+00
-2.299142555801672039e-01
-3.486450944889236236e+00
-2.231974930471704033e-01
-1.202971216028785761e+00
-9.519441637834843428e-01
-1.672905258663300421e+00
-1.486484103945910240e+00
8.494074267188522764e-01
9.757303671407101531e-01
3.863901607106706715e-01
3.267565317584993911e-01
2.844403392253749274e-01
-1.215996806065498870e+00
-1.718630197521874070e+00
-1.280534036361371086e+00
-7.151962858258605893e-01
-1.157270061407556838e+00
-1.588716859949999005e+00
-7.434286612227654079e-01
-2.254590964172447087e+00
-1.068373970871835388e+00
-1.010995371627455564e+00
1.173357234951155403e+00
3.054975036286914358e-01
1.462819501543163314e+00
-4.230699715392738369e-01
9.439974004261628693e-01
-2.119363317210948949e+00
-1.374650231463825367e-02
-7.220631224525434488e-01
-1.484355713206896965e+00
-9.334447426589710384e-01
-2.170669454189060765e+00
-1.120606685503279021e+00
-5.024066538330211884e-01
-1.942062672621837294e+00
-1.640149036062357180e-01
-2.461728803033547130e+00
-2.885712365515178845e+00
2.310030198439816385e-01
-2.053717163133997659e+00
-9.747437604153821322e-01
-2.099526358075686439e+00
-2.175973508074483753e+00
-2.511809795466332096e-01
-6.872548852373381312e-01
-1.195640315463576853e+00
1.548121396445016451e+00
1.202538831347959913e+00
1.328489348342116516e+00
9.124515214368470462e-01
3.802788181488766517e-01
1.291107517865290211e+00
2.085882751939965862e-01
1.587570815566068383e+00
1.160150825318361445e+00
1.721041478357946186e+00
1.028952828080665460e+00
1.074166660357905645e+00
1.680163121304748985e+00
3.708320118119851072e-01
1.375706248738747250e-01
-5.816985731804369397e-01
-1.121651085986164142e+00
-7.244246577997348613e-01
-4.796524513336104523e-01
-1.372961756668944489e-02
1.302714876938589450e+00
1.760053071212220654e+00
1.445464233033438406e+00
1.435418267090170730e+00
2.216960599932597642e+00
1.011017535632731112e+00
1.724742440642571539e-01
3.147204314569085337e-01
-1.687401291682799620e-01
1.102564624747793376e+00
-7.574262987176132444e-01
-1.061549604040531225e+00
9.386091450547140447e-02
-1.489242221645044939e+00
-9.730396103942100527e-01
9.293160109432476723e-01
2.248911584452883972e+00
1.306668549452986605e+00
8.109523443229166295e-01
9.060909221256089330e-01
9.461330416557324208e-01
-3.333983521140204687e-01
-6.372861102602414007e-01
1.441071478351285684e-02
6.973763507147967555e-01
8.875212680819177802e-01
-2.625556794387871040e-01
1.401617592574662785e+00
1.406718256609953421e+00
1.361334211605080169e+00
2.843468242637843257e-01
1.914433855541665785e+00
1.645287923174294731e+00
1.197942891714667280e+00
1.217378907659446119e+00
-4.862406751724922538e-01
-9.889985995912536909e-01
-1.609127191875932450e+00
-7.433957674839306584e-01
-3.319521804919860486e-01
-1.447714031912328947e+00
-7.911789089244637418e-01
-2.203784841184308618e-01
-7.756906945024546474e-01
-6.856822450020914061e-01
-7.621948874234837357e-01
-1.226648520201813808e+00
-5.295182292393496581e-02
-1.930149423850070267e+00
-1.594888176056640905e+00
2.463610031021929547e+00
1.842442844401570579e+00
3.320659846390405789e-01
3.299529930387614662e-01
3.584485396582537398e-01
-5.240015070891036464e-01
-8.293853002632898264e-01
-7.423246289531045816e-01
-2.620074832445758339e+00
-1.450182975025931409e+00
-7.158125689983750872e-01
-1.090159909519274883e+00
-2.204673278908146905e-01
-1.340773277381514861e+00
-1.802908663820616875e+00
4.178176563065850724e-01
5.693567460660071688e-01
1.614737208898249232e+00
7.118197935929457820e-01
1.899359579019077815e+00
9.985724795768891049e-02
-1.104047690611604571e+00
-5.721718815544964976e-01
-8.416687015951143103e-01
-5.313261412953610430e-01
-1.182838544588918683e+00
-1.130520391416782511e+00
-2.284038445816393814e+00
5.303015025667767723e-02
-7.290138820906049144e-01
-2.528603879635536344e+00
-9.686104272109757884e-01
-8.578035026759230908e-01
-1.071420117060558397e+00
-1.038937863298541542e+00
-7.813721978023333570e-01
-6.989469683237112818e-01
1.180724261784336093e-01
-1.122511857946398184e+00
8.721649940505544762e-01
6.918785317363735921e-01
4.443296243037230253e-01
9.471000557435005351e-02
7.134196386741453733e-01
-5.333859228006747610e-01
1.313956474249880824e+00
1.577397666823237010e-01
1.035079416371728511e+00
1.260650143622259467e+00
4.968515341753427794e-01
-1.879112689289739624e+00
2.842341276411817219e-01
8.613479552128541217e-01
5.259475814101031155e-01
-1.738253575463637457e-01
-1.471205973743078932e+00
-1.938030401583108464e+00
-7.986230301597641024e-01
4.376702226899136239e-01
-2.101762356539564003e+00
-6.872024334541266821e-01
8.788405230422110526e-01
-6.168454195410970620e-01
9.141324570223359203e-01
3.108982180464956446e-01
-2.742271753818543711e-01
2.271019577884698215e+00
-2.873069362588329678e-01
5.891624609557020165e-01
2.322243452808843145e-01
-6.274445937778343474e-01
-7.833231842061270100e-01
-4.259687158154938924e-01
-1.498784818881059522e+00
-5.344058386090420054e-01
1.836475431210025100e-01
4.518493956847274839e-01
2.091752274840321224e+00
6.858939604267291212e-01
7.225867350124861588e-01
-1.710216138239527783e+00
-1.893449741956340304e+00
-1.428048796759483929e+00
-1.378726806565604868e+00
-7.707081731771481259e-01
-1.169491563998019457e+00
5.428894698825681431e-01
-5.865522667633864540e-01
8.647556773120324003e-02
-5.332338207917237671e-01
-2.641638195197760552e+00
-1.527080468704590022e+00
-4.312812974225566087e-01
-7.231064255181292033e-01
1.452820040211031838e+00
1.911450386675608515e+00
4.433689965082360240e-01
5.701875741983482015e-01
2.750706770595332529e-01
3.449834212147717682e-02
2.215544778921129776e+00
2.492212258919708212e+00
1.479050350861234708e+00
1.749328426313712992e+00
5.858138394730073584e-01
6.303720222329691758e-01
6.788748679403848740e-01
1.475324067240020076e+00
-4.746360838657730508e-01
1.238079564956003464e+00
-1.896928690948116447e+00
-1.816601541309021961e+00
-1.344612382421663588e+00
5.628425183988483571e-01
-1.132141974959221198e+00
8.632842115999972421e-01
7.745580890702939980e-01
-1.763505543388668162e-01
1.143180443080142661e+00
1.575341434840584753e+00
1.459557147361527640e+00
5.655519934029851203e-01
1.758103507750684358e+00
2.478770047160771650e+00
2.103853085914014986e+00
-2.350901557304402978e+00
-1.159249809744389959e+00
-1.919286941849797090e+00
2.715853857050807285e-01
3.812980309257854028e-01
2.073164893103402129e+00
1.748999606234390436e+00
8.596959211446491000e-01
1.249224004738129112e+00
1.017723940685231199e+00
-1.123480090614774607e+00
-8.740670090049513785e-01
-2.207133713580488710e+00
-1.719385572201770795e+00
2.712499033593163134e-03
-4.034668185107048721e-01
-1.676698994141100352e+00
-1.141075723214923787e+00
-4.235406992382702018e-01
-1.446162344648801446e+00
-1.146513050475840512e+00
-9.871906681147391005e-01
-2.407007280192778875e-01
-4.678894665963327926e-01
-1.167059168467503127e+00
9.057198668531554198e-01
2.137946982673546437e-01
-1.475226905987252479e-01
1.814422993231564751e-01
4.729993331444510840e-01
1.395419725992810500e+00
1.192979137725596939e+00
9.276363339878994640e-01
1.503026514501246247e+00
4.630648760657970486e-01
5.631183989015160485e-01
1.484948675289135434e+00
1.164159390221506385e+00
6.864222399650889983e-01
-5.305590658142356197e-02
-1.047519777899558635e+00
-9.563170446781819045e-01
-3.311266468163855947e-01
-1.236645217457932544e+00
-1.600020465616486254e-01
1.925978813306630233e+00
1.623642533433330426e+00
7.525965210877902933e-01
1.325475581162798289e-01
7.016703472228442706e-01
7.363453436377009886e-01
1.565590723113680749e+00
9.631924112187283393e-01
1.495566396954971511e+00
1.698734473964491620e+00
1.078606863916402592e-01
-1.038568692267382243e+00
4.624625908939385965e-01
-7.470198687146796246e-01
-1.190923055906440542e+00
9.510779294006622697e-01
7.950834215897835122e-01
1.089665155687649545e+00
1.494052024469111117e+00
2.397226627038980595e+00
-1.008327279929275511e+00
-8.792507236509043977e-01
-2.379381687879817520e+00
-7.044692622791379755e-01
-5.374419275554360720e-01
-1.131145139551857692e+00
-1.537108213509485122e+00
-2.446188345288792254e-01
-9.084087088189005676e-01
-4.617684897138272238e-01
1.315271219368603806e+00
-2.777758475476354683e+00
-1.036597735137763321e+00
-5.300227413822820033e-01
-1.137283829567611759e+00
8.616559595091146662e-01
1.282951914907695112e-01
1.354043547557641780e+00
4.845449557690498787e-01
-1.050845971228540510e+00
1.621310775899593271e+00
1.729039488011997250e+00
-2.608677171703064346e-01
8.272466948615838644e-01
1.757223191307859533e+00
2.217832541817408298e-01
1.219570956415678697e+00
1.401346244005763575e+00
1.937116366092465292e+00
-4.837877519729778530e-01
-6.488646777184077230e-01
5.001489119553292895e-02
-6.022052153045187595e-03
-5.664259769329191840e-01
-1.273022398492072327e+00
1.990746309632382749e+00
5.738222186198953523e-01
1.813430400325539260e+00
1.227891814843823148e+00
1.190545490611020885e+00
1.050843505993676930e+00
1.128789338297873091e+00
1.442766726136604172e+00
2.043185756894944305e+00
4.920691397417970014e-01
-5.849904087832071831e-01
-5.082221528689472301e-01
5.570126085532087767e-01
-5.782172908061899985e-01
-1.594715632250339077e+00
1.402219058825686426e+00
3.797829342584313483e-01
2.187702606992962373e+00
3.421846267436551292e-01
1.136010270841723901e+00
1.202510013061519389e+00
2.185884537200428746e+00
1.344432927449365378e+00
1.418925102902160784e+00
-6.555286952162941994e-01
1.617997507196026863e+00
1.984309046529697529e+00
1.469591492658083309e+00
3.414385295711880319e-01
1.887104486779330070e+00
1.382168497056264878e+00
9.517708754441551733e-01
1.690187853394220951e+00
6.859696926063831857e-01
1.653408939219185747e+00
-1.430919697300221394e+00
-1.958877337900239546e+00
-1.341504480493924678e+00
-1.223061201212269244e+00
-7.715498170187089499e-01
-1.518452101529667697e+00
-2.116446119430865913e+00
-6.231093073119512438e-01
6.987346452969744881e-02
-1.243950625657830322e+00
-7.386490975214137222e-01
-2.348529478287528782e+00
9.265975195997233627e-02
-3.969052106635917454e-01
-2.793701817108381613e-01
1.040854509768769143e+00
1.601748329172801633e+00
9.534764095071232015e-01
8.471479730298900890e-01
-1.354584824389488684e-01
-8.890953589475610874e-01
-1.480933198439610576e+00
6.453185731203845421e-01
-2.040008545270447726e+00
-1.527858277633578510e+00
-1.344904850906101013e+00
-1.905499600034506580e+00
-1.417744964977673661e+00
-3.474816895991481580e+00
-7.965632331275745992e-01
1.389119513675893369e+00
-2.854613260232921057e-01
1.478388760525050749e+00
-6.355426713815903739e-01
1.709795209126713900e+00
-1.621302419152857777e+00
-2.564352924677525625e+00
-3.002821592544260287e-01
-7.667370814072841378e-01
-2.842518163999216085e+00
1.891677697981512196e+00
1.604727497606154962e+00
1.074448561001767111e+00
7.004636822786027839e-01
4.468580018254334485e-01
6.928413818593185391e-01
4.810302485231932046e-01
1.332975654361773898e+00
4.186589552363965128e-01
2.008308234520737479e+00
2.252306363892806473e-01
1.988449264265669925e+00
2.327686423549991446e+00
1.207926227057729118e+00
1.293104155016558510e+00
-1.517443884767414763e+00
-4.221702189652717374e-01
-1.025657905397908021e+00
-2.138550458762808582e+00
-3.001605066090275553e+00
2.826823120391233068e-01
-1.056580741035429538e+00
-1.290984441087152490e+00
-1.081834897115337091e+00
-7.078702235618865579e-01
-1.266833241379484054e+00
-4.912787716476193500e-01
-1.139838913033717205e+00
-6.108396151942805385e-01
-1.456766144189918233e-01
4.690953387215389681e-01
3.665089295182961671e-01
1.491715751728228678e-01
1.490692541106827251e-01
1.577132889586861708e+00
-2.303316811353380844e-01
-2.519363052228187350e+00
-7.790910800059475116e-01
-2.474210804766175720e+00
-1.027823289903185389e+00
-1.147886483406701519e+00
-1.256428485753031232e+00
-2.524018996508994306e+00
-1.284953277802161287e+00
-1.315592420951149810e+00
2.756466657701501788e-01
7.065441044854530173e-01
1.539593778463930196e+00
7.156210496651965736e-01
1.089209046344371323e+00
-1.118093802366903367e+00
-8.155447567832333489e-01
1.138871787880766373e-01
-1.455926440553046541e+00
1.369408712551665186e-01
5.160323614756212596e-01
-4.203477486364917137e-01
1.128717825574779843e+00
9.960153036296313100e-01
-1.031808178353903482e-01
5.455419996332095955e-01
-4.791039809273380801e-01
-8.456183717801726285e-01
3.109345948229806922e-01
1.242348540783259292e+00
8.216228549662172309e-01
1.741472233074687459e+00
7.508622024674503903e-01
6.633581699021846578e-01
3.959441401170930019e-01
-8.822494690344067081e-01
-1.595485832639826906e+00
-1.289130651831729590e+00
-6.894286379494414252e-01
-6.927268857157653503e-02
2.762350995470934656e-01
-9.401899581095288783e-01
3.269165700334168978e-01
-3.083033261563088878e+00
-4.201397789001626304e-02
-1.215267926925775788e+00
-8.177057437137257301e-01
-9.105333986515639078e-01
-1.446503641512354887e+00
-1.724481897678299180e+00
2.211952493428377409e+00
9.466664702690752442e-02
1.009450632811523141e+00
1.085769590109046945e+00
1.232505173377562491e+00
-2.064841656317069507e+00
-1.131108996585707072e+00
-1.213760167299293702e+00
-7.221064554536713587e-01
-1.087372728236057462e+00
-1.345296269294235181e+00
-1.539214660180354244e+00
-2.364155477246789872e-01
-8.216504250456354574e-01
-1.717803822192588425e+00
2.461639055241667151e+00
8.361220590236294603e-01
7.930596473229255539e-01
9.705582300365160897e-01
-2.284895105276301130e-01
-8.275722805864897946e-01
-2.322942449646093976e+00
-1.450294626457196090e+00
-9.541799526713337087e-01
-1.871108573158428712e-01
-7.064792887326465376e-01
-4.577844942303131992e-01
-1.110366986257304456e+00
-1.643202745522085007e+00
-3.798245230953947171e-01
-1.191154510873724259e+00
-2.059891414125253561e+00
-1.669136339918777967e+00
-1.083753135522970590e+00
-2.283767616719763804e+00
-9.349923750723013738e-01
-6.291254325509881840e-01
-3.862023752080722128e-01
-1.589026757957549885e+00
-1.102210817888372274e+00
-1.677768210798202819e-01
9.537542535995536808e-01
4.262709698430701133e-01
2.187013159927928108e+00
-1.656814531501771270e-02
2.031905151328998294e+00
1.077045707202887614e+00
1.094284976616583860e+00
1.368873695163426829e+00
-6.648396494710500093e-01
1.113533756167265132e+00
5.661065956744244509e-01
1.031689789136012170e+00
1.413751668881470636e+00
6.914226886168565178e-01
-2.182135234248944400e+00
-1.726863476551898646e+00
-1.555279921687896749e+00
-2.619927062962537079e+00
-1.462345820872515523e+00
1.505076929208363890e+00
1.316687917676943709e+00
-3.625582873686483687e-02
3.073311754389402850e-01
1.200261662294126896e+00
6.698817303171016313e-01
1.283174665637336176e+00
1.445430951629719685e+00
1.343571149408244514e+00
2.817448200453431806e-01
-1.543472476348432654e+00
-1.079876464243653134e+00
-6.657905149724476779e-01
-2.077201651433266960e+00
1.171248104053448369e-01
1.666561635209601544e+00
1.404194571715648987e-01
2.946599473245860246e+00
5.660799652701502538e-01
-7.335160153830555529e-01
-6.577982434623432795e-01
1.245739244863815376e+00
-1.960308109326600601e-01
1.206149356446500231e+00
1.218060841471829470e+00
5.450053779957164668e-01
6.218688223971868823e-01
1.459608296868430966e+00
1.456068710600507243e+00
1.020365097397817555e+00
9.095758915362408548e-01
-5.356895518590920613e-01
4.679311670065892104e-01
1.952317555214456046e+00
2.038201174057595377e+00
-1.168478670227524940e+00
-1.640660707830625231e+00
-8.499382326653246444e-01
-4.982505874243169375e-01
-2.085170408543663534e+00
-1.444766331805912962e+00
3.028638244363448528e-01
7.979628841105212977e-02
-1.294474435892605468e+00
-1.218118137560487702e+00
-1.476554061640924731e+00
-2.655216600898807400e+00
-2.535972581332705644e+00
-1.816610550993425166e+00
-1.313101829149274868e+00
-1.456759804851592399e+00
2.352985330878385462e-01
1.971384707119007373e+00
1.174455274508329428e+00
8.938654890817071541e-01
-9.684341966328817719e-01
-3.235133278213970787e-01
-6.386853832612156001e-01
-3.331292558442394691e-01
-2.476277804283453676e+00
-5.395118705278807436e-01
-7.718490032388234390e-01
-1.125360648406292574e+00
-1.791715159597735640e+00
-3.398259635256216660e-01
-7.028697758835926734e-01
4.992574455596499039e-01
-1.239510263538421420e-01
-5.703756540291204935e-02
8.016305514452993775e-01
-1.474171845896584232e+00
1.149081548093922045e-02
-1.387787498518950446e+00
7.219894704109617312e-01
-8.206835453502547839e-01
1.453830654191690996e+00
1.509091710067250069e+00
1.593870812639440748e-01
2.743507873264601216e+00
2.452185086413392501e+00
2.085909496419620091e+00
5.735159064509759430e-01
8.247561932205683677e-01
6.827004057041488050e-01
7.292068407237652927e-01
1.224076773589623857e+00
1.949439033394418708e+00
2.759487265123191646e-01
1.059379628259781159e+00
2.405307593060531879e+00
-1.039513355330436761e+00
-1.154136579046215916e+00
-1.601082923520987578e+00
-1.238403157703456881e+00
-4.115020722909950024e-01
-6.620888006751681765e-01
-7.906338368938051753e-01
-1.110885160723587894e+00
-8.692388196435102410e-01
-1.591384732832172411e+00
-4.443454549225257511e-01
-1.686558955267384530e+00
-1.157090462228147043e+00
-1.128462281529615252e+00
-1.002113753173070165e+00
1.428619150115117531e+00
3.674084945857857276e-01
4.208598311913773760e-01
1.117088046503881493e+00
9.970312913844048275e-01
-1.161545054088718221e+00
-2.959167107084755832e-01
6.813688280872831626e-01
-1.072572926852820352e+00
-1.568206120355884803e+00
-3.048178415935910435e-01
-2.338988032388310767e+00
-9.849258374793098403e-01
-6.417029888434904183e-01
-1.451687834109593567e+00
1.404972342935023821e+00
7.353594600494655076e-01
-2.774926180028280953e-01
1.291036334327509749e+00
4.822445948050013698e-01
-4.015883829098253477e-01
-2.537084852928273015e-02
1.300950800727818102e-01
-7.026347780164643453e-01
-1.237626457233337307e+00
-7.790253678510413726e-01
-1.571133794474618206e+00
-1.224645609184065842e+00
-1.135721171731823409e+00
-1.715320557842295202e+00
-1.590070734378383754e+00
-2.197759182165624825e+00
9.268006868275135979e-02
-1.413050091014321108e+00
-2.462294079143941161e+00
-1.073239390937047233e+00
-6.337965328050214620e-01
-1.537856737485424174e+00
1.057620943487717735e+00
-1.798998744081490297e+00
1.296420372198632487e+00
2.386529126342113116e+00
2.869880503391212478e+00
1.898567809811492868e+00
1.520769367928177740e+00
-7.157051189317087392e-02
-5.355287036744793561e-02
-7.193505457172968409e-01
-1.572719833464653050e-01
1.578174914831579123e+00
1.313760929135093125e+00
1.298974416868952320e+00
4.791561858989124012e-01
1.211442662718182461e+00
1.249586049335896787e+00
-4.909284069539522344e-01
-2.004630577414829418e+00
-1.909733806072444917e+00
-1.505506771341149186e+00
-1.088521734920509854e+00
-1.128802612815014594e+00
1.791191280797749918e+00
1.158596885405898114e+00
5.718846441242364520e-01
1.410337726746400122e+00
3.958848008453008660e-01
-5.557801743969550401e-01
1.114940548574022472e+00
1.309709550361327191e+00
2.035609904809605464e+00
-9.839393691781550544e-01
-8.027023698796997841e-01
-1.524908767507031859e+00
-3.296365532852227886e-01
-5.660447958557215387e-01
-4.746966717149092574e-01
3.397551188056280314e-02
9.441168966321382694e-01
-3.686332157457039571e-02
6.137353534425105117e-01
-3.611622350593715058e-01
-1.522632589857984442e+00
-1.411533477746104159e-01
-1.263594895410877994e+00
-2.036171066304404142e+00
-1.402718116370989421e+00
-2.598435909879063921e+00
-1.029734129561770795e+00
-1.261729395369366236e+00
-1.705905997531194540e+00
-5.894924789240516549e-01
-6.294303950473700837e-01
-9.442203673933218244e-01
-1.387480141663355537e+00
-1.742682878380547251e+00
4.267824154768755651e-01
5.256989266740881295e-01
8.631147982867271029e-01
7.529732225714248495e-01
1.435924034212988643e+00
1.253724759089509089e+00
2.127038092420403537e+00
1.686853281039747632e+00
7.078680591202035632e-01
1.807581307160246453e-01
2.162076735386525783e+00
3.411093860725991078e+00
-1.050071688918299273e-01
8.050138192624778366e-01
1.361074295958834224e+00
-1.708571970333319534e+00
-8.943798772660453977e-01
-2.664729917437369977e+00
-2.209447503672586244e+00
-1.922726637798631844e-01
1.678161094963318778e+00
8.931807978680776916e-01
-5.346630679610719916e-02
5.195244241609315861e-01
9.187479796140162192e-01
1.610395412076469857e+00
3.140260903544986881e-01
-1.263585857018245662e-01
7.735314950415964619e-01
1.866009693502849398e+00
3.149946431158274773e-01
-1.221773290696096081e+00
-9.053178803371932926e-01
-8.866989082878748984e-01
-9.416559026343734873e-01
1.028871352931934435e+00
1.205585655225167807e+00
9.594484475507201182e-01
2.288096533872736593e+00
5.910819846458619242e-01
5.921895875341109949e-02
2.064844092753487459e+00
5.046062066118814915e-01
7.631315082550766959e-01
1.943854571616955518e+00
2.234333479307542447e+00
-1.434951533208328467e-01
7.905581008313649072e-01
5.623112204740072784e-01
-4.110911517771784762e-01
6.287557214529680971e-01
7.244245521861725212e-02
3.050363799378275065e+00
1.361673553683707460e+00
9.389864830738909873e-01
-1.432243042972789038e+00
-1.551722519187085592e+00
-1.408897605533902420e+00
-1.814240657753313446e+00
-7.674936265762923870e-01
-6.317483376788165517e-01
-5.912726576801785594e-01
-1.274363072792159768e+00
-9.440080708581956026e-01
-1.661411852091640995e-01
-2.123904207858630322e+00
-1.282636679172668215e+00
-1.283037995673163678e+00
-4.635676098216351404e-01
-7.601915858095709133e-01
1.825811962425161639e+00
-2.197661765662206612e-01
2.261761295323351462e+00
1.896378508839665855e+00
7.061142266629362174e-01
-3.967893169916391072e-01
-1.896445877727156670e+00
-1.095366686119884525e+00
-2.577467282906990675e+00
-6.933711469468234467e-01
-1.024185856490551494e-01
2.600404429757077196e-01
-2.432776981179183728e+00
-8.035510916922266045e-01
5.189745694980429924e-01
4.416189088067904445e-01
8.498585603429241742e-01
1.518579800555391879e+00
1.010945210906382341e+00
-2.305712891449269719e-01
-1.756364780194263453e+00
-3.169014844814288523e-02
-1.736227947726860510e+00
-1.375956169065297274e+00
-1.067756674674439799e+00
-1.760660760939288805e+00
-1.237584877965332231e+00
-6.903620337958187303e-01
-2.776300465929103511e-01
-9.248309056644589132e-01
-1.366844934888801211e+00
-1.437243814091287319e+00
7.866016769621688720e-01
-7.599491970083512848e-01
4.543958370247167533e-01
-5.367266153889399538e-01
-6.587439173236941947e-01
-6.972616090908949626e-01
-2.805365851847501091e-01
-1.313770371638663503e+00
4.021861746933576010e-01
3.890687073332977919e-01
1.065812303011540729e+00
5.624964268254564193e-01
5.966626489161448443e-01
2.282410488786172920e-01
5.781854084949091810e-01
8.881614323476740847e-01
2.085984293689892688e+00
-1.349248709441962291e+00
7.397247792739395367e-01
2.776245909459724714e+00
1.573716126819155292e+00
1.066873261068557399e+00
7.298283030563595952e-01
-7.590372975982569992e-01
-1.836424947360058901e+00
-1.375377497043143382e+00
-6.424381880982259485e-01
-5.423178101566070719e-01
1.728357666005443161e+00
8.812042360966882981e-01
2.273652289052152220e+00
2.266806627909763172e+00
7.613218421887579801e-01
1.229563491838697509e+00
8.331085925699586170e-01
-5.534943359615744907e-01
4.172028370704891076e-01
2.593602755694015549e-01
-4.752512239959880702e-01
-1.348916184376142358e+00
-7.354409685422567122e-01
-1.092190945122100132e-01
-1.672281784657808412e+00
7.191702042953154184e-01
2.496806318657163182e-01
1.706492760960368393e+00
2.457995701236688202e-01
1.006564262989300129e-01
1.523848754047181897e+00
1.764900343070256339e+00
2.919775989166595309e-03
1.579093666559015396e+00
1.080247164037109187e+00
1.261187706346145188e+00
9.120795983587289824e-01
8.130142453233751842e-01
7.137709463239914065e-01
1.094877740877874261e+00
1.535723802337918720e+00
-5.799499796891058878e-01
9.652649433199342877e-01
1.371728660332991900e+00
2.186172052858383008e+00
-8.856141209065830910e-01
-2.866855729132017139e+00
-2.094307195418738665e+00
-2.166470028757860877e-02
6.735106158513108898e-01
-5.412071605909084537e-01
-9.757228340328327754e-01
5.034483109902754272e-01
-7.974984334012661380e-01
7.966987352430598968e-02
-1.293280500231135610e+00
-1.352842139820828793e+00
-6.831742856017288812e-01
-7.543443139919776552e-01
-7.807961642527374568e-01
1.402656339034339172e+00
8.786666185222916647e-01
2.512212578710877331e-01
4.592291429389596669e-01
8.862745612227471703e-01
-7.644281392728073943e-01
1.048218157838774811e+00
-6.774576529001905545e-01
-1.205437403060946044e+00
-7.247253768422341480e-01
-1.173752795020583051e+00
-8.471380072590662946e-01
-1.553094082554622668e+00
2.822727097638999538e-01
-7.045648261681920488e-01
7.051215104404409129e-01
1.150657338828661613e+00
8.747547985786063851e-01
8.815213650517728095e-02
1.096617791861607349e+00
-3.525904264828926271e-01
-1.620413640451771498e+00
-2.115743092798700875e-01
-1.863234086851555116e-01
-6.630548041346751020e-01
3.265621511193663729e-01
-1.179354769866586494e+00
-2.374104357290067746e+00
-9.529333668211071862e-01
-4.392691190994570949e-01
-2.129305211180513524e+00
-2.038288111290900595e+00
5.053248494451221262e-01
-9.141192331011567251e-01
-8.905308628600738796e-01
1.794279672581526874e-01
-1.091886297618720469e-01
3.007833296140340895e-01
-1.653582294907759209e+00
-1.032161364928629199e+00
9.587658937257882430e-01
5.509175002408994715e-02
7.293376414180776646e-01
-3.696450136506927997e-01
2.070410420659182904e+00
-1.673674923341550436e-01
1.230173302089320408e+00
2.129995173564275257e-01
1.792133759291912209e+00
1.995474230557268136e+00
9.376989899565668640e-01
9.883223645015573045e-01
1.758948158810054174e+00
1.548130302685956972e+00
1.656336295112170731e-02
-1.088409726927401566e+00
-8.625055244770418739e-03
-2.383894831913025314e+00
-2.321964098238878726e+00
5.482561457323287257e-01
2.402619710968039168e-01
3.284358026994328439e-01
8.507755111601487119e-01
1.655139667891643462e+00
2.384816727801648106e+00
7.124999816331829550e-01
3.440610576607072701e-02
1.445638205039730284e+00
9.389086425798420787e-01
2.252649113948540727e+00
-1.772937518083641306e+00
3.280837119260031631e-01
-1.310955170604972686e-01
-2.431674896863703417e+00
1.314838454847218063e-01
5.989077554204036424e-02
1.915599655711081484e+00
6.996925546602927870e-02
2.170838841974206623e+00
1.189317851303845375e+00
-7.300986692444111359e-01
3.984720818201807901e-01
-2.377491846896324201e+00
-3.553774869251493662e-01
-1.371942156376512623e+00
-1.066371631807959020e+00
-2.323227119671622987e+00
-1.592584922919029644e+00
-1.346115636826675344e+00
-1.571944214644009019e+00
-1.011137926883741933e+00
-1.950935938702370809e+00
-4.532120846100806677e-01
-1.065812968755860846e+00
-1.616242931235295721e+00
-1.153724963613238508e-01
7.274691608672121390e-01
1.218161909940506327e+00
1.572053416369833645e+00
3.294821511298725802e+00
2.035494770128639663e-01
5.612089935268230745e-01
5.655516242696901896e-01
5.251657728906778955e-01
3.249876988467671479e-01
7.335154836478177121e-01
7.975175485113539242e-01
-2.369768146644919415e-01
6.916332011990629081e-01
7.109654995519765208e-02
-2.033030683532666583e+00
-1.460577402921663825e+00
-1.076860825673743083e+00
-7.550779337598709784e-01
-1.155452998386244046e+00
1.633891639828532139e+00
1.385885705490764952e+00
1.061818433573212594e+00
7.267744427241427108e-01
1.411312423952524542e+00
1.247018755480788776e-01
2.089757521378623473e+00
1.451155690906080320e+00
1.229462992615126815e+00
7.454663928369336112e-01
-1.455545192709125857e+00
-8.486781261454456882e-02
-4.809366373967455255e-01
-2.538315994788691743e+00
-1.333865181033159431e+00
1.693329320849353836e-01
1.041283467811588759e+00
8.095846283754188910e-01
7.929686808026533695e-01
-2.758730260395321210e-01
1.352725444910567454e+00
1.212745982755008889e+00
1.651573275743921432e+00
1.790759815535132304e+00
6.565726540303724601e-01
7.239244319947476525e-01
5.573028534529327338e-01
7.751445870657142079e-01
1.764539446069411266e+00
1.557523078830789220e+00
4.851442801683336636e-01
1.420978018045680580e+00
1.644281291892454533e+00
7.320395971957183168e-02
3.480912913149218468e+00
-1.593924555690462430e+00
-6.091496022245359576e-01
-3.431834533553090871e-01
-2.997259294864520474e-01
-5.683691589955872647e-01
-1.303747636303467683e+00
-1.704884376990638994e+00
-5.826451751033194792e-01
-1.484321146586591755e+00
-9.273241048611094994e-01
-6.360887814154834174e-01
-3.532066079382434332e-02
-7.360418430966303438e-01
-5.095442508680869675e-01
-2.694436911157249703e+00
6.092187845386232148e-01
6.303291335652041472e-01
1.603051568769202184e+00
-2.301429189249921681e-01
1.356902367976902113e+00
-1.482823880904604152e+00
-1.466463344210021891e+00
-2.078371744199376980e+00
-3.246436772859384590e-01
-6.619968491301708724e-02
4.322940337180232184e-01
-5.990126265387875071e-01
-1.100987936519020050e-01
-1.398431098830670072e+00
-2.061944209673621131e+00
1.315017471259265491e+00
1.276759057049199786e+00
7.286114203428931679e-01
1.024656081950511499e+00
1.890734596357088293e+00
-4.963930647545611308e-02
-1.497365832711919253e+00
-5.470423434167053234e-01
1.541161614532329249e-01
-4.869751600965420701e-01
7.005233810053190791e-01
1.584618840273337437e+00
2.379008377955946330e+00
8.410768527068429590e-01
1.343908638719969240e+00
2.644635845506275729e+00
9.296858540300260154e-01
3.767472712813432212e-01
9.316858208672134101e-01
9.796900481863896060e-01
2.702896504248998077e+00
1.831767454282932750e+00
1.078749272481899890e+00
1.491493050365606088e+00
1.832193386619459741e+00
-6.553494625385152261e-01
-1.635911454758808503e+00
-5.356268579678815644e-01
-2.219016461534407014e+00
-1.531465958586493148e+00
-1.481916717512074433e+00
2.127905651521266872e-01
-1.760557177767301251e+00
-2.586821094420632683e-01
-1.984490770166353890e-01
-8.680707739120221422e-01
1.470034207827874972e-01
-1.808498614190793718e+00
-3.315664730159784135e-02
-1.214913381451939722e+00
8.214143827297423206e-01
8.218387717921024072e-01
-3.179461996403427637e-01
2.082435981766281863e+00
2.058017097692992348e-01
-8.189217541476626616e-01
4.958378720528591188e-01
-6.231894614296689117e-01
-3.856108054331782720e-01
-7.362198913170807657e-01
-1.332143284159915897e+00
-1.270937052048989102e+00
-7.158990692522325672e-01
-1.204856128668449822e+00
-2.156495694311813871e+00
1.145885369291688605e+00
1.787530502577802327e+00
1.138040006422774697e-01
1.796569458728327628e+00
3.272958669184071745e-01
-1.376313358105826889e+00
-1.780877501833148635e+00
-1.530081064753922249e+00
-7.124293162889362430e-01
-1.491603947039725764e+00
