-1.424157294031982435e-01
9.710982456581818134e-01
-1.770655032179992983e+00
-8.136506116503956498e-01
-5.783874721054551582e-01
-1.201468483514034125e+00
-1.973285838059899877e+00
5.349671907953834626e-02
-1.359957784899643807e+00
-5.106612570510621341e-01
-1.645032197684251241e+00
1.895676073478904655e-01
-1.393548439814200623e+00
-1.564213714301607716e-01
-6.494647762614385034e-01
1.313606196893139177e+00
1.656662638352292438e+00
8.948860577159772900e-01
1.789669308789670676e+00
1.025159829008476686e+00
1.460831825213502855e+00
7.166108565553799270e-01
1.136047346859406115e+00
1.368971849850991074e+00
6.543691139458179817e-01
1.109325864307032727e+00
1.461106082451312682e+00
-6.215880955074315484e-01
6.636562749240106918e-01
1.403506324636709213e+00
-6.527838496686902969e-01
-4.153888110785890486e-01
-2.102820139642094244e+00
-1.318117153050110568e+00
-7.226188308561471985e-01
8.139672594378466464e-01
2.308345082855266739e+00
8.219388643200009614e-01
1.245649362814750472e+00
7.719507944950136924e-01
7.573317004543196340e-01
1.217538377325606103e+00
4.889757389586024683e-02
2.154315244144429542e+00
1.352032843548051089e+00
-6.771604599041571859e-01
-9.696723072737991611e-01
-1.483993617770607454e+00
-2.075346523469987048e+00
-8.194271630771465809e-01
-1.062826755509957977e-01
1.050321188777430637e+00
1.443003094693878330e+00
6.567829150127100224e-01
1.506572760469925054e+00
1.408055950058375805e+00
1.736023674647427573e+00
-2.816539349909863432e-02
1.526603593704176420e+00
8.756162837071190808e-01
6.328008576613299851e-01
2.913831464394046389e+00
-3.792558007394204456e-01
-9.576020841469357059e-02
8.378150520127614076e-01
1.243830849344421896e+00
7.323866565768750725e-01
-3.368674493147638671e-02
3.094153008956388451e-01
5.519211089248103885e-01
-1.069656338894364733e-01
-8.986580545858802171e-01
-1.728673577538027750e+00
-2.411520260267030480e-04
-3.926224065341217262e-01
-9.730498261338254018e-01
-2.220651095144749121e+00
-5.899677340115255797e-01
-9.722336197687954096e-01
-1.796816354702124974e+00
-1.603872759258602620e+00
-8.613019833536830205e-01
-1.620902060931181277e+00
-1.555155867517431290e+00
-4.395621036079309096e-01
1.761730490997490683e-01
1.821440173076429137e+00
2.134189667613052066e+00
8.183803471638118054e-01
1.624723754842809953e+00
-4.949716307364474543e-01
-9.917027129379918371e-02
-1.643456865838867742e+00
-1.299548642557260214e+00
-2.203754376674376125e+00
-7.190954436127614535e-01
-1.669833180507561465e+00
-5.383737038151510390e-01
-6.155953357957337779e-01
-1.688244703007208969e+00
-1.037015424128595598e-01
1.458937989021192649e+00
6.219460459249601669e-01
8.787332874707446395e-01
-2.121276764130741732e-02
-1.700665276329099251e+00
-4.582383579847928434e-01
-1.695380415278602726e+00
-2.502964286655887438e+00
-7.079656452139241329e-01
1.328526683422042609e+00
1.275943442037584585e+00
1.069148654443525137e+00
9.858269458708427413e-01
1.599942080227860552e+00
1.770197085782508228e+00
1.303371252240219658e+00
1.433458434252085745e+00
1.672348003666811689e+00
1.620285768496228629e+00
1.041457293810020834e+00
8.645489703651875191e-01
1.143437994923252266e+00
1.022052241465348565e+00
-2.386877116094643370e-02
-1.222257450046271732e+00
-7.650260089436398125e-01
-2.217105309297826565e-01
-1.188860274067688794e+00
-2.236766069055198702e+00
-1.085441130115165631e+00
5.443101036357593792e-01
-5.731061357703651771e-01
-9.251520995133728498e-01
-1.461370480458691778e+00
-1.955020758095159072e+00
-2.036624330134718441e+00
-4.849872952871714382e-01
-1.634993586588933789e+00
-1.580135929817827467e-01
-5.260496659925042451e-01
1.578108100768245370e+00
1.037692210109171231e+00
-1.230913986846369212e-01
1.192428334786080013e+00
-6.569771695366348752e-01
-1.306103326183818858e+00
1.348161832579188868e-01
-3.401855090132126502e-01
-6.898610141705586729e-01
-1.560565149356619497e+00
-1.810177096206973424e+00
-3.502880589231041064e-01
-4.904359796159885043e-01
-1.240509553161847744e+00
9.080534447705655987e-01
2.007754153285964405e-01
-1.647558519201208771e-01
3.022178959343873039e-01
2.022531198043348244e+00
-1.594705160158978785e+00
-1.555193062873378551e+00
-1.737417368599100120e+00
-1.035742576262703718e-01
-6.219974519426277881e-01
-2.028822573236186866e+00
-8.248489240182212967e-01
-1.112604443149557865e+00
-1.100231247907889731e+00
-6.333800732985436222e-01
-1.425008695815851212e+00
2.472361549328490060e-01
-1.305426597768382990e+00
-4.846409877196408145e-01
-2.770595359419170123e-02
-2.554567412703707685e-01
-9.165142475495198227e-01
3.332262204132709904e-01
-4.797216416076177659e-01
-2.058709821538515783e+00
1.060527207386942061e+00
1.134231566551123560e+00
1.540461731302280146e+00
1.386837218155500207e+00
2.427587982982548631e+00
1.559560664722645651e+00
3.479456351418087623e-01
1.484746038054783668e+00
1.194338640488606051e+00
1.663640566699876588e+00
1.292359149330403190e+00
6.170657346296712920e-01
3.068354893843461273e-01
1.717227593079146741e+00
5.537497355490212936e-01
-1.490599411869406143e+00
-1.351128248935859366e+00
-9.209670913174069495e-01
-1.059630152295003791e+00
-8.985712068904324612e-01
1.656827528778634484e+00
1.168365998211839507e+00
5.157693599682593444e-01
-3.463547524760430818e-01
2.360977651174414049e-01
1.233565683589778805e+00
1.519884316124701318e+00
1.294113077947916413e+00
8.297440624675844756e-01
2.357117097613055101e+00
-1.817115846660439349e+00
-2.921675319227194922e-01
-6.319796640960286815e-01
-2.245217901248834913e+00
-8.511596494058983886e-01
1.514947086457073766e+00
7.562587390760113770e-01
-2.979775955195782533e-01
2.438739591340401081e+00
1.382353904689219481e+00
6.001147378775555374e-01
5.259388044710189281e-01
8.598078353423781461e-01
5.509353998293998744e-01
3.581685973363808451e-01
1.628027194442569048e+00
1.165365191029881897e+00
1.374081905021583339e+00
-3.176901292113698538e-02
1.427948191568516823e+00
2.865191032511682501e-01
6.346734311654724792e-01
1.069972726351828385e+00
1.203629414001347486e+00
1.232904985018216548e+00
-4.986652420781487738e-01
8.435521119736155704e-02
-8.086673612094196217e-01
-1.201087113970636944e+00
-8.805586191514589434e-01
-1.775245814086347851e+00
-2.009690628101647114e+00
-8.052725527529951410e-01
6.590827146925510860e-01
3.859684922410377972e-01
-3.943144301691288156e-01
-2.200609292679372331e+00
-7.183876622462697092e-01
-2.648250438882413960e+00
-1.049900766091834692e+00
1.174998408798850758e-01
1.240370607348676657e+00
4.991909351362266989e-02
3.431478491685227006e-01
1.364484511483808449e+00
-1.352034856615019542e+00
-3.405480036607899663e-01
-8.027095930434324789e-01
-7.765480931836763467e-01
-9.617704361897808640e-01
-1.917484382439704760e+00
-1.126937892090760007e+00
-5.108007410245681834e-01
-1.485923677465766257e+00
-8.737395547652575534e-01
1.302740093083997852e+00
1.873208431916903782e+00
1.467808562016471363e+00
1.008709628080876941e+00
-7.187346888012884349e-01
-1.844131396495734432e+00
-4.771041872466090794e-01
-1.613017205207623928e+00
-2.151631116566714574e+00
-9.516865884050050850e-01
-1.559136998073431535e-01
-1.514172721746793071e+00
-1.139346612391963998e+00
-1.364920952931561127e+00
-8.204444918609566928e-01
-1.750487267450396622e+00
-1.479615626478238966e+00
-1.177470512425294213e+00
-8.389586718965456047e-01
-4.691417160754127735e-01
-1.599703535305614821e+00
-1.372505860655812482e+00
-5.523925100173018299e-01
-2.399600420845857673e-01
-2.115278348945144327e-01
3.375804263573031205e-01
9.436077584826164655e-01
6.455043768448454067e-01
1.569548880976952887e+00
9.908884590997238950e-01
1.872700334618125240e+00
9.524849877941814480e-01
3.092981333827027335e-01
-2.977584166972297997e-01
2.027538566227788497e+00
1.413669827725191119e+00
1.833375419803384032e+00
3.325376291432335929e-02
8.251941589498729135e-01
4.756992245733574487e-01
-7.842287172776469806e-01
-1.584280885445994880e+00
-1.011647438148314482e+00
-3.204811551363854205e-01
-5.473143638392403698e-01
8.774960107429983225e-01
1.575857710885394614e+00
1.440463582766473127e+00
1.066548493355454541e+00
1.514542483313537691e+00
1.322963391779752307e+00
-1.522230976870124763e-01
1.375098165763920965e+00
1.682427000249433480e+00
8.577943655309914206e-01
-1.651850094425779902e+00
-1.083492437524159024e+00
-1.540731933883019433e-01
-1.540192924638115635e+00
-6.722387884527567525e-01
8.578532922563634200e-01
2.159138768112344842e+00
2.053567485271390325e-02
6.326214947145358813e-01
-6.577374374844802141e-02
-9.672280348428372587e-01
-1.321565075349335538e+00
-1.009261240232493861e+00
-6.482879444968547844e-02
-3.305238873215330386e-01
-1.111440963884083866e-01
-3.181711405777527535e-01
-1.463807669274399537e+00
-1.872095328942355863e-01
-7.340895977686545670e-01
-1.508197214182607215e-01
-1.394268060666809639e+00
-1.679333385280048496e-01
-4.467623617998892627e-01
-3.645698755197908092e-01
4.944507696023462406e-01
1.319926063483206402e+00
1.206573687516060644e+00
2.004997886454530143e+00
1.319193722371339472e+00
9.831897430197444887e-01
4.810201350775115126e-01
1.275585416886862777e+00
1.565933998514485559e+00
1.496756834735247566e+00
-4.509968252952800682e-01
7.535234946715223536e-01
1.811239713395751405e+00
1.179039199359467105e+00
1.486963703544982307e+00
-6.033287031518960175e-01
-7.975561011748391049e-01
-5.516493323191864473e-01
-6.987451485489297731e-01
-1.734117145795375459e+00
1.330613048755129313e+00
9.701610623967181768e-01
1.398525627794714676e+00
7.944448730382279722e-01
1.059373696819521316e+00
1.254717788102347908e+00
7.096288352405317745e-01
5.428965332542231570e-01
-1.681269699580665300e-01
9.627024146767778623e-01
-1.861994825401104281e-01
-1.968970934780351012e+00
-7.678647185685869569e-01
5.492682292699258007e-02
-1.426464910207507542e+00
2.644487950354064143e-01
1.757550869824979989e+00
1.846190860633210917e+00
1.913526462225018987e+00
8.000727765045828610e-01
-1.189208769593109949e+00
-1.848674570319677857e+00
-2.061500412456346076e+00
-4.181981000745671473e-01
-1.584833180590472512e-01
-3.005633158459783960e-01
-9.175682247398726510e-01
-7.663229230581116713e-01
-5.738286346796576121e-01
-3.452732267365142826e-01
-1.180095699484894345e+00
-1.292522555858539590e+00
-7.015464981467844918e-01
-1.784311075727586404e+00
-8.089944720192905336e-01
4.311672516688001000e-01
9.133220455549064809e-01
1.796140060663919735e+00
1.567037333940000110e-01
8.885969687967004704e-01
-1.399179248809618858e-01
2.373724178205383950e+00
1.587986978100234481e+00
1.384301884502738389e+00
1.048570524934057335e+00
1.140796632876647676e+00
5.330803133409501848e-01
4.876540770949615577e-01
1.320882347411521440e+00
1.063810834275072503e+00
-3.854534277580685675e-01
-2.956452563414499579e+00
-6.664712880891285884e-01
-2.445899078846601071e+00
-9.131810315950203982e-01
1.323960835892164845e+00
1.970381843157729573e+00
1.049890032373465010e+00
2.265622796661024729e+00
1.781818671828919287e+00
6.644796257487124436e-01
6.821345241400924575e-01
1.357793450364981558e+00
-9.508281393582218577e-02
2.232382668638122070e-03
-1.238400367644531652e+00
-2.648120400174006850e+00
-1.720893171993879811e+00
-1.626352698354919912e+00
-1.331262313041595036e+00
3.344176745715028432e-01
5.736530203697322028e-01
1.595186123826037861e-01
1.329925081079462501e+00
-3.477981330700017359e-01
-1.879935019571100208e+00
-2.041705164974986442e+00
-2.147899594662446177e+00
-8.428308555760802845e-01
-3.633611083957148935e-01
-8.321280527935240867e-01
-5.702346708452191715e-01
-1.002459264157772534e+00
-3.001455766004935688e-01
-1.151546284086878646e+00
-5.043619438296230717e-01
-1.311836640106468943e+00
-1.123361893408222567e+00
-1.812369351478369639e+00
-1.551822174451567227e+00
1.367967802981316705e+00
6.175307255618411872e-01
3.664455655741971629e-01
8.768792361854035322e-01
1.412017322669530728e+00
1.370681529910620311e+00
1.752812508504812072e+00
2.015443872977458195e+00
-2.553093708106357607e-01
1.625779892964339002e+00
3.361678046972217393e-01
1.488076510185198487e+00
-1.417558349694247877e-01
1.473699880349570890e+00
9.341381792642220461e-01
-1.103493956672890963e+00
-9.555926871159982072e-01
-7.124517225846004331e-01
-1.755848852928058035e+00
-5.403656759677557542e-01
6.563095782270642609e-01
-4.712363895477347242e-01
1.137199887877261117e+00
1.146971600963284210e+00
6.733384961676570635e-01
9.791950849952819613e-01
9.635396484432532382e-01
1.851005422451443172e+00
1.868468258851470054e-01
1.619410479137332493e+00
-1.799206116950161194e+00
-1.304769193472532951e+00
-2.047995301279730285e-01
-2.245019309931422846e+00
-2.114010016932357239e+00
2.167696025486094857e+00
1.069938498248518277e+00
2.060299736280851501e+00
1.937392283913537128e+00
8.382293940319369696e-01
-4.455615278775715282e-01
1.376675062965821983e+00
-1.252730249151414732e-01
3.954620234203208851e-01
1.051013142912565534e+00
-5.119991770577292378e-02
1.312883697274507266e+00
5.802847634891656892e-01
2.518948298854888357e-01
1.627934836161859966e+00
1.594663533636882180e+00
5.554458282317079609e-01
4.884759391957838037e-01
7.019291518313269806e-01
5.595450660539754706e-01
-8.364710535671632252e-01
-1.729309015845629904e+00
-1.328180266515840646e+00
-3.096903839224109944e-01
-1.488336325924910497e+00
-1.311054155602220161e+00
-3.909072578526621156e-01
-1.716839294272209493e+00
-6.807467521781199737e-01
-1.082600337393580858e+00
-1.888820145073481838e+00
-1.588134669505604224e+00
-6.974813989072089493e-01
-1.055866284810547340e+00
-9.840896569168650077e-01
2.472259085960015756e-02
7.676721890374085255e-01
8.021234300560426966e-01
1.960085290380074063e+00
2.045276786113688239e+00
8.762682726706860770e-02
-1.599885795262216748e+00
-2.093407871592199765e+00
-3.132176810683757751e-01
7.801321024184699748e-01
-3.122923289524867085e-01
-4.753942220614710834e-01
-1.604877543737480261e+00
-1.367126651776910062e+00
-1.221340912546807989e+00
1.782203032819839716e+00
1.623914202773610871e+00
-1.257212632406695008e+00
1.905201409468377349e+00
1.138241037326657157e+00
-2.655283745469277923e-01
-1.629377893597539373e+00
-2.033436998206417989e+00
-1.743101066261773635e+00
-1.015615072420859688e+00
1.899578654626364882e-01
1.496819412391943604e+00
1.036629988921124790e+00
-1.082141665330368152e+00
1.418729171763839947e+00
1.767031071753362159e-01
1.826472684607983954e+00
1.467779652544352942e+00
1.148961873765412811e+00
7.147779597384293915e-01
2.084291509131293907e+00
1.064999778074389614e+00
1.149098408846000119e+00
1.412237332209503204e+00
2.498239037702210119e-01
-1.842207529878615357e+00
-1.900300576880320280e+00
-8.374774800458039126e-01
-6.152412377853200276e-01
-2.304283772327984536e+00
-2.126313155387977716e+00
3.661439899204468329e-01
-1.080014917433322452e+00
-1.233673448160490960e+00
-1.502257283353427564e+00
-1.001680641174419018e+00
-1.437795683440657335e+00
-2.849702047379597536e-01
-5.251522211591728162e-01
8.660348732229317115e-02
3.067014536538965608e-01
6.737303187252126069e-01
1.416626457593280541e+00
2.154820526750335752e+00
1.469447254858692098e+00
-8.279102573245900043e-01
-8.128431959012303309e-01
-3.197439390076861621e-02
-3.547329682294974029e-01
-5.586706650383446160e-01
-4.318742110014004432e-01
-1.727091497277521093e+00
-7.759243678073262096e-01
-9.405122430788073196e-01
3.697867712531206497e-01
1.604445895839616831e+00
1.753097409648079585e+00
1.387457900103425290e+00
9.753584872664815553e-01
3.946638305026644034e-01
-1.399538459960477876e+00
-7.074609611532665099e-01
-1.366423306501270751e+00
-2.262450573442359225e+00
-2.007653823950536598e+00
-8.035078310024657000e-01
-2.093396647851937242e-01
-3.260962205305352191e-01
-1.143189340462611892e+00
-1.003249327836580607e+00
-1.132180621893509098e+00
-1.435833678131201108e+00
-1.097645378796963556e+00
-2.506069337569353017e+00
-9.263737507329936616e-01
-1.173364747833879340e+00
-1.265107990533788529e+00
-6.604136215763731776e-01
-2.111080778597497876e+00
-9.451345885457260731e-01
4.477547651636872850e-01
1.685907678330398340e+00
-3.572355399402888931e-01
1.224456362941114262e+00
2.086418593323317694e+00
1.829836297913058019e+00
8.864258345847881859e-01
9.944582401296299112e-01
1.048287708955231157e-01
7.957204037266897290e-01
1.519842745016206642e-01
-8.817231182069984463e-02
1.859158190037085046e+00
1.887329732459497977e+00
2.032432441571403015e+00
-3.406687899312219603e-01
-2.339717986959669815e+00
-1.487885064201801777e+00
-3.270996116526458941e-01
-9.428275579656281158e-01
7.516918405991854790e-01
2.957992956235019344e-01
2.095879898667006191e+00
1.520800187873681431e+00
2.007937057408113457e+00
1.271118856100291516e+00
9.572034750927140845e-01
2.795612957137205257e+00
1.043606609135710794e+00
1.420674549347900939e+00
-2.392115808888068962e+00
-9.656742448149530089e-01
-1.036985308757386148e+00
3.174486427449823012e-01
-3.668440536650018347e-01
5.142836364264458116e-01
6.761008683334892577e-01
9.025477627025111360e-01
2.072368355752221447e+00
1.399329604995314114e+00
2.449404693714620773e-01
1.179163217243661910e+00
5.032287918127131832e-01
8.789855218238930012e-01
1.432271646398305842e+00
1.594539735526297797e+00
1.558304239678423020e+00
-1.166845604386783641e-01
1.396460363326869070e+00
1.460523309058514130e+00
1.012274715028516958e+00
2.803806085162345418e+00
4.526604349480289891e-02
1.377878729638168931e+00
1.689491354520521238e+00
2.738788223918735554e-01
-2.349122557401469802e+00
-3.946036132887337233e-01
-8.685996180991989446e-01
-1.993249667767682531e-02
-1.667559335949544641e+00
-2.042460443866160880e-01
-5.765803081500495697e-01
-2.789060457281800076e-02
-1.026420320895932381e+00
-1.058117119870473966e+00
-3.550429394726857257e-01
-1.948425323242184648e+00
-2.744822916548242286e+00
-1.845279447699886832e+00
-1.051252294167328571e-01
2.023689916796496124e-01
3.073325943573983476e-01
3.210224014277213156e-01
1.718837333544235957e+00
-1.132857056387106320e+00
-1.365616084283992837e+00
-1.495482928280587487e+00
-1.852236354531947349e+00
-1.382470000471714089e+00
-8.232550778301342964e-01
-7.618389072462172784e-01
-1.886682685413886951e+00
-2.003377334025261192e+00
-2.621050580249530970e+00
3.813929363292127839e-01
7.547359077620603429e-01
1.122446581002908506e+00
1.290846398491068081e+00
2.049414600661769281e+00
-1.644584767713489271e+00
-1.714657450936490690e+00
4.490382061046904738e-02
-7.444113516894644844e-01
-7.286222491937345280e-01
-1.121392184321354568e+00
-9.852626282127557866e-01
-9.335104844512842615e-01
-1.726032916427443720e+00
-1.220489097932086597e+00
-2.291526910026500996e+00
-3.056144804172630014e+00
-2.530500031799398641e+00
-4.360436565653305063e-01
-1.424202344723414226e+00
-1.117203598464220793e+00
-5.984375301504396560e-01
-1.556944075015846973e+00
-6.629057465837181473e-01
-5.239522211560864173e-01
4.496349126334583390e-01
1.494799043649527093e+00
1.350084573377901220e+00
1.641681850185331415e+00
1.816412145658340416e+00
1.875424750557953102e+00
1.396649715830800664e+00
-5.009029871881409690e-02
2.218509320579077571e+00
8.036931028699227930e-01
9.594713963062672102e-01
3.411685400716503169e-01
6.105918738192011030e-01
2.883651951322676599e-01
3.027513725732884353e+00
-2.722729273339045131e-01
-1.527664178489373636e+00
-1.832569532073860419e+00
-2.121708012247696118e+00
-5.179406864922531106e-01
9.544712506854651224e-01
1.162395570082644491e+00
5.419238874455782895e-01
-8.586884946968487142e-01
-8.170791528924621350e-01
5.323688274113114183e-02
2.427318109584626793e+00
2.422597830325735613e-01
1.227409110051846719e+00
3.649308973047850069e-01
-9.252880384272504921e-01
-9.370035162078846902e-01
-3.463388598091340365e-01
-2.276887495775733683e+00
-5.527295350475547320e-01
7.511107553110596413e-01
1.657006750492733271e+00
8.587290095028008441e-01
-1.449766426307093070e-01
1.209141049173704241e+00
-2.005161800572533348e+00
-6.881407788295782479e-01
-4.091907940357271123e-01
-1.775484891423174449e+00
-8.852199048517911395e-01
-1.517572347250450093e+00
-1.347981716381736472e+00
-2.087881409047291914e+00
-1.822787992719767880e+00
-7.609886746351045561e-01
-1.093289011394753985e+00
-2.717002651622603127e-01
9.084443863349411785e-02
-1.118616367462498484e+00
2.310631801432245780e-01
-4.070271697503780040e-01
1.150045100632080874e+00
4.983463852047235187e-01
1.852673654653691049e+00
7.809805838737472472e-01
-3.508978431079290417e-01
9.726284201817891883e-01
2.046858525775204773e-01
3.143942364454461735e-01
1.232178728208850327e-01
-3.516667850137755735e-02
1.983431978408561891e+00
9.498921264777234752e-01
1.624611445912417018e+00
1.291667862001370848e+00
-1.804566045749420589e+00
-2.527790154525323407e-01
-1.936372871165826570e+00
-2.258088115026147147e+00
6.295586422169607843e-02
6.522593411388566409e-01
2.533358491543333813e+00
1.231203813764099264e+00
2.025446933899356150e+00
2.118390558400759183e+00
1.767064796860261078e+00
1.682371297426171530e+00
8.355032950868127584e-01
1.574539288080681665e+00
1.451465989732491302e+00
-1.674780729964901349e+00
-2.174643596079088415e+00
-8.420852973964741972e-01
-6.112644501305108946e-01
-6.870717033155582243e-01
1.105134795788198510e-01
3.167731998401693616e+00
5.451670545176428018e-01
1.467834189404019885e+00
1.216340597602994400e+00
-7.119804739129704796e-01
-4.209305817283163220e-01
-9.613238664845550341e-01
-1.208481113241421046e+00
-9.127683804419450819e-01
1.829705423904346429e-01
-1.429172324662124183e+00
-7.398111593697398458e-01
-3.300850258612077148e+00
-9.824697540625159098e-01
-9.892104215141700463e-01
-2.115510281543762972e+00
-1.126708487732973829e+00
-6.510721838978885678e-01
2.653028946250106657e-01
-7.487993437760327442e-01
-3.608360360413520596e-02
3.073880197821410309e-01
6.605438146036345382e-01
1.153554184772407343e+00
4.639205161574704306e-01
1.335150476651647100e+00
5.913414639712785137e-01
4.751480839573570814e-01
1.839687144858948020e-01
7.840809711317562325e-01
1.702961374205648415e+00
1.382134084990968681e+00
1.383906548144680393e+00
-2.432591319575923006e-01
-4.930389579667942002e-01
-1.276978136387336704e+00
-2.561408065350966101e+00
-5.514921980361469078e-01
6.121653478148054717e-01
2.065324956756106722e+00
1.240481277863364484e+00
1.111070999835458650e+00
8.793589152798128028e-01
2.721641166129070477e+00
9.078200820083786038e-01
1.811358226274004668e+00
1.911762207982578010e-01
2.218080442068234959e+00
6.620719450965057984e-01
-1.484416133010034944e+00
-2.799219563162144819e+00
-2.171933825594513756e+00
-5.990199358287969789e-01
9.239243399476348984e-02
4.229574906405645374e-01
1.430400505650876619e+00
1.648027247939145568e+00
1.483770312188410934e+00
2.221045511971353914e+00
-1.124236600358412552e+00
-9.279082348284163340e-01
-1.560804214251764410e+00
-8.665363747514804871e-01
-9.790693527164244792e-01
-1.307455478444710106e+00
-1.034990675073148125e+00
-9.858900537201499281e-01
-4.105095287524707093e-02
-3.500596999596095049e-01
-1.591982294410009269e-01
-1.308362551301653243e+00
-1.936659407101686048e+00
-1.544897395592382150e+00
-1.249279846595418464e+00
3.908524965504345250e-01
2.108129455097182969e+00
6.866459941349416507e-01
6.601555378826409193e-01
2.791529266591982195e-01
1.795113600156680977e+00
4.541201540353358990e-01
5.615612987700783210e-01
1.505500487607615234e+00
1.268464472872613324e+00
-4.017866085326733394e-01
1.098480477885630746e+00
1.849436676392165246e+00
7.751131578429415470e-01
7.272366214282783847e-01
1.220486355990821892e-01
-2.404873223429773610e+00
-1.901342529047216345e-01
-1.110575251086808990e+00
-1.173627403869829999e+00
9.057458617464455575e-01
1.451006586468477355e+00
6.364565249423549398e-01
1.423607523203806791e+00
1.454526101745160060e+00
2.156628069146610649e+00
2.810035678981006591e-01
1.360084509000516251e+00
1.498130791489263647e+00
4.947788516827213989e-01
9.360227095587814183e-02
-9.154511379484489009e-01
-6.139490993086771375e-02
-7.398136001913944160e-01
-1.171578228250872433e+00
8.832297500947248192e-01
1.162021702178395177e+00
5.150110770196236754e-01
1.652095718825165704e+00
-1.096146856033830108e+00
1.929625413355678942e+00
1.384053914047509437e-01
1.934103189051522342e+00
4.402864710667261372e-01
-2.296069115249721460e-01
6.412687441306923475e-01
1.468741437702450581e+00
-2.698783155240322973e-01
2.101673312992784481e+00
-1.180594240274301043e+00
-7.878999599108493790e-02
8.404021843130908831e-01
2.697714406355870675e+00
1.871164893245230942e+00
1.406499126918283604e-01
-1.274128402513560188e-01
-8.992199438849888260e-01
-2.179677927958372674e+00
-3.582668001532116620e-01
-1.965465910713574349e+00
-2.671669118957958888e-01
-1.995107164220103479e-01
-9.563011207174072492e-01
-5.846058737355853685e-01
-1.421080164955201397e+00
-1.330638486143015164e+00
4.465102289698423821e-01
-4.892860228495725661e-01
7.316070339450395643e-01
-7.186126714862604015e-01
4.864918999487745088e-01
1.270937929166570335e+00
7.796914307066928895e-01
1.154897349065439061e+00
1.035084845914518770e+00
1.183448691665078822e-01
-5.764327450969370936e-01
-1.414314299412895437e-01
-1.284843752332958111e-01
-7.057179617540152439e-01
-2.242602430965771054e-01
-1.465087932747959121e+00
-1.029660750585828621e+00
-1.817200332153565023e+00
-1.259529469564006243e+00
1.084365932850928083e+00
6.850695480786053171e-01
7.088961634054712357e-01
1.771283048514349368e+00
1.501571360385949738e+00
-1.169866013293464624e+00
-7.417891171411430395e-01
-1.686163096635780789e+00
-4.815907132568080229e-01
-1.848312001343622057e+00
-1.741873809498551529e+00
-1.346338207589587332e+00
-8.035838850914411857e-01
-1.884272455792038725e+00
9.834322693735120247e-02
-1.356312878549770895e+00
-4.246678016138776268e-01
-5.829527581569702299e-01
-2.136385953395683934e+00
-2.127896587067166223e+00
-1.629283457591267359e+00
-1.683701275764734273e+00
-1.269276588300379593e+00
-5.073694045505867667e-01
-1.609705742095993264e+00
1.268503911565419529e-01
9.155965298408939024e-01
1.283865843600769496e+00
5.494421504658805189e-01
1.417145490525763663e+00
1.271596188580627285e+00
-3.094202472699834061e-01
5.451185644244671558e-02
1.808161902671855392e+00
1.929380740219571289e+00
1.107490642276526271e+00
-7.394378440363178484e-01
9.808005380429384301e-01
1.266937167190498092e+00
1.417816657656517876e+00
-1.688877732138504895e+00
-6.165718705348826045e-01
-7.626886448635867843e-01
-8.361575807989884979e-01
-4.951097914983655368e-01
9.946990058191331752e-01
6.448273768017342977e-01
6.965078812628990867e-01
1.444977099486432381e+00
1.839646545916708842e-01
1.356523716535407820e+00
7.737835901153211626e-01
-1.105196705632915943e-01
1.174330264202247065e+00
1.531234247001054261e+00
4.997136008256821693e-01
-1.224830841177802387e+00
2.085636923709370816e-01
1.365045749694910882e+00
-2.043838036926018287e+00
1.845225803160609468e+00
1.581907005980159209e+00
1.327990149573210044e+00
4.762146702432829004e-01
9.704903575613916811e-01
9.635751538494521373e-01
1.644073663402565444e+00
1.199942836602581053e-01
1.511706761669764365e+00
9.216389759271844673e-01
1.363058974163496195e+00
8.962401903451274743e-01
7.341226001583621708e-01
6.550737080771799059e-01
1.598590054923483716e+00
6.123283764036817622e-01
2.136971699401989166e+00
3.545732198587060680e+00
3.506890954178939479e-01
1.534653538644784598e+00
-2.391557832087987556e+00
-5.679515348500112637e-01
-6.955307659993603675e-02
-1.725412694827006321e+00
-1.256560891136505820e+00
-9.353228026887235869e-01
1.988209701754866110e-01
-1.221609453015173319e+00
-1.154851220638114739e+00
-1.953496849583557182e+00
1.567319486206231183e-01
7.077072003631537100e-01
-4.220207075445564504e-01
-1.037964966001818867e+00
-9.326778370607724522e-01
1.229494631794850745e+00
2.020833722201780702e+00
1.350812904148435134e+00
4.838926907249647691e-01
7.841928456713520568e-01
-1.893281729495092769e+00
-1.782743081851189570e+00
-5.300544156703242971e-01
-2.220578535565603140e+00
2.315849621236936162e-01
-1.954652384032124823e+00
-1.873090785721075680e+00
-4.084878049656891497e-01
-7.997387454154082365e-01
-1.115691378291923330e+00
4.726025051383824227e-01
1.173842341819954616e+00
9.886162785129555264e-01
-1.018838754243046818e+00
1.385474286234226193e+00
-1.467745050239808169e+00
8.553460517761601878e-02
1.126139390251061023e+00
-1.151006917630810644e+00
-7.702708486780673880e-01
-1.249915762474517189e+00
-2.446633218895949646e+00
-1.742355647573087474e+00
-1.953087279683632271e+00
-1.169349333131530111e+00
-5.799609521195403516e-01
-2.104846113250793849e+00
-1.654887551880632746e+00
-2.226934495939555614e+00
-1.858830500315805878e+00
-2.060012787806817069e+00
-9.644345971232076709e-01
1.502801155811799294e-01
-1.484600049890799633e+00
-2.931647402240384892e-01
3.938870000599199450e-01
-2.379253566281085419e-01
2.184988996111934423e+00
8.322047355645560973e-01
1.301257967680770511e+00
3.577380432870145288e-01
4.256753767430073720e-01
2.443340741836075303e-01
7.583503250612859681e-01
6.995540791429761818e-01
9.562562624382556775e-01
1.084043493947063563e+00
1.921989279006409923e+00
2.245902127603355058e+00
9.399633225869643560e-01
-1.410265825008552909e+00
-1.596450192921547773e+00
-1.056414498878964991e+00
3.816509025748291428e-01
-8.649473779378757943e-02
7.321929475097179729e-01
1.261724227672104126e+00
-6.366211066564466670e-01
1.162169559149597742e+00
1.941090656968618378e+00
1.143832333056949091e+00
-1.892705991567447121e-01
3.361774300991705600e-01
1.474657471366321637e+00
1.350946353042193682e+00
-7.615219539684929817e-01
-9.103282296527072104e-01
-1.759521393853282767e+00
-1.579652704685001297e+00
-1.231368321216387951e+00
1.315071438463482512e+00
2.462248356739369370e-01
1.357104730306028184e+00
1.289423718283310372e+00
5.632716879340770033e-01
-1.008350655388085881e+00
2.523589183762962040e-01
-1.275909123060470218e+00
-1.778769980158335873e+00
-1.678945396356162245e+00
-5.833407491565374414e-01
-2.447315606835747115e-01
-3.644482368327025545e-01
-1.165176628292645900e+00
-7.021130953366299110e-01
-2.058197291807132512e+00
-2.681731146405069044e+00
-1.654066233876867020e+00
-2.912341851703247997e+00
-1.249379931900739482e+00
-2.533255413163399972e-01
2.922584748350852912e+00
3.617354776148167250e-01
2.271080560330640097e+00
1.241883583141491387e+00
-8.909216510547257606e-02
1.459493192471438494e+00
1.049776208729088500e-01
9.850407176448312541e-01
1.469616453621446439e+00
5.182343591777556213e-01
7.624442207129138449e-01
-3.201278359329773338e-02
2.075110100986010231e+00
1.598616096559584143e+00
-3.259155500659962623e-01
-8.578274372178670282e-01
-5.497086453898424319e-01
-1.239580793820379556e+00
-1.642936481857456776e+00
3.945941136017931949e-01
-1.367566942484172987e-01
7.714516517711899057e-01
8.654519224049623816e-01
1.331689548616822760e+00
1.172025499065141085e+00
6.619946148425179810e-01
1.881113109314601850e+00
3.570826047861705987e-01
2.389588890103675034e+00
-1.682773280236751656e+00
-1.595152418829860475e-01
-1.188041408403779364e+00
-1.657390161821381547e+00
-3.643263446941822359e-01
1.482956030341208820e+00
-2.850645688062383165e-01
1.189999889101092778e+00
1.637208692098281126e+00
1.350363178669020003e+00
1.411503214370206205e+00
1.130228909393970804e+00
1.384484077497303733e+00
1.344847374729647438e+00
1.446869259774718586e+00
1.593600788018675551e+00
8.453570620373966893e-01
1.479076048251448672e+00
2.058881371657877324e+00
1.102953666361719876e+00
1.772103885373855547e+00
1.519660678660956776e+00
5.359718791134159277e-01
1.642813437573012125e+00
1.330078690745105874e+00
-2.160791107625185781e+00
-1.506134622750843421e+00
-1.182972386686486965e+00
-8.484903029139571062e-01
-5.230330783634082881e-01
-7.292071168738043507e-01
-7.155002032185614480e-01
1.550887628990547107e-01
-6.833693256493033052e-01
-5.571010628394398312e-01
-1.229936184849099723e+00
-1.877545554419287832e+00
-6.579530819978012257e-01
-1.079417109780554274e+00
-2.926237082475327878e+00
1.468043022383130225e+00
5.419190594044267506e-01
8.566495522936276030e-01
1.378265651461006769e+00
8.920947904046282462e-01
-7.856143255439254069e-01
-2.186646276717193471e-01
-1.566847429433466665e-01
-1.128863511056053204e+00
-5.787142517147728649e-01
3.753592611195704087e-01
-8.335350986245206872e-01
-1.091141833244651194e+00
-1.447763379680317986e+00
-1.874617338546100465e+00
1.430575584816200063e+00
1.143810379192061744e+00
-4.868661694422273811e-01
1.108617738662872165e+00
1.867484774130299119e+00
-1.122624397288935150e+00
-1.859164934800993985e+00
-9.648764885051419604e-02
-1.158937616127360126e+00
-7.838528089253649078e-01
6.820799442254965594e-01
9.172601096675288002e-01
-2.969811707075160623e-01
1.912796152678517325e+00
-1.862828821999729101e-01
3.484762875605846855e-01
1.357320838736369994e+00
1.121671966192937075e+00
1.526422075636693076e+00
1.593756025300899992e+00
6.019794706159009579e-01
1.258566666056274430e+00
1.550231394774874705e+00
6.317556822193330923e-01
1.327414507118231501e+00
-9.010510481748634781e-01
-1.994517928366046799e+00
-1.524827053048471770e+00
-1.421403914015878733e+00
2.668325181247932498e-01
-9.076772382968119057e-01
-1.718951091743887494e+00
-2.278040361353270704e-01
-1.289817668496457737e+00
-3.100352094276725978e-02
1.861003442717907852e-01
-2.574290994314467618e-01
-7.182932453957632246e-01
-7.044573606998749682e-02
-5.055207602590652272e-01
2.703919878613305183e+00
7.297766711267515971e-01
1.712218467390804300e+00
8.677643610454194301e-01
2.445915678833663343e+00
-1.810157296400003224e+00
-1.024294031398444105e+00
-1.631606155511282852e+00
-7.572808978910815503e-01
-1.447034557190730819e+00
5.667340356922290212e-01
-1.241435056474517573e+00
-5.351962641671230703e-01
-1.340454572069247563e+00
-1.131884599274051384e+00
3.105172584063966568e-01
3.435797522163930307e-01
3.256124171729449790e-01
2.484900215296558246e-01
1.800419735109013875e+00
-1.266242553165366491e+00
-8.988210858598446595e-01
-8.746382912348710237e-01
2.749710015381845452e-02
-8.217112108681985383e-01
-1.248591888041157727e+00
-1.363837473720280968e+00
-1.377171638289352851e+00
-1.453938519396383633e+00
-5.948559685051415524e-01
-1.795033975581797447e+00
-7.388711913054821778e-01
-1.675208996671811335e+00
-7.291990730076485239e-01
-2.028999958480227406e+00
-1.416495068949247926e+00
-1.108512572805494534e+00
-1.193255040374662457e+00
-1.543291800237352129e+00
-1.477457003843066774e+00
1.953431813610272405e+00
1.459216463466561642e-02
1.843412528824281971e+00
1.591466450413030476e+00
-8.934951152622705450e-02
2.513373849789048098e+00
6.343770201036724732e-01
-1.101632050992953360e-01
9.602366951881665669e-01
-9.681713413669301715e-03
3.876929977592906695e-01
2.535353757394617880e+00
1.878634492156882718e+00
-3.523791455415006268e-01
5.411924209165811517e-01
-5.389610375630216055e-02
-1.837848095366855006e+00
-3.451935352242010424e-01
-1.075012025722968279e+00
-8.512760684476152750e-01
-1.098443978298502266e-02
1.632709942773823197e+00
5.141060962967022308e-01
6.849255168071618494e-01
1.088007880839325869e+00
1.326566272711415806e+00
1.184357186061480105e+00
8.049055739367619866e-01
1.855804654062906955e+00
-2.446993073338659119e-01
-1.069690694824244614e+00
-1.023518121823854266e+00
-1.265935361256168790e+00
-1.418531567476687405e+00
7.515148028865437091e-02
4.795764292987962918e-01
2.169877315856500566e+00
8.523813638712027796e-01
6.961593596134223461e-01
1.353348111974183254e+00
5.135668114564835296e-01
1.494158276040019828e+00
1.354719142622225592e+00
1.099513176898485378e+00
1.264521707907189763e+00
1.233302167203606636e+00
1.770748187584332500e+00
1.452970266959750623e+00
1.070562496153030452e+00
1.065792786242288459e+00
-3.562517183332798432e-01
9.892458499699471330e-01
1.547098000569993248e+00
-2.310647787520503371e-01
6.483307346663240711e-01
-5.044300173042861601e-01
-3.507764021466091009e-01
-1.296314294038778403e+00
-8.671996080683674890e-01
-1.591813935658122015e+00
-1.148791388350454801e+00
-1.822093453809382702e+00
-9.208417376371025309e-01
-2.301349577911392608e+00
-9.906587900838809135e-01
-1.418275160389339318e+00
-1.391287534993326247e+00
-8.205526476771344280e-01
-6.406389073514041632e-01
-1.186528854011074330e+00
1.993622883631944287e+00
-2.010819544763409183e-01
1.766084259647648258e+00
4.787471143919493910e-01
1.552884501808908801e+00
-1.269836703015527979e+00
-1.613148153619773595e+00
-1.620739099838650610e+00
-9.026548484971428365e-01
-3.429745611073123923e-01
-2.010789162763844118e-01
-2.430671341983646982e+00
3.330551789714764066e-01
-3.345117890896669444e-01
-2.737205940196792753e+00
2.085884519176508523e-01
1.225312543596646320e+00
2.209791815358577161e+00
1.734401198277457423e+00
7.108829741018503068e-01
-9.272744320171997234e-01
-1.494850342296715873e+00
-4.647480695534360606e-01
-1.317497904230648054e+00
-9.682680135171229940e-01
9.256499914319205047e-01
1.675100348695591768e+00
1.260011773380471656e+00
1.065740826851157008e+00
1.470256152204215461e+00
1.394363347162172140e+00
1.158220427152135246e+00
1.628749217683400641e-01
1.532801201457429041e+00
4.845034721407532885e-01
1.990107063191307590e+00
1.610070047261149329e+00
1.294245672741642261e+00
1.988030805202715356e+00
1.042034258753137932e+00
-5.617524731344881728e-01
-2.361730664698931559e+00
-1.191538736709138346e+00
-3.109863429488105568e-01
-1.603282926080202397e+00
-9.416881008664665931e-01
-5.526688100236758494e-01
-6.263823994751809288e-01
-1.450273315911360772e+00
1.603886705968287085e-01
-1.250242323430143632e+00
-1.208451507802503766e+00
-8.266972675372590285e-01
-6.827817031115686053e-01
-1.004687263717110035e-01
-2.660824313599856605e-01
3.479420085692828124e+00
1.095827878118137200e+00
-6.482030849197246702e-01
2.136408752528734523e-01
7.737704705569741215e-01
-7.448249155639210528e-01
-4.905538246593990070e-01
-2.064076510214976068e+00
-8.078074256249012652e-01
-4.930182755512977355e-01
-7.820269502128922579e-01
-1.486360851915776049e+00
-1.580381394409803297e+00
-1.185441787855580298e+00
1.295507342691932351e+00
1.574152070431373618e+00
1.499969934279770989e+00
1.736276587155003659e+00
8.188255292107832206e-01
-8.047776502668628762e-01
-1.317224363127244002e-01
-7.137763978603929305e-01
-1.162826984778015493e+00
-1.624289169239728770e+00
-1.042314125627607613e+00
-1.070143506601140659e+00
-3.083389075714231264e-01
-8.952260186347174020e-01
-2.422484929704935563e-01
-5.478837736733261909e-01
4.464304198101247678e-01
-1.938766585705036460e+00
-7.693232026530411050e-01
-4.615030358938385646e-01
-1.476712490015903434e-01
2.794820096735395332e-02
-1.900267651834711913e+00
-1.562111869387821095e+00
-8.837434151089447187e-01
1.322096416901836102e+00
5.341887416368497066e-01
1.397184278927534384e+00
1.776314170366619649e+00
4.475806577596073144e-01
6.746992201197119510e-01
-8.493729512808649851e-01
1.367424066564924878e+00
-1.114917019833350231e-02
1.442379348025699004e+00
8.844183684011877045e-01
1.528854993297859899e+00
3.435262411794693937e-01
2.112839394761177658e+00
2.213680963526809542e+00
-4.859362421515214248e-01
-6.787969733993685084e-01
-1.244411243825683355e+00
-1.533112581631684623e+00
-1.318616040606190865e+00
2.345885227970327058e+00
1.090951270020186659e+00
-9.449661844530488075e-02
-3.359869694619392888e-01
-1.773045472223211405e-02
1.720675157793389864e-01
1.238976321293536076e+00
1.556539297648992015e+00
5.895915327109017001e-01
5.201046381551763798e-01
-1.486610675058637199e+00
-2.061504249924110965e+00
-1.509093204186404913e+00
-7.355414024377249227e-01
-1.568471848264729296e+00
-5.973914568815050785e-01
1.469822853947116759e+00
5.487730212556263254e-01
1.566041103072064455e-01
-4.788316132003525016e-01
1.146289922634255110e+00
1.569633823484050783e+00
8.285040526565246033e-02
1.609569946572013688e+00
2.182356870963250373e+00
8.092673086822266271e-03
1.549415469527404055e+00
4.432511085182361255e-01
7.559857732158921095e-01
1.961085700262507947e+00
1.391783841126161603e+00
3.112988205804651187e+00
1.473596005781931950e+00
1.672328934209398321e-01
1.377756606974301246e+00
-1.116372729004727615e+00
-2.927976123187334689e-01
-2.502846703717993559e+00
-2.974019906796443458e-01
-1.278887610574299671e+00
-9.142010879207894680e-01
-1.949363621931731627e+00
-1.711593792932512681e+00
2.577339244411858132e-01
-9.332213367836538209e-01
-7.050036023386441197e-01
1.823881990910176665e-01
-1.098355066307009187e+00
-5.484107840329643935e-01
-1.762803784159490350e+00
1.210018257693942223e+00
1.194848399995278809e+00
6.831441463490007804e-01
6.944239862008079189e-01
5.208366403638794440e-01
-1.291902085134222222e+00
-1.599377694609654954e+00
-6.686414486961720360e-01
-7.900012352296258422e-01
-1.449668046230486729e+00
-8.110556862590920790e-01
-1.833822589950204085e+00
-1.551272430981277761e+00
-3.212825622434691830e-01
1.743597234639404636e-01
3.586555577746475265e-02
1.151532492988464496e+00
1.216288486959813397e+00
1.281895218745600085e+00
8.925355331787349078e-01
5.508468859473203416e-01
1.840757927159697438e-01
-9.022588699845099924e-01
3.544752244605180458e-01
-1.401627565211219562e+00
9.185753419129198960e-01
1.365682749950384967e+00
4.942986794129708983e-01
1.642207121160975891e+00
1.355553214195602818e-01
1.650738128071396638e+00
6.820417129550003787e-01
1.412183499368163231e+00
1.241951135961319785e+00
1.677961081314431446e+00
9.082341794886843456e-01
1.747968754041927308e+00
1.368348047641695153e+00
1.074371291268143125e+00
-1.999295715511906213e-01
-1.823503678888946489e+00
-1.931346652388553187e+00
-3.778335299011501558e-01
-1.937176130495323445e+00
-7.618558819173184560e-01
-1.080956231596442052e+00
-7.189627989659905793e-01
-6.197249979662391439e-01
-2.090937239236500211e+00
-6.795819531545774783e-01
-1.340687909477806361e+00
-8.768906924099516553e-01
2.340563349499014123e-02
-1.799146455222208729e+00
-9.851084949886503850e-01
8.349968789226303034e-02
9.394648862441071779e-01
2.446246607816252805e+00
8.376067660760470046e-01
1.164726150203730715e+00
5.754140390874025179e-01
-7.034075241423057845e-01
-2.212695933858898734e+00
-1.040075021652115295e+00
-1.808793222419069480e+00
-1.495964765241884376e+00
-1.724077153497164394e+00
-4.146052242203464022e-01
-9.589246278944930646e-01
-9.116192273185138584e-01
1.219652070888159079e+00
1.829423625572970113e-01
1.265251813171928363e+00
1.719528272173042938e+00
2.206174921399994826e-01
3.144529089710896841e-01
-9.603956595183726908e-01
-1.028752790599321010e+00
-5.886305895008079325e-01
8.393864558444597002e-02
2.887098178723596309e+00
1.061044375808011475e+00
2.125241278647658216e-01
2.703063077301733230e+00
2.817839903055633366e-01
7.891923106590466030e-01
6.929325984786127712e-02
1.692800572788200064e+00
1.670937670840073830e+00
4.899036641424775462e-01
8.550983591159011521e-01
1.666899011318016433e+00
1.115206473474241511e+00
1.918169832848529710e+00
1.515616162987654114e+00
-1.079046047471917014e+00
-1.478611976989488541e+00
-1.363366668980180441e+00
6.944632450187646633e-01
-1.007934629331431742e+00
-2.756512710421185064e-01
-4.803926142378258657e-01
-2.195615611852259175e+00
-6.542925481105691388e-01
-6.508614396282986769e-01
-1.650352384621447621e+00
-1.250393461596402744e+00
-4.128741504720070399e-01
-1.606867243332823936e+00
-1.204933521652064687e+00
3.895910963291846496e-01
1.581900921004796512e+00
9.585269717757417540e-01
2.114760282610727016e-01
8.917812567063878593e-01
-7.715714732273465382e-01
-7.842591316829350401e-01
-1.429490187669305135e+00
-1.704837625828281356e+00
-1.579640427614692033e+00
-9.876188157461806005e-01
-1.238563582934954388e+00
-4.534517244280080739e-01
-1.817795902405726416e+00
-1.409092903991326473e+00
2.676294594602075971e+00
1.611404304349419947e+00
-2.982134154384639135e-01
7.264419372855920320e-01
3.752180932587106943e-01
-1.212634191508658033e+00
-1.684762048544354851e+00
4.063977356265915386e-01
-2.047613729903410729e+00
-2.968758396956369339e+00
7.811946075406105416e-01
1.748572662509284337e+00
1.194753049908121589e-01
-2.960652004121340219e-01
1.098012698401156673e+00
2.861642453288517629e-01
6.898505454742811516e-01
1.398500855867563786e+00
1.207543475288039847e+00
7.533820331284889482e-01
2.957486969733114535e+00
1.173713864067167822e+00
4.890792186653931672e-01
8.140238163821171824e-01
1.686043406478041851e+00
-1.989173141406562095e+00
-5.209478160143711234e-01
-9.286630740294256059e-01
5.099612254059757710e-01
-2.459751904013764978e-01
-9.167865645657429230e-01
-1.278469351364182494e+00
-2.453122913548889450e+00
-7.052631097496453449e-01
-1.318498553645480520e+00
-8.296670916713075883e-01
-8.280422143231879195e-01
-5.633019811423254364e-01
-1.133230437683917069e+00
-2.005115537119995572e+00
-2.148639879495193306e-01
1.293234391481589363e+00
1.166907964183149682e+00
2.349845556384948075e+00
1.563170005744833890e+00
-1.983093488675516269e+00
-1.184412778083959950e+00
-1.878801434384508529e+00
-1.173363429713220274e+00
-8.301908521081017289e-01
-3.499641929092164316e-01
-1.713089899100883162e+00
-8.443161813600068566e-01
-3.804473818384609407e-01
-1.760024786944122122e-01
1.411060494930601816e+00
8.058995754752529272e-01
1.843695873374199712e+00
7.146160327926165401e-02
1.124309585433063363e+00
-2.143863907710746641e+00
8.239589562677718249e-02
-7.124338161305729944e-01
-1.939923659774877018e+00
2.591077277185336314e-01
3.609044761072623952e-01
1.744791047613316604e-01
-4.104584361688434768e-02
-1.455783277298820622e+00
2.706105201861999099e-01
-2.331609996092320003e+00
-6.729906616161283051e-01
-1.452716132823502537e+00
-6.955386284616460468e-01
3.777881343325073527e-01
-7.264840190889082505e-01
-1.452522504908994705e+00
-1.054899427701764036e+00
-1.082826339469432186e+00
-6.945180471878060757e-01
9.500278791728996586e-01
-2.257046319195270545e-01
6.204078269908276377e-01
1.748027891963176206e+00
1.542440143447731948e+00
-6.032203982908510564e-01
3.898806261216852809e-01
1.896402570759621264e+00
1.502766341617780110e+00
6.288331828740085783e-01
3.628040479931462503e-01
2.020915818043677703e+00
1.796215756880156000e+00
6.713519969615150407e-01
1.193012379603162199e+00
-3.876400052279533881e-01
-9.504487014348309559e-01
-6.851675207411891400e-01
-2.039623810532346759e+00
-4.977727908778721844e-01
1.717243356866258397e+00
2.477218132846981113e-01
1.185036142152214644e+00
4.481613995116602300e-01
4.715032561272375355e-01
5.433165901722800673e-01
-2.872757951994149295e-01
6.109512800416107003e-01
1.239104518184035886e+00
5.632762889239264492e-01
-1.151411932962710161e+00
-3.652007862091781742e-01
-8.854803123443664159e-01
-9.589972140048720339e-01
-6.557433295481440716e-01
1.762810677894465883e+00
1.167590114027468262e+00
1.739676135732238782e+00
-1.278448982201725759e+00
1.906813098925960182e+00
4.914493224464315801e-01
1.549873175451973673e+00
-9.216946249248181289e-03
3.347319689988147440e-01
2.730135859491519268e-01
3.940188192312823467e-01
2.273662689590508545e+00
1.516071739547805608e+00
2.096100033494366244e+00
1.330595504287418906e+00
1.486062800395961059e+00
1.368817546355707071e+00
-3.383658624714214191e-01
1.291627556926811859e+00
8.075800600076945557e-01
-1.842510315439575885e+00
-1.888989036305819269e+00
-1.656973324003970571e+00
-2.816620186270352155e-01
-1.214361883803290354e+00
-5.843860050696723096e-01
-2.703379173298821492e+00
-4.727600444050479300e-01
-9.577948207576859607e-01
-2.265385921169068340e+00
-1.243986258717821869e+00
-9.147013455661830994e-01
-1.516400637677119079e+00
-1.525086997322568250e+00
-2.067515809826928397e+00
9.671633579389428137e-01
1.132035784711445947e+00
1.625853748487828598e+00
1.521197656657063746e+00
1.037325916517598978e+00
-4.760418689322740704e-01
-1.053319030809030332e+00
-1.127062876756166343e+00
-6.750423617817334909e-01
-8.016478839508152099e-01
-2.122839885371377910e+00
-1.057268997504896335e+00
-5.215582482614526949e-01
-1.314601968375572749e+00
-1.632232713529077284e+00
-1.196144000360541693e-01
5.680677784362725413e-01
5.004317671224814967e-01
1.077567422456299218e+00
1.361828635725714332e+00
-6.271437220456711481e-01
-9.221971862889593030e-01
1.830532266960380738e-01
-1.439057906728550273e+00
-2.453786170393137400e-01
7.993410204795459162e-01
-4.011605355350233992e-02
1.019806799364365357e+00
2.629337171173161458e+00
9.202879240241899073e-01
9.597012868282395193e-01
2.373745530621597322e+00
1.331306618183603074e+00
8.261586938645978373e-01
9.467600476243974716e-01
4.223520121748908229e-01
4.123156788173631959e-01
1.285726585826045820e+00
6.652649015042413350e-01
1.282366147149986979e+00
-3.466661448066399309e-02
-8.251798930630047657e-01
-7.213374602145394832e-01
-1.094146625025788522e+00
3.893903814773156391e-01
-1.644045204190986986e+00
-1.498807598174650924e+00
-1.645675178895694479e+00
-8.016335458917347445e-01
-9.588491774825693703e-01
-1.002195694314789609e+00
-7.549483424222771522e-01
1.274825155541543520e-01
-1.203412869545944064e+00
-8.650998396430514825e-01
1.124412029203413654e+00
5.483915108323530463e-01
1.982193378625156432e+00
6.909004152750705119e-01
8.391524876910881892e-01
-1.823666813648985974e+00
-3.452386606545045922e-01
-7.237312917208726937e-01
2.810425957587836532e-01
-1.369029117037948051e+00
-4.884542806455116626e-02
-9.980892034269489566e-01
-3.859223424704461003e-03
-1.421986417026344318e+00
-4.466693749084197362e-01
2.255863416035519542e-02
1.038556973822429619e+00
6.404786697634619053e-01
7.405449065938716213e-01
5.838304409033687747e-01
-6.079428830130320094e-01
-1.626060845135457456e+00
-1.096877691021692192e+00
-3.154914382261751360e+00
-1.307851391530053808e+00
-1.168556617055879876e+00
-7.830811946111340127e-01
1.569779882301958196e-01
-5.160932101613422418e-01
-8.871786735619988651e-01
-1.928028157137930965e+00
-1.710757309713234253e+00
-2.111058386023935141e-01
-2.214971943190254144e+00
-1.323710903401503325e+00
-2.254058037743846832e+00
-9.156101680495715156e-01
-6.500368587332449044e-01
-8.776958794377360817e-01
-2.047596822396078764e+00
1.658081111410498965e+00
1.167330729529757027e+00
1.415507034690134835e+00
-2.915977457936063111e-01
1.039150942314268189e+00
7.832507789866841597e-01
9.337264175652215670e-01
1.340949317460411905e+00
5.429094182135282276e-01
9.009674228748316693e-01
1.005028475169532864e+00
-9.289166882528787639e-02
-1.225331789652247316e+00
2.374415155363229779e-01
2.020218307018405213e+00
-7.806051859097729029e-01
-9.856238424685148658e-01
-1.451970112260854151e+00
-5.472438506813402936e-01
-6.821098687873927702e-02
-6.355135512956091581e-01
1.074641635723615707e+00
2.102185821373733443e+00
9.078983430798304166e-01
1.667582242237750867e+00
1.675961480715835172e+00
1.471017111888687889e+00
4.625468929372039684e-01
5.020515623667483052e-01
1.833008143992142402e+00
-1.391769760722915583e+00
-1.814693132128615272e-01
-7.911768808379915363e-01
-2.077121525763755194e+00
-1.057443671942142061e+00
5.992850688584350216e-02
1.214167808342694554e+00
1.067026109253369937e+00
4.945851125080048538e-01
9.872108585190574326e-01
1.162583209116196059e+00
9.402317285029893057e-01
9.048894026971342486e-01
-7.080254161410914904e-02
1.028707136662730059e+00
7.480894272559739377e-01
9.576102756444407893e-01
2.024423872765046539e-01
9.592999274478520855e-01
1.136418532779926327e+00
1.004221377909523039e+00
9.925575540171427402e-01
1.606481974961859738e+00
2.036522721798105895e+00
3.239716789938421604e-01
-1.663203712083467067e+00
-1.397255780460040508e+00
-7.039968664117250974e-01
-1.593005288564663058e+00
-1.090946167530098432e+00
-1.242829226154006816e+00
-4.262558504098821199e-01
-1.433780481927920292e+00
-2.128823709952863297e+00
2.530589541665440034e-01
-1.577229714417678341e+00
-2.566348231961295134e-01
-1.448064015070665622e+00
-6.106183505582547522e-01
-2.274066826560019017e+00
1.384704201066572438e+00
7.959957609027521475e-01
1.215259554215468274e+00
1.901657534841258768e+00
1.829307769878832701e+00
-1.448065157501310596e+00
-1.611074523995994934e+00
6.661402208438231831e-01
-1.589658602165978873e+00
-1.128095231351536665e+00
-1.930451225365112489e+00
-1.815543747604456470e+00
-9.383858406476487390e-01
-1.432309703083837427e+00
-2.112171378520725007e+00
1.048728219006077822e+00
1.629635404849351099e+00
9.793774992220803943e-01
1.513136961225453714e+00
6.671575379545902074e-02
1.727680373436406569e-01
5.052267210612249038e-02
-3.284996657794196917e-01
-7.151748414719409919e-01
-1.021767768375334562e+00
7.742146621768650760e-01
1.627671715229290106e+00
2.088403429872066397e+00
9.440594602981967620e-01
1.699232693826961071e+00
1.260457823591849991e+00
1.692551991469650519e+00
2.143803496818180054e+00
8.193953558298106010e-01
9.988855315505532628e-01
1.541711822294993262e+00
1.340824821634127195e+00
1.777131558121518573e-01
-9.604628529941492410e-01
7.251310928149029555e-01
-2.179262187298125486e-01
-1.086003906500391691e+00
-6.797844911131920576e-01
-1.830584205453793745e+00
7.916164131729157560e-01
-3.812687010604489668e-01
-6.071023225783180877e-01
-5.920931866303573710e-01
-2.249481466559372089e-01
-8.542674993204446565e-02
-2.631990402583365141e-01
-1.139876658563078182e+00
-1.037971875679350564e+00
-2.687162761417373202e-01
-4.027323481237686797e-01
5.902516486352972214e-01
5.823168123123639850e-01
1.849974320740038092e+00
1.426715281503403876e+00
2.660467026876522034e+00
-2.450093623418421185e+00
-1.854859930874681595e+00
-1.857970852808217277e-01
-1.198393300091526559e+00
-1.351258033379060475e+00
-1.757024708409401281e+00
-1.084018586293523434e+00
-1.027107994286196035e+00
-5.893910274243285841e-01
-1.442249003527984463e-02
1.000630596727432264e+00
1.912892015017801706e+00
2.463263320009079216e-01
-8.194424158918156564e-02
1.808230323188120714e+00
-8.800312449151506122e-01
-1.176728445057136030e+00
-1.450010533874319663e+00
-7.056821428151973663e-01
-1.662142752018805236e+00
2.473563235154236928e-01
6.337406470567602534e-01
6.901071654353065910e-01
-2.305236248334323612e-01
6.170634794344085350e-01
5.242315181228088816e-01
1.301634204984722043e+00
1.480454098684409026e+00
1.890528536806230786e-01
1.692283137701923401e+00
2.408619619414820612e+00
1.232675459746180646e+00
1.977653637071530301e-01
7.488967062732208024e-01
1.521967215477650681e+00
2.868007401295433745e-01
-1.132527416656568642e+00
-1.455586285010051162e+00
-1.907889381444989318e+00
-1.162057409434848587e+00
-2.057800133305388357e+00
-9.414781904853815053e-01
-1.921878257477716012e-01
-5.219336676902825989e-01
-1.161809623551175008e+00
-4.791418279011112613e-01
-1.218217141217867061e+00
-6.502787988599715296e-01
-1.167684098465408438e+00
-7.454338301067598982e-01
6.280623626143067018e-01
1.097029803291415417e+00
5.135101776827243336e-01
-3.453444014722821809e-01
9.504318677241477831e-01
-3.237684053510621052e-01
-8.365772081141675809e-01
-4.872460315967089839e-01
-1.470815538625489527e-01
-7.279821516159729056e-01
-1.716248242551923653e+00
-2.647650804747554432e-01
-1.866590046831695826e+00
-1.163520969064157917e+00
-2.884452285495004986e-01
1.585240539852925901e+00
3.643270379514117474e-01
1.829791065094320768e+00
1.185833153104626447e+00
1.248385996229748773e+00
-1.822517919007381026e+00
-7.881347976452364179e-01
-5.791227630038680019e-01
8.324406274946682949e-02
-1.925961036082315392e+00
-1.449590959788611855e+00
-1.288375102359105684e+00
-1.886444862177225845e+00
1.203715448976748092e+00
-1.077107385678789386e-01
-1.036066605213161074e+00
-1.622821092562110934e+00
-6.686569557365996674e-01
-1.545508704998689753e+00
-5.690030266916512591e-01
-6.919149227104961497e-01
1.265438851292002287e-01
-8.287008840094245432e-02
-1.460559102695677680e+00
-2.583219156370164526e-02
1.131078692449979828e+00
1.354862163063885294e+00
1.553369477647247088e+00
1.469386599776574265e+00
8.255627803341945015e-01
1.094401936661264729e+00
1.418098328755160065e+00
1.626149398098571730e+00
1.728710046889252450e+00
8.163854324128327900e-01
7.508744466048822286e-01
1.564640058146467005e+00
4.940124520403947894e-01
2.717509142761458385e+00
8.944683069088705807e-01
-1.029166866948008741e+00
-1.719057260722848035e+00
-6.886577266640917516e-01
-4.085506456644829587e-01
-1.312423380453267008e+00
1.115886804464532256e+00
1.283318152376898613e+00
8.706111936329318235e-01
9.699939918072187917e-01
1.137632149402387771e-01
4.608485009347704775e-01
1.263017329968349589e+00
-5.935512550407149313e-01
1.347256815647476014e+00
9.035809183462933936e-01
-1.449503915914362784e+00
-5.668918484340016439e-01
-1.921550793000381674e-03
-2.797431733711719382e+00
-5.215297081075400687e-01
2.027259823869619559e+00
9.309015141435248442e-01
2.397262407906545434e+00
2.231798998881608931e-01
1.109341966003430269e+00
-2.042433740491929051e+00
-1.473158290318020036e+00
-1.398120050193955244e+00
-2.310443854381751816e+00
-1.467326795588086652e+00
-9.605429873401862828e-01
-1.015549341127739202e+00
-1.473834050391468198e-01
-1.236506034987299829e+00
-1.825916611770814324e+00
-6.926687020951849405e-01
-4.094315956935095091e-01
-8.157398515636355985e-01
-5.554192173213623462e-01
-1.434820709938880778e+00
6.651660743723175617e-01
-2.773654111076937490e-01
8.084782313024856393e-01
2.002209993726618453e+00
3.248864874795853730e-01
4.867760809904547736e-01
-8.132855074642648674e-01
1.114018986284318391e+00
1.617795211769684549e+00
5.874368369230398290e-01
7.059866124971634349e-01
9.846151142584754767e-01
-2.018612805492716600e-01
1.143396478025386465e+00
9.116575721911740482e-01
9.783004901976966039e-02
-7.682491844233427791e-01
-1.161090666884045497e+00
-4.665639610311895780e-01
-1.517154548149155735e+00
2.134637987566549100e+00
1.001893365731191254e+00
1.078799644300846294e+00
5.840782603882568313e-01
1.427472718475307101e+00
1.237055199502383296e+00
1.512048487891716864e+00
9.091724093617792324e-01
1.918038081869273936e+00
4.026470610931677241e-01
-1.247212459938678908e+00
-3.216713429680311265e-01
-1.041156129273046682e+00
-6.747938711001053580e-01
1.774459834882469167e-02
7.296249976101364387e-01
1.900923766511509294e+00
1.066473826433905314e+00
1.626997972947242577e+00
2.386724027315272778e+00
1.487368750439398868e+00
-5.904719747256010898e-01
1.752983684402139364e+00
8.842759693655423137e-01
9.947228596071605589e-01
1.507818187833185775e+00
-2.778320321844989227e-01
8.874909054732591507e-01
1.155096177897674270e-01
1.521077801940621477e+00
7.827452951796507463e-01
1.802622532824251556e+00
2.602087265441412889e-01
7.808489379197478542e-01
1.602136395803042346e+00
-1.096065978255672757e+00
-3.620509422444460057e-01
-1.235891124758244697e+00
-7.931988958505158394e-01
-6.698630075475047185e-01
7.314717449045455844e-01
-1.305977955078790886e+00
-1.335904163408192291e+00
-1.538485388971953416e+00
-2.621041652069890926e-01
-5.244022559220824498e-01
-1.771004059241679141e+00
-1.836906710576173607e+00
-5.516555127004172387e-01
-1.310896991871550510e+00
1.917833268761861554e+00
1.024898196482756152e+00
1.347004777141830756e+00
7.840093586608352094e-01
1.688287121960138526e+00
-1.186324694664781632e+00
-1.432728305240119626e+00
-2.283164554396976076e+00
-1.047737348291455817e+00
-1.020166847185237646e-01
-5.569462080259595105e-01
-2.696679593729303104e-01
-1.675551958884578196e+00
-8.747665620658426899e-01
-1.295091021404437992e+00
-2.552522893794595404e-02
1.518382114708953790e+00
1.542116651587146947e+00
1.824024425804899874e-01
4.167610440806188699e-01
-6.015592045655757669e-01
-1.019523335826015176e+00
-4.088198381254772862e-01
-1.458514548143217793e+00
-7.355436835999733525e-01
-4.667008536457453172e-01
2.176689582943510004e+00
8.442946512342447418e-01
-1.778960955809987254e-01
1.117315841984822145e+00
2.091070464907078819e+00
1.005166141910166733e+00
-1.720840287024159032e-01
1.688700821678302377e+00
1.684040003250612427e+00
2.099246448287039435e+00
1.052361090268586263e+00
2.509947101145014514e+00
9.967502701079776761e-01
-7.156591568237908874e-01
-1.157284093416834692e+00
-1.555000481432987192e+00
-9.484638645706574556e-01
-2.970485644506608569e-01
-1.003285776436651400e+00
-1.780882926276051492e+00
4.749773669261836417e-02
-6.389753704220870745e-01
8.971890409485339113e-02
-6.061697686730662671e-01
-1.866758839669875547e+00
-8.438670459342381136e-01
-1.234965561414293811e+00
-1.012202764980290493e+00
-1.495060380547329704e+00
-3.330775780372503547e-01
1.886890267011833711e+00
7.389818322958805474e-01
8.611871995415416592e-01
1.890092834998717164e+00
-1.125176769578024594e+00
-2.087668366026870892e+00
5.367120097991509020e-01
-6.848137803603020490e-01
-8.631051730138502576e-01
-6.539435863858635845e-01
-1.199458009144566129e+00
9.344227030251661681e-01
-2.140424008577148207e+00
-1.016829092125491218e+00
1.660141725264812740e+00
-2.284487623472744033e-01
7.698524173805023629e-01
6.298331744174646696e-01
5.366805106377861012e-01
-1.606973037277766192e+00
-1.301622956857794389e+00
-7.372177343421638662e-01
5.505088676838187922e-04
-9.831584037803327014e-01
-2.846517653843710915e-01
-3.690769526247575927e-01
-1.277328979529381181e+00
-6.231611178408094087e-01
-9.165003144123595735e-01
-1.357901602689417953e+00
-2.111380099431674484e+00
-5.699659102913229303e-01
1.593876119200123842e-01
-7.378149197812048365e-01
-1.130707568734380830e+00
-9.873250610634535240e-01
3.384175668444933116e-02
-2.159013617596952095e-01
-1.806220798736981381e+00
1.284842399959499115e+00
1.401244166520860146e+00
2.161517160882508559e+00
1.565386507972734043e+00
-3.710876106263645280e-01
-5.823079544042581990e-01
2.368723101500241679e+00
1.676763005599823053e+00
1.069833852482610981e+00
1.155155247663206763e+00
1.079443962009570379e+00
1.973099097797451851e+00
1.403081654274335399e+00
2.107056002172180698e+00
1.540322166041553142e+00
5.520874066971033223e-01
4.549659366106961755e-01
-2.976781325357352737e-01
-8.409383036555251323e-02
-1.099797363072747558e+00
1.745459041519698662e+00
8.925472041499560305e-01
7.730469722264941002e-01
3.312507897151444336e-01
2.462606456575270997e+00
5.368677816158771154e-01
4.728830192458082227e-01
3.445317498246767141e-01
8.739176057131724518e-01
4.256604339961935768e-01
-4.546570429804249747e-01
-3.824076798855522430e-01
-1.184095173151511249e+00
-2.926168927011881582e+00
-2.519911416189472009e-01
1.613905923499638240e+00
1.036395278832843658e+00
1.512345292837401711e+00
1.737182896917970343e-01
3.646070079785568296e-03
1.941891742309810986e+00
1.880487260414795969e+00
1.438879377377723090e-01
2.475041968525720115e+00
-5.625411885484954411e-02
4.826223774113260756e-01
1.070116579423754377e+00
1.526300439286016886e+00
8.551869289048347200e-01
-2.127792051026040632e-01
1.396461046848420207e+00
2.492085309899757739e+00
2.495959661210999769e+00
1.588010917715394266e+00
1.011644199375978381e+00
-1.039978017941291633e+00
-2.739252809879050510e+00
-1.054430645418524382e+00
-2.053162936554502327e-01
-9.266821864502687855e-01
-3.042876092555525380e-01
-1.364487893794681383e+00
-2.440202473712846931e-01
-8.976870603319447861e-01
-1.155390412629941688e+00
-1.254166712612546863e+00
-1.650612294175079153e+00
6.435294274298217765e-01
-3.309939510115823547e-01
-1.655249891461387124e+00
6.674306317459736126e-01
2.041641524063575019e+00
1.058120414024381395e+00
5.529530010444668742e-01
1.773903347721963009e+00
-4.892754955084657187e-01
-1.456276801555254297e+00
-1.920291258209123608e+00
-1.709934407784440724e+00
-2.609839339267100211e+00
-3.586515396420816293e-01
-7.015979227178960054e-01
-1.564099260899128874e+00
-1.244025748728350589e+00
-1.490887563713465092e+00
8.341019586011535480e-01
1.113573245336416218e+00
-7.860596655723961490e-02
-4.763231089644381910e-02
-3.012359720142501196e-01
-2.969199653578358244e-02
2.284933162069995305e-01
-1.342958457376061787e+00
-8.064107114037715185e-01
-2.634682179729030960e+00
2.628246282842634507e-01
-1.313226151955860121e+00
-1.828262411187888015e+00
-1.939755665001436480e+00
-1.808612917862136182e+00
-4.020468769815078725e-01
-1.137956722720125269e+00
-2.383382051437930027e+00
-1.851250072669233138e+00
-1.448363059452626889e+00
-2.375634966320053110e+00
-8.002134983735182949e-01
-6.395398898801112342e-01
-8.714830042861561044e-01
-9.076042685707035318e-01
8.565061672772992241e-01
1.157875755263160666e+00
1.127056945312436387e+00
6.083875778314055127e-01
2.115376645897026453e+00
9.147027221710023470e-01
1.148210330748283825e+00
1.059434951597820085e+00
9.571267695297462907e-01
1.778316707894427751e+00
6.338566296023823154e-01
1.850282695317580384e+00
6.455342308448768218e-01
2.069453397267507988e+00
-3.643872207633653826e-01
-1.025355149318601278e+00
-1.556277134435408716e+00
-2.610567362806591518e+00
-1.669339939245652937e+00
-5.318096169719062072e-01
7.588256762271405886e-01
2.530732286392197938e+00
1.986377530922243118e+00
1.712950287402212890e+00
9.885562870186392903e-02
5.062259838095701792e-01
5.711117972151497080e-01
1.981205966171816435e+00
3.424703667781565652e-01
1.101517206647723901e+00
-1.451424197034154151e+00
-7.196887681341667120e-01
-1.635256254988344038e+00
-2.074430320566078123e+00
-1.903760873061455250e+00
1.226096526822905819e+00
7.171659894284777570e-01
-1.511630807874360105e-01
5.191332609281271715e-01
1.460995370161525919e+00
-9.863336047397456285e-01
-1.706066076219534988e+00
-1.377749324662924657e+00
3.348331376203426135e-01
-6.695634708434465843e-01
-5.828917653404293020e-01
-1.362742908955806076e+00
3.447622664749583343e-02
-1.018388298312927320e+00
-1.346646035510440376e+00
-6.797745570879987209e-01
-1.544241746826721995e+00
-8.835450617627496062e-01
1.717973758396325046e-01
-4.706630196863739179e-01
1.760546305270441980e+00
2.220720935468688761e+00
1.574831882903166669e+00
7.842079099982590673e-01
1.576774107465145125e+00
-4.213450963287816986e-01
5.372958145635864380e-01
1.149816521194525709e+00
1.325699255371180829e+00
2.091548370528138800e+00
1.058564141452159157e+00
-4.728633520805867185e-01
1.790219529026426670e+00
1.680065631760012668e-01
6.122201926450259180e-01
-1.423465354565744967e+00
-2.713784238519586722e+00
-1.170192355141871587e+00
-1.547607972183232539e+00
-1.498624056136028004e+00
1.016228860270395717e+00
9.953131638390965152e-01
9.575388132931481611e-01
1.584887190298158277e+00
8.938011736041997501e-01
7.270746034964510329e-01
-4.057252245169147287e-01
4.627651541081703179e-01
4.419171682187023054e-01
-1.042454050979361835e+00
-1.106235224220750712e+00
-4.946056871942028366e-01
-1.495096663874302401e+00
-1.759176069885518556e+00
-2.691332632458980356e+00
1.680433579930918686e+00
2.551647638574206844e+00
1.398806124263733741e+00
3.172521708752116254e-01
-2.503040308870050357e-01
7.119232897808437377e-01
-2.925141638402974920e-01
1.479731707921445150e+00
9.413009837497847698e-01
-8.620409410862461819e-01
1.392838495154596679e+00
2.789428771629964832e-01
2.931151462506844663e-01
1.078546539986264374e+00
5.042209079562195440e-01
1.665418404044533229e+00
-1.364770920855367109e-01
1.559543133136992221e+00
1.928779473544955048e+00
6.606715442543764638e-01
-1.514044378201550689e+00
-1.273028069699108311e+00
-6.377131200167616143e-01
4.224903547891387667e-01
-1.903661697936172903e+00
7.465731463866327466e-01
-9.882879570328414465e-01
-8.994412313582600405e-02
-3.028353982375454612e-01
-1.648043973129343920e+00
-1.526098491662253753e+00
-1.339461496215288427e-02
-1.565390002623820997e+00
-9.851323426705861364e-01
-1.417052190366568709e+00
1.424191900148965129e+00
3.695408491070915069e-01
1.381125957690498396e+00
4.850631850186588601e-01
1.524964711315722532e+00
-5.951041634430801475e-01
1.088053641410766659e-01
-5.709016268012374606e-01
-1.415554247758534556e+00
-5.599891647724349886e-01
-6.903280829103124461e-01
-1.023921550994602025e+00
-9.745631764291065036e-01
-4.565901842678178335e-01
-8.789033186249419760e-01
3.083496117807044357e+00
1.148204703441618957e+00
-3.347106628000726669e-01
-7.895292429546074686e-02
7.143538476556832162e-01
-1.699481536641070711e+00
-1.199765803294528643e+00
-1.544829055025361608e+00
-1.953632115446047202e+00
-8.870193371324442966e-01
