-1.674179243063429912e+00
5.759395582959156989e-01
1.289482388622276154e-02
-1.404701231808409334e+00
1.036160622776843176e+00
-1.353504695556435600e-01
-6.125502767034681773e-01
-5.366876170346172037e-01
-1.145266058184956748e+00
1.281637049049713095e-01
-1.299577352784164974e+00
-7.798413475389438521e-01
-1.768603689387030498e+00
-6.984584200037735613e-01
-9.732488571930971721e-01
1.544453795484096670e+00
-2.507973520799537948e-01
5.466419036544341026e-01
8.062803886059174419e-01
2.211513026979209151e+00
7.335540788469403495e-01
1.037891853832239475e+00
2.170192357958724116e+00
2.228023303295346480e+00
1.453152030423454644e+00
1.119412073369867366e+00
1.373775979335275510e-01
2.116377816244851662e+00
2.429987236450402044e+00
5.443861888874057531e-01
-8.596907738646299979e-01
-1.370004431548858204e+00
-1.868640476380502458e+00
-4.882112040516213280e-01
-1.308690669154474184e+00
3.793901173007384608e-01
1.796569078917646056e+00
-5.465638235256928823e-01
1.198824501943752896e+00
9.750037316608389792e-01
8.884208300082622189e-01
8.474752166298868961e-01
1.358910021992430828e+00
2.060561826731319712e-01
8.192482754468568551e-01
-2.323656613209781785e+00
-1.511778110169763600e+00
-1.383535840970911979e+00
-7.509091973785675389e-01
-1.620816373538832789e+00
7.541081516943938245e-01
7.067808472375149975e-01
1.895769569751168060e+00
6.336620636768777182e-01
1.340314718775720060e+00
9.776230532241758642e-01
2.180791865985817424e+00
1.517424077711028607e+00
7.085325504525503693e-01
4.569780884361752671e-01
7.170977148152948288e-01
4.074020234706828836e-01
4.599825347500782202e-01
8.937725951039688921e-01
1.495840850658251231e+00
2.432934768967932371e+00
1.136800350532635617e+00
-3.805370812698916083e-01
1.128526832278497594e+00
3.128117434959664100e-01
-1.165136753860383179e+00
-6.092588260379092624e-01
-1.670664772425688227e+00
-6.950690044517007227e-01
-1.792722625726066887e+00
-1.856959602261722964e-01
-7.267300832446901282e-01
-2.000708972845849587e+00
-2.597993985997349986e-01
-1.723828926534908934e+00
4.749532240223670598e-01
2.204057909300511930e-01
-2.156428465293754648e+00
-6.982715111134072394e-01
-1.056445783346899869e+00
1.483327765693099876e+00
1.377719198013268809e+00
1.655933834441566166e+00
1.726015693685471142e+00
5.313417002725169258e-01
-2.499529262106020555e-01
-1.203686473428032366e+00
-2.211210301750820006e-01
-8.341737820521888391e-01
-1.202864218644049688e-01
-2.480824153615970307e-01
-5.148887994065711737e-01
-9.985913274285830310e-01
-1.792128114008262996e+00
4.979152628207392794e-01
8.071411276320712425e-01
1.042675925615362154e+00
1.824652758135625774e+00
-2.159118962065109670e-02
1.670175812115942238e+00
-2.192089129892019983e+00
-1.856172002531229381e+00
-1.167302893891700499e+00
-5.163421785359330052e-01
-2.394446584738386008e+00
2.219381450212605245e+00
2.490860254230407023e+00
2.033102336444525982e+00
2.040557017201959589e+00
1.734562261108737902e+00
8.729596227402340869e-01
2.287493129267341718e-01
-5.926230560001941594e-01
1.071784581521046498e+00
1.091883103635617358e+00
5.313478540642440073e-01
1.239017630689535299e+00
1.177807921390966683e+00
1.348146374049099760e+00
9.634015207203023845e-01
-9.600812686099218229e-01
-1.748424364376283568e+00
-7.700898785059031582e-01
-7.116581863087843018e-01
-6.734815045627216001e-01
-2.552572540817264368e+00
1.558685680144735741e-01
-8.457113094323722713e-01
-1.336691856337830497e+00
3.922027687503479854e-01
-1.291269420625183351e+00
7.516353566794564678e-02
-1.654576769062953367e+00
-9.338320513616706897e-01
-2.032846764277581819e+00
4.711166145473203448e-01
5.584718749926675940e-02
1.158114110516914375e+00
1.331119981314046186e+00
1.957857584514208771e+00
5.066830863322482337e-01
-4.286209436962600261e-01
8.274666835762756190e-01
2.512820637828996340e-01
-5.111170321074327560e-01
-1.701890657433550169e+00
-2.296869997176965938e+00
-1.465338397669910586e+00
-1.430267162478659149e+00
-2.244818942156245889e+00
9.564281249749965186e-01
-4.490230327344371108e-01
4.950598258017279152e-01
2.574726523438295445e-01
2.192577533567218850e+00
-8.436005317797378167e-01
-1.377283466838260972e+00
4.498837212251691753e-01
-2.835309983039533854e+00
-4.790325233261173432e-01
-1.904397159601783018e+00
-1.621877324609694249e+00
-1.072492367015369652e-01
7.156241323833989476e-02
-2.413946921111319366e+00
-6.604700329373482948e-01
-1.285527639163089875e-01
-1.307348544798498047e+00
-4.942388686716353563e-01
-1.439724720703858374e+00
-5.830994083928506821e-01
-9.133203609894566810e-01
-7.906652184900847535e-01
-1.731804264079087385e+00
-3.134097717161946628e-01
1.075467431980953625e+00
-1.887230869182314752e-01
-5.204674089946408344e-01
8.993664237508980364e-02
-4.096311080311421104e-01
7.691014246638812057e-01
1.838385779754696081e+00
1.199966032655230386e+00
1.037523569215539787e+00
1.742055706152738637e-01
1.322548545243964924e+00
4.527525983871959481e-01
2.009857748965645285e+00
-6.044452727707625428e-01
7.343756828274361492e-01
-1.236880322322835291e+00
-2.774688605251130813e+00
-1.146802303201724937e+00
-6.861535554753002142e-01
-8.066921547560471639e-01
1.083148729822683842e+00
3.363430506906706086e-01
1.394207513132637688e+00
1.072090232787046293e+00
2.019459689295658444e-01
3.599694284841921110e-01
1.165660459243686331e+00
1.418770421751425426e+00
4.404841429339283465e-01
1.730964645933522839e+00
-1.538227827550906479e+00
-8.933404020017743363e-01
-6.584831837302149715e-01
-1.010279513381387329e+00
-1.281798644738151749e+00
1.655573286698322821e+00
1.417590183684317884e+00
1.957807891886377050e+00
6.940110292684231741e-01
1.553329534695860215e+00
1.283108009180173203e+00
1.838068269934251209e+00
6.608830131193995649e-01
-1.811814495281548254e+00
-7.452538424364063552e-02
2.140404901290197337e+00
1.182865608818323366e+00
7.938689924905788509e-01
1.040296572951578957e+00
-1.041687000399325047e-01
7.906623464061208750e-01
8.564962456933868928e-01
4.457835387399448068e-01
1.910261492504360614e+00
8.646741990864674765e-01
-1.611130937782001338e+00
-1.398458482086260668e+00
-1.290312891090973135e+00
-7.888317528353663288e-01
-1.503713527271210104e+00
-1.377806723339775274e+00
-2.210688829800073307e+00
-1.139002575400551720e-01
-8.590089981470989677e-01
-1.752282833772298876e+00
-2.563245372854436877e-01
-1.850235936624423427e+00
-1.709125014373720663e+00
5.370775642889393797e-01
-1.367824418956583576e+00
1.287724518103064986e-01
1.787293834482210464e+00
7.263494018172922395e-02
6.507703258858026363e-01
1.807395624731645167e+00
-4.292883435843696249e-01
-1.582446175062726113e+00
-3.283868335672683880e-01
-8.783216794851389508e-03
-2.427843109401375266e+00
-1.636948671331798444e+00
-2.120433013879651440e+00
-1.147480461312823996e+00
-2.112954492245257221e+00
-9.709922066451274203e-01
3.484755509134668250e-01
1.557898259307558320e+00
-3.899433901322748586e-01
1.092684558314459542e+00
1.292521156567490337e+00
-1.059138772517963067e+00
-1.394814057000448138e+00
1.481224467277320933e+00
-3.129966776064656564e-01
-1.923820421925561464e+00
1.753467470539562978e+00
7.742918867168648855e-01
2.194762674621024701e-01
1.078549352668199734e+00
1.724391962551608870e+00
1.814993149520144566e+00
9.080809167777608160e-01
2.394430976055459404e+00
7.424966472930754069e-01
1.663656874915513839e+00
8.341456022617166344e-01
1.894398885915921094e+00
1.851399746352145659e+00
1.921063867686372939e+00
3.820338343798752589e-01
-2.034907423275233107e+00
-4.583785507761209965e-01
-6.607558412456265851e-01
-1.388540938241542122e+00
-1.041357789675650736e+00
-5.463549023726383957e-01
-1.457331397829206843e-01
-7.827234073600297659e-01
-5.045585869570555770e-01
-1.046900796132611111e+00
5.257120230643286263e-03
-7.626022428830527833e-01
-6.811314185337224991e-01
-1.842539503957665303e+00
-1.511581013355733916e+00
8.811784955946238007e-01
-2.596657174567242876e-01
6.034494420105342982e-01
9.059401656132717306e-01
1.298496128591420495e+00
-1.308823016823062124e+00
-1.984474493344416945e+00
-2.566617287604185726e+00
-1.414370148906022306e+00
-5.361609631828969658e-01
-2.082986271265748091e+00
-1.575621332463239099e+00
-1.094892893950171642e+00
-1.646492844192749772e+00
-1.575128756556739340e+00
5.411648627791461053e-01
6.930582513244361031e-01
1.233307232107244023e+00
1.058285586269952061e+00
9.851566038857266783e-01
-9.199701721514743635e-01
-6.575352391544188047e-01
-1.831830282843137869e+00
-7.670172961061441086e-01
-1.004615123520665732e+00
2.138402557458829456e-01
3.566722272465180366e-01
4.145062949828781651e-02
1.613415013261288777e+00
1.174020435628276626e+00
2.667553352678572409e+00
2.210780872647071682e+00
-6.806597864288883581e-01
1.804858337425302217e+00
1.703081043801968342e-01
-4.442141023696852820e-01
1.182431304674810280e-01
1.862863281170921592e+00
5.850127475951529821e-01
7.747789195546799235e-01
-5.517045342388957607e-01
-3.958328149475905944e-01
-1.848712685336733497e+00
-9.564209202823232836e-01
-1.083422905778655521e+00
-1.281287746860458876e+00
-5.281606889731043086e-01
-2.183174502638711267e+00
-2.138364773732289059e+00
-1.661168896538744111e+00
-3.726330990126667242e-01
-1.156333762865531245e+00
-2.011676350560813287e+00
-3.144534595848474945e-01
-1.395195476705545223e+00
1.011709326737953107e+00
-2.851731669982662254e-01
1.129591612147053947e+00
1.428030653959400320e+00
1.664470887892484319e+00
-1.650963289590655636e-01
-1.608757836281053955e+00
-1.068345054071276445e+00
-1.631970908384301699e+00
-1.376671700482047234e+00
-1.826442970857820036e+00
-1.184949367663979958e+00
-2.288194768012558278e+00
1.444815183777712342e-01
-2.380308577244650614e+00
1.287399670913704330e+00
1.705547963255751753e+00
1.164010470175191436e+00
1.969090805808156208e+00
-7.355385542740169313e-01
-1.268016831399524147e+00
-2.373577227897596842e+00
-2.169492424433466127e+00
-1.456881668312714817e+00
-2.574342561306286914e+00
1.048706560319466519e+00
1.358975105686204499e+00
-8.252509384005275450e-01
3.689523934925027504e-01
1.949816700031598682e+00
2.470223179736935615e-01
8.974162424041297603e-01
2.017908907798491747e+00
3.576042064100283246e-01
1.817842562466698730e+00
2.206300732454485214e+00
2.613266430025538156e-01
1.527022045178486831e+00
2.028778048881289209e+00
7.594637558894434815e-02
-9.048988366787427129e-01
-1.742840173675070936e-01
-5.680380542666054744e-01
-2.801008949903988743e+00
-1.274893805009906789e+00
-1.054354825462427980e+00
-5.873021608590089926e-02
-2.212012120040738328e+00
-1.714937449889665011e+00
-1.544194901964480948e+00
-8.446346847300632010e-01
-1.773997918591091238e+00
-1.453922477783393674e-01
-2.952991516207825740e-02
-8.422495809395669220e-02
2.342723558965393416e+00
1.382723903865933357e+00
1.073390121404271591e+00
1.034122781492635257e+00
2.091401389783966724e+00
-1.203288756109404112e-01
-1.502187552878173626e+00
-1.103453455895334612e+00
-1.718831530233727367e+00
5.445181754690897602e-01
-8.411147895553381382e-01
-1.116645802074649918e+00
-1.175291560942758107e+00
4.099982162868689439e-01
-2.025791573249823507e+00
1.215861435584846717e+00
1.702958876692445722e+00
1.006373018919857865e+00
1.870858335286841978e+00
1.063182642112209475e+00
-3.551341345145410111e-01
-5.847160648413589623e-01
-1.101827559842177395e+00
-1.672787208695698524e+00
-1.396244960645560917e+00
-1.109616003893957537e+00
-2.100604038982237798e-01
-1.574839745461038776e+00
5.504279845412993755e-01
-8.236869512554551021e-01
-1.380075912293876383e+00
-8.090768086758364230e-01
-6.754860511051752336e-01
-7.602730162463987584e-01
-4.470679670250728988e-01
-2.524669766340707611e+00
-7.743645384746815630e-01
-2.830111940766072642e+00
-1.441179300154129317e+00
-3.390346797690579894e-02
7.856154713536456224e-02
1.124146076725010879e+00
4.943927549563381652e-01
-4.534181328853774673e-01
8.495880807520322930e-01
1.071253371515821895e+00
-2.843151218363899613e-01
4.339875299865755265e-01
-7.192835651000171193e-01
1.101043002588907083e+00
9.650967195550690381e-01
1.810172014950615083e+00
-3.938696959914551599e-01
1.452204967153990500e-01
2.324279519990446907e+00
-3.184544182394249967e-01
9.678573191967165812e-02
-7.807403744116867550e-01
-6.769527768439164150e-01
-1.832022922860834679e+00
2.002707858277974928e+00
6.782201462851868978e-01
-2.264124100002193885e-01
2.236996445283709001e+00
1.099637315707077789e+00
1.165239878517609906e+00
2.760043629044834912e-01
1.523598500186754467e+00
1.369064837267909729e+00
-3.236729811766563270e-01
-2.108344095380603633e+00
-6.442946858511776620e-01
-1.677409389985204502e+00
-2.853789138288178595e-01
-6.905910682434854841e-01
9.958925825126405673e-01
2.558880041230062741e-01
-1.952588148465068674e-01
1.374991414663672806e+00
1.177867319068473195e+00
8.362828111816181798e-01
9.628451815842911099e-01
4.416930066372998231e-01
9.098386811828992338e-01
1.933881238339288933e-01
9.576529723674058747e-01
1.266404593524831590e+00
4.808145896791391483e-01
-2.344451469694093237e-01
2.327568267863567186e+00
2.239262221724658275e-01
2.033867970165493588e+00
2.489904743056139402e-01
2.997367746017665091e-02
2.338917982978374610e+00
5.803134273950933952e-01
-1.941609643171129829e+00
2.890296909857670293e-02
-3.025812076475142831e-01
-1.788767970798112339e+00
-9.252324280257728795e-01
-2.295713076467669644e+00
-2.300340870488055245e+00
-1.411556398334174567e+00
-7.497703420840469146e-01
2.516100836859982426e-01
-3.452515968843919980e-01
-6.782801475480698672e-01
-9.055555533389538780e-01
-9.716457822886130913e-01
6.176791234600551572e-01
1.498954536272556926e+00
-9.756184673719976441e-01
8.070099580255130078e-02
5.992233711504150184e-01
-9.881924173047343940e-01
-1.312840463266645497e+00
-1.310735662375914101e+00
-1.598864344545570804e-01
-1.025655509771610463e+00
-1.038187092456431371e+00
-1.221874359281684530e+00
-1.377709014403552201e+00
-1.148263709354638396e+00
-8.436638193921027762e-01
2.190706349676388331e+00
1.259874853593207167e+00
4.948614126932693313e-02
8.804685742081218569e-01
7.573368679157871375e-01
-2.087757631419994819e+00
-2.710413879486061717e+00
-6.792503209345868154e-01
-4.345260889869301257e-01
-3.659137722175302976e-01
8.132615344834766002e-01
1.687796251025362571e+00
1.293024428115771673e+00
1.581138528487696648e+00
1.014350764151574991e+00
-8.283839295393002899e-01
-1.830761020812505802e-01
-8.255995299950114052e-02
9.768435773720057780e-01
-3.739459771648503406e-01
7.767259426741757178e-02
1.752824648787751016e+00
1.771784550857787854e-01
1.052428647844439791e+00
1.328376232349896657e+00
-1.935144284531739256e+00
-2.531526100728345163e+00
-9.414115446736363024e-01
-4.002494936059109998e-01
-9.310893598426737139e-01
-2.389787941752874012e+00
-8.760529780472938732e-01
-1.244879871271444394e+00
-2.784473462148449041e-01
-3.340969868640727425e-01
-1.337364702757483093e+00
-2.800822633958453878e+00
-2.348579288627175021e+00
-3.634350750580302991e-01
-1.274067623461544896e+00
1.294773525923136992e+00
9.220559681715205791e-01
1.511098798628924378e+00
1.849109346723780023e+00
3.811305840189622707e-01
-1.556812350080447382e+00
-1.329885151989569581e+00
-2.448245576220123176e+00
2.246614382034017865e-01
-1.026600874568424082e+00
-1.057585630239531449e+00
-9.450776173633961275e-01
-6.754432378947483606e-02
-1.198796769845482890e+00
-1.383586340557805716e+00
3.268346629594452990e-01
8.925230005889627227e-01
3.942002627810693438e-01
1.130711841077531865e+00
2.481556530071954425e-01
-5.549246741174165276e-01
-2.169736253817739602e+00
-1.131403552708176941e+00
-4.746906585027628189e-01
-1.640960834389058487e+00
3.379317298903812272e-01
5.401367657586857440e-01
9.833987323618046394e-01
8.088838080897042815e-02
2.400312528228413456e+00
1.949134654166305047e+00
6.238822069324965192e-01
1.607858972456382318e+00
7.736045207873639695e-01
4.752046560929116259e-01
1.993702796005166089e+00
-1.748451688849290697e-01
1.676053642376487574e+00
5.326476231288683749e-01
5.759981051714058164e-01
1.900878477329921434e-01
-1.470603853860526611e+00
-2.120209525721361565e+00
1.445859466902182699e+00
-7.395679754649624460e-01
-6.918962068546674615e-01
-7.247667488119855506e-01
-1.887452014025207792e+00
-7.263539897846365001e-01
-1.461509698789619893e+00
-9.380702345847202750e-02
-6.006670364227579828e-01
-3.118704138452262908e-01
-1.034194658221580854e+00
-1.060141717450798549e+00
8.691384263032621016e-01
4.984160735150896526e-01
2.317204639738268401e+00
9.093796464473764551e-01
2.070758439834470721e+00
-7.233672307765359744e-01
-5.466904573089892416e-01
-2.407861775768408208e+00
-2.004775424498071335e+00
-2.005376226453834398e-01
-9.678654415875886929e-01
-5.932208088674157942e-01
-8.117330649427502154e-01
-1.683603897354849721e+00
-5.545790939657038177e-01
8.415474661472455153e-02
9.580330359019183506e-01
1.443717807586045065e+00
8.568660108133397957e-01
8.371917146594511916e-01
-6.826459185650248784e-01
-1.639335965225734437e-01
-2.337942907269477288e+00
-5.452270299532298026e-01
-1.295932859054673258e+00
1.759696173959576004e+00
9.845613001605270087e-01
1.111919397346505356e+00
-7.738503895595694182e-02
4.020226072049548627e-02
9.109157017779800913e-02
-6.657037991939445121e-01
-3.222335638913933487e-01
1.546707228162235825e+00
8.120602760993449465e-01
1.736322165539444518e+00
1.749903918617437437e+00
1.497392682787630935e+00
-3.446954966363200423e-01
1.528974197522385392e+00
-5.003940168165443847e-01
-4.806666582529073306e-02
-1.546369589660990140e+00
-1.522501204596391933e+00
-6.561866803844552676e-01
-1.138617576945518683e+00
-1.355189998311269184e-01
-3.314235436579521465e+00
-1.609121065243704241e+00
5.801102722546183088e-01
-1.152527048281400956e-01
-1.094413150470628926e-01
-1.004419994980735309e+00
-2.039577291919317581e+00
3.471379665321716601e-01
2.025897934877989304e+00
7.250478210044415395e-01
7.409350426326211103e-02
5.128663922960993160e-01
1.982534234362443026e-01
-1.408806817357722618e+00
-2.577289411857840662e+00
-2.058041852410646966e-01
-3.064123290062437110e-02
-1.593815430136666489e+00
-1.211626636840843485e-01
-2.035857066679754190e+00
-2.840845322149871066e+00
1.121450512981290171e+00
-9.007909776676829017e-01
1.728316663056119307e+00
1.436136035855418269e+00
1.631971850752964137e+00
1.159471502977785562e+00
8.880040523207262115e-01
-1.090452724379957106e+00
-1.247674211312690629e+00
-1.045747760153723060e+00
-1.750129407075765364e+00
-1.450648030697709423e+00
-2.853892587550035387e-01
-1.352089035921619331e+00
-1.724090314360880782e+00
-1.259653185880405646e+00
-7.733694572256794020e-01
-1.638339699275867423e+00
2.533831536905086779e-01
-1.044320701602431400e-01
-1.774863683262827063e+00
-1.341701685061535976e-02
-1.710457307884957867e+00
-1.436067738089398915e+00
-5.131767669365010498e-01
-1.693431654601279535e+00
-1.452952539484735350e+00
7.788378012823746754e-01
-7.136324036150900607e-01
1.937213012753357777e+00
1.058775898915455205e+00
8.093961234166902052e-01
1.265206520370981025e+00
3.099400844849864445e-01
1.218284130857854919e+00
-5.657505587572579930e-01
6.384069134968660686e-01
8.489824823390863529e-01
-5.911797497487876196e-01
7.826532783814118543e-01
1.115947707628524022e+00
1.284804475643569921e+00
-5.401025183127032836e-01
-9.721431919753611428e-01
-9.996481884854987454e-01
-8.710363094736365275e-01
-2.118434559053509414e+00
1.863623370220999220e-01
1.285033309020127135e-01
1.600609121555411463e+00
1.129694630106833797e+00
1.499120355123829684e+00
1.680371762536104541e+00
1.632169013076274711e+00
1.088581491779761601e+00
1.862325980861212260e+00
9.823799077515861233e-01
-1.372837274219566916e+00
-5.648630802211742630e-01
-1.883749199679409347e+00
-1.578977091794123933e+00
3.820533565874695281e-01
1.040045801990581831e+00
1.027604006841207340e+00
2.557570020555891555e-01
1.711184089603653646e+00
2.356369466267642210e+00
-1.010902007351323073e+00
-1.220953605816040621e+00
-9.557225132160312997e-01
-1.631936255451251760e-01
-9.186864146080353510e-01
-5.518693256892155397e-01
-1.256623895384767264e+00
-1.474131852485986327e+00
-1.313623541049300902e+00
-1.028345191808031300e+00
-1.248928798903695458e+00
-3.087153318866077800e+00
-5.910245192686183202e-01
-2.182656210399795960e+00
-1.645285485024430283e+00
1.618597064080050885e+00
2.209657960201083959e+00
2.043985975894809126e+00
9.735703897079204250e-01
1.961016882396008576e+00
9.331164573239858484e-01
1.314761188034556660e-01
-1.481359277460692070e-02
3.802182661574182720e-01
5.178410718227890452e-01
6.963797062402470317e-01
8.189267758954787979e-02
1.066154471436032924e+00
1.818054723295821962e+00
-1.832413673126764841e-01
5.208411104827985749e-01
-1.698654179067929926e+00
-1.065488105745542313e+00
-6.248406641486969892e-02
-1.008747905094020014e+00
7.380596895779383271e-01
1.585564386039875817e+00
5.588406558401386448e-01
3.982930299730145229e-01
1.509115383087141771e-01
1.540106642894740085e+00
1.731112264065113315e+00
2.422013748074983930e+00
1.402783299558563179e+00
1.005535644645199511e+00
-1.241045764633646353e+00
-1.077686111934029967e+00
-8.452170972587881304e-01
-5.386133207028418468e-01
-1.756744263304318654e+00
7.509576100562533885e-01
5.861509190106304334e-01
1.044533570170751657e+00
1.151708313266898598e+00
-9.640947676757951612e-01
1.397850616861286088e+00
5.959895930578955614e-01
1.308880523161990439e+00
6.279839624097542927e-01
1.095757771230335686e+00
1.418200837220505717e+00
1.203245060239985786e+00
-7.416128642519581593e-01
1.293628431279589153e+00
1.266293952078221263e+00
6.033055767209249964e-01
1.075291484990084312e+00
1.305630656253698341e+00
-4.406408926956488781e-01
1.370231762544286136e+00
-1.114406856467236917e+00
-7.901961072660022012e-01
-9.195548630274702484e-01
2.005254104321061437e-01
-1.037944330958274319e+00
-1.596856953128904966e+00
-2.106679498153999575e+00
-1.229912407264876162e+00
-2.498517286122583059e+00
-1.805002418002318532e+00
-1.169730810877175342e+00
-1.973685440354824738e+00
-8.724109637253909533e-01
-2.371749973074461337e+00
-8.251836933850441591e-01
2.051811294906569660e+00
1.225758059806738132e+00
3.279330745224047217e-01
2.160232050645720658e-01
1.217761755713032912e+00
-8.044750149227830605e-02
-2.126661434596321953e+00
-9.229513682630625659e-01
-1.037703552645963923e+00
-1.716741642847521732e+00
-3.834063522075625841e-02
-1.195522069986355795e+00
-8.544135328186500677e-01
-2.070726845887933543e+00
-1.413574242569737960e+00
4.713330055734907820e-01
1.244319457282414554e+00
-2.238952006432615160e-01
4.357311957692792115e-01
-7.528988314768056966e-01
-9.259272214568591286e-01
-2.020902253832538076e+00
-4.923052194777687296e-01
-3.328331448696304484e-01
-1.513927693813769348e+00
-1.080016204233959609e+00
-8.012924753925496635e-01
5.978243261226490191e-02
-4.343699897876057703e-01
-1.199417020829443903e+00
-1.927109058392152185e+00
-9.587223944627826233e-01
-1.219592042801765475e+00
9.750914348956585265e-02
-1.236884065959430012e+00
-1.174413506939121277e+00
-6.322743059826960721e-01
-1.238633039020613946e+00
-2.939877049124510755e+00
-7.978117032773799355e-01
1.036835904865633706e+00
3.038885991902153805e-01
2.243657591457116407e+00
1.331594287787823738e+00
4.513445621175860012e-01
1.174978649219620364e+00
1.452037662980965038e+00
-6.929055977109910280e-02
7.266621784530309380e-01
2.135682645467284146e+00
2.724674423426245440e-01
1.472724242060241329e+00
1.165169133943087854e+00
1.186615076317220741e+00
1.216547887074670209e+00
-1.195525916801679633e+00
-6.403099101781946079e-01
-2.103240354794823297e+00
-2.198497831552595816e+00
5.271215542773035612e-01
1.548783548836397905e+00
-2.958024938882644062e-01
3.179793442411342763e-01
1.309383923866803467e+00
1.728591540197845777e+00
1.506781238549483870e+00
-6.154045735099307191e-01
1.394211281330594021e+00
1.405563783734838257e+00
1.114545810996316444e+00
-1.404450646354360011e+00
-2.030626227424973340e+00
-9.923429677131742066e-01
-6.658693257526748788e-01
-1.429948614432012377e+00
1.249867916117693101e+00
1.035019205761235073e+00
7.903846679678228071e-01
-2.812879066198856748e-01
4.058222862018199262e-01
1.516046021491207263e+00
-4.178877017323623377e-02
1.219880231070846754e+00
2.468241007515872276e+00
3.280481139349549213e-01
3.756607593840475268e-01
8.518128348997415777e-01
8.990974633656605430e-01
8.011307480781455492e-01
1.289721247772273260e+00
6.692031424086637426e-01
2.232311129585957232e+00
2.531483503342403463e+00
1.384551436243141698e+00
1.009847435915511626e+00
-2.860514084211296382e-02
-1.459372177747430221e+00
-2.698360558347904892e+00
-1.001951578200409587e-01
-9.103513670266579760e-01
-5.846870193047547515e-01
-1.168755843319288390e+00
-1.779885637542648169e+00
-4.406318996201800120e-01
-1.870438395305906720e-01
-1.158121112903246486e+00
-7.264089409659542085e-01
-1.197932038428028312e+00
2.736466725124475641e-01
-5.496640006792155031e-01
1.072847732647440600e+00
1.659509070900035521e+00
7.603132616833991886e-01
2.200152273490866284e-01
2.544401080935097426e+00
1.950834235825227303e-01
-9.912073873509735789e-01
-3.730363813522643568e-01
-4.703046431312286613e-01
-2.383679372595104429e-01
-1.504757900061132636e+00
-2.136221810350389827e+00
1.080703337857079394e+00
-1.243789184667926317e+00
-1.466507699168854151e+00
6.963483924274349590e-01
8.854214127379973487e-01
1.908736770341379341e-02
7.882748361857594421e-02
7.734512993907606271e-01
-1.055887804118725404e+00
-6.132986020977102548e-01
-2.026084287785804294e-01
-1.439841566466845579e+00
-2.399770219693071915e+00
1.502564203521809860e+00
1.836500756390697875e+00
1.132064549539122833e+00
1.477350222978333516e+00
1.608626079836920741e+00
1.773185082438590410e+00
8.928862123270077111e-01
5.393856785041586388e-01
1.309241337984149878e+00
6.805177275896023836e-01
1.540305090382442454e+00
1.282832085285348533e+00
1.824273785139523429e+00
5.976475568874635158e-01
7.951957370796808311e-01
-5.658332450888599041e-01
-7.314914428306446004e-01
-9.677266485347488789e-01
3.368494851682761748e-01
-1.802340406134584905e+00
1.219565545726994937e-01
-1.414657105494482980e+00
-2.271830777666822065e+00
-8.657083877498986668e-01
-1.741527309730938722e+00
-1.700926756769401305e+00
4.890017789374829782e-01
-7.631514379245266655e-01
-9.071625153058352486e-01
-7.850967079861921327e-01
5.425548275706024715e-01
1.388524480957455731e+00
1.539503641214456930e-02
-4.381684146627948806e-01
9.034365464884264174e-02
-1.693518174425727718e-01
-1.801267926689203325e+00
-2.093712786808612059e+00
-7.405826892695972496e-01
3.747439219387782572e-02
4.312596304565952110e-02
-1.503632548416709902e+00
-9.993129685292223563e-02
-1.834497341813605686e-01
-1.615249599566642935e+00
1.772388919630257575e+00
2.528069089995275576e+00
2.700909847589566759e+00
1.706809406024097919e+00
4.649553319327798251e-01
-2.728858484016650765e-01
4.496502514149121055e-01
-1.205184333702928212e+00
-8.736544154000622786e-01
-2.214062100378873410e+00
-9.301234088074538109e-01
-2.446454757166123262e-01
-1.844660886485912421e+00
-8.978679204269773839e-01
-3.369320263221566414e+00
6.882398702780467836e-01
-5.354639683645547876e-01
-1.587993663376991549e+00
-1.228691544269324698e+00
-1.741233381020980353e+00
-1.405666407672706564e+00
-2.502158171205446369e+00
-5.366253788588295492e-01
1.682807569610917930e-01
1.944171763915583107e-01
3.938695723291043560e-01
1.861903808321923925e+00
5.128289120455686856e-02
5.729787989121811753e-01
1.221092332244265943e+00
9.942054792156170828e-01
-1.270689136207607817e-01
1.139732764435318790e+00
1.911612990898381437e+00
2.097636168732632367e+00
7.151193460266880297e-01
5.521605489192997762e-01
7.869400920426352641e-01
7.446212927070130494e-01
7.615919170429265028e-01
-9.018494081959189668e-01
-1.921707539845908030e+00
-1.840227047208818689e+00
-3.177513353239158622e-01
-1.666997834884130558e+00
1.004410828147974666e+00
1.064650593561124570e+00
8.900153464619304788e-01
1.472536367289651205e+00
8.328475691433099293e-01
2.793297720000798012e-01
9.510313726351714569e-01
-5.142250858518573331e-01
5.908883285600187163e-01
2.649518938341616892e+00
-1.077639745521122183e+00
5.202477811024794896e-01
-1.223065656582215777e+00
-1.797755544245317694e+00
-1.837813635382146593e+00
1.796089585620753937e+00
1.664299009312193434e+00
2.204689023680205029e+00
1.410932453679336840e+00
1.358107290185124105e+00
-1.688219539690871684e-01
-1.036067527078202266e+00
-1.174409203374158883e+00
-6.820851119366078130e-01
-5.286613855982212895e-01
9.067945348488046786e-01
-4.265642506186017036e-01
-9.502826109765744045e-01
-1.075327939507679353e+00
-2.661377018540146411e-01
-5.567243519303611832e-01
-4.769712944842573465e-01
-1.939167137430267918e+00
-7.267183152340550567e-02
-5.273806698327669906e-01
1.636153716071585551e-01
3.547481689101479319e-01
2.612970733953067004e+00
7.582785421868201148e-01
1.539001468893700597e+00
2.334611538160258792e+00
-1.333107922220235775e+00
1.345330935466300115e+00
4.167597660059378928e-01
1.092079541289170619e+00
1.251472562652390375e+00
1.029060380427007981e+00
1.428326715152022253e+00
5.999282479617636943e-01
1.962281369565844980e+00
-2.006509131824486758e+00
-2.208657194142687352e+00
-1.987245088062636222e+00
1.088730714732197846e-01
-1.235540087224327843e+00
-2.052605165258933884e-01
6.261189739426609169e-01
1.452930221746196349e+00
1.622933504553036199e+00
9.912208133323637815e-01
1.860707650336431929e+00
1.482834979455673663e+00
1.294453943790435657e+00
1.031251662534114377e+00
5.649160177682175377e-01
-9.151234484130590374e-01
-1.325159870871030376e+00
-2.031267627831943035e+00
1.060069167683430624e-01
-5.880818737327095924e-01
2.312579582133067468e+00
4.569061359696177105e-01
4.754936500771377306e-01
1.831993866370234869e+00
1.118772550955955403e+00
-1.910264340081502255e-01
-3.238829381079268988e-01
-3.962093199315539493e-01
-2.612901083141327518e+00
3.125306670986305324e-01
-1.013543386489426990e+00
-1.638928682010052373e+00
-2.179346150244292346e-01
-2.855567920204706844e-01
-1.013061488042695135e+00
-2.577758925843754767e+00
-1.606749968668147677e+00
-6.613772658668871651e-01
-1.069187056535405800e+00
-2.116804327346475390e+00
1.603839611992662118e+00
6.639799461740361064e-01
-4.272839834232191603e-01
1.813707338182972251e+00
1.290766944781011283e+00
1.332687054708840746e+00
1.917038929107716116e-01
8.143778729254799176e-01
1.511238970655305547e+00
8.176310047191297503e-01
1.090074269257462536e+00
1.295260722165006095e+00
8.503749760041323658e-01
1.061691150410030593e+00
3.329293116055222157e+00
-2.803441550954404171e-01
-1.432744151294675028e+00
-1.160396289331111497e+00
-1.520207065397767510e+00
-1.993015711618309815e+00
2.594742872505765519e+00
-1.375297429992705656e-01
2.455238523585800969e-01
1.920057135574004592e+00
1.587497425671033024e+00
2.099985225700787161e+00
1.589103959481205086e+00
1.591008900445959551e+00
1.353227207237491125e+00
1.571667349345970965e+00
3.482276913232205118e-01
3.261975295382955053e-01
-6.871310704304338657e-01
-1.479591295206473589e+00
-1.358128543330058502e+00
1.905622733819958281e+00
7.529931551054120931e-01
2.296979143146541169e+00
1.370831812182592202e+00
1.190784507904590228e+00
-2.342755342417687903e+00
-1.609367953323284972e+00
-5.401181106117147745e-01
-1.882909176829163478e+00
-7.631468610143484765e-01
-1.617588943083712039e+00
-5.800303927692842532e-01
-2.549447662314796581e-01
-2.460896624532312504e+00
-2.032788624992023063e+00
1.621064287861218034e-01
-2.384467856529208341e+00
-1.105499673397758675e+00
-1.133403421025501290e+00
-9.260362333843960014e-01
-7.369894944776402834e-01
2.110779199669800210e+00
1.619460082092852193e+00
1.751439009896713195e+00
1.354340716511045262e+00
4.304845499965035405e-01
1.822720926547936493e+00
2.724290231127882045e+00
5.276561725693711402e-01
1.239509656858692521e+00
4.487035834450207039e-01
5.727452223651785523e-01
1.409779362390358504e+00
1.484625353429001260e+00
-1.058167328101471405e+00
1.155119173813212718e-01
-1.179301130816394982e+00
-1.302617169591431256e+00
-1.347059393099055535e+00
6.218923466020023216e-01
1.267482823426123506e+00
1.457117186886093707e+00
9.704877515097058982e-01
1.625672586861817814e+00
3.824890409297381222e-01
1.141674475870168237e+00
1.844991984816604536e+00
2.815487646441687808e+00
1.736968965124142672e-01
2.283442161902410561e+00
-2.655410684039759772e+00
-2.427195482268508897e+00
-2.191109647143798966e+00
-1.460355972374044020e+00
-7.791251842653263981e-01
1.207329822178669243e+00
8.031432983532325043e-01
3.959424331320366974e-01
1.749252414708443837e+00
1.533134616194540722e+00
8.464128887279616098e-01
1.338694086631240232e+00
1.942145703688278324e+00
2.478936661052534518e+00
4.110700617382178068e-01
1.224421034365964056e+00
1.209016811555859938e+00
1.525028268973622758e-01
5.618985124589155333e-01
1.488514040945224437e+00
1.553370736816218400e+00
1.295437903769744548e+00
1.010297878436618113e+00
4.752015187518683348e-01
1.263748833490260903e+00
-2.548884311530626778e+00
2.785628292310378118e-01
-6.051755069181794511e-01
-7.748622602801861214e-01
-5.540729030936124566e-01
-6.558578638142993356e-01
-3.091677485331352671e+00
-6.159153712157421356e-01
-1.599029108337974625e+00
-1.837919844109968226e+00
-1.092041885981306137e+00
-8.008041888251177243e-01
-1.175827148715044013e+00
-8.242144543474002605e-01
-1.524067099756145405e+00
3.664659916270656126e-01
8.240721149211683860e-01
1.230509522470098371e+00
1.452875150461160780e+00
1.437404914754856877e+00
-4.348955588204131972e-01
-1.657752292031982266e+00
-1.501280499427642745e+00
-1.713195912162559065e+00
-1.292462295000480932e+00
-1.297783487627735877e+00
-1.793548488888196513e+00
-1.037503644189994523e+00
-1.594575191640484002e+00
-2.444214943101336246e+00
9.439247891643595123e-01
7.612445543016070904e-01
9.884445581753826815e-01
2.696227787605418591e-01
1.341391870398501496e+00
-6.507643541838639134e-01
-8.560542395886829858e-01
-1.596601750844343748e+00
-1.397759726120800350e+00
-4.920952592253358127e-01
-6.718406603255071552e-01
-7.800371711969337207e-01
-1.081471075050427721e+00
-9.364901216496634984e-01
-4.109324519725638947e-01
-2.163718968400676346e+00
2.117134876204476157e-01
-1.689394825647640319e+00
-1.787887425029100585e+00
-1.334979478485148974e+00
-4.309073645631762428e-01
-1.277361725582932817e+00
-1.550052153708435743e+00
-2.999259958349846933e-01
-1.494004044931636299e+00
1.197179154155860292e+00
1.184205053173597033e+00
1.944424934373913949e+00
2.855607114552825010e+00
6.468107193413746847e-01
-8.359533883971164148e-01
2.723565714275747229e+00
4.566601866803986498e-01
1.438067338472414081e+00
7.951228707940197760e-01
1.156181367309860875e-02
5.857465802433046154e-01
8.256396719223900726e-01
1.358376218701303095e+00
1.454524141446473795e+00
-6.892015410572618350e-01
-9.715208936910891824e-01
-1.619310091251407124e+00
-2.101126216234068700e+00
-4.667371507920973217e-01
4.820821791880632867e-01
1.139384280531050786e+00
8.541620521821238210e-01
6.240343042435056997e-01
1.137757041122269719e+00
1.383037296561753227e+00
1.932385691457091603e+00
1.188621028071771946e+00
1.307122358958250352e+00
1.969978182714712922e+00
-8.238405503647563410e-01
-7.056367487294397112e-01
-2.391560541255035144e+00
-9.763255523303782102e-01
-2.642940706276552199e+00
1.044846845430590143e+00
6.430035194964909273e-01
1.305901633116510752e+00
1.559236481742308111e+00
1.369123268304040630e+00
1.099548852957759948e+00
7.767969534475049898e-01
2.965463243698379436e+00
1.020783316903597138e+00
9.048115565637522284e-01
2.479489068835307730e-01
6.554895045235182849e-01
1.560585906936089451e+00
1.652786253487410928e+00
2.623227189114052393e-01
1.102983275069073565e+00
-5.804119942236523055e-01
8.600372241867022538e-01
-5.340666851042266128e-01
1.095993898350076545e+00
-9.643071308211712545e-01
-9.624935012530801970e-01
-2.916836267863645027e-01
-2.312585693670768272e+00
-3.192244638145537161e-01
-1.116186765128824421e+00
-5.305377005251624700e-01
-1.742292299928474453e+00
-4.906587887037273665e-01
-1.783595726740036636e+00
-1.041310998055818393e+00
2.202088766655254659e-01
-2.042058909298598124e+00
-6.021832225331087418e-01
-1.801697192640141054e+00
9.516706668555432458e-01
6.141745977987345118e-02
2.212153457623831088e-01
1.598643255014759568e+00
9.229304279313719217e-01
-1.300786898473293540e+00
-1.972201670330767431e+00
-5.602237547622028746e-01
-8.861580913945098503e-01
-1.030807042788932204e+00
-1.670167715031851685e+00
-2.152220186140858083e+00
-1.180175493488875960e+00
-1.492453277904302045e+00
-2.638909703234526560e+00
1.874526155266509786e+00
1.044720373824591819e+00
-2.943112722625926825e-01
1.927739955839492758e+00
7.057935400511954338e-01
-2.035742856564890957e+00
-1.484260100839735363e+00
-9.757376157749750867e-01
-7.589368805527814121e-01
-1.852174718804383780e+00
1.461960807666696560e+00
6.233959321361374206e-01
4.369763003832441983e-01
7.534310495293010668e-01
6.736451796529896452e-01
1.481693523052821426e+00
1.820633859582926117e+00
1.429978850113837963e+00
1.388329153040514630e+00
1.090977944257181642e+00
4.964817759854184276e-01
1.271599113108663914e+00
2.377774163372023963e+00
1.368839574556922178e+00
1.653719155487660020e+00
-5.606577654852273884e-01
-9.328889654707546164e-01
3.414103996059518753e-01
7.428278404482875352e-01
-2.480459967866242010e+00
-6.406661075792503546e-01
-8.261221753732480577e-01
-2.972942515925586227e-01
-7.879472910179230460e-01
-1.319729882853305281e+00
-8.509306207563691604e-01
-2.475896582324622841e+00
-9.942752007505648582e-01
-1.723495080413593339e+00
-2.078796702335389490e+00
1.596184871874303912e+00
-4.050826424694209393e-01
9.058322622965286897e-02
1.722031747290254877e+00
-2.855155069731662998e-02
-7.517579013070327942e-01
-1.713131654487559663e+00
-9.350119243112617884e-01
-1.456794951847811603e+00
-1.051318961364375415e+00
-1.222991363722567115e+00
-1.720630774651769723e+00
6.812491811063647873e-01
-1.496133197656293490e+00
-8.749569317724065209e-01
5.209987724411843102e-01
1.564734083790993990e+00
2.188603363439790783e+00
1.013456867768229408e+00
7.942350097196393399e-01
-8.678355625850621147e-01
-5.944542745043139842e-01
-1.042130490242578977e+00
4.717643383124441314e-01
-1.808908795151372262e+00
1.177288352628774737e+00
1.268819053128446228e+00
1.388418042692423748e+00
6.449532973325771135e-01
7.414313608274893941e-01
1.156264599811696714e+00
1.034080272677362355e-02
1.061275525352598503e-01
7.788317696544316826e-01
1.275396943235314939e+00
8.783246782814662090e-01
9.411930076502443843e-01
3.632908939245579338e-01
2.094006327648845200e-01
1.110092656912097020e+00
-2.325826668922772456e-01
-1.399727922254547785e-01
-1.772854476277544222e+00
-1.544096865453832290e-01
-1.851607007021015550e-01
-2.649002307442284154e-01
-1.945948869183295571e+00
-2.199614975060629529e+00
2.309563786276225272e-02
-2.236061064035659296e+00
-1.757783903488828514e+00
4.200608578902063073e-01
-4.589345145643753954e-01
-2.875057007997724456e-01
7.622368791126352683e-01
7.563341287109066613e-01
2.100537107813086557e+00
1.006264142631404068e+00
2.831949247462680397e+00
-8.920773382091427006e-01
-5.136324752859015019e-01
-2.155133282875256739e+00
-4.585263482652250921e-01
-2.380904623291203670e+00
-1.263184660428675166e+00
-1.255294456478219134e+00
-2.299847476531808876e+00
-2.473735541677350547e+00
-1.504023301027284543e+00
-1.317256608399685058e+00
7.688312721656597182e-01
-3.844087599597889593e-01
8.433264464480731970e-01
2.410614321568526286e+00
5.824074034454180815e-01
-1.825793983129136544e+00
-1.086713715565076344e-01
-8.041749634341334163e-01
-2.035625126590388856e+00
-1.668651099190103793e+00
-7.739169016270786017e-02
-2.551648305121465121e+00
-6.829426527008086723e-01
-1.402752454342674815e+00
-5.195716341737652844e-01
-4.555488667299856242e-01
-6.800347465919236445e-01
-9.752778804163101389e-01
2.455243216057350075e-01
-2.268392827387509580e+00
-1.109536738684968160e+00
-1.530572245863100367e+00
-1.747323206885317060e+00
-3.635507114004639106e-01
-8.795908171805308928e-01
1.286111756026864894e+00
1.771582829094631828e+00
3.906920317174537027e-01
1.669979522348850054e+00
3.577681993372380242e-01
1.170892478070993947e+00
2.316468537396846106e+00
7.981476797000912615e-01
2.693182635124621305e-01
1.862584183798168036e+00
-5.749064494205382569e-01
1.751924105006890997e+00
1.370583340778057879e+00
-9.799588670274126390e-01
9.492331238548911143e-01
-7.353775682322536422e-01
-1.309070529896715573e+00
-1.551530657489134768e+00
2.886220574870503874e-01
6.687795964443434826e-01
1.186214632985524986e+00
1.699029642353842684e+00
-3.346267477269668777e-01
2.557213245712775418e+00
8.916817922884493486e-01
9.613691770497474476e-01
2.068556757738440943e+00
2.266365109397987077e+00
1.395791160649104912e+00
1.836493568889771888e+00
-1.833991524717074606e+00
-2.020311139313666793e+00
-2.310382237920134862e+00
-1.551871348521079996e+00
-1.953120511458392272e+00
9.259309841912124472e-01
1.160078266227197341e+00
1.393894911538036130e+00
-2.034573083595550003e-01
8.515841904914762672e-01
-3.493243815217477177e-01
6.079456594778067657e-01
1.485962183322448116e+00
2.535991804107873726e+00
-1.911177573017441844e-02
1.346300481032767005e+00
1.033285327709763113e+00
1.913556310613816258e+00
1.686730422377212157e+00
9.343285165801582526e-01
1.358403249534580137e+00
6.803640879758707793e-01
8.986581949687154625e-01
5.464401319185989703e-01
4.549977073044592091e-01
-5.429636305606762026e-01
-1.567735925135121056e+00
6.187127893341213269e-01
-6.535051987980500243e-01
-1.434005895559340660e+00
-4.833989407553326290e-01
-4.051728017914513202e-02
-1.801606630915051355e+00
-1.291961522145708807e+00
-1.066514400867797141e+00
-3.110097366699591248e-01
-1.109767756587602072e+00
-2.380351467266502041e+00
-1.748622824362281669e+00
-1.633445926649334190e+00
7.867156531935318720e-01
1.548144730814324577e+00
1.758299684976192268e+00
1.273312023219471678e+00
5.303047335435748799e-01
-1.424943328781750118e+00
-1.389136930093255007e+00
-2.180208382695720815e-01
-1.444746613729647633e+00
-1.484541617417855397e+00
-9.578175810500831888e-01
5.549767151008380139e-01
-1.305158488915757697e+00
9.012898714871955264e-01
6.891701668646277312e-03
1.434544705237038142e+00
6.560741226496347167e-01
2.385781202309892102e+00
1.399000138246352831e+00
9.620022184099594753e-01
-7.449940254441053122e-01
-9.315118942113681522e-01
-1.353966309359122544e+00
-1.871926001110477245e+00
-1.653106358058920478e+00
2.450162439281101667e-01
7.677363758259447835e-02
1.397500270463499783e+00
2.315203301649794376e+00
1.434906509116472328e+00
1.380693300632183540e+00
7.723524044764239482e-01
1.914621497958103102e+00
1.594513234822013903e+00
8.901999667272333383e-01
5.135831905627860072e-01
1.187552745734816728e+00
-6.845786261357744706e-01
1.493547389859742669e+00
2.190036830906047172e+00
-4.030161731012963378e-01
-9.609665176775490369e-01
-1.268576915972603691e+00
-3.668036376808578858e-01
-1.372538831438472329e+00
-4.907345769282844827e-01
7.402507707363232825e-01
-9.161540237014084154e-01
-1.803405713807167299e+00
-6.491321316765463756e-01
-8.984872184628501790e-01
-6.440407637689162801e-01
-9.352275273114921683e-01
-9.148579775824128291e-01
-7.383356167284513827e-01
-1.577701458219018527e+00
1.448198965784691428e+00
4.002180863759995377e-01
1.961061084898901186e+00
1.991824983090582535e+00
3.185278546653469434e-01
-4.883199414010321870e-01
-2.850610274758478724e+00
-5.858900620120337521e-01
-8.636959651359491508e-01
5.179958556445549700e-01
3.888319097776093969e-03
1.290358951743182381e-01
-8.947616931153894448e-01
-1.083499226798491755e+00
5.252192065124723364e-01
3.036468259762600264e-01
2.737622012818299311e-01
1.422929613511696889e+00
1.995137419685328206e+00
-1.187068048205182969e+00
-1.023031055325696048e+00
-4.951704291322409635e-01
-9.662269246191336203e-01
-8.641331732188424208e-01
-3.413974117259395147e-01
-1.847209837122187448e+00
-1.978806229586766552e+00
-1.015776737367423133e+00
-2.359049627919728165e-01
-1.303257982420147343e+00
-1.444667235618909862e+00
-1.502269952332635494e+00
-1.297803764007345206e+00
-3.240819193412526333e-01
-1.060038255451122957e+00
-1.431767104886759956e+00
-8.295431458416753223e-01
-5.476679962309716210e-03
-1.493424540754488605e+00
9.250104876975621115e-01
1.311479463324424000e+00
1.589086832290270701e+00
2.062628892348292275e+00
8.156341740223127523e-01
5.599815225297850585e-01
1.383890914069687783e+00
1.671855853932429081e+00
1.388377016007547038e+00
-7.795318436766267567e-01
2.428312109249888717e+00
1.285633807656174854e+00
1.123103272221706028e-01
1.040053355854938077e+00
6.159868981652890652e-01
1.203774042410930001e-01
-1.679889432098065516e+00
-1.967491824452922700e+00
-2.625549015283328291e-01
-8.649432369073363214e-01
5.549363609595794333e-01
3.460671524413778677e-01
-1.075501252390198559e-02
2.807882203025462431e+00
2.036145734868804347e+00
8.298243370121234364e-01
9.714365693845724570e-01
1.647696812001238076e+00
1.796320089165991174e+00
1.495557819758307261e+00
-2.498631229839378687e+00
-8.661804957496144208e-01
-1.092685853653723171e-01
4.451602546157658047e-01
-9.409490581122860187e-01
1.703375490738911813e+00
9.263027323219520381e-01
2.429315846301496773e+00
9.576515526129956157e-01
1.262747242968975225e+00
-2.112908948759631977e-01
-1.425073990816703606e+00
5.283437315740213691e-01
-5.984244094267444636e-01
-5.335382837191467997e-01
-1.681708074611506509e-01
-1.808408720926783175e+00
-1.167179808281499920e+00
-2.819764456073080572e-01
-8.550195217164712203e-01
-3.385744413382569817e-01
-1.130614380492795945e+00
9.056079991091179338e-01
-9.443681341015364161e-01
-8.101921408666574731e-01
1.978431234891547597e+00
1.657870548022304380e+00
2.057290895254348939e-01
-1.752459462212500707e+00
1.663037249938743134e+00
1.653642213215464007e+00
2.465878326256605302e-01
1.096108205398238944e+00
1.961873382313225722e+00
-3.425607759012472275e-01
5.256418502420813210e-01
1.840506307684080411e+00
1.003525513446520856e+00
1.003415389777941646e+00
-4.297669601196068001e-01
-1.575704704205692863e+00
-1.938409814960781796e+00
2.971947563079997412e-01
-6.016319256566380336e-01
-1.206174592790973055e+00
3.813180103610120941e-01
1.325666036970906791e+00
1.313759605058141267e-01
1.862632504337104589e+00
1.313167676050782218e+00
6.169879596506934183e-01
-2.705336463746137454e-01
9.145071271701483706e-01
-2.373268001186874532e-01
1.427759865922375360e+00
-1.282170718582924529e+00
-5.705906936934308504e-01
-1.177707980953710321e+00
-1.036114957927233737e+00
-6.580086452143684150e-01
4.046494202594234091e-01
2.202227140374970471e-01
4.120387586737922492e-01
1.716846613813533873e+00
6.637737124086073859e-01
-8.741091193762997591e-01
4.603975080454193458e-01
1.416336312885024817e-02
3.743301890702546153e-01
-6.815107858228763860e-02
7.833452482052601917e-01
3.830697288413341672e-01
7.294992255208181398e-01
1.520916102205822185e+00
1.428948772540325818e+00
8.764080718655149482e-01
1.103353836446966163e+00
2.410134869424910953e+00
6.674267201987884590e-01
1.244644150831927698e+00
-1.820881460805404917e+00
-1.076354031679941814e+00
-1.432567738922553069e+00
-1.321747172892667299e+00
-2.046408743992123469e+00
-2.221794199104202061e+00
9.227078366700625089e-02
-1.096715345810937992e+00
-5.378404213038123771e-01
-4.173370863243417439e-01
-1.035093726092938926e+00
-2.480735936027273603e+00
-1.395077981615798768e+00
-1.397852053165049568e+00
2.972904386193313542e-01
6.511513228910545958e-01
1.805495846251001568e+00
1.055377398990795079e+00
2.578761420948027627e+00
1.989520833905467967e+00
-2.148938541466554497e+00
-8.789496439481534473e-01
-9.052985945465390483e-01
-1.483134790646126744e+00
-4.253572714456381743e-01
-4.300848311275353719e-01
-1.064656339515584360e+00
-1.326369233603030606e+00
-1.457819251212860268e+00
-1.493667579469870610e+00
-3.739090582284942954e-03
2.745003318308720797e-01
9.158475734408870750e-01
1.263576239519290434e+00
8.550439527275794926e-01
-1.010916276946231207e+00
-1.510062350771533612e+00
-1.031513270972006513e-02
-1.214437480665248481e+00
-5.696609244137187389e-01
3.190700032028480626e-01
8.468503160163172172e-01
8.620811450154202138e-01
1.046013775640513233e+00
2.595146619366080820e+00
8.685623885378928044e-01
7.336447359998645723e-01
1.244425714639885827e+00
1.659961826836167109e+00
1.765438290012428357e+00
2.642081241421016191e+00
2.155651502588310287e+00
1.158499499973333569e+00
3.552034070785414777e-01
1.773879817603491338e+00
-1.249435117328431710e+00
-4.223592759248452344e-01
-2.409512216719702504e+00
-1.906332868702479422e-01
-1.157950243784758193e+00
-1.216986458214128097e+00
-1.126773623173138228e+00
-1.423388728026361960e+00
2.086560324840842640e-01
-1.301776194092729266e+00
-9.432281290995627732e-01
-1.082024006919312331e+00
-9.789632105253168737e-01
-8.310943565234382158e-01
-1.043046389346074854e+00
2.767828310344923048e-01
1.386833430813677825e+00
1.407380175896633334e+00
9.656078736383238992e-01
6.510300120651997258e-01
-9.745214948256614163e-01
-2.152214258348482900e+00
-3.967960018414921075e-01
-1.164835890445529376e+00
-1.681053924263587351e+00
-1.262862947145508619e+00
-9.681473067357958540e-01
-5.658818893744741452e-01
1.288043651522299271e+00
-1.284412344202224832e+00
2.093407088586797471e+00
2.308851024786323869e+00
1.289074215230114451e+00
8.001185891244761983e-01
1.661707970046764293e+00
2.866396287612034133e-01
-3.280659973899310300e-01
2.101387529356995021e-01
-1.871284099590896588e+00
4.990027749445586913e-01
-1.209923017486262742e+00
-1.673351852565811093e+00
-5.102481055240033481e-01
-2.645310243434051412e-01
-6.605005385135171991e-01
-3.854719220756567255e-01
-1.629402726985676564e+00
-6.480433729672638865e-01
-8.965107863078615180e-01
-1.546291447864502677e+00
-1.378845315567219565e+00
-1.884475807111379186e+00
-1.686554196887449564e+00
-3.496938822677595482e-01
-2.835124441032532694e-01
1.165698966895994948e-01
1.528539177242297153e+00
2.704905687680696946e+00
1.360741474231501158e+00
-4.640397771758149048e-01
1.004681435036262283e+00
2.084146943566855814e-01
9.270613931246296513e-02
9.025866753067076642e-01
1.910119200348549207e+00
1.449647467014853142e+00
8.640560045784986265e-01
1.228764311676433962e+00
-1.861919669460763149e-01
2.315141014314083812e+00
-1.564495912182966020e-01
-1.748631086278338298e-01
-8.191764556597124214e-01
4.213527731882660277e-03
-1.104976529238872907e+00
1.287403907822753713e+00
4.046939936867750554e-01
-5.796533632076306120e-02
1.060263086893491913e+00
9.888719311837533832e-01
1.032574608745437716e+00
1.739866090689435874e+00
1.225565673430409452e+00
1.818179954638677875e-01
1.014219875154691364e+00
-1.398241559303030401e+00
-1.352380436649442963e-01
-1.313403589453819187e+00
-2.293931242144277016e-01
-2.896678168899758266e+00
2.705750002501972062e+00
6.661722013067428172e-01
1.473859365667969268e+00
1.005839575023019350e+00
-5.954857219728353357e-01
-2.259463666656679415e+00
-1.416105608026640095e+00
-1.874367845242157937e+00
-2.801168462440720042e+00
-9.878389749393172714e-01
-1.668605532917126766e+00
-1.337190661157178884e+00
-1.845039563804773852e+00
-1.389278903976151280e+00
2.547561800091573403e-01
-5.063874128785910145e-01
-3.075679142968922308e-01
-9.576558643864278020e-01
-4.510000508328586566e-01
-1.482756731078330947e+00
1.823657886841972608e+00
1.318702668200666395e-01
-3.459970079741803151e-01
2.902154177291796922e-01
8.406272171275798177e-01
2.605585099896392531e-01
1.035026440765641098e+00
-4.073934292323582174e-01
6.711668505854753164e-01
1.340690991592109027e+00
5.857375568305047686e-01
4.065086644507071023e-01
1.360287406712417546e+00
1.969003186564827423e+00
1.439747246552729898e+00
-1.180484411355371854e+00
-8.790048164987727120e-01
-8.921198454189216420e-02
-2.178516132340726497e-01
-9.798304068052838822e-01
1.908060487963879170e+00
1.418319613139281232e+00
9.650084465542798640e-01
1.220542495313325926e+00
2.113442015427102305e+00
1.735993309717007049e+00
6.389021378344941215e-01
2.903545636110846928e-01
9.223589168948702621e-01
1.853153656467683597e+00
-1.103432401848646105e+00
-1.243791445504000892e+00
-1.025961799733907887e+00
-6.532359565275847046e-01
-6.164851090323386629e-02
3.086660810767505758e+00
9.688752419272083083e-01
1.568651247036538798e+00
1.379662271675027974e+00
2.583453633316750153e+00
4.830434517121080518e-01
1.186781661260901011e+00
2.251295813483071839e+00
7.584862318265227499e-01
8.842183162556427334e-02
1.179788807677545792e+00
5.981340612907015686e-01
2.100513542171102088e+00
-4.389533938985981099e-01
1.314186629265740258e+00
-4.987606548615000079e-01
1.846781225284387151e+00
2.919715217480181035e-01
5.710461569768259249e-01
1.161096851507840144e+00
-1.560747677194354921e+00
-1.836151013281727806e+00
-9.496528993845486655e-01
7.448340603866026033e-01
-2.496261737119437996e+00
-5.263709635832960476e-01
-2.040400233060942092e+00
4.774656226522564495e-01
-5.395432459862248287e-01
-1.884341772092945178e+00
5.677985721283418385e-03
-1.445074451010561756e+00
-7.927711183656391825e-01
-3.119672755497985062e+00
-1.209242169565529990e+00
2.154027416697215980e+00
2.064213698280521037e+00
-4.771015623929468763e-01
1.863578097618025176e+00
1.963813264236618394e+00
-1.006905348751525597e+00
-9.852224600003571808e-01
-6.269851441515801316e-01
-1.186182846267542113e+00
-1.465774075458183168e+00
-5.300457725800886699e-01
2.606115952184326900e-01
-6.407040808633523987e-01
-1.694504146219495855e+00
-2.555476042342674781e+00
1.405350694779966547e-01
2.970139913982349000e+00
-5.204971510202158758e-01
3.880562611951550167e-01
2.074597973835722975e+00
-5.749089276382393088e-01
-2.908036990725593185e-02
-3.276872973094794306e-01
-7.854348627019325235e-01
-9.608017913518841491e-01
-1.902626748905606568e+00
-1.001336442379110458e+00
-2.886516292995593425e-01
2.982333023791132742e-01
-8.588211160525993648e-02
8.026027244305513619e-01
-5.717387265818836273e-01
-2.174988080241740729e+00
-2.088343282543373647e+00
-5.424153936493747441e-01
-3.443464381710682254e+00
-2.467660417965969799e+00
1.038030409218666517e-01
-1.170506608497282608e+00
2.864897888226427547e-01
8.590501551952817172e-01
1.096590121884548408e+00
-7.735520850189470110e-03
6.619651292728351288e-01
1.339945248843059433e+00
2.848844650802929479e+00
4.054467600084783463e-01
1.459586376381122763e+00
4.357760246763017209e-01
-6.451842752370517964e-01
6.809709382283679613e-01
8.611774647702835628e-01
2.107837774088201499e-01
4.484674041719728388e-01
1.217347389170110539e+00
-3.014858588644097059e-01
-1.402728260478727673e+00
-1.929998118707417998e+00
-5.370041437361141590e-01
-1.681909973485505194e+00
5.468545655102610148e-01
9.138851971477246483e-01
1.549837382877992109e-01
1.605477066901233707e+00
9.068596543930316223e-01
6.586743841289122159e-02
8.646342782629541368e-01
1.752882473836706145e+00
2.877637849312344898e+00
1.347127709897503856e+00
-2.016044889371038540e+00
-1.955094112677963958e+00
-1.583246016395986722e+00
-2.494067596923355890e+00
-9.254179954170500544e-01
1.318269308580905408e+00
7.671079371394294855e-01
6.127124731654107759e-01
3.923757050248171119e-01
-1.784177613513449057e-01
-1.592752933144495620e+00
-4.730411317460652132e-01
-1.562219386674174038e+00
-1.596356890591958511e+00
-1.263150456127910104e+00
-1.846222440178499236e+00
-9.075958844782224810e-01
-3.221803622680788903e-01
-1.252931479955883720e+00
1.314916200002287372e-01
-2.117230075195629446e+00
-1.906321772964834738e+00
-9.634105690897588614e-01
-2.491729134333159346e-01
-6.856334552252758563e-01
1.173637755713718533e+00
7.215639851696684648e-01
1.620721842626778653e+00
1.322009796536701920e+00
7.502508343899085830e-01
4.911201323933931384e-01
1.529169883692458320e+00
1.346014556249434557e+00
-7.617206802253335685e-01
-2.527043647438842466e-01
6.802564851336017071e-01
1.502953637412919541e+00
9.165508021065986721e-01
1.292540898208910827e+00
3.539817937783739099e-01
-1.376631361941689446e+00
-3.299127521814138042e-02
-1.820401763529995609e+00
-1.582453293894242385e+00
-1.242850183514444096e+00
1.830217959471483358e+00
-7.275323211573745397e-01
1.119252464543268655e+00
8.587495251850932876e-01
-2.724184418743260672e-01
9.873682102648058123e-01
2.063348130857003415e+00
1.336343033030380489e+00
1.968267596380908646e+00
1.715862510665026042e-01
-6.042001100336472641e-01
-1.061530560728372263e+00
-1.524018520496702056e+00
-1.163581381653644442e-02
-1.225420202701782646e+00
8.198837121161628438e-01
2.626940873753826899e-01
1.441199919957900644e-01
8.743804960750165556e-01
5.466136908735652611e-03
-6.725695491993186614e-01
-4.055342487779245442e-01
-1.352707910347861864e+00
-5.501081872027810959e-01
-7.011799649377195021e-01
-8.354587606355381446e-01
-2.238971385713349749e-01
-1.889800294423961358e+00
-2.266761003887520332e+00
-1.599901341101602092e+00
-1.056516842858762129e+00
-8.246534838471045736e-01
-1.197567691392398270e+00
-1.695410497386264037e+00
2.759009306234287973e-01
7.353114517434997666e-01
9.645614491706109295e-01
1.612350246735315462e+00
2.265207192363981603e-01
1.888381528105485430e+00
8.466201779982454045e-01
5.092664634036573323e-01
1.405700576196883267e-01
1.754707009927084727e+00
1.274735163444843611e+00
1.341472416750194574e+00
5.369153905115775505e-01
1.624410320048322864e-01
5.700391481887747691e-01
1.546224256483955894e+00
-1.960741607725749791e+00
-2.030928839965709720e+00
-8.904678328938617771e-01
-1.595068376351191919e+00
3.209909295720685396e-01
-2.279263845013645984e-02
1.336812222933115191e+00
8.079540443589046106e-01
1.162838682418742220e+00
1.943204135958406242e-01
1.614926516736574058e+00
2.207394280057646263e+00
5.419109716970343937e-01
2.440929328908786999e+00
1.477123991557541594e+00
-1.139330903464154332e+00
-1.230217496605119587e+00
-1.084379335034578951e+00
5.814878295507130979e-02
-1.361389208396384998e+00
1.261941342073848116e+00
1.084146387063576578e+00
6.427017984794936023e-01
-8.024848971700020428e-01
2.166202604243935292e-01
8.539278727799314295e-01
1.662724786860250825e+00
3.101066680820803168e-01
1.007245780639816068e-01
1.319650093474423080e+00
1.340208871997758733e+00
-2.807317973120388999e-01
2.984692259244456913e-01
6.314033500387845610e-01
7.914300535097560374e-01
-1.360871445836064897e+00
1.642477471613411399e+00
6.369549884457789135e-01
1.811207123289979570e+00
1.396549906204793245e+00
-4.306178317464182115e-02
-4.089901860570632763e-01
-2.161105960886653854e+00
-1.027848109320353975e+00
-7.694313698878691987e-01
5.391441408008468272e-02
-7.526042957997577387e-01
-1.292511031977055413e+00
-1.092637349009725423e+00
-7.238478128963761193e-01
-1.378267968783603470e+00
-1.186760079536185009e+00
-7.608092209023149532e-01
-9.142743466478564507e-01
-1.036673467504660273e+00
1.004664006476777560e-01
1.679008659453708141e+00
1.303784427042403937e+00
1.656791868077444052e+00
7.160930328999233208e-01
-1.246925429027724963e+00
-1.360859311033581820e+00
-9.841408907941152640e-01
-2.515623377511351233e-01
-1.356558201991907353e+00
-9.164969603709851587e-01
-1.328383009006477433e+00
-2.291720656699753889e-01
-1.423189265984737606e+00
-5.740235871186349925e-02
6.431390666059837447e-01
7.959722559936289743e-01
8.136193486200480329e-01
-4.330870449974499881e-01
8.424783000843139025e-01
5.326899230668402652e-02
-9.670087967736115120e-01
-6.264208006682163710e-01
-1.052916002669255668e+00
-1.297024417013185715e+00
-1.852801745893645435e+00
-3.937206478331737314e-01
-9.713922214873387251e-01
5.368927802477605482e-01
-1.652829882764897729e+00
-9.055972583088190975e-01
-2.463443733367104649e+00
-1.170529635809700597e+00
-1.290958526513301008e+00
-4.863529624826500308e-01
-9.427643093512692030e-01
-4.520104499385195762e-01
-1.999125756651349839e-01
-1.450093112558687114e+00
-1.586751545292091947e+00
2.346214978969464404e+00
2.012255408673185197e+00
1.470977168920306166e+00
1.252286812983128605e+00
1.280309202680491643e+00
1.286923507186716664e+00
7.082418361353635117e-01
2.979896803691584051e-01
1.223966135473461669e+00
-2.834022548466474944e-01
1.690691874123471994e+00
-4.393579476543973961e-01
4.507781608982847077e-01
1.001098344160815223e+00
3.777983079398977706e-01
-9.184062441327698334e-01
-6.616059501818293276e-01
-9.085425846590593491e-01
-1.040093335137530106e+00
2.420105012805660039e-01
3.035131907832848697e-01
1.365913970335735694e+00
1.108351895598278958e+00
9.872580336800971246e-01
1.734341293699255271e+00
6.399887582717378454e-01
1.159633501139959444e+00
5.892956013297152573e-01
6.717919190462577905e-01
-1.748243072961463973e-02
-6.596935783494051186e-01
-1.123596991922600541e+00
-1.275043854668095777e+00
-3.730053962092918507e-01
4.269961761066856099e-01
1.768843008596162392e+00
6.097326210537892255e-01
2.401008513948210688e-01
2.899927435339824111e-01
2.158444925308345974e-01
1.157882627553620924e+00
-1.949934980420824804e+00
-1.149100277097188094e+00
-2.366509297453874616e+00
-9.736532677484408538e-01
1.842232347183514474e-01
-1.546657719099325146e+00
2.944312266441388992e-01
-2.312977659549670939e+00
-1.423990684562137288e+00
2.183965624788513082e-01
-1.742388293178827485e+00
-1.284436529055214438e+00
-4.256415659788675976e-01
-5.991286849397001735e-01
1.841680545322911700e+00
4.554740587258512274e-01
2.049737702906819337e+00
1.407256976978416896e+00
2.207457831226403933e+00
5.675824239648334935e-01
3.536427608070440431e-01
8.562019641224275501e-01
-5.137668275743698665e-01
2.676429895492191235e+00
1.372740054169428348e+00
7.650894371173435626e-01
6.526329094455560753e-01
9.117048992502198024e-01
2.628122710763447500e-02
-2.520285473195435166e+00
-7.434947479782869628e-01
-6.899492591311886525e-01
-6.223912648608922460e-01
-1.334175431850589844e+00
3.875887481105879662e-01
2.336779310903436269e-02
1.422887324901097150e+00
1.180666265258704772e+00
1.977617559608633169e+00
9.801599224828990709e-01
1.491880081763424570e+00
1.877407753412984714e+00
1.703859538663978990e+00
4.516605223165488514e-01
-1.675430072193757391e+00
2.950840773301408593e-01
-1.516837841915109175e+00
-3.892055485984980967e-01
1.104061441759657924e+00
3.195975007226677933e-01
1.299211611937970412e+00
1.070742665050609110e+00
5.965026378055470202e-01
4.003338369819483544e-01
-1.791200202294641830e+00
-3.625463446548494728e-01
-1.285846088544766896e+00
-3.084203472768652921e-01
-4.319272871263346580e-02
-7.188102127556414978e-01
-6.805859667802722779e-01
-1.173046279664346159e+00
3.849559668890099040e-01
4.915791750910485369e-01
-1.481818446936757239e+00
-1.866712854145881950e+00
-1.495835431021973694e+00
-1.045775143940162133e+00
-1.191117052945952270e+00
8.007899557013710146e-01
2.110813337849703597e+00
4.576814646992551916e-01
7.295156732689875856e-01
1.265793248145374639e+00
1.632524569214083066e+00
1.933377047314960961e+00
6.182234104301780331e-01
1.338721375116075141e+00
1.185383040802568955e+00
8.517922004364850697e-01
8.615741514215327079e-01
1.334735331694738569e+00
1.105844596333809271e+00
1.100922243668661871e+00
2.571243988869875707e-03
5.987887178188202597e-01
-2.382026895492870722e+00
-4.725464606305332937e-01
-2.096391413753464938e+00
1.508247947357391983e+00
7.349703500738291595e-01
1.852444210433157323e-02
1.698725400478148018e+00
2.184112220174210250e+00
1.076788358424110914e+00
1.243742511998309874e+00
8.732114339805062686e-01
8.657623312053026599e-01
1.909822933513080301e+00
-7.365606301811997714e-01
-1.179231600979191663e+00
-2.937547538334883690e-01
6.966043125457588303e-02
-7.973349602859345353e-01
1.674441020359747956e+00
-3.248528108393324842e-01
9.250795534435201084e-01
-4.084561974395861661e-02
8.818456718911811265e-01
-2.806005929238319929e-02
-2.938806048567910167e-02
-5.915531050175759642e-01
5.540129621224996193e-01
6.859487998654969498e-01
2.578817960917592078e-01
3.607139658761935319e-01
1.727962644801970704e+00
1.786075934699376866e+00
3.337857659602139204e-01
1.137725539151136722e+00
3.672193328175883398e-01
1.099650451548865426e+00
1.422444572870441348e+00
-1.580356664379134468e-01
-8.591406299220322174e-01
-7.253684149732906317e-01
-1.315864116465954581e-01
4.980716123535264828e-01
-1.914699732083595674e-01
-7.748438114336850813e-01
1.413461944830163297e-02
-1.384248976559417477e+00
-2.057681140885966098e+00
-1.759680366967690812e-01
-4.563167687571410003e-01
3.644135417744576166e-01
-1.389263398700048446e+00
-2.335545417066535734e+00
-1.669289717935833917e+00
1.289222856998077704e+00
-5.401758680010526614e-01
-2.509789901387975419e-01
2.120837431527597516e+00
3.178950203522919349e+00
4.090776166655252233e-02
-1.524045287984333141e+00
-2.783710042029048370e-01
-1.145056734916232832e+00
-1.639102927715074598e+00
-1.433811792657488038e+00
1.320757488924986234e-01
-1.618691690020618523e+00
-1.684570126124431244e+00
-1.605826376438158842e+00
2.059564862690473674e+00
6.226810043526909144e-01
1.965502269441267602e+00
2.742651887444140790e+00
1.425319293854362623e+00
-4.350940029264028786e-01
-1.066053013804786564e+00
-1.972043382514475418e+00
-6.876829318544268599e-01
-1.054765644645733191e+00
-1.369036595502983733e-01
2.729695519334013332e-01
1.909454136224713050e+00
2.757295415535199190e-01
1.296576348547120006e+00
7.553411552880564539e-01
1.328901854436221219e+00
1.063393973007850324e+00
7.602370650321796930e-01
-1.337133901344515596e+00
1.277323421593481223e+00
1.781086448947007739e+00
9.329432992560938720e-01
2.235410829105220820e+00
2.036048705484081012e+00
-3.468236604234609111e-01
-1.211523088328945397e+00
-1.620719918310043361e+00
-1.127871596539555821e+00
-1.479533717458233477e+00
-4.201500571741384471e-01
-1.152378739246499917e+00
3.902906039910485347e-01
-5.481037509862713986e-01
-1.116976025344476264e+00
-2.173417807210837882e-01
-2.068346211853468120e+00
-1.770060392109220171e+00
-1.172160540197866307e+00
-5.092669050910185735e-01
-4.073080667483663930e-02
1.721224023394202884e+00
1.002296729875774561e+00
2.530428668948987436e-01
1.155030639959775840e+00
-4.469530883124287479e-01
-4.797089231722815317e-01
-1.830429552282926586e+00
-1.588022008635982196e+00
-1.196007938985507169e-01
4.911447269962132545e-01
-5.147663245996321191e-01
-6.963720600298848318e-01
-1.030857547102884686e+00
-1.057580539345551074e+00
-1.015656638672903789e-01
5.771543634672100520e-01
-1.448744012075475762e-01
1.774626255129367003e+00
8.619735389666032255e-01
-1.762359128700850430e+00
5.777518639541672218e-01
-5.351142298238698025e-02
-1.877354580469237533e+00
-1.666618085563085216e-01
9.905988395391880363e-01
7.853202990500088854e-01
1.641712596500957577e+00
-3.157032194778721657e-01
1.350172462648092431e+00
6.559074616198152796e-01
1.856659494924823850e+00
-2.286923281860970825e-01
3.433988874569754435e-01
9.123491741820333178e-01
-5.975925597750368912e-01
2.206740064599430617e-01
-6.969877089766618461e-02
7.962733571734719185e-01
1.004890704916678423e+00
2.795033897248522248e-01
-1.438679202373120081e+00
-1.731032618704509307e+00
-1.870760773615722794e+00
-4.090778723888618407e-01
-1.308507047895019815e+00
-7.301351787987309105e-01
-2.184526563476093752e+00
-6.419359702320548422e-02
-1.576903106436091218e+00
-1.104585372436059254e+00
-6.246076219097336235e-01
-1.341990853351718638e+00
-8.322992540632692116e-01
-4.175764990125310216e-01
-7.412055693812176216e-01
1.651224190399915415e+00
-3.145075098028660143e-02
2.391103598568285804e+00
1.348624052155426689e+00
-4.761089828149271952e-01
-2.660695867057002673e+00
-5.980594459993495704e-01
-5.961330916354903309e-01
-7.202033836883090512e-01
4.294109554515441740e-01
-1.489044921363172680e+00
-7.948961054737818666e-01
-9.081704537268053823e-02
-1.072409781608550272e+00
1.479982846925759432e+00
1.116674765487720489e+00
6.485782054905737670e-01
7.929749222149050647e-01
3.983010077485471534e-01
-8.137667914886376197e-01
-1.566800323570997078e+00
-3.426128489434026037e-01
8.377093777790411977e-02
-8.651212757195033687e-01
-1.016601174611196701e+00
1.880143156475917454e-01
-1.001770607993130113e+00
-6.440247641031776604e-01
-1.770227636801979365e+00
-1.862388204935249592e+00
-1.331381990804800353e+00
2.837495557428710846e-01
-1.262536578836340073e+00
-1.044463810930447378e+00
-3.714731580872352446e-01
-1.339605019569156896e+00
-4.997902012704505958e-01
-3.841410314239585011e-01
-1.211179628130104158e+00
-5.585072227366949527e-01
8.260351192992880787e-01
1.617842395109747589e+00
1.458321892442070000e+00
-3.621866128899202675e-01
1.167481004975250869e+00
1.291040031269517163e+00
7.727055276200349709e-01
1.255090225365314449e+00
1.099446405722493969e+00
1.553127334897346223e-01
1.132325471950433204e+00
1.057401920265281570e+00
-1.739505894011379450e-01
1.714570460659137208e-02
5.869041720447354393e-01
-8.639584071668076071e-01
3.421266321543061650e-01
-6.026902472579200865e-01
-2.097171352816328271e-01
7.388578872965994027e-01
5.524032665253055807e-01
2.292087593971732229e-01
4.482724451302734225e-01
1.918868005622883510e+00
1.785278858340655361e-02
1.778278572822565629e+00
5.304174178490947966e-01
2.626474564090965913e-01
9.193670787302461456e-01
-2.022777127022853394e-01
-1.567307732404904730e+00
-1.872383936468202670e+00
-6.046104833910858067e-01
-2.107670620919597226e+00
1.388975336271019767e+00
8.160870199551466531e-01
1.020233770746949320e+00
-3.806935901788517373e-01
-3.008544559365418092e-01
4.134627687515800565e-01
1.127122972705592252e+00
2.275330006773727654e+00
8.678998066305976256e-01
2.032304661612736485e+00
5.415264392032246299e-01
-1.563416849242492912e+00
1.069474707241201417e+00
9.568558837269726114e-01
3.655021983256958595e-01
4.928706836416221204e-01
1.561710848110139827e+00
5.464426106497686231e-01
6.791395007600355971e-01
2.182081420068169297e+00
-1.558722061834098893e+00
-9.413961615758892343e-02
-1.482917550963725795e+00
-2.058493025890487438e+00
-4.762850766169151040e-01
-1.708176515474969737e+00
-6.213302453978678530e-01
-1.556701336953559833e-01
-1.886168891634176337e+00
9.087872615331442638e-01
-1.417840821256960204e+00
-1.951180025587869737e+00
7.270030484938996285e-01
-4.612255064850078190e-01
-6.161697199187267104e-01
9.809822615151900793e-01
1.104887927576154727e+00
6.991593433427580884e-01
8.593279654766493580e-01
1.218699758081732476e+00
-4.564287208012668406e-01
-1.593444243306580521e+00
-8.016143289571850961e-01
-1.005492416787465482e+00
-4.047912330838738804e-01
-8.747238852349585869e-01
-1.627706935633025820e+00
3.858025002776799273e-01
-1.203053701047901214e+00
-4.054825395865235826e-02
1.426435732652922894e+00
2.372874529594763082e+00
1.289212515432752726e+00
4.956272687782372621e-01
4.791559575299132456e-01
-7.202898768049618150e-01
-2.531526584484629083e+00
-4.230662997189994501e-01
-2.864170496494467422e+00
-1.993134700130680947e+00
2.083808153400912744e+00
7.537227650983699956e-01
8.358469472082383778e-01
7.590080382873383158e-01
1.681281552284972669e+00
2.050138410415679679e+00
3.219637924993357103e-03
1.191317697087715510e+00
6.622138902131660121e-01
1.277446737420395051e+00
1.252305279224293244e+00
6.876899170986061627e-01
-1.610383641368535734e-01
1.896979587600824413e-01
2.493334088991677744e-01
-1.949240108592215304e+00
2.547955571464100011e-02
-1.832490082379850893e+00
-1.611065786605866634e+00
-1.908648650704888983e+00
-8.964189817423351414e-01
-9.307509872917668625e-01
-1.682439398213431136e+00
-8.049955268515815998e-01
7.440241855198728160e-01
-4.324206214627629441e-01
-2.605261234474468557e-01
-1.419216514151374398e+00
-6.972924561159026258e-01
1.338616134576831040e-01
1.354472321658916067e+00
3.624925839293976493e-01
7.791045395958541286e-01
1.349464237476969641e+00
1.709309548999536021e+00
-2.212398997317333027e+00
-1.496057627786724797e+00
-1.237979660799215065e+00
-5.896317662272363425e-01
-1.977402079114713995e-01
-1.815602852865000116e+00
-7.401559261401029488e-01
-2.656920088060351626e-01
-1.239071534786357009e+00
-1.482648898133683169e+00
4.033087677113493807e-01
1.494832740121347481e+00
1.947443049695556150e+00
2.572839387629456631e+00
1.789372122163281453e+00
-7.750264874142120952e-01
-1.762887139157483851e+00
-1.595411068863894721e+00
-1.946831318160579416e+00
-1.757880167225144064e+00
8.199744651035428822e-01
-3.040138005413728362e-01
7.042942523317845538e-01
7.615952168294868319e-01
2.399834354055420782e+00
2.112887418156248032e+00
6.437583772092778656e-01
2.687079849399011344e+00
1.206061774816884480e+00
2.375268062841890515e+00
1.429026174855610565e+00
8.123819639529958891e-01
3.777259201254613563e-01
5.940296762585601797e-01
4.760662378985937027e-01
-9.872684194571468286e-01
-2.146489064151785087e+00
-1.530651248910437801e+00
-9.775088567495530123e-01
-1.915307816310662048e+00
-2.789844785478977629e-01
-1.090493736010978321e+00
-1.069165755576715116e+00
-9.607250785294950690e-01
-1.076140339893889575e+00
-4.242828818069949159e-01
-1.783402528003613430e+00
-7.992730628651050218e-01
-1.909758805650995317e+00
-1.204949009854307418e+00
-1.580315160173055844e-01
6.775714253398010811e-01
1.600129432787242623e+00
5.122287505699294474e-01
2.469763397478362155e+00
-1.207022496130043976e+00
-1.599899138917444175e+00
-1.208916221718953743e+00
-7.865624083247697573e-01
-1.881536133336791927e-01
-1.378705320731534512e+00
1.906403688780959893e-01
-7.676539638154471490e-01
-1.225994404133614379e+00
-2.697702102623184217e+00
3.066896195970926220e-01
8.680231797900569424e-01
1.710198066661405614e+00
-8.882337186583133537e-01
7.737268849356484512e-01
-5.539007152235047027e-01
-2.180214385599282823e-01
-2.175187444640450884e+00
-2.127811594432379216e+00
-9.807481144163524567e-01
-1.027620529788040304e+00
-1.934306162872596158e+00
-4.504402026718178353e-01
-4.493370577458590809e-01
-1.054303590221582931e+00
-7.796943084402586654e-01
-6.291852088307952062e-01
-1.656582073442578462e-01
-1.135270403536469574e+00
2.429016726014190386e-01
-1.226336675514079433e+00
-1.702323813468608282e+00
-2.143433510579558998e+00
-7.306432066488237620e-01
-4.896303869952215448e-01
1.150395326483563796e+00
5.630563156609948994e-01
1.562541256964463443e+00
7.638897923380760790e-02
8.975969495395460518e-01
5.005775573263957501e-01
2.342891755725321268e+00
1.270928322793164922e+00
2.062081213698421234e+00
9.087596002551890928e-01
7.472418317430578050e-01
1.474467389335297529e+00
1.778352019423317110e+00
2.157470874947383876e+00
1.889262265823997478e+00
3.117985102410145704e-01
-2.364659378620137531e-02
-4.960736884697041216e-01
8.153485973498755257e-01
-1.535296198783351329e+00
2.057189231596592283e+00
-9.588137872467870082e-01
5.078308919768594887e-01
4.829940359193335420e-01
1.559203040297052478e-01
8.760124055852586133e-01
6.837745064252389593e-01
3.596288056115353182e-01
8.276815169806378547e-01
4.282255214390618958e-01
-1.638176705344430495e+00
-1.531055373472304026e+00
-1.966284247014635334e+00
-6.450017883017680198e-01
-1.544568504262279873e+00
3.384416347452678941e-01
7.243553664157673655e-01
2.356118082892333376e-02
1.285294020057150988e+00
2.379457792399434890e+00
-1.570329007755661532e+00
-1.492706284874545819e+00
-1.205392609480255839e-01
-1.198525015012850581e+00
-1.043892904896865037e+00
-1.384015949373481824e+00
-6.119201455964695668e-01
-1.950019974381581367e+00
-2.561739363687496329e-01
-2.739552991301701379e-01
-8.233829102393929178e-01
-2.851283134136358699e-01
-1.419168590541686870e+00
-1.114837015004105369e+00
-5.160910840996792981e-01
7.771831246842444418e-01
1.546024458460833806e+00
6.320272666455198918e-01
1.787606195241561835e+00
1.126357944785347120e+00
1.694479870489443041e+00
2.607813098190933099e-01
4.969264536883971628e-01
2.623593103936309845e+00
1.263839702923404973e+00
4.210152376213585068e-01
1.424711182162385681e+00
-9.331176977408421891e-01
2.085858792053886912e+00
1.206540721139184091e+00
-2.137857723771914298e+00
-7.801395628283676054e-01
-2.405457981791871092e+00
-9.808765434611862455e-01
-1.014339424741889317e+00
1.872171561526932315e+00
-2.797627271529998794e-01
1.246070901619820814e+00
2.844693163334598429e-01
2.247704902617213563e+00
-2.295733633435483867e-01
1.364096413428547372e+00
7.137533993027365131e-01
5.062073697886603219e-01
1.590794867963440495e+00
-1.215352703413938418e+00
2.910215087634080433e-01
-1.102766211311577482e+00
-1.163049975224983434e-03
-6.792951334704988575e-01
6.437842073384899555e-01
8.662954693637935355e-01
9.401840149039404348e-01
2.119632220051497207e+00
1.071861158311611995e+00
1.959882731789930332e-01
1.399838629542150770e+00
1.355796604476268596e+00
7.287057591902572629e-01
4.935738688101954930e-01
-5.769210238469522078e-01
5.569868707818985687e-01
8.923403607543648475e-01
1.287689698543363015e+00
2.468623856132557748e+00
5.539043846522284653e-02
1.750257690667890831e+00
-1.891213695697535613e-02
6.914056442950859971e-01
2.459525216281166937e+00
-1.763724975556081542e+00
-8.718821776230625265e-01
-6.514525399405191042e-01
-3.023886697300875337e+00
-3.911425118053436512e-01
-1.045045125132049391e+00
-1.775028088697263140e+00
-7.825418206585939007e-01
-1.912545768343208552e+00
-1.641980055360611868e+00
-2.265018563328086820e+00
-8.577720304451501576e-01
-1.119312697934606637e+00
-5.827149535518917345e-01
-5.081734381013540691e-01
1.068516619694355185e+00
4.652100054688350639e-01
6.387052430192605712e-01
7.482658842556748624e-01
4.686634241368947684e-01
-4.812008398365361650e-01
1.747846042242128473e+00
-9.145312676271786234e-01
-1.032182525408383844e+00
-2.192338480764089326e+00
-1.173182461434504775e+00
-2.197124094646121240e-01
-1.006561154386781176e+00
-2.760886508166691122e-01
-2.391139015956833980e+00
5.304084251582383835e-01
8.075990664046630574e-01
5.770826273180963417e-01
2.111292361679047325e+00
1.458707913979655935e+00
2.724876759283476613e-01
-7.988430103483786793e-01
-7.761931580344598736e-01
-1.920201805712185461e+00
-1.213588451461480311e+00
-7.102549604755374890e-01
-4.046430540489726058e-01
-1.652628704365835643e+00
-1.471937348549620772e+00
-4.154828089638233912e-01
-9.141882034096915355e-02
-2.161366033980158807e+00
3.202286576535564588e-01
-2.081302426846963094e+00
2.420017482527492270e-01
-1.016202759606744888e+00
2.184693169050180295e-01
2.070077375445624757e-01
-1.359868220843202913e+00
-1.038359482839388503e+00
7.085993534547974093e-01
8.658750678855426930e-01
1.921946238385381367e+00
8.358767474369521722e-01
2.339483426878348205e+00
1.738692981715411090e+00
5.223226376870517829e-01
3.739403444400745125e-01
1.227359412046808984e+00
7.765025175253587042e-01
1.386590575103121559e+00
-3.626495625837169445e-01
-5.451941487969214073e-02
5.258299652735498597e-02
1.780794641555824676e+00
-2.323955098292332710e+00
-1.356726179018727940e-01
-1.591825524879146414e+00
-1.214410236553048028e+00
-1.500897794408020847e+00
1.800282500236533689e+00
2.315452479039862510e+00
8.716648573685314982e-01
1.932539987035812867e-01
1.797397633433560404e+00
-1.536047265746272039e-01
1.302800259502566727e+00
3.429204765264108890e-01
-3.998996877893672419e-01
7.750840679383347309e-01
-1.597928414487014059e+00
-5.259260911478074174e-01
-1.019260056213030730e+00
-8.851892305995734400e-02
-1.814775028515629440e+00
1.035353425322221632e+00
7.501292028742264639e-01
4.103760248761886276e-01
2.520245217671313043e+00
1.122837090497290635e+00
2.549844227882913650e-02
-1.002256761371037808e+00
-1.245611704084618188e+00
-1.063812485844973343e+00
-1.650922619055831042e+00
-1.115830021940254380e+00
-1.327223481101828195e+00
-5.562996056437876646e-01
-1.871413509721204349e+00
-2.570250870668923326e+00
-1.961921080075152535e+00
4.445128076669238038e-01
-1.374305136177371933e+00
-3.951867232960745158e-01
5.002513747909007602e-01
9.220223865781308481e-01
-5.334671272168718392e-01
1.378354484430327265e+00
1.110989624439963963e+00
5.022412084858729475e-02
-3.292892609033137852e-02
1.126749017086153160e+00
5.642669063561898124e-01
1.242503667977821191e+00
8.078371485517610306e-01
2.222171646183029203e+00
1.002058204987709811e+00
1.506889804496243102e+00
2.826264775317871569e-01
1.005289793114869434e+00
-1.836349532007573782e+00
-9.587536191146416309e-01
-1.210112223613433180e+00
-2.004583616921823186e+00
-3.163788034065375676e-01
-6.196425515520580518e-01
6.134009254371945996e-01
1.009103829503517291e+00
8.710635784899022349e-01
5.407531572021417876e-01
8.728009299656458442e-01
5.133055699329429622e-01
4.346726710422981199e-01
5.324099863214131201e-01
2.338867802667747853e-01
-1.192125208039438444e+00
-1.671678199809235821e+00
-2.550738329700740437e+00
-1.888168210563407445e+00
-1.820936498845702189e+00
1.311654664753927335e-01
1.159392369706093939e+00
6.318396275822690811e-01
8.761592514591839409e-01
2.965048235197564885e-01
7.795120532647373812e-01
2.589111221630367332e+00
1.693728378631465192e+00
1.250949125410817597e+00
1.788480022399455471e+00
6.570520573161904299e-01
1.403312922237399230e+00
1.043998584983925504e+00
-3.235744291554885077e-01
1.164313247181582245e+00
1.394181447757250503e+00
1.577829799536957234e+00
2.551967579026005239e+00
-4.927766069027983420e-01
5.844263419352335731e-01
-4.365997030761775699e-01
1.956980919165676180e-01
-2.032856923808322058e+00
-1.830454504083385281e+00
-9.149707637371256030e-01
8.773764860645305586e-01
-1.479376008468758608e+00
-1.640410780475310748e+00
-1.279750643667621146e+00
-5.938909455564753692e-01
-5.369989607852714286e-01
-1.310680185060196123e+00
-2.294068987869735565e+00
-1.409068522740444029e+00
-1.224840116274777291e+00
1.096602078237738587e+00
9.921854291952114657e-01
1.454435813558134116e+00
2.462571228015324909e+00
1.554398977767581291e+00
-3.363416359181563564e-01
-2.034426786839061307e+00
-2.975425314405846677e+00
-1.525601577585159685e+00
-9.105076666974600830e-01
-1.384911975776655257e+00
-1.647990510435798361e-01
1.267975706291446514e-03
-1.425164847335316232e+00
-2.303705335599729676e+00
2.624821580833323509e+00
2.193046195053325764e+00
8.067152461860116475e-01
-1.148814605713113224e-01
7.668424698969332765e-01
-1.013322871154233917e+00
-7.227062449766155083e-01
-1.797479554779604527e+00
-9.276027264596478084e-01
-1.085537743959929635e+00
3.493160598965232566e-01
8.929922466548226856e-01
-1.096333503965978284e-01
1.407306849067277987e+00
-3.930288373579551298e-01
3.620156455440030063e-01
2.546797938890718038e-01
2.543847291571738722e+00
8.516112285075873034e-01
7.933184641320801811e-01
2.183936934454713708e+00
1.001822976001768950e+00
1.199860873674617689e+00
2.621755649844901281e-01
6.179562871844859195e-01
-5.260877820698723895e-01
2.403787391254164074e-01
-1.020300479003344307e+00
-1.262911990678005303e+00
-1.245495197092411521e+00
-7.736023576088653098e-01
-5.288825722254597572e-01
-4.400806435635845615e-01
-6.149009108644578614e-01
-1.713572390768896447e+00
1.426421731392022441e+00
3.871192759016350848e-01
-6.404184539351072125e-01
-1.648321406361009878e+00
-1.174659421183733343e+00
1.063318573317079796e+00
8.658695447874762419e-01
2.337818050243992696e-01
1.862104270069318446e+00
1.458864502970828037e+00
-1.342284962238315060e+00
-1.205521260582145260e+00
-4.499433349893433576e-01
-1.883773429901342222e+00
-6.382475075599933767e-01
-7.352227404329261251e-01
-7.987573914730137226e-01
-1.091776154848204117e-01
-2.055984259628486743e+00
-8.200973082347776666e-01
1.887448009667332061e+00
1.534849873908693763e+00
-1.033479485365245143e+00
1.444176321059768453e+00
1.648003252281377673e+00
-4.059952117146139905e+00
-6.865496689167889244e-01
-1.176889482594714043e+00
-7.361388639842088022e-01
-7.729487702119972603e-01
-1.513868080553661954e+00
-5.271012845345601772e-01
3.983216074905273629e-01
-1.713451135114374857e+00
-1.830292146494551853e+00
-2.165503245545178146e+00
-3.991663709726951392e-01
-2.671275387649179933e+00
-1.003769873101692633e+00
-2.251869989597635957e+00
-9.517165690973723446e-01
-4.914866377759938842e-01
-1.656159703880654810e+00
-2.083077118490630042e+00
-1.462790737257708917e+00
7.695134866906752080e-01
1.840401516834661688e+00
1.279986991960643250e+00
4.830453758688034727e-01
1.401385790742229798e+00
-3.536645864598453315e-01
1.321523955595107269e+00
1.085975959910609356e+00
5.126561750155473884e-01
3.025003133451052983e-01
1.129183651420613499e+00
1.255783557363818304e+00
2.339221501571806527e+00
7.109680265531499455e-01
-3.574996970510366801e-01
-2.307189079855729297e+00
-9.374112570139848666e-01
-1.975335765303305013e+00
-3.882789350803131923e-01
-2.086753823360186555e+00
1.851668190147644832e+00
7.558700762376039384e-01
5.653541748094041974e-01
1.335012072902153069e+00
2.288565372427664890e+00
1.549160703294267805e+00
1.879710519862253237e-01
1.030375225237004866e+00
-1.264183206359895451e+00
1.109576520564814706e+00
-3.313878850431910550e-01
-2.411545263387693261e+00
-1.899980453529390267e+00
-1.596012337761326449e+00
-1.674179019066451612e+00
1.554862565544795627e+00
2.058280970888054728e+00
8.009364152550186855e-01
1.363231908578575569e+00
5.948267609647786003e-01
-9.836304447680045415e-01
-5.552954000215633013e-01
-1.549546308418397800e+00
-1.395795037354890855e+00
-1.197138803052229417e+00
-5.318103914313618841e-01
-3.269119693234848523e+00
-1.102133869410383493e+00
2.089083805873341859e-01
-1.295253765590809403e+00
-8.546464493559167153e-01
-5.375473875234899612e-01
4.629915186978725838e-01
-4.957618806365432507e-01
-2.224113493023315291e-01
1.653370410248082845e+00
1.624636042300978911e+00
7.273104702081468753e-01
6.791764825220414359e-01
4.664714602879337368e-01
2.938783394757243705e+00
3.406735458944354367e-01
1.432329414126140232e+00
7.829840499039065760e-01
2.603927018943090754e-01
9.108887622572889864e-01
1.567371483649774522e+00
-5.956001025292971818e-01
2.056268979717399858e+00
1.290911191437980055e+00
-8.219024677098173415e-01
-1.181702581152805021e+00
-1.346165067869651288e+00
-9.509208642680381240e-01
1.031820593261808305e+00
9.272390960618650535e-01
1.507215327917477143e+00
1.160263463926247685e+00
1.651648878276212873e+00
6.161907447424750384e-01
2.581927405326573943e+00
5.472467022020794936e-01
1.491177112247689118e+00
1.675120398491278140e+00
1.438724554232760022e+00
-4.722691515004406870e-02
-1.224969943743249967e+00
-4.713779395549499984e-01
-1.079157519771068108e+00
9.294858845783207091e-01
1.161530968747575665e+00
-2.386594205601655361e-01
1.071894957412396820e+00
4.190419685263475635e-01
1.874299874572350477e+00
-2.164511531797202792e+00
-1.872594048565200398e+00
-2.444438110421444321e+00
-1.180938171289681815e+00
-2.686683380112660835e+00
-1.798310732703887194e+00
-1.284549694925925634e+00
-3.686978612521207843e-02
-1.090185583234151379e+00
-7.916499906525087393e-01
-1.537460502184683886e+00
-1.799285942827875129e-01
-1.176160603656166481e+00
1.287993605092090377e-01
-1.793503873095174894e+00
1.757556991591360251e+00
-8.219565817932261709e-01
1.070910927908129473e+00
1.102032607173313306e-01
4.322080347210771611e-01
1.126691659204389406e+00
8.613998271369645021e-01
6.724523356191713930e-01
9.107039603441945408e-01
1.973901928301251107e+00
2.872679271520550248e+00
1.011441814657186855e+00
8.708340042859386010e-02
1.390601893074380202e-01
1.105748469958870661e+00
-1.861345222203901972e+00
-1.083215564606166970e+00
-1.655085408968454797e+00
-1.559084234026696381e-01
-1.517947158254509876e+00
1.646702853055307170e+00
8.090402068109371347e-01
2.296868399829707919e-01
1.189225387545148394e+00
-4.016304675489139608e-01
1.012985698660568312e+00
1.610462221583043307e+00
2.004744808951855362e+00
8.987597448071187323e-01
4.631093066929056201e-01
-1.177053338858840004e+00
-2.563575897151165739e-01
-1.406033524253605282e+00
-7.441342055389108534e-01
-9.941012409615356260e-01
1.890034278270295687e+00
1.043553093959406652e+00
1.522308161898784817e+00
1.435169817010716997e+00
2.291582595542536183e+00
-1.337057059092484623e+00
-1.098206396108749372e+00
-2.557056660940404846e+00
-2.200076581537775411e+00
-1.366607436538701537e+00
-6.188638534359611754e-01
-7.360188646567681348e-01
-3.926903577282667701e-01
-2.275730267432113596e+00
-1.421936316652761212e+00
-7.269447341623747061e-01
-2.006197926030758527e+00
2.170303396178663302e-01
-1.449514260780180752e+00
-1.220010798968705679e+00
1.437951901979483305e+00
2.356906299838817942e-01
2.482576321340091319e+00
1.094692025865242391e+00
6.248984799527215195e-01
2.856896275189498846e-01
9.515082316953451524e-01
1.375007015735620675e+00
2.814004302510295652e+00
1.587770725830189189e+00
1.000469193813724900e+00
1.289139678519402921e+00
1.514161690750845501e+00
-2.365966366391456521e-01
1.387216073722127074e+00
-1.813770789097656433e+00
-1.482204858955987303e+00
-2.666123593387559332e-02
9.495791090057719153e-01
3.132006128699904579e-03
6.321552397804663936e-01
1.726257700305229292e+00
1.893533619097149456e+00
5.176613280801953820e-01
1.002826331871041976e+00
9.746793904250323770e-01
-1.227400064480744124e+00
9.061110326075159094e-01
9.901184972738963364e-01
-1.093386742257806965e-02
-3.648355034409145325e-01
-9.962725981219803240e-01
-1.489314122063422063e+00
-9.690753621738722456e-01
-1.171369720546718174e+00
7.333512381406213088e-01
1.023667927341349371e+00
1.627715813537183864e-01
8.944326562372678646e-01
1.280522893596699241e+00
1.337299290938677165e-01
7.508980149898590861e-01
1.072453093996726281e+00
1.331171885996105031e+00
5.483445630086540845e-01
1.073338027326533606e-01
8.685877540131858865e-01
9.334500523117241766e-01
2.341062465488770172e+00
8.998733993415495291e-01
1.102732329746802797e+00
8.247788035134459017e-01
1.428723288951448733e+00
6.484846164772792854e-01
1.007957918678949349e+00
-1.695673778625764516e+00
-4.430819708689397451e-01
-8.059813156266236733e-01
-5.003837797081545080e-01
-1.785660227816449286e+00
-1.711032783941506263e+00
-6.378179685532638921e-01
-1.395356639945671162e+00
-2.353920867328755051e+00
-1.373440818177701805e+00
4.754806538120681658e-02
-7.010846304457190037e-01
-7.187244253785972647e-01
-1.620624561852415324e+00
-4.807706969972569411e-02
1.072739318041460166e-01
2.271680261153511182e+00
1.339546246628104287e+00
-4.257401789212051924e-01
7.948201516396016242e-01
-9.285420274702838039e-01
-1.185241512665553776e+00
-1.103763112140505154e+00
-1.912274656342135781e+00
-4.080999791788573194e-01
-7.477548444022761309e-01
-2.056854754773740357e+00
-5.905363608146432242e-01
6.440165960443906545e-01
-1.254461966361966052e+00
1.500544108378346841e+00
3.431285712890289608e-01
1.108542474977084247e+00
2.271058668300315553e+00
6.913666473972712723e-01
-5.976968526929897774e-01
-2.307352884411795202e-01
-9.263501776285053557e-01
-2.643524988222890615e-01
-5.106024121463639265e-01
