-2.232990367562029288e+00
-2.024856225065597037e+00
-1.721169056877248416e+00
-4.248364277628787766e-01
-4.587384396157486721e-01
-1.930532193981573386e+00
-6.452704721595949877e-01
-2.071398506721525701e-01
-7.204240855372461283e-01
-1.325225196049258036e+00
-1.296544532694476226e+00
-2.501862153301529723e+00
-8.397565282231225225e-01
-2.438408734946358791e+00
-6.639331299959430055e-01
-7.514689571684325387e-01
7.933510643008827579e-01
-6.374933843749042151e-01
8.050028069510608564e-01
1.871200172029351183e+00
9.500375054489680338e-01
1.296550716261795522e+00
1.342261302023981973e+00
8.637531350456459922e-01
1.654293001301640587e+00
1.876776734133519309e+00
1.450704765715132183e+00
1.328478255169751598e+00
6.667836583935236039e-01
1.346347064192958909e+00
-3.687484058601414816e+00
-1.632233604245732383e+00
-1.478114125370101561e+00
-8.367067590366757956e-01
-3.984833173853666866e-01
1.728419693633493015e+00
1.526695054592452916e+00
1.708175570811742094e+00
1.972657246569050615e-01
2.681489101464587410e+00
-5.287108506263371588e-02
3.595975179742649797e-02
2.096190600509265423e+00
2.627478900731068379e-01
1.912981499318862078e+00
-1.423537437949280893e+00
-2.677452432970575558e+00
-2.093100553563373989e-01
-1.345475919162976375e+00
-2.679879569186042199e-01
1.495317848219682055e+00
1.773789110460502805e+00
5.453025994797027209e-01
2.540745020806709498e-01
2.669235912435748759e+00
7.863472132140076898e-01
1.259947326231680709e+00
1.162458089671928096e+00
1.196150367003332438e+00
-2.972250392383601891e-01
5.256907511338206884e-01
1.937086631716687046e+00
1.787161833794157939e+00
9.302160068312781416e-01
7.102891144652123678e-01
2.136458032518097072e-01
1.710768314196837725e+00
8.564942338845620284e-01
1.414395182774023763e+00
2.086922382737370185e+00
-1.783301844319116203e+00
-7.412549462025008751e-01
-5.768642734626188151e-01
-2.581304039066348643e+00
-1.002751274049068053e+00
-1.613303412309799789e+00
-3.653269143960067300e-01
-3.117167345858339322e-01
-2.475992530646080603e-01
-5.178069018972178972e-01
-5.620871807561281797e-01
-4.413917638569393453e-01
-6.882096310993401911e-01
-7.199913565170878993e-01
-8.612345146895660219e-01
4.792353934044455421e-01
-3.604910883711101022e-01
1.939243479494450195e+00
7.711608653758540433e-01
1.607848531225702038e+00
-2.132275206835748893e+00
1.636917719512376301e-02
-1.130167430338948176e+00
-1.764702804304998374e-01
-6.790264197774451560e-01
6.365400187570937618e-01
-1.029398242927462404e+00
-4.647336077619805828e-01
-1.298251350351746769e+00
-1.168161837017466897e+00
1.062326502450248844e+00
2.144836064950612631e-01
1.127886915286527403e+00
3.689944519934438283e-01
-3.359778309609722236e-01
-4.680892388398461001e-02
4.291759595625883605e-01
-1.439953887348452088e+00
-5.413456883824968591e-01
-1.435823035537363790e+00
-4.010992310569629904e-01
2.772650125067628313e-01
1.441969065861962385e+00
8.731037596719612992e-01
1.067914382875963186e+00
2.441918769809973355e+00
1.371235910401269908e+00
1.291046470314079597e+00
1.211715204082314701e+00
1.123779282021940107e+00
-1.323255978853248305e-01
2.167884781371144598e+00
1.664840751475530123e+00
6.620662482508630209e-01
9.867779933725852048e-01
-7.907463261479259486e-01
-1.953285384282351878e+00
-7.799752966831361434e-01
-4.764706805587380911e-01
-1.304015728599881019e+00
-2.492834551722023839e+00
-7.684006318572889072e-01
-1.168560413820015631e-01
-8.432211680438956858e-01
-1.063312884206603970e+00
-9.114919823275040578e-01
-8.687370519165691363e-01
-1.103977645432421051e+00
-2.295013025778863458e+00
-1.956551251710717754e+00
1.893202353285030171e+00
1.522659588744302628e+00
1.309153936040944322e+00
1.233112973690773773e+00
1.878074484201231353e+00
1.384404906436971228e-01
-1.069391493908094182e+00
-2.353820603024449731e+00
-1.219865244433615548e+00
-2.871428592376168432e-02
-5.561629420370242105e-01
-9.482837666234640306e-01
-1.949289411832054508e+00
-1.025636505552321998e+00
-2.696952671171802152e+00
-5.594425441631061258e-01
1.233198717659869104e-01
1.281962333553664513e-01
8.557181503329925887e-01
1.256577012709048979e+00
8.652673384208275920e-03
-1.474131998526653220e+00
3.870209382556910604e-02
-2.383562549144675913e+00
-1.395168496492147581e+00
-1.676230232162146283e+00
-1.386952236107239056e+00
-4.523657531440005153e-01
-8.904671052344729221e-01
-9.725965168503269975e-02
1.635457498537999932e-01
2.500569608673623989e-01
-1.117548712791684329e+00
-8.457909535983386684e-01
-1.564557600025779482e+00
7.548075240934246644e-01
-1.847587071436621375e+00
-1.081052337719861534e+00
-9.178792311257870651e-01
-3.546538580436859878e-01
7.843718103365975303e-01
5.416622722745094709e-01
6.920641285067306026e-01
1.874719883810409549e-01
-2.373102871187149354e-01
8.948323394644821516e-01
1.283893428290837191e+00
2.319329599726817293e+00
1.460911252676777572e-01
5.930921127238049095e-01
1.472010274754095294e+00
1.443039796238596129e+00
2.776918856628783905e-01
1.306232426079739550e+00
6.077527249893219796e-01
-8.822538332125383631e-01
-5.848375976359462269e-01
-1.307164776648898297e+00
-1.005176095845329742e+00
-9.380472749809362076e-01
1.959460898215227953e+00
-4.738940597207095262e-01
1.643316808169744458e+00
1.069235469109362180e+00
1.755116753653285899e+00
1.364733553467854188e+00
-5.608330636215246301e-01
9.850029302807276066e-01
5.222650607680088264e-01
-7.045910455943182882e-01
-1.806308296270097813e+00
-1.892787017784772985e+00
-9.456360457841390676e-01
-6.871482987531529751e-01
-4.839214185387071820e-01
1.237654567861567578e+00
-1.846134933992087390e-01
1.940071518448317267e+00
1.513487909830022460e+00
2.414797612368917434e+00
-1.433739994891874314e+00
-9.815382154404796999e-01
-1.435540213206849547e+00
-4.932727033975808917e-01
-1.143561842414309471e+00
-2.843219184102504515e-01
-1.259141020416699508e+00
-1.861425611064457808e+00
-7.046854038604420944e-01
-4.446015974763728451e-01
-1.051428216792626102e+00
-1.656306499857943981e+00
-1.941931682126648351e+00
-1.200444782126352417e+00
-3.322146046915659401e-01
8.456893329662992231e-01
5.266402840219663872e-01
-7.957892473891776675e-01
2.126617074896267390e+00
7.619221103545034124e-01
1.540057309606739366e-01
1.804971299770097737e+00
1.897254294671428365e+00
1.539449761141969297e+00
2.232230063659432329e+00
1.403609789899752158e+00
1.386030205871348064e+00
2.887354923588585809e+00
8.734738725603923282e-01
2.114035787505994968e+00
-1.355997808614416211e+00
-4.850666760062039007e-01
-4.815689573314130278e-01
-4.805922621755064350e-01
-1.245621568287677006e+00
1.447109090312282298e+00
3.321513395863326945e-01
1.627137106634613417e+00
1.506922804844776920e+00
-1.714896530219691684e-01
3.434799450087067108e-01
4.325942786641130411e-01
2.202372371718841038e+00
1.769405513212212844e+00
-2.669082053154430145e-01
-1.275171575100798593e-01
-1.440117521730440719e+00
-1.790799982420219871e+00
-1.109769789525724581e+00
-3.780783715240820797e-02
1.112177452114173626e-01
5.994955251575095900e-01
5.080514576612404909e-03
1.676497164315866373e+00
1.793791995888730728e+00
-1.446301935804287009e+00
-2.270512491620533702e+00
-1.010289604866768665e+00
-4.125044105314100706e-01
-1.489258216443414495e+00
-2.322959185676556793e+00
-1.028864145086552107e+00
-1.167485409234141569e+00
-4.157503849078404423e-01
-6.855008816796634985e-01
-2.779269905022564435e-01
-1.165815242002075758e+00
-8.374470386626728935e-01
-5.657214567338875177e-02
-1.658519628134640822e+00
2.533456039002459192e+00
1.216558493635881977e+00
4.141437457558835300e-01
1.693365699681443237e+00
2.223687596860001392e+00
1.190618831535955380e+00
1.839574650083388718e+00
6.893200009550251028e-01
1.093542049164365482e+00
1.733716329909435139e+00
9.156262054233104131e-01
1.014394517333802259e+00
2.486824849363268308e-01
-4.029421335173499763e-02
-1.300357233792804212e+00
-1.099340934486233712e+00
-1.101432626549051497e+00
-2.158014202879507959e+00
-1.014364884265797517e+00
-2.430397849605189897e+00
1.612357871225852168e+00
1.113809655145242550e-01
1.155655832882005907e+00
1.769501955796378700e-01
2.320779094424755939e+00
1.101319345374023539e+00
1.390377844429658616e+00
7.847853634614686547e-01
2.069435575167523744e+00
1.460290574881877079e+00
-1.077448501563469607e+00
-1.742518369733228045e+00
-1.960493568813026943e+00
-9.320679671673416378e-01
-2.091990409264712358e-01
5.847753551588386056e-01
1.830911593624477085e+00
1.116541032665781419e+00
1.382007899960351782e+00
6.284896852513751631e-01
-5.107444095371713733e-01
-2.001392848397777868e+00
-3.306988562856588709e-01
-6.415122255342673441e-01
-2.051024468666973632e+00
-9.195615848977689577e-01
-1.890255594346012646e+00
-1.021001189791708841e+00
-1.011522806533080576e-01
3.356113537311946615e-01
-1.132346903589747988e+00
-4.115963501455867091e-01
-1.694574817997591243e+00
-9.549734825542509631e-01
-2.146169190116943071e+00
1.020035750971132416e+00
1.078018675155279826e+00
5.267112825523634356e-02
1.610982546000916615e+00
2.215885538262301502e+00
4.360057651350315311e-01
1.700385462513319901e+00
1.288826676033626661e+00
4.703111172478312563e-01
1.174432477076175152e+00
-6.019525015907707388e-01
2.909253435173804192e-01
8.695018930114748468e-01
6.900277385546693676e-01
1.443860767014465640e+00
-1.182302665021569554e-01
-1.580079951912535252e-01
-2.004108808163276301e+00
-2.077127560754660207e-01
-2.813918707953950715e-01
1.659668782271179754e+00
7.475621509220631289e-01
1.006601480031511509e+00
2.099692178463286041e+00
1.732341689093533921e-01
2.353912475194373854e+00
1.317723690339257736e+00
1.231539420831923470e+00
5.588730637687646663e-01
7.288775875596664733e-01
-1.829021369551074638e+00
-1.438578887751911228e+00
-3.622325834494871444e+00
7.223070893660468172e-01
-8.594544365361230787e-01
1.278437369534808354e+00
2.517986952086037178e+00
4.003020898435615260e-01
7.384885898463031673e-01
2.117826408295647056e+00
7.234669670436522093e-01
2.161789214883308219e+00
-2.876449290844949047e-01
9.831216935975470861e-01
2.212879381224285957e+00
1.877259563049342272e+00
8.113031755834807512e-01
1.501398302779247018e+00
2.380906106391695864e+00
7.435330649347411391e-01
8.887959328914312174e-01
3.793190642069040885e-01
2.660316981299191141e+00
1.140614139759382972e+00
-4.044603049300401487e-01
-1.200400213500527613e+00
-7.727431891836219480e-01
-1.431469690941527650e+00
-1.389587048956507864e+00
-1.104254067035516762e+00
-1.895182409004896318e+00
-1.841708411293692560e+00
-1.018496815650750342e+00
-9.854522072162966717e-01
-8.337003513936456223e-01
-1.027094901933503834e+00
-1.385508021605843076e+00
-9.230999579506664610e-01
-1.731082371950603882e+00
-2.465295356768040236e-01
2.064077434974929126e+00
2.248807400904929921e+00
1.356073498710912872e+00
8.962504281254775051e-01
7.984220979355171055e-01
-2.268758650680768874e+00
-1.764572061970973937e+00
-1.163646788898295537e+00
-9.896883105657693358e-01
-1.167661103385147392e+00
-1.360908652793863638e+00
-5.601567973626733199e-01
4.438479104111712203e-01
-1.034353795985409441e+00
8.335460903920399733e-01
1.003056062896549916e+00
1.217749134845286907e+00
1.353199697274330759e+00
-4.041278184893393188e-02
1.141470426233681446e+00
-1.749061610170440817e+00
-6.346794281219636513e-01
-6.963000297203403299e-01
-6.280050089955175885e-01
-4.392335240192329904e-01
-1.344164940804941644e-01
-1.437670197939264316e+00
-1.923970164842383479e+00
-1.181975037601018297e+00
-1.395471697517793430e+00
-2.383445584261274952e+00
-1.116802146417451125e+00
2.116305032374901085e-01
-8.733869109248949547e-01
-2.365581110641735485e+00
-1.853286668680707905e+00
-2.679413348306510123e+00
-1.249676472129380489e+00
2.658484383331074508e-01
-1.202108585544584773e+00
1.490121433519413729e+00
1.600925976216472701e+00
2.546762642341844796e+00
8.676983536707205680e-01
1.000586241527499531e+00
8.029441317563301705e-02
1.870341622033903306e+00
6.684584041173644575e-01
8.573690178355464209e-01
1.216457149917184566e+00
-5.466224459660562474e-02
3.924347001135074509e-01
3.250311468260266956e+00
-4.013860071511237138e-01
8.869091125529615649e-01
-6.507875644030416407e-01
-2.840883915043839192e-01
-7.457103257160079268e-01
-1.513207185714142700e+00
-1.075719245216617548e+00
9.353861083292827061e-01
1.996262941006974323e-01
-2.276515711166589018e-01
8.113897294270067118e-01
-2.656326682762035762e-01
1.856214446609583568e+00
-5.092525057056214166e-01
9.279124317117117826e-01
9.391513502349932985e-01
8.462036658010763102e-01
-1.451166269962636202e+00
-1.435049415222287905e+00
-1.193568107670394118e+00
-2.106711739530304772e-01
-7.212398080053964433e-01
1.171520526263456929e+00
5.810790353973918076e-01
1.217321725818917288e+00
1.047456720824944121e-01
1.815111525314169194e+00
-6.237648542962628273e-01
2.250160115412012551e+00
-2.951360296214344814e-02
1.980546108934962302e+00
1.231594798627185572e+00
4.273473143810063712e-01
-9.612479967767040279e-02
1.376536228647289306e-01
9.794530802757485111e-01
1.316805741292648158e+00
1.346239550342957836e+00
1.978304488296293684e+00
8.594230052067761694e-01
-1.029141377534039670e-01
-5.762698442269049703e-01
-1.469093142387511541e+00
-1.006403671462720029e+00
-6.766516551075789643e-01
-2.043258266706723170e+00
-2.607999390159171149e+00
-3.377830632713118009e-01
-3.980239344174673066e-01
-3.268663793424805064e+00
-6.989695984870241130e-01
-1.061820695096531431e+00
-1.110281521225008783e+00
-9.977698890985655655e-01
-1.819587177624772067e+00
-1.283211577515405377e+00
4.290964038147662141e-01
7.227871557898329913e-01
5.380444474599610505e-01
8.015563990533445260e-01
8.358818710138871122e-02
-1.268854632270786098e-01
-1.575580847478100788e+00
-1.363774590699389888e+00
4.048776805654981104e-01
-1.005759485628034078e+00
-1.496291687020843808e+00
-1.149923730049189796e+00
2.750246649724799042e-01
-5.669018386583291047e-01
-2.147307615703908823e+00
-2.322311069635631497e+00
8.033443904780674938e-01
1.897318056540650666e+00
2.480685139040857301e+00
9.261479825607841221e-01
1.133833376719878050e+00
-2.233363283739152383e+00
1.570659692224753989e-01
-5.992568911413339583e-01
1.299920063421077465e+00
-1.564888202339177692e+00
1.065309433394312721e+00
7.668233760901403961e-01
9.771471683832512189e-01
1.078691640866436652e+00
1.237102241128083646e+00
7.511435522761308325e-01
1.686508353385170356e+00
3.820906076754003733e-01
1.642275771805311368e+00
1.173024959799487066e+00
1.857692913991046968e+00
1.045149778579928412e+00
1.480425062205448450e+00
8.534502895870170747e-01
6.408104747662612954e-01
-1.756552574884345130e+00
-1.029701272424315750e+00
-6.032003674273649363e-01
-2.360832007138073507e+00
-1.543269768377570239e+00
-9.834687822419598824e-01
-1.150930525988548281e+00
-9.028266641803812664e-01
-5.702894609103794643e-01
-1.500903153261661682e+00
-1.947807682825201780e+00
-1.880239080854852141e+00
1.261710831735003424e-01
-7.052617479874285777e-01
-1.943280472373732248e+00
9.862826862660430960e-01
1.118850827256362646e+00
8.815637851656676904e-01
2.028591249031097554e-02
1.857375564662889555e+00
-5.260110917114964035e-01
-2.270574955041671394e+00
-2.505942960409256237e+00
-1.639017676022484826e+00
3.485749408554950080e-01
-2.589911964770073460e+00
-1.483221195478363619e+00
-2.003048903644560896e-01
-3.932125934877790385e-01
-1.468472631829625952e+00
1.877997018147242958e+00
1.233768801837665796e-01
2.648501538154802049e+00
5.307225247074693897e-01
2.964928344791898374e-01
-1.629858336107805616e+00
-3.037070830275128142e+00
-1.553022778438082563e+00
-2.725654297257762426e-02
-2.547738530376817856e+00
1.254285051024320419e+00
-1.889273441553644961e-01
-3.053969213663680904e-01
-6.925284275109966359e-03
1.761718901433592999e+00
8.264262652794822639e-01
1.571863570974129765e+00
1.636714153753348722e+00
1.727484369691496990e+00
8.867296902057700825e-01
2.066752274188163874e+00
1.466307769533194971e+00
1.655568972567176278e+00
9.159696106407581029e-01
1.372798853210648540e+00
-4.969441007647871222e-01
-1.913403413825921717e+00
-2.119840071604800258e+00
-1.303887871556161926e+00
-1.340322924438457575e+00
-1.295531959019632584e+00
-5.832122273369336751e-01
-3.486454718768069450e-01
-8.078767202475076736e-01
9.874789534306736005e-01
-1.422435805748802462e+00
-1.741999850668892513e+00
-1.132311518116971172e+00
-1.109055289956850654e+00
-1.656070211797332270e+00
2.690654021326649215e+00
1.711855593358053262e+00
1.698848255380908334e+00
9.451187034149730604e-01
2.603645530364960825e-01
-1.617510202524036433e+00
-6.125877858939272613e-01
-1.233271903853084384e+00
-4.054367111776270294e-01
-2.692255467753897680e+00
-2.345191587873414196e-01
-1.177259882882211617e+00
-2.473766270713348980e+00
-1.984295790411707117e+00
-1.099355539845983998e+00
4.154330927265187379e-01
4.655927979281170304e-01
-8.672801487896870665e-01
2.766086627521104013e+00
8.073845578747431695e-01
-5.768956991520378663e-01
-8.016594111489834251e-01
-1.106987925444834042e+00
-1.434767803934784203e+00
-2.392810017861124905e+00
6.248077760201871111e-01
-5.393066293417692059e-02
-1.462642750409361758e+00
-7.979247146676267111e-01
-6.772962882764121950e-02
-1.773968073922755906e-01
-1.866578096232316408e+00
-9.030068533178389201e-01
-1.869398864262031390e+00
-7.774219454844283339e-01
-1.368727193066564540e-01
-1.097522263595235303e-01
-1.601195325561555194e+00
-6.668516864755751339e-01
-1.869882125538433026e+00
1.433957949979054458e+00
8.361269734449378044e-01
8.375255226429300093e-01
1.469087951002193471e+00
3.208085441468420118e-01
7.152683461379880647e-01
5.363263407087763834e-01
2.239469811878921135e+00
1.356805327290288243e+00
1.012551576299910883e+00
1.117810597981957477e+00
-6.085414999244820322e-02
1.592164874808733366e+00
4.906687947718259002e-01
7.510918440114641159e-01
-1.110879584615213744e+00
-9.343708687186493833e-01
-1.081430007628196854e-01
-1.076058829283432772e+00
-7.780974362014845269e-01
1.748122570535594278e+00
1.158603730159604384e+00
2.042528813019673706e+00
3.429404135328661951e-02
1.435543492917225494e+00
6.421039982354278530e-01
6.713263618020370860e-01
9.545184925897852724e-01
1.335805976514801818e+00
4.842111557771345831e-01
-7.365461280459850713e-01
1.018158783319245586e+00
1.148014395516429698e+00
5.352960942054103555e-01
-9.299155456711010181e-01
-4.631457770366633753e-01
7.449287252522515113e-01
1.140013628658511413e+00
1.603856962211448689e+00
1.527708480685163073e+00
-7.290775708753227669e-01
3.833723062121174863e-01
-1.097538040963706107e+00
-4.871114099643453210e-01
-3.699592966723964649e-01
-7.871635085353730910e-01
-1.116637751047506288e+00
-4.299410509565226857e-01
4.145795364153155305e-01
-1.912772973592091086e+00
-4.499724723255104086e-01
-1.726959213204016352e+00
3.127468309794216861e-01
-3.323719294091250775e-01
-1.731092109180237815e+00
2.016475842092768644e+00
8.123826170561530002e-01
1.396734722125207551e+00
4.448376335740161780e-01
-1.092164282070604564e-01
1.077576436416992856e+00
-1.537469938784654655e-01
-5.220518510072800211e-01
5.649465216998805772e-02
-5.334206542696779962e-01
7.161429315406664387e-01
-4.269044884457398048e-01
1.398138094356389693e+00
1.793762984611293687e+00
9.592368915995805878e-01
-1.611997668771462333e+00
-3.511159626089617181e-01
-9.184001341649064010e-01
-7.799280145133090647e-01
-1.027498771884722606e+00
1.730673125116517053e+00
-8.713237994332345693e-02
1.432529200088340726e+00
-9.543418102804790415e-02
1.616216535742991844e+00
2.921234233940768199e-01
-7.939116401280799096e-02
2.211284415792359681e+00
3.572558156513381267e-01
2.176118739789086654e+00
-4.244336849369684250e-01
-1.262408260593282705e+00
-1.139032166211914054e+00
-7.475977797627346710e-01
-3.284808358741921896e-01
3.695365927795458694e-01
2.147411465849184076e+00
7.765808643054979976e-01
1.577387810809373958e+00
1.040412389860007059e-01
-3.190472465186648954e-01
7.289526343824626053e-02
1.195973553547524437e+00
1.778793351080477869e+00
3.110151235566209760e-01
1.222110289277343442e+00
8.846027756597771852e-01
1.231926663170813896e+00
1.154104747700250178e+00
1.236114043036306898e+00
1.115896385029374827e+00
1.836475173961779728e+00
2.221007502589912974e+00
-4.402430167634165947e-01
1.186940377968542570e+00
-1.726465405448393220e+00
1.632489552485871798e-02
-2.712247037990369591e+00
-1.740833157675735432e+00
-1.147263846195456738e+00
-1.272223014591850276e+00
-2.304628118595233754e+00
-1.163348846709247431e+00
-1.102259309427931822e+00
-5.923863874709438537e-01
-1.494370023024489846e+00
-9.600826735158382030e-01
-1.328848841112995949e+00
-1.412632808189837164e+00
-1.481452037136628208e+00
6.571945998716260950e-01
1.850671407727381368e+00
3.721438538349950420e-01
1.130550360039404900e+00
8.280380344311564222e-01
-1.241663301999164748e+00
-5.156319285243182726e-01
-1.040396226228343046e+00
-1.877223772271673363e+00
-1.625316323496030613e+00
-1.160968956169310173e+00
-1.525208052100198053e+00
-1.088328438494151840e+00
-1.167048408227275846e+00
-2.529275136056747364e+00
8.026923006731683241e-01
7.984106745979240305e-01
6.327209126297974606e-01
9.604307044326501064e-01
5.075760946779888094e-01
-7.836008929339336460e-01
-2.447093790134410973e+00
-3.664726229317315509e-01
-1.148136153123759495e+00
-6.271186322802181357e-01
-1.295639148184635214e+00
-1.825643232205663935e+00
-1.881766569924671284e+00
-1.541132518658649087e+00
-6.781707923829509710e-01
-1.204720380991897377e+00
-2.010221524536623949e+00
-8.023783817122105422e-01
-2.506680157714775703e+00
-2.033600240530606840e+00
-1.445150752657174742e+00
-2.911351262748319790e+00
-1.959934229778453663e+00
-4.276598163976664813e-01
-1.144643481188525325e+00
1.113910404303767754e+00
9.424572973058472636e-01
1.957205062181356148e+00
1.819685185645953496e+00
1.227789517745605741e+00
1.076942555102626375e+00
7.982449698623180767e-01
1.596551542321094530e+00
9.596360772018052154e-01
-7.145669965180507788e-01
2.391315465481413938e+00
9.834475698437373792e-01
1.738404691573093297e+00
1.115277144951222876e+00
1.267238696686711741e+00
-1.451137568396420274e+00
-4.855625155686560390e-02
-3.591457149843051422e-01
-1.068582339383065349e+00
-2.328288454216469905e+00
-5.092571028273080724e-01
-2.126745759798220892e-01
2.793348083193609277e+00
2.042750237689407555e+00
-3.638056295043989863e-02
2.079774978173049682e+00
1.558972038713076103e+00
5.697338106159895998e-01
1.781918189810832498e+00
4.965733080682215306e-01
-1.180709017594065768e+00
-1.018541453061684088e+00
-8.170195224019187741e-01
-1.024604211859039049e+00
-7.917929176591942397e-01
4.429662400007106093e-02
6.238809833726908227e-01
-3.219319960702391459e-01
2.279846953946949029e+00
1.683374863897443063e+00
-1.718431337521266311e+00
-1.273945766245813349e+00
-1.609635272016626928e+00
-5.645806957113287394e-01
-3.150233278568104645e+00
-1.549621688028531619e+00
-1.085394677710228795e+00
-1.404545069460767959e+00
-1.943426848037047350e+00
1.141319658677315552e+00
-1.589586015452276957e+00
-1.372886851259208285e+00
-2.230859661504991820e+00
-1.053760273115243562e+00
-7.043453008369937596e-01
3.704133496725775521e-01
1.320266582473986094e+00
1.302692919317939957e+00
1.429419960167321868e+00
5.205322332030064558e-01
-3.343758601292510235e-01
2.100822067841130902e+00
8.570716010974523957e-01
9.358114797999652623e-01
1.818319260162521989e+00
-5.968837563859457074e-01
1.786466065999681163e-01
5.475385088093718267e-01
1.684879747423742469e+00
-1.766932455326306606e-01
-4.254804824318678680e-01
-1.159409752787632808e+00
-1.307873302758632894e+00
-2.142743450291130891e+00
-9.937401481229624078e-01
1.024105969692760354e+00
1.828853679189170300e+00
1.044771006036051109e+00
1.594931826867634239e+00
1.173793698911043348e+00
6.361513498560311675e-01
-4.865463547141319900e-01
7.842223202555643757e-01
3.713129075792496181e-01
1.163903499826923094e+00
-1.133951412380024060e+00
-1.437533804055566744e+00
7.696506631265331855e-02
-1.338174089222641250e-01
-1.017160416660854994e-01
1.826086333188585265e+00
2.042025530335582761e-01
2.164192475804630256e+00
7.393770140444797523e-01
4.088933842071745817e-01
3.710472494176167979e-01
1.226264254420019073e+00
1.244534455327471312e+00
1.171752794276945453e+00
7.782277618197521729e-01
1.316669004410142563e+00
-5.844438192080070316e-02
3.116875525798936675e-01
7.738134272019078219e-01
7.300444591953172413e-01
2.213944735731293356e+00
-7.255685858592264559e-02
3.797217185912157289e-01
5.127548709342455435e-01
1.331912340587193766e+00
-9.085277992609590569e-01
-4.913482942325414493e-01
-1.815196246048140782e+00
-1.197662104648130832e+00
4.707993913019747900e-01
-7.604327200048077717e-01
-2.102614721975139656e+00
-1.722782321838356889e+00
-1.670547170933223136e-01
-1.670479604238815474e+00
-1.063078260777143180e+00
-2.007449811860137601e+00
-9.411979489075787964e-01
-1.978575040649487526e+00
-9.966385004672946302e-01
1.396484676049896345e+00
1.863475651102623143e+00
1.307312501332397847e+00
5.770890142653801735e-01
2.927268576433753600e-01
-8.909523517313115981e-01
-7.678461784835922677e-01
-5.217464001870059098e-01
-8.105508501959179934e-01
-1.126042786327473788e+00
-1.881953537800989729e+00
-9.981846755658252413e-02
2.359784581962904859e-01
-7.175248794373774164e-01
-4.217077598636010949e-01
1.093467544240316780e+00
9.873224809413350123e-01
8.670740943502784903e-01
1.430529115581467892e+00
1.250899587220387854e+00
-9.739632960725503885e-01
-1.985950142138031893e+00
-1.253558196001813840e-01
-1.083107300504290160e+00
-1.237106164745610526e+00
2.330569267930054922e-01
1.576010231946029627e+00
2.193953325932224363e+00
2.420166607586496710e+00
9.559496013418390392e-01
-3.315258774097378236e-01
5.938319155067974808e-01
1.221862861878580286e+00
1.803349997218973932e+00
1.379419405873168802e+00
1.399768881223478534e+00
1.215259114184705336e+00
2.265174237537296520e+00
2.267417724067710694e+00
1.892253613734271145e+00
-2.616548625901278236e+00
-1.552540585803984019e+00
-3.328775695494515796e-01
-2.920319255670423608e+00
4.028354728530461060e-01
1.616716053557474275e-01
-5.932322577064945701e-01
-1.132074468652676025e+00
-9.132301811111946943e-01
-5.881916649155898291e-01
-1.583864527055815596e+00
-2.573143296380254519e+00
-4.590316000426927223e-01
-5.364507674723236752e-01
-4.188591167675407290e-01
2.005791795682279499e+00
-4.427519120253418095e-01
-1.711944048634672644e-01
-8.011362339205674310e-02
1.297121570930105161e+00
-4.173534236284189847e-01
-5.746720033289305363e-01
-6.341510574125088784e-01
-2.323282792631921723e+00
4.234473212516618457e-01
-2.290842007132287250e+00
1.644784683368898381e-01
-3.418877872532686268e-01
-3.775225677110976008e-01
-9.186426456271924446e-01
1.938300114038605582e+00
6.516067421616619226e-01
6.585087785678997996e-01
1.706425683245702318e+00
3.620997194272461694e-01
-1.714178383481801848e+00
-1.760524623244407172e-01
-2.186832620194721244e+00
3.355256642734238959e-02
-2.694348573431274430e-01
-6.934654949965821658e-01
-6.932780578457284903e-01
-2.311482883833196889e-01
-2.991345158744217247e+00
-1.684622919872038604e+00
-8.344476942676146702e-01
-2.279088488722750938e+00
-1.757063567269466331e+00
-1.964489258823269857e-01
-5.233792519357598483e-01
-7.532677455969606362e-01
-8.393265020309892410e-01
-1.938142696516204966e+00
-8.175231154380724341e-01
-2.720023403869056722e+00
2.569758385437334702e+00
1.014807591059872616e+00
1.356175171366000631e+00
1.737313395829573892e+00
1.907515488891489142e-01
2.755482709863920299e+00
8.687946166363041955e-01
6.318361718883822586e-01
8.162830097946844887e-01
1.770163890944857599e+00
1.918745334253211254e-01
-1.361966703044081850e-01
1.386585327199643114e+00
1.037007426861415116e+00
-2.241942385774891022e-01
-1.259647989603151164e+00
-1.830536579433358790e+00
2.989440126244691243e-03
-2.307180132175016496e+00
-1.132194256610276728e+00
7.288354763554897309e-01
9.883197022092301554e-01
4.379792843316376860e-01
3.128578023085898607e+00
4.979191409289042136e-01
1.707299827251720359e-01
1.366914326007688585e+00
1.602729684379236019e-01
7.600742526650889896e-01
2.107377971799935246e+00
-1.341171985331575112e-01
-2.873564724853873820e+00
-2.991079111826094872e-01
-2.461901570617880175e+00
-1.177262915348444627e+00
7.207089012336085343e-01
-5.469024720701540776e-01
9.620461158294469906e-01
-9.522597457998427384e-01
3.879162053640050623e-02
7.701373426732748273e-01
2.955083800787298154e-01
3.155935627012995681e-01
1.038498869247440171e+00
3.224096934856752750e-01
5.140374005958847636e-02
2.694389166221093923e-01
6.326167949238550303e-01
1.010904894231348772e+00
1.531469317760883797e+00
9.606425493528961690e-01
1.199875008250845587e+00
2.841789363994491335e-01
9.692977605756292192e-01
1.043719943408782269e+00
-1.312061716183475113e+00
-1.353956656116002355e+00
-1.956956805438814229e-01
-2.314992479877894027e+00
-1.188152618942831751e+00
-9.329931488894644964e-01
-1.645211085029274711e+00
-6.916393160136058427e-01
3.836598061701874673e-01
-1.704552021155620878e-01
-1.563681912330566748e-01
-1.151818157445077206e+00
-1.528778207230648167e+00
-1.504072298768450722e+00
-1.797746255573865470e-01
2.105356363387274499e+00
1.024096098605698613e+00
1.364210134644828099e+00
9.982742016900183479e-01
8.253293425524055316e-03
3.137816186893125359e-01
-1.783651678719949452e+00
-7.142078076718241242e-01
-2.159751213820213511e+00
1.335183154459225197e-01
-1.687921931716768853e+00
-1.100794525396386891e+00
-1.657816628727948327e+00
-7.100906098724143467e-01
-8.633599679752852474e-01
7.454612881672764146e-01
-5.396566141629288715e-01
1.000775960156268019e+00
-2.155071316128216452e-01
1.532273139491056924e+00
-8.064178307152514158e-01
2.954244202161091515e-01
-2.468678335440444016e-01
-1.555340015208993343e+00
-6.631521896172768438e-01
1.175869589340335253e+00
5.819993091431949761e-01
1.442356142546375342e+00
8.897998530857149646e-01
9.912558188577579310e-01
-1.147561871443812276e+00
1.854934969658673882e+00
1.273640160101261465e-01
-3.082638059077804638e-01
1.161863806167722224e+00
1.495087859092056659e+00
7.897508349681647832e-01
1.843702245685969743e+00
8.756360444752201433e-01
6.285669327127315631e-01
-1.037697414740471391e+00
-1.033810924077501081e+00
-3.961330479640706725e-01
-6.006462858246865988e-01
-2.647250614557172810e+00
-6.905120374088660196e-01
1.210828763503701833e-01
-1.786031615293744768e+00
-2.079140395786907902e+00
-2.729072200609548027e+00
-1.886185684821931829e+00
-1.009257573952474951e+00
-1.085433365633852176e+00
-8.375694172462618825e-01
-1.833437325592341960e-01
2.222543690681776374e-01
3.594027838426386845e-01
1.598059572908376413e+00
9.188360969813627044e-01
1.137428330648874608e+00
-1.712068956014137111e+00
-1.943007815102485214e+00
-7.730966457161998484e-01
-5.115397700068284870e-01
-9.428276065940225381e-01
-8.373845064335435628e-01
-1.031105617321549817e+00
-9.551263341103122251e-01
-8.262991713230545265e-01
1.687425560698712079e-01
1.271813728881428407e+00
1.493313517704380589e+00
1.820902716061173487e+00
1.911891249862037956e+00
1.046864732736862758e+00
-6.928026718353070823e-01
-9.031231340394287876e-01
-2.158884275172020306e+00
-2.387244961734031889e-01
-6.443209312821251977e-02
6.299868180027154985e-01
5.386545012060420801e-01
2.097422979027350642e+00
1.362202657646159665e+00
1.907706242567092092e-01
8.088314688696885968e-01
-6.908655459021748602e-01
1.736003600182232098e+00
1.969741802275421172e+00
9.894984899291747737e-01
1.561696098042033576e-01
6.299670903707919045e-01
1.017582050354981504e-01
-5.608843154382983087e-01
1.201875060565921860e+00
-9.731829246117198462e-01
1.539550137695106180e+00
-1.247787537420561588e+00
-1.063697251641996244e+00
9.074547816696263425e-01
-8.655857763042360542e-01
-9.515697309813242466e-02
-1.230698547478669358e+00
-1.204902980896566111e-01
-1.044563266100367427e+00
-2.104291058090584254e+00
-1.113490029411961846e+00
-1.079580510536721993e+00
-1.288565533563160947e+00
-8.695520182904092898e-01
-4.973388394960862602e-01
1.464794807157302703e+00
9.289941730570510092e-01
-6.111357304333182583e-01
9.113998714262305789e-01
-1.093750508270842525e+00
-9.261243992382123258e-01
-1.899718286778898868e+00
-1.051501416636281050e+00
-1.524840252296862486e+00
-1.078611134004864525e+00
-1.910872545179014503e+00
-7.121882817403211163e-01
-3.849757766855400609e-01
-1.274125210751408943e-01
1.794593254924418346e+00
2.263536547988708847e+00
6.355137256060513495e-01
9.323917557230823050e-01
1.156251444822429475e+00
-1.357642519966858696e+00
-1.251847748929712401e+00
-1.466553840590752777e+00
-4.198719441507117178e-01
-1.293191931445887732e+00
-1.086152847093539986e-01
-1.202370409224174930e+00
-9.113387364882815644e-01
-1.060080172582896996e+00
3.300909409470615952e-01
-8.494954641248866345e-01
-7.420643343928956526e-02
-2.207372777264722252e+00
-6.449025497397771201e-01
-1.484071003455320614e-01
-9.447538746694259526e-01
-1.438755211085459340e+00
-1.889668490522810718e+00
-8.349678843507458703e-01
3.701209950634956058e-01
4.903956933551830710e-01
1.361356345225733122e+00
4.856562371554843383e-01
6.210876625008927565e-01
2.559281906459196954e+00
1.154156264747161487e-01
9.533468263728587244e-01
1.002183497517320721e+00
1.034703037671690140e+00
2.691720687429890457e-01
4.179989749348257400e-01
1.150482141836079997e+00
4.636138619141468853e-01
1.278931592554090502e+00
1.579863740771322522e+00
-1.243618900964495344e+00
-6.368362512167683454e-01
-5.963162953270935152e-01
-1.348481788280089910e+00
1.154836115965505172e-01
1.708574242027739665e+00
2.152335082915668441e+00
3.094134891533147691e+00
5.203021155941449649e-01
1.732973716692471022e+00
5.400383800147889879e-01
1.026418769082934723e+00
-3.426833946900926797e-01
1.165681567769458749e+00
1.213513678133517404e+00
-1.185307331277202225e+00
1.057936992853161229e+00
-9.382656522285703904e-01
-9.818866640759152942e-01
-1.808352452573204205e+00
2.656247129519373473e+00
1.204760292841667191e+00
1.246492001962637763e+00
1.391844628143116269e+00
2.814660886788332705e-01
-8.890953833584290811e-01
-2.916100310583120692e+00
-1.839302856314374957e+00
-2.126851817922922105e+00
7.771279464190699038e-01
-1.072731391456877681e+00
-2.010563853004796897e+00
-2.107131266487446641e+00
-1.343945636315174275e+00
3.347725789478523950e-01
7.617464432585816514e-01
-5.793734543370957502e-01
-5.408100275933136469e-01
-2.880539753139998993e-02
-7.714892357247182808e-02
1.157956944165415614e+00
1.418288660125579748e+00
6.269538317589055110e-01
3.435338726830039491e-01
1.967758324514286006e+00
1.381820169927806541e+00
7.693322747965084529e-01
1.883033782039643445e+00
6.275152859301559305e-01
9.541705979836365703e-01
1.154321278208365387e+00
1.586877846678880211e-03
7.909562612646511282e-01
1.289510029077766573e+00
-4.932714703087028862e-01
-6.443926354383926469e-01
-7.255951860970315526e-01
-1.241307360635172774e+00
-1.536999244650750995e+00
-2.571807094350715417e+00
-1.810086026111861202e-01
1.480594505322817112e+00
-7.437549487502499446e-01
2.429592643363485571e+00
1.323343803581826128e+00
1.582667812119476825e+00
1.171935363793184193e+00
1.063287428823367575e+00
9.395099302423404186e-01
2.674163287297610214e+00
-5.086209404728307959e-01
-4.422331415601573612e-01
-1.224660770600900062e+00
-1.503827735930411746e+00
-1.522972049319158749e+00
4.749533452923809795e-01
1.050865047745275671e+00
1.917966239931402583e+00
-1.136292041611179915e-01
1.657990509961731362e+00
-9.625943863769137465e-03
2.836830706422823312e+00
-2.279359105593776746e-01
4.274371146236474184e-01
2.501499404032266671e+00
1.518425777441208879e+00
9.333326041134950568e-01
2.557298757906859343e+00
2.298477388655040254e-01
1.152125153702830307e+00
1.196033453247670630e+00
1.515078326548046750e+00
1.433157327976330775e+00
-2.807760331952295907e-01
2.002288762551285739e+00
-1.457083333045744222e+00
-1.135875093621265819e+00
-1.077011374587458548e+00
-3.673651444005453515e-01
-1.294058930736944113e+00
-7.963482602467619742e-01
-1.138547170034894584e+00
-2.608197593369021128e+00
-1.065874951527250092e+00
-6.712590642363605031e-01
-2.700567043428946379e-01
-1.408658305167319380e+00
-1.136231675905145844e+00
-5.447396702703656279e-01
-8.526302338670013192e-01
1.929192822143428687e+00
3.621594961401380930e-01
-3.939576784925786779e-01
8.650990455639844257e-01
1.758434323339337801e+00
-3.467704451590236658e-02
-2.746641308853017271e-01
-4.455473480837152112e-01
-7.035223458070245517e-01
-5.870033068318032399e-01
-4.713542185310881649e-01
-6.107063086282347175e-01
-1.380070621348230775e+00
-2.314848730222841544e-01
-1.141933902039750093e+00
1.068288970487631939e-01
1.525240157100467009e+00
1.194462819542932541e+00
2.066128174266426143e+00
1.182092843530205828e+00
-1.611101756681721842e+00
-1.537990030198423508e+00
-2.115636816338547277e+00
-4.356460794050952545e-01
-1.277615897648628041e+00
-3.748444530084578119e-01
-1.771816672520682978e+00
-1.677235485653553182e+00
-1.400647714223941520e+00
-1.453083852252740504e+00
-1.760727777095858482e-01
-1.977585702807055146e+00
-1.737872810437971705e+00
-1.033053642616237999e+00
-4.138123621569285149e-01
-1.332052518791157603e+00
-1.295775478293283545e+00
6.226509620458009486e-02
-9.593645134694750443e-02
-3.123897752888717960e-01
-6.846696183194418417e-01
1.329436625661151616e+00
2.125526778937302907e+00
3.094898884622381274e-01
1.795222433850972354e+00
1.066277106039452471e+00
1.554192237888450290e+00
5.555689074672143235e-01
-7.022597674388313393e-01
8.064230060666440769e-01
1.171765635931449223e+00
1.701603698887148575e+00
3.398192613641644044e-01
7.542999684146872719e-01
6.599162445159827417e-01
-6.211037660287117568e-01
1.877962334764455843e-01
-3.699027081398099659e-01
-2.898043480976976838e+00
-3.065426479561166317e-01
5.291563258916007761e-01
-6.401629108735988893e-01
1.101388152802897480e+00
-7.951240435471684798e-02
1.494588730804210064e+00
1.157784985295000624e+00
3.022991567665392898e-01
-3.971551517249503060e-01
2.109585865960362128e+00
1.121359406382431700e+00
-1.076854732128966541e+00
-1.478080901826450910e+00
-2.286765347925190373e+00
-1.088340932959308560e+00
-1.261304513199612121e+00
1.762608998324915799e+00
3.273796582700061464e+00
1.585858349399168699e+00
2.907018575528230286e+00
-1.338666242631763037e-01
8.046926607191975389e-01
1.521206711221357866e-01
1.052731307295530438e+00
1.116143925267505166e+00
-9.170194339585457932e-02
-5.514611300468685862e-02
1.869519717923507018e+00
1.912629664620182135e+00
3.808070179944414990e-01
1.220597905767974112e+00
1.814891756662265099e+00
1.284242115156587039e+00
1.079535563788074581e+00
1.396320483514817523e+00
2.048121431873787479e+00
-2.275449517450164327e-01
-2.041111369220762306e+00
3.348769892461287423e-01
-2.349896031235344296e+00
-1.504209873360318195e-02
-1.626360785200595238e+00
-1.443352406892171036e+00
-7.625420080526373878e-01
-8.901161255587032306e-01
-1.242450531974252259e+00
6.693630390557374632e-01
-7.661076518350007358e-01
-1.886086486585240030e-01
-1.314580876565157430e+00
-1.028209470158505390e+00
1.469159885507632657e+00
5.763869335747049405e-01
1.548185040925384337e+00
8.684917739129289771e-01
7.246864640587102890e-01
-8.346012437954924978e-01
-9.103357643373876096e-01
-2.473113183496900014e+00
-1.323667319665241537e-01
-3.618027282024028901e-01
-2.295471197859582091e+00
-1.268492949026025940e+00
-5.907479700324285155e-01
-8.853390242089285156e-01
-5.051908245578896617e-01
2.084351900119456147e+00
1.585663051723456896e+00
1.636594167718675275e+00
2.124971925826398156e+00
-3.764575573586921298e-01
-1.200273413520144494e+00
-5.322176099734270416e-01
-2.000661570788687449e+00
-9.471671924909879081e-01
3.599857259414447341e-01
-2.953731787136071318e-01
5.228987136059561891e-01
-6.939949246130572291e-01
3.095400312970868484e-01
1.317177223035286726e+00
4.985839254823188904e-01
-6.054455219397070209e-01
-3.867022760886504873e-01
1.279171413134293056e+00
6.936049685169507484e-01
2.626186048571544251e+00
2.590068926980458652e+00
1.214180973450618595e+00
-1.579498042724678530e-01
1.279555142838871618e+00
-1.691371539642286148e+00
-1.401154385242147304e+00
6.592590052528988220e-01
-1.310638158535468278e+00
-1.345389781733941970e+00
-1.324723357197770790e+00
-1.935282526536359349e-01
-1.556015440960675900e+00
-5.852643781228077380e-01
-1.731004099213598213e+00
-2.152794638089877477e+00
-1.628390457242624656e+00
5.080864461791632092e-01
-2.431437730577965084e+00
-1.652679840695638447e+00
6.990996982252049019e-01
8.323901744062389696e-01
3.716383279502690762e-01
1.793873304804257662e-01
1.294000121698898553e+00
-1.602839712421591845e+00
-1.027175454322895032e-01
-1.777955829715738290e-01
-9.087931834560076805e-01
-7.550511994877449062e-01
-1.702992096896402519e+00
-6.728396441870998501e-02
-8.973386354076938742e-01
-1.189371863093129811e+00
-5.147625146693814990e-01
7.806063614383162985e-01
1.916283699702280519e+00
9.323807859946983134e-01
9.201717556796989994e-01
6.565932379862560175e-01
-1.749348883789016540e+00
-3.624656040293192660e-01
-1.033516082193052021e+00
-2.521773696419085997e+00
7.225426991251038267e-02
-1.212020209284318639e+00
-1.111657471522877971e+00
-1.090410060135239334e+00
-1.211572614548525717e+00
-3.309558192558070822e-01
1.338664205468589330e-01
-1.011172267900935617e+00
-9.887224383692045926e-01
-2.109399788837152734e+00
-1.231753830865047750e+00
1.515523860837526549e-01
-9.703151292285571161e-01
-6.216071596122558773e-01
-2.315899479396703597e+00
5.426824996999306538e-01
9.567304204072957230e-01
-2.477609926536221696e-01
2.106646053683213005e+00
2.196771112330295317e+00
3.092721957861443993e-02
3.571244114318019580e-01
9.406390634468736467e-01
9.990022771001829671e-01
1.477766869382945769e+00
5.960192964403694393e-01
2.818086922044811260e-01
-9.447747090729885500e-01
3.844033492985263756e-01
4.239639211222168136e-03
2.479738937760706641e+00
-1.128003659813262116e+00
-6.918454896742542992e-01
2.879050320634448656e-01
5.867471517332245590e-02
-1.468296762106346520e+00
-1.916361272414064398e-01
-3.050899873556021102e-01
1.368180238419252071e-01
1.140053327969819730e+00
3.048776663437497980e-01
-3.770015294604656120e-02
8.718359107308720768e-01
6.151811898273988888e-01
1.673070263811955893e+00
1.377561583791464095e+00
-2.154949966849487808e+00
-1.347018354988216426e+00
-9.015087413250919557e-01
-1.082375773647000550e+00
-1.223183462215048811e+00
-4.884526662571067046e-01
1.727631843936372480e+00
6.826061729703694070e-01
2.964182561066905031e+00
1.560575691142774390e+00
1.222836592013956114e-01
1.125715783147506421e+00
-3.594982901248937601e-01
1.933966788551254812e+00
4.843245447571883355e-01
7.564193502299270122e-01
1.545804857725832981e+00
4.845059963560359728e-01
1.224795482602861751e+00
3.415069905195962097e-01
1.273477970397113523e+00
2.283014623508035079e-01
2.442513049738900266e-01
9.502257347423459510e-02
1.236060736359616330e+00
-2.679869009718722772e+00
-1.769894048981685675e+00
-5.213177598643432553e-01
-1.456552113195408671e+00
-3.251932449425932958e+00
-1.771546921302226352e+00
-2.826429316262581537e+00
-2.148987653275417742e+00
-3.002191081658891925e+00
-1.809345272302243846e+00
-2.110537330410156009e+00
-1.864696330086413001e+00
-1.029190272324711497e-01
-3.354082062519180951e+00
-1.686412974242255114e+00
1.709571042637821670e+00
2.080365910722617784e+00
2.319150680672199094e+00
-6.294876156653081978e-01
1.371861638055077215e+00
-6.699872148054638599e-01
2.071987304113687145e-01
-8.706397091827970947e-01
-7.622331972394144062e-01
-7.251287978452387595e-01
2.690961137377101409e-04
3.579082620703522011e-01
-5.821091373595608243e-01
-1.485930461502229516e+00
-2.184044369561129351e+00
1.809228789013475280e+00
2.023766641292274127e+00
2.289260550678418049e-01
1.019087489699242344e+00
1.560135061274610990e+00
-1.546442596764282529e-01
-1.969881705633214519e+00
-2.236209815805246137e+00
-1.570802493331951766e+00
-1.239669864657013232e+00
7.960903838105926056e-02
-1.745611187061555380e-01
-2.721479024795449675e+00
-1.208689098790968197e+00
-6.217086088564169888e-01
-8.853688241398576242e-01
-1.410939437264222773e+00
-2.947092577515242340e-01
-6.671266696562213605e-01
-2.205807969444179006e-01
-1.472882993880352043e+00
-5.922419662322953027e-01
-4.136191152523585046e-01
-8.574800425138107141e-01
-6.473767387922719774e-01
3.993754385986788558e-01
1.744154919485388255e+00
9.090527131248757886e-01
1.167710052081187166e+00
6.934468141800975705e-01
1.115007429453659160e+00
2.535316786166603276e+00
1.933486171298346878e+00
9.687653922285169861e-01
1.604201204850690621e+00
1.574866075389345976e+00
8.405949376187149547e-01
1.175309317173822921e+00
1.353305379108713291e+00
-4.244882983265581000e-01
-1.466383923020078361e+00
-2.320498000614416245e+00
-1.304032343910835667e+00
-5.603811596442580534e-01
-2.960899823055424207e+00
1.169764388672526412e+00
4.729453210016081321e-01
1.190505565509258679e+00
2.131098257243877470e+00
1.151474355106329561e+00
7.877263417477977647e-01
-1.473468098597361386e-01
9.892067716227482821e-01
1.842117427667615548e+00
6.404228814416448312e-01
-6.846635249659855926e-01
-6.338447224726322382e-01
-1.501985875146756300e+00
-1.389421387453973811e+00
-1.251618602285869075e+00
1.635201138787009567e+00
1.164639029467469999e+00
2.721469948030220687e-01
1.302381050195839274e+00
1.381475181416488729e+00
-5.593578328822073065e-01
-1.195456485618973774e+00
-6.983003730778178930e-01
-2.513513143833788765e-01
-1.291018554434868459e-01
-2.461671886005882826e-01
-5.444627312980607758e-01
-8.977586928443443970e-01
-2.286289577203019618e+00
-2.063908181407092535e-01
6.267385257038968760e-01
-3.023969153746229876e-01
-2.743420553887321311e-02
-1.331312330873799521e-01
-9.382865137398554989e-01
1.754677341767240328e+00
1.944498727140940630e+00
2.370672071295457428e+00
1.667970885708763173e+00
7.272563750833995755e-01
-1.374027165453701738e-01
2.065450759031906003e-01
2.097165970234963872e+00
-1.251089182493430041e+00
2.274255801653335851e+00
1.041165598806174541e+00
7.319707802420847287e-01
1.134483387954514200e+00
2.666428522688070402e+00
1.137868622980919175e+00
-1.602041909454495094e+00
-1.496315622157506020e+00
-1.344838263481184182e+00
-3.018168551756952311e-01
-2.324942760534657538e+00
9.478906878672928027e-01
8.360265032212791381e-01
4.905679651974748090e-01
6.421038823318065969e-01
6.389159622802109695e-01
1.825329743698384188e+00
4.982081632553853057e-01
1.666087121515587466e+00
1.546435531342151393e+00
-6.030260484227389917e-02
-1.458197596439408050e+00
-1.011444581453726510e-01
-7.414472489635779429e-01
-3.953856217087581282e-01
-1.915244194472035533e+00
1.978421230835565758e+00
1.381480059356682499e+00
1.211096010490070762e+00
7.066526632606577873e-01
8.585373916340764966e-01
-2.964534683102302282e-01
2.365553764145831295e+00
1.648160422499996836e+00
1.240905277539824159e+00
2.267598283167005846e+00
2.096908456963606504e+00
2.457610011971501640e-01
2.316625932546329203e+00
1.737135389039893285e-01
7.862440581790288707e-01
-1.841933044202128666e-01
2.587920850885406132e+00
5.499010894419716911e-01
1.067985033205927081e+00
1.225773834514811922e+00
-4.217329255896946627e-01
-1.622652510435578233e+00
-1.997872912383603872e+00
-8.245126061826403285e-01
-1.883974942456476676e-01
-1.026383194515975816e+00
-8.217437013151747127e-01
-8.436665211819605048e-02
-1.567522675881119820e+00
-1.627306480832068303e+00
-1.817730003632282543e+00
-1.479551011139606853e+00
1.083104577155182380e+00
-1.028162983950630993e+00
-1.805561843587262683e+00
1.609124882656512323e+00
7.478782216394552762e-01
6.170017423998682693e-01
1.828092083205700824e+00
1.764786791960288426e+00
-2.335728761277195531e+00
-2.276221430340564567e+00
-2.924199602263533038e-01
-1.111496592776151093e+00
-2.547183043909215350e+00
-5.349219784086822749e-01
1.186729780905986242e-01
-3.768253708124741364e-01
-4.541912132590096851e-01
-8.612287989097577867e-02
-1.246456645980690059e+00
1.988956896077516356e+00
1.143492377062756526e+00
1.219222957177763522e+00
2.404114512957943095e+00
-3.573565983869493312e-01
2.326723518628299736e-01
-5.986792242543614861e-03
-1.294337152946229308e+00
-1.325753869231936832e+00
1.854024171007312205e+00
1.812614225574332050e+00
-3.532850625737999906e-01
9.501376409927829725e-01
9.568292713752021283e-01
3.109154276735341949e-01
2.021528437939680067e+00
2.110719043125048433e+00
9.733916414921787164e-01
7.281038116690388140e-01
4.757711491824415662e-01
2.121446693912329984e+00
1.844282024970807621e+00
1.100464170050695412e+00
-1.257570610825853308e+00
-5.883025483224688656e-01
1.218191657400635730e-01
-1.003687946557620503e+00
-3.490811857476345814e-01
-1.735672288917536221e+00
-2.049038426118501732e+00
-1.373646081361599602e+00
1.238271001932460535e-01
-5.388096745903946383e-01
-7.135593663468063896e-01
-2.257311746819835818e+00
-4.920428435846042614e-01
-3.782817202786112887e-01
-1.651590067818931029e-01
-1.257053519642998385e+00
3.498248980709847133e-01
8.235818450382845768e-01
2.566754849686292417e-02
-5.420428082370221112e-01
2.438058057473738494e+00
-5.641365256283357166e-01
-4.364024319038304345e-01
-1.319408665381074819e+00
-1.407000735632347288e+00
6.875797718217875332e-01
-1.627497550035368779e+00
-1.183338967068749747e+00
-1.581675321793102995e+00
-1.622763119547665278e+00
-6.467057923201093850e-01
8.041522738835797934e-01
1.670724436146606706e+00
2.191965664851674322e+00
4.223369224504036623e-02
1.264532058316313989e+00
-1.439323743151901702e+00
-7.260984898448785696e-01
-1.592113298890094120e+00
-5.145313875109700508e-01
-7.221407695683995653e-01
-7.459878058548752300e-01
-1.059382930180529536e+00
-6.815481557315189454e-01
-3.935467339802902753e-01
-1.027669763923565682e+00
-1.681482641925776456e+00
-1.348814673293281752e+00
-5.031988402936573568e-01
1.171466964396206123e+00
-3.601015763108725842e-01
2.632128783852729637e-01
-1.382787716131478106e+00
-2.089241628627862113e+00
-1.904911432551544603e+00
-1.698966221488525719e+00
1.360724669518967422e+00
2.005465217273294520e-01
-5.589672536075345199e-01
1.453029016619962199e-01
4.481705537529179217e-01
1.159667526685046468e+00
1.517704383975229998e+00
4.201064063420586470e-01
1.436682474542563925e+00
9.843397632396696517e-01
4.496193850313823237e-01
1.058687456091995216e+00
2.131945781780691718e+00
1.500233300518259760e+00
3.758100716157386501e-02
-1.706647545820646705e+00
-6.012219802191289819e-01
-1.667760441034494612e+00
-1.174242070119262404e-01
-6.909284765608383339e-01
1.324291995882983741e+00
6.969443370248609160e-01
1.025986290603895679e+00
1.271949686287896508e+00
2.937706930154288187e+00
1.454197117009372153e+00
2.235976079290858287e+00
1.815016281184100411e+00
1.884117150746092317e+00
9.369611058795218606e-01
-4.178590657405144571e-01
-2.436916039975462578e+00
-1.589805546162822214e+00
-1.396893580828966641e+00
-2.454335051160355885e+00
1.399357322780849566e+00
1.354856848577412842e+00
1.522284717586094516e+00
1.049215318486828696e+00
1.466839487454812518e+00
1.915713576893069092e+00
1.105423186966776550e+00
1.391113446386481156e+00
1.606413773152244762e+00
2.266061856890630111e+00
6.362584265171244979e-01
6.319762416173571040e-01
8.097162057695814763e-01
9.538506425251326304e-01
1.720571098709474445e+00
5.373149945114643611e-01
2.511576301852179727e-01
1.686664557650849439e+00
8.708329761135003011e-02
8.380500170648085279e-01
-1.899251908208867246e+00
-5.776070241544031258e-01
-1.380147828732734006e+00
-4.694778199925219164e-01
3.054666786593376315e-01
-9.224418113630441507e-01
-1.352676807794431335e+00
-1.345334445594632999e+00
-5.393414959751402504e-01
-1.621246726088557466e+00
-1.250872292625264670e+00
-8.684604400551384495e-01
-1.757357900100485315e+00
9.873367126585881337e-01
-1.104000832851826264e+00
1.798245013367104850e+00
1.626179908801031360e+00
2.605113993434947872e+00
2.219453170861599212e+00
6.841328512267693673e-01
-9.570006623819977687e-01
-3.608130013576551498e-01
-8.207218518614766145e-01
-2.926859084480881279e+00
-3.618165447498685738e-01
-3.218196690263536164e-01
-1.954195391754609545e-01
-3.330329982070237005e-01
-1.327806134304004404e+00
-1.391648644199107387e+00
4.493141169529959456e-01
1.871368523644540982e+00
9.654787915841285262e-01
4.875572289249792135e-01
1.553877375297783914e+00
1.217215838806931849e+00
-1.009721659525780080e+00
-6.789306113768341921e-01
-7.950897120650068928e-01
-2.662093567689584717e+00
4.006641056037356652e-01
1.137947009166146994e-01
-1.859217434530346935e+00
-5.312961734866288310e-01
-1.691512057457021490e+00
-5.670588397395215363e-02
-5.506233096820619677e-01
-1.218380074524970436e+00
-6.462479785014398903e-01
5.694766794664982701e-01
-9.134274463853097048e-01
-1.816231460562743871e+00
-5.150741638733058458e-01
-1.746995311400938444e+00
-1.555034284432720737e+00
4.710660808295429325e-01
1.434325466076780575e+00
6.504079268590415852e-01
1.353620823512827087e+00
1.212120212867700886e+00
1.152632156806030705e+00
8.508132415373175217e-01
4.623226705302622142e-01
8.441760545347427591e-01
6.182078355819189408e-01
7.543314084184685742e-01
1.449321537638414759e+00
1.320868813818359300e+00
2.025349758631526775e+00
8.923735795036448204e-01
-1.290744661255331049e+00
-8.323265040815914784e-01
-5.404963626486088968e-01
-5.830720722933595557e-01
-1.301754639441826900e+00
5.285235762098950962e-01
1.391951155517870076e+00
5.215375225718701380e-01
7.971333672840399398e-01
1.022568532347473136e+00
3.884593873878781078e-01
6.237792343721468846e-01
2.050724053445224460e+00
8.804216385549874513e-01
3.969066656013328087e-01
-9.891110034682505381e-01
-9.378273892823473235e-01
-1.131506737263973328e+00
-1.187420262318093833e+00
-3.500223591850174509e-01
4.593026190904330175e-01
1.155527037084818298e+00
2.213346337613563808e+00
-7.395559036422283405e-02
-4.119602067940786316e-01
-1.647799529999445234e+00
-1.001028039780893275e+00
1.625564324218025103e-01
-1.378202857043464569e+00
-1.666167589683472450e+00
-1.875976271940634765e-01
-7.365338823849296723e-01
-1.516072961462269664e+00
-6.988078648305589002e-01
-9.163760156269485924e-01
-1.115669927066092137e+00
-1.234921755364366769e+00
-2.611468875760186714e-01
-1.222658628006376702e+00
5.098962321026134781e-02
1.013760522070824122e+00
-1.072829473474283812e-01
2.244919485844341089e+00
-4.911217125560378705e-01
1.839602707328479969e+00
5.795539228396775489e-01
8.872847865370994125e-01
-5.635000491418280522e-01
8.754895226207684011e-01
1.113428423810292500e+00
7.895075991157546325e-01
6.458403010804538713e-01
1.469606848762071483e+00
5.999587472276513012e-01
5.959934722428861242e-01
-5.629577169767796541e-01
-1.872269252186089084e+00
2.502889464895172722e-01
-3.230623105418280350e+00
-2.067577564910090260e+00
1.702731242061357175e+00
-3.472242034883123996e-01
-4.533107641874272176e-01
1.024945254170417375e+00
6.758887254035399472e-01
9.361210135928376141e-01
-2.308386863148479407e-01
1.738213933662814181e+00
5.725284255546267964e-01
1.040634564907122250e+00
-2.165809111433093292e+00
-7.132123221304236260e-01
-7.233829235926918511e-01
-1.476914549467247095e+00
-1.517532044085558418e+00
1.126736042234263380e+00
1.365511461530017234e+00
1.301531842886899382e+00
1.348388210713567847e+00
5.610864700973241526e-01
-1.179147225017740386e+00
-4.640805303617409061e-01
-1.839207195629923852e+00
-5.404221352687080815e-01
2.278329807204944046e-01
2.318212504939329843e-01
-1.097729451204737305e+00
-5.623501680609391817e-01
-1.480622678862500985e+00
-1.986898514260601489e+00
-2.505137733304775294e-01
-1.911445800874173928e+00
-9.541768246937472053e-01
-5.212734058274839377e-01
-1.111925017352516143e+00
2.714654385746304577e-01
3.545972814202781320e-01
1.118344622427057011e+00
1.737200157228447228e+00
1.249013946947842957e+00
2.046048876692880381e+00
-3.621055002306350357e-01
2.097674500849580070e+00
2.033461003836843695e+00
1.449002111763232348e+00
2.026089118964967684e-01
1.994098655933895792e+00
-8.361191933044826996e-01
9.877860029464713421e-01
2.765436832854628602e-01
-1.411335602020899138e+00
-6.442442244865862477e-01
-8.057986638671543744e-02
-9.582635720661414336e-01
-4.777314281620266279e-01
-1.992250048427712805e-02
1.840588624199688272e+00
1.849032012762164001e-01
2.426990838321653410e+00
2.105098241704445039e-01
8.187600736402476098e-01
1.161429114013179609e+00
2.249640533416289445e-01
-5.784863507683191131e-01
1.135695553493438092e+00
-5.812878377874146629e-01
1.201178951185777333e-01
-6.290084502016450863e-01
-3.640883284352113280e-01
-9.213117929527341321e-01
6.620695735535122584e-01
3.252671529151041074e-02
1.910983521727010803e+00
2.654258195882441829e-01
1.433152912376788546e+00
-1.894948828444314337e+00
-2.512741247557133129e+00
-3.450611008012096192e+00
-6.345503739460787163e-01
6.309955033875231933e-01
-6.610200278136773022e-01
-2.541769096588604171e+00
-2.117222254272415061e-01
7.114232084695637504e-02
-1.105449682502862352e+00
-1.713616089267170572e+00
-1.221887785795708670e+00
-1.361421970694342010e+00
-1.609330306376684838e+00
-1.931755607896728399e+00
1.790328745596243998e+00
7.113360590759107982e-01
1.324277271700966097e+00
6.667598862774659629e-01
1.285965698079790887e+00
-1.598689439776368459e-02
-3.040236074504694130e-01
1.447891888766466018e+00
-1.739443320148472694e-01
1.330515154184772841e+00
6.624195950376485786e-01
2.624322578164298037e+00
-1.530683591370365360e-01
1.383974499767315347e+00
9.663693470268076569e-01
3.532147607451225912e-01
-1.418599035595342173e+00
-1.643162137725284300e+00
-1.848112535670968004e+00
-2.232363882054478665e+00
1.400022482703318083e-01
7.602604152238818802e-01
2.086049242665447778e+00
1.848308788323344665e+00
1.842424579435854692e+00
1.080106747364105058e+00
1.294056585857003450e+00
1.892507515690897257e+00
3.861961820845616344e-01
-9.578471793485801022e-01
-7.164489321657654397e-01
-4.221349968625867088e-01
-3.376084214501582359e-01
-1.540609060376927353e+00
-1.124032958356522061e+00
9.536624595448873754e-01
1.155757165384227125e+00
4.516272403066483587e-01
1.824807710627952551e-01
8.131810515559412256e-02
-1.392989478489874422e-01
1.454774206036347994e+00
-1.065942013385368092e-02
5.676720353684910902e-01
5.055011628499798126e-01
1.700925147879676524e+00
1.217614205590276555e+00
1.539492316369699410e+00
-1.134318112213121843e-01
-1.062243584900282034e-01
1.057395427690847267e+00
1.094008520710025634e+00
2.732221552173906609e+00
9.163483127965310615e-02
4.833615670914503948e-01
-9.746088757019569782e-01
-1.592059350205297763e+00
-2.304163299847572510e-01
-1.047460845739593305e+00
-1.523554574983590371e+00
-1.107029366839557660e+00
-2.039117471732325271e+00
-1.284471257088267260e+00
-1.483670262646751725e+00
-8.219077543390070906e-01
-2.141791101440464473e-01
-8.302760468740144617e-02
-7.683696466377037959e-01
-1.328367382112163764e+00
-1.956813309708276716e+00
9.020467966331716658e-01
1.957829542455238547e+00
1.501219885966399215e+00
1.288801999047906044e+00
-4.378191973435667794e-01
1.018585794835662472e-01
-1.521770411559219660e+00
-1.590075432825865942e+00
-1.399214537392882152e+00
-1.309427967766762402e+00
7.311465413488844600e-01
-8.806835941628285980e-01
-2.090477352484046314e+00
4.635541186349039222e-01
-1.688761945925620900e+00
2.154233619889109441e+00
6.678840366201053147e-01
1.121337869998859205e+00
1.236860536893410023e+00
1.264711859375811764e+00
-6.012801507365603815e-01
-8.950232424444144463e-01
-1.804166574396025347e+00
-1.672887237263198656e+00
-1.483979403083562909e+00
9.613002572084401454e-01
1.802218597917107701e+00
1.825806271018993066e+00
1.180622396897421211e+00
2.769158482101675034e+00
1.176083524043380901e+00
-1.157897349489598326e-01
1.963868773307971827e-01
1.458053782469119763e+00
6.780495404831369255e-01
8.714848777331131169e-01
1.430672266566827000e+00
2.048710166571753311e-01
1.352363773813697323e+00
1.382288934480065956e+00
-1.637767259387122198e+00
1.117676390130717401e-02
-1.072375198045012468e+00
-9.904522877152581728e-01
-1.170316669705295354e+00
-8.964072321009651789e-01
-4.451379272267796949e-01
-1.645543144750141407e+00
-9.695006220770108207e-01
-9.487282675754787897e-01
-1.681523171738900979e+00
-1.956949070322708817e+00
-2.283353370789375170e+00
-7.032849864199224310e-01
-6.797659547191929885e-01
1.499731379509030349e+00
6.963233002169806340e-01
8.101697606516189420e-01
1.462983191949437378e+00
4.581286986823613905e-01
-8.408349584381150654e-01
-1.058118523365040531e+00
-4.644970603045567303e-01
-5.222593721801626065e-01
-1.097106425227614812e+00
-2.394544756138440977e+00
1.311267978697532310e-01
-1.274015349210985359e+00
-8.051498205497749083e-01
-1.059328033046113449e+00
2.623511707058042708e-01
1.827483792044108490e+00
3.057158730039345462e-01
7.441494212463402036e-01
4.480520230273958848e-01
-6.656064543739617090e-01
-3.003346372486548344e-02
-9.699246865921841154e-01
7.989180829133541994e-01
-1.817616788136036554e+00
-4.827749050654615015e-01
-6.576809054612975380e-01
-2.644921511576847628e-01
-6.622210283878302572e-01
-1.074699918226472484e+00
-1.853626154825458006e+00
-3.696402881324944989e-01
-1.754572601508732843e+00
-1.727735954083045478e+00
-1.610269716830011744e+00
-2.352865342618503330e+00
-1.087036337474426073e+00
-7.574763729663724909e-02
-1.226859700043465562e+00
-2.170768739973999439e-01
8.848127821233306989e-01
5.269974167319259051e-01
3.898846660317945023e-01
1.171199239869105124e+00
1.694407713847720931e+00
-7.547879978517149091e-01
1.636371506469735060e+00
2.030284644727024190e+00
1.245783122836584322e+00
1.765911341522396150e+00
1.456097153658022947e+00
2.002384182245476207e+00
9.347544657341091412e-01
1.650318272072100356e+00
2.151019131918163740e-01
-7.838782951518150632e-01
-2.408570499839790546e-01
-2.540796948697783719e+00
-7.797568501864365897e-01
-2.110678150009377863e+00
5.783714389092122765e-01
8.384136589454710409e-01
1.109023293643701669e-01
1.084557960590460945e+00
1.397277104884755872e+00
8.582507050498875412e-01
2.985733835446015227e+00
1.690137287841326330e+00
8.819406504427118598e-01
-4.770827496283223113e-01
-1.143445462075867614e+00
-1.712585170345435337e+00
-1.377816247679968908e+00
-2.246902811121098686e+00
-9.138071721895688615e-01
-5.464241801607647719e-01
1.604712343100442418e+00
1.235794452758482986e+00
4.545572994749669249e-01
1.652588724430965161e+00
3.030143943271601525e-02
1.280188159782877921e+00
-7.801481449388039113e-01
1.272066796107345077e-01
9.514031651874628182e-01
4.011215865943432712e-01
1.404980419152283222e+00
1.190305358056109597e+00
2.031492500168677218e+00
5.166685941182991293e-01
4.459559190438052712e-01
7.142336511859737058e-02
7.698830265744908141e-01
1.824952929460671225e+00
9.600165951364051375e-01
-2.085975153224596923e+00
-3.400025414593417228e-01
-1.717636572026733033e+00
-1.090812041588597792e+00
-8.285341982256031468e-01
1.010646032753748091e-01
-3.192322427917243521e-01
3.997109855935319089e-01
-5.198981329970719933e-01
1.212004791245198110e-01
-6.911233197638522174e-01
-5.652483368884601012e-01
-1.378074713716215038e+00
-1.230162225096295581e+00
-1.490355823353441522e+00
-1.357479336238618384e-01
1.244993489196203562e+00
8.757446856402375523e-01
2.392987972615218117e-01
9.391246659486263137e-01
-1.645009131296682803e+00
-1.716325279902511269e+00
-9.612605842411293677e-01
-1.872504957548254190e+00
-1.138602846989489104e+00
-1.271791220102010955e+00
-7.459014734751308051e-01
-2.267543466914399009e+00
3.976449886374089360e-02
-1.528616904983840286e+00
1.101698386042446520e+00
1.034031786696622435e+00
6.288448632706700181e-01
2.717114530607728229e-01
1.252657389542366495e+00
-1.259088456758135743e+00
3.413455551774817742e-01
-2.501655120933530263e-01
-8.021349016779795171e-01
-1.647810581094750315e+00
-9.287502974317499715e-01
-1.643459439586557824e+00
-1.314287389659745120e+00
-1.303190829364119674e+00
-1.630187243462341673e+00
-1.608826883542028074e+00
-1.321104114174300292e+00
-1.015161854525712393e+00
8.639266043867650513e-01
-3.568977547265502759e-01
-2.585209846429740388e+00
-1.560899910863443596e+00
-1.727708560856288544e+00
-2.533957585030596205e-01
-1.160368852843701726e+00
2.438499555222310100e+00
9.735934941570725254e-01
8.003839218523399746e-01
1.698106750250352182e+00
4.788361488291896784e-01
5.897096198943079237e-01
2.308353910911034035e+00
1.312418056565198610e+00
3.287820827433183268e-01
1.665346766009139223e+00
9.523770025783144799e-01
2.613853531871502156e+00
3.149650832109232024e-01
1.549255238628170606e+00
2.099463873834491068e+00
-6.873854196037232356e-01
-1.191843331365872283e+00
-1.100095573557903217e+00
-1.507522603855225629e+00
8.384398795288359185e-01
6.295514638284591680e-01
1.196920068907512347e+00
2.067295220671129918e+00
7.211628672364267523e-01
1.967030310769981805e+00
1.081359043821318755e+00
-7.595435916638917373e-01
1.085137983269667927e+00
-4.856847415277525393e-01
2.207455661254015489e+00
-8.773768924411230463e-01
-1.404267849101610288e+00
-6.934989035143088731e-01
-1.097662612607012811e+00
-1.063843472266454704e-01
1.828317687503869138e+00
4.216380648384094876e-01
7.289735112068820300e-01
2.282634691024326035e+00
2.408733735556053190e+00
-1.972939758587332282e+00
-5.855461546127445072e-01
-1.546915701358088757e+00
-2.322164462636971294e+00
-1.701390793664679713e+00
-1.629784973425389971e-01
-7.736894575228957516e-01
-6.137614241753636124e-01
-8.153755920681153846e-01
-3.741338755376112379e-01
-2.394313844413766823e-01
1.676644622600542700e-01
-4.561527110811308683e-01
-1.694086196561885860e+00
-6.873208356875004643e-01
1.867050063420878647e+00
1.498206987039823357e+00
1.073531725223694888e+00
1.501384985709807829e+00
1.589586872893675062e+00
6.267608852496403538e-01
2.230377356569934300e+00
1.749483824634070483e-01
1.831917058516925323e+00
1.695028385511683666e+00
1.164468475777258094e+00
-4.173314668406709060e-01
1.194261190856051202e+00
1.125664115282834610e+00
3.477454275075021473e-01
-1.161765000164254547e+00
-5.420683978756877242e-01
-5.736484755905029154e-01
3.343007299341007599e-01
-5.696233904359480071e-01
-3.858883400965629207e-03
2.232121624544167737e+00
8.183320877095099366e-01
6.903710653150496590e-02
1.607094017448098988e+00
1.510860035010410662e+00
1.205660567366477309e+00
1.846573292983703540e+00
1.247291287912986490e+00
2.323810800990626646e+00
-1.189404373744419097e+00
6.083652939356865019e-03
-9.520448075001972654e-01
-9.642709102429048995e-01
-2.441464204704276497e+00
7.792864697251407069e-01
1.542239367975116959e+00
8.529337568045413098e-01
2.245718366405999866e-01
1.791224136512189036e+00
8.220652631354306017e-01
1.448802593292747298e+00
1.578653425113556885e+00
1.073036303405557890e+00
-1.723450991685959721e-01
5.234656807981328264e-01
1.642237591241263450e-01
-6.615467764636520087e-01
1.764082049064840785e+00
1.943888564708621036e+00
5.217036153715790547e-01
2.405818018499676025e+00
8.951250405565571722e-01
8.073139759420238093e-01
-2.444094013431601375e-01
2.504384263731045390e-01
-6.548816738826079842e-01
-4.756587305084524209e-01
-9.342985584292521350e-01
-2.755869353742472327e+00
3.753008619577524740e-02
-3.057830679372783855e-01
-7.088630035700445031e-01
-1.462970177549646200e+00
2.084707570394366272e-01
-1.202644334288464067e-01
-1.440291731503368089e+00
-1.322093526823403309e+00
-1.069971224993975900e+00
-1.361180626022147511e+00
2.135157173379553353e+00
6.162296785406136124e-01
1.298655427065294354e+00
1.212636921251375899e+00
3.303221714662014641e-01
-7.479583253106479868e-01
-1.736800774294678273e+00
-9.187342840748844441e-01
-1.424768390203030366e+00
-9.468006160394453197e-01
-2.605984111474139553e+00
7.838356093136706892e-01
-9.344503514987861914e-01
-8.816006214824032572e-01
-8.592907062497592285e-01
1.693513183769305819e+00
1.278593405226806645e-01
-4.527324553217297876e-01
1.432248364305377608e+00
9.113921027032639843e-01
-1.853037092705656086e-01
5.848782315346494620e-01
-1.399496562734008132e+00
-2.274938872260169553e+00
-2.665608185593080215e+00
-2.928005034018683617e-01
-6.008278233315733630e-03
-1.300357612825966847e+00
-1.389896261277511202e+00
-2.071291041916264231e+00
-3.286031440780659896e+00
-2.843501654675557599e-01
-1.041363714808407392e+00
-9.168853036377955235e-02
-1.862323502497318373e-01
-8.696814059215197679e-01
-1.303894417358138380e+00
-1.716803221963977943e+00
-1.160889739291538936e+00
-1.045393495803977224e+00
1.169578214141843153e+00
1.496826659838030871e+00
8.566579564452230233e-01
1.708990296531683661e+00
1.714828305775863315e+00
1.718357697596365252e+00
3.517864705882078891e-01
1.033989371509500099e+00
4.964402692800810035e-01
1.361108418364881389e-01
8.304468138990455106e-01
1.574824726513173179e+00
1.662111543967882632e+00
-2.314421890686773065e-01
1.639629385793681005e+00
-4.778532472556574762e-01
-6.949896754530155984e-01
3.489696463606968280e-01
-1.465875066956822570e+00
-5.714110147623502334e-01
-4.974493750490143196e-01
2.452673161719363115e+00
1.009252251609237927e+00
1.807208768369495733e+00
9.614877939857232603e-01
9.502880010658270038e-01
1.443498350265350449e+00
9.591236577096990956e-01
6.748643657795287965e-01
5.519442280069134510e-01
-1.113624698718995276e+00
-5.896564089259204167e-03
-7.984795908097529482e-01
-1.058024867733044383e+00
-1.697597921469342852e+00
4.514696317973047046e-01
1.000304621401747918e+00
8.749383793712939283e-01
6.269944724755744936e-01
9.868658920969021198e-01
7.542686694821464366e-01
6.754241528384659077e-01
2.102435875709651292e+00
2.123897664167314625e-01
1.970367314450796714e+00
8.078423444446323209e-01
2.362488049986194660e+00
1.934670161547944467e+00
2.006043893468890671e-01
3.460955552103713861e-01
1.177621848120921744e+00
7.162126767094227908e-01
1.327119133444226939e+00
1.280032696686285165e+00
6.144025638551591229e-01
-7.195363431461549997e-01
-1.667817819448726313e+00
-1.520694965256354170e+00
-2.190123137705836331e+00
-1.173098598905503831e+00
-1.193382745937877853e+00
-2.645888265182088084e-01
-1.013984916107386614e+00
-1.490046545899272212e+00
-2.393882881114048011e+00
-1.223284454738129634e+00
-7.150232178803979100e-01
-7.640215352363118884e-01
-1.058187740714028324e-01
-1.477822672515795244e+00
-4.227068750910276673e-01
1.033218713143602141e-01
7.649505279476407349e-01
6.025899187469043738e-01
1.834620989818794179e+00
-1.856136185862145460e+00
-1.992936280496763191e-01
7.900326773255352819e-01
-1.035929287009208943e+00
-2.091392606250578101e+00
1.676943834525699284e-01
-6.936714090281126399e-02
-1.455794543901285154e+00
-2.407878659026454926e+00
-9.892978010558987068e-01
6.794164046614503683e-01
1.634413067985894585e+00
1.733320346790406585e+00
6.438466366153237086e-01
6.982541696604813719e-01
-5.469043311965331444e-01
-5.183866963929557592e-01
-4.994952057997110728e-01
-7.209216590202356389e-01
1.303003030109171068e-01
7.665158100945124175e-02
2.077383552050092952e+00
1.061111336952163864e+00
-7.744637337017412637e-01
2.967697157855238022e-01
1.616508796829600580e+00
1.782263241055997982e-01
1.305893600683295519e+00
6.271265859066254000e-01
5.350545828856785313e-01
2.216872420459444770e-01
6.801586325550785794e-01
2.075545988184302360e+00
8.361993783911505496e-01
2.353763557481849400e+00
-3.848480387095249977e-01
-3.807889490419759104e-01
-1.742543165040042918e+00
-1.397449214880551072e+00
-1.636170135471475051e+00
-1.035684892415926317e+00
-8.057928623014508629e-01
5.232455793242141162e-02
-1.771063912032158516e+00
-2.959330360910732427e+00
4.595060742546026589e-01
-4.759258750087862477e-01
4.198503419988774965e-02
-3.499121546502226288e-02
2.638263679763761527e-01
2.298185321749262933e+00
1.102260347892151104e-01
1.977536721310899637e-01
7.440937185124794073e-01
1.512713068357700141e+00
-5.670642517629234103e-01
-1.250566842006862522e+00
-9.275436061083341954e-01
-6.734288519337853218e-01
-1.530437645023258186e-01
-9.365153341572145518e-01
-7.672847167717765648e-01
-1.336603200474731024e+00
-1.834760398464690745e+00
-3.334469983362442491e-01
-2.247698809504750095e-02
-1.813190416560435114e-01
-3.582634558761192967e-01
9.435254595772879505e-01
1.161635191100673703e+00
-1.074260933568105703e+00
-5.044234289854883091e-01
-9.356132587831760272e-01
-7.298876746412708005e-01
1.787004215348463543e+00
-7.864479926555147937e-01
-2.170113078761307435e+00
-2.833270357402002393e-01
-7.599410603639089601e-02
-1.577080756390563110e-01
-4.051538227607917042e-01
-2.255272020927417742e+00
-1.340459071108078160e+00
-2.687724276818661551e-01
-1.108034351413489382e-02
-1.997711655367401251e+00
-3.898656261115198696e-01
-1.154291180555449658e+00
-2.018716300718566448e+00
-3.750440462435095101e-01
6.784272595372637937e-01
6.724233492616480401e-01
1.013090005157437634e+00
2.133059308634794871e+00
1.168421890508674732e+00
6.444022126532548134e-01
5.928395111435146303e-01
1.372026807041894392e+00
8.252165213245147291e-01
6.779523380131163846e-01
1.862766607731964008e+00
1.849931579495477596e+00
1.061549953277134861e+00
1.051613913634794395e+00
1.676433969159372817e+00
-2.004671375322326643e-01
-2.534806064076193799e-01
-1.560438017094461394e+00
-1.189488184470424370e+00
-1.979125113257803159e+00
1.170408713077581098e+00
5.222080358377287901e-01
2.477618974477461489e+00
5.007696976162285818e-01
1.466656196321251215e+00
5.986105822283418476e-01
-1.408216939135311208e+00
-1.070088866119500715e-01
1.142920493696786721e+00
7.450037154406543571e-01
-1.462481844530124198e+00
-9.747775373241654995e-01
-1.351336295109353269e+00
-1.183698645403574723e+00
8.790697945104395394e-01
1.307478788561170946e+00
5.722228013216559273e-01
1.101489218718429974e+00
1.712234296638651454e+00
4.081616137553337964e+00
-4.204612141264485459e-01
-4.447066993198089957e-02
-1.534282399021749566e+00
-1.667467002023174105e-01
-1.692715268003354812e+00
-2.737922776468171282e-01
-1.270284066464043793e+00
-2.179661243184811692e-01
-1.060382152881313322e+00
-5.149521107164671818e-01
-4.629012803874724691e-01
-9.844363700479659141e-01
-1.277093608967116101e+00
7.113454157432959057e-01
-1.349352897600961887e+00
2.384542905386656919e+00
8.535695032390967496e-01
1.228742926068813190e+00
-1.261578977746535823e-01
1.213143524826360009e-01
1.182592281635749032e+00
4.014694648307637337e-02
1.324497128140790680e+00
1.790004111900543204e+00
-8.182708342992688344e-01
-4.890418308250055190e-02
-4.994867241101641486e-01
3.339070618717432382e-02
-2.683953863582848598e-01
1.350297645419677117e+00
1.317904296354641680e-01
-7.386314082312748219e-01
-1.458328845575516342e+00
3.300221820887094815e-02
-1.555199406822246999e+00
9.333088668624358597e-01
-3.485050738216950439e-01
1.876418028719573083e+00
1.443806620908367755e+00
2.716656812284012901e-01
1.351402783223825566e+00
2.557072127485561008e+00
1.199713950111849226e-01
3.834731483723690104e-01
1.997475045030893792e+00
-1.392223495506637043e+00
-5.723669413586696120e-01
-1.760069676227596247e+00
-8.817973922746018545e-01
4.292947070561048406e-04
1.071970729292396785e+00
1.294177527335872879e+00
1.692013320084535533e+00
7.650282700993815688e-01
8.967491946981773765e-01
-7.278749199874414710e-01
-1.248710020665825704e+00
-1.580719650350219219e+00
5.416184335186247090e-02
-1.796312614689053788e+00
-1.037432027705081472e+00
-1.291897417366308920e-01
-8.836293704045520281e-01
-1.978254139451116167e+00
-1.574065360149804249e+00
-1.606651169244321053e+00
5.476941936035086833e-01
-1.621712052473324617e+00
-1.851898650417205694e+00
-9.163155204725703662e-01
-3.190581002788537290e-01
1.470908052798566290e-01
2.651372734244434426e+00
-5.114197403834492839e-01
1.132063311250774973e+00
1.867692370217367781e+00
8.825090919180189619e-01
9.185984872962538184e-02
-7.536456161044036151e-03
1.376249188952974212e+00
7.577748306546996382e-01
1.204745842253577948e+00
-4.807118917410768688e-01
2.555013670751071775e-01
1.767662716812644863e+00
-9.150051612485421426e-01
-3.245222708736900108e-01
-8.321378408239299418e-01
-1.667825045341452039e+00
-1.605199476600001063e+00
1.814366385941061033e+00
1.866032316446381678e+00
2.075236401798063568e+00
1.140311869440247650e+00
1.342169571410394502e+00
1.175506710655851883e+00
2.144675696139222598e+00
1.739931253032428682e+00
-4.359630873460371703e-01
1.022684617669568086e+00
4.113019387000727001e-01
-1.580057600795216732e+00
-4.651446837745664142e-01
-9.916143558585688300e-02
-1.273112561198410875e+00
6.114160316751794388e-01
9.234278603672289032e-01
6.293832460379201743e-01
4.253303719449597065e-01
9.917996252129404056e-01
2.114016680997105269e+00
9.874730854473767749e-02
1.699752915505646556e+00
2.076723907988402562e-01
6.647531086605811268e-01
7.720722815661897886e-01
1.523055722522911770e+00
1.634522218248695369e+00
7.165093856669355610e-01
3.265418840167462200e-01
1.499070906530578284e+00
3.821172972316508876e-01
2.170513724878733619e+00
1.088259699441895600e+00
2.905905469468619273e-01
3.220893923319079200e-01
3.896841276144646926e-03
-7.695589591551472708e-01
-1.394645968625349397e+00
-1.409386373024402950e+00
-5.173893334905625974e-01
-2.079806707681340683e+00
-1.408928684754906957e+00
-4.659655827648704340e-01
4.668840575233719203e-01
-6.860786152899360779e-01
-5.667766290188795963e-01
2.862191213120384159e-01
-2.292686795679444778e+00
-5.478541755218133691e-01
-1.358714971530390780e+00
8.805175485117632261e-01
1.922790358179224057e+00
1.183925377749716956e+00
1.203893388904401007e+00
-7.499433434339461968e-01
-1.113754922869377051e+00
-9.229696299200107479e-01
1.932413156041785651e-01
-2.198408897410038421e+00
-7.966185825210199134e-01
-1.277517895363202705e+00
-6.599767619798532214e-01
5.689896046002271834e-01
-1.890872704316034936e+00
-1.227427313807811782e-01
-5.718124812994829220e-02
2.134786126401784223e+00
2.793070076896914777e+00
1.470003841560044044e+00
-9.649820720650849060e-01
-3.648035218280372138e-01
-1.497247832723713756e+00
-1.465227432368852334e+00
-1.068571006952524494e+00
1.596546120447572825e-01
-3.427687174570268169e+00
-1.472342965069866061e+00
-1.944565847398770142e+00
-1.698258228123918467e+00
-8.527944464240968525e-01
-5.819136560417217385e-01
-1.606700910380845393e+00
2.367985081180887796e-01
-9.193676108494996946e-02
-1.018743151801704272e-02
-8.123083174899975445e-01
-2.744510459708698891e-01
-1.117168115296711672e+00
-2.957304607396284979e-01
2.282956801023275695e+00
9.712478876499817115e-01
5.364654025020958450e-01
3.216806625904280459e-01
1.377618093736046045e+00
9.341576929132068274e-01
-9.142789639378756661e-03
1.371840437844933591e+00
1.903528449347375862e+00
2.260645206029075815e+00
-4.592734700635925371e-02
1.382783780246712890e+00
9.280866418201821899e-01
6.192641842079438241e-01
1.969972492599376235e+00
-1.203174938437815866e+00
-9.225928681771021767e-01
-9.572717050745722656e-01
-7.713999876626997931e-01
-2.064530771203734183e+00
1.339993593115677673e+00
4.392209478190145511e-02
1.859775903177316447e+00
8.263384629963771433e-01
1.036004061453034808e+00
1.139336137241561575e+00
7.922971306737484065e-01
3.663449492214518877e-01
6.749559830152092044e-01
1.735317492410736406e+00
3.808529270394749311e-01
1.969607490846920772e-01
-1.192993752271294117e+00
-7.571553434541991034e-01
2.614728075811574293e-01
2.626899505322525918e+00
-3.352185020216789102e-01
-9.412426226484016389e-02
8.526745292529280817e-03
5.634790767932031930e-01
-2.880653473523759889e-01
-1.150654326423245166e+00
-8.679873862775178139e-02
-7.359805813139828068e-01
-5.075248212987744090e-01
-4.332090255556554359e-01
2.234386387538833674e-01
-1.264489168303136735e+00
-1.063085767728070063e+00
-1.359467134469134697e+00
-1.216100504331149246e+00
-5.278998392723587285e-01
2.498436186413250937e-01
-7.085035901178644568e-01
-2.162794499653705849e+00
1.419958916354646661e+00
-3.735121556731946235e-02
1.944640776614239286e+00
9.820496114597473403e-01
1.252201911465142592e+00
7.773833272005860051e-01
1.647288284033275652e+00
6.649990505648181172e-01
6.183279362756101127e-01
7.307946354089487340e-01
1.449883334569696425e+00
-6.145717523565625839e-01
-7.586537286863928031e-01
1.883669365425251430e+00
2.009983661037384017e+00
-1.022094453693157101e+00
-8.625420126779570484e-01
-8.406462563559709000e-01
-1.210747973418681678e+00
-1.070968112500723546e+00
3.592790257377378449e-01
1.277663173598993618e+00
-1.459407521626339133e-01
2.134007156898939161e+00
-3.448747464060959445e-01
1.270884842723475350e-01
1.475169369921417450e+00
6.780341778552345655e-02
1.608410403149602264e+00
4.762230514778051926e-01
-6.923540483093247877e-01
-3.644196839885623929e-01
-4.896362161939818991e-01
-1.921901099397242740e+00
-8.542490605097667888e-01
5.570332390643416565e-01
2.235894178388838416e+00
1.658986402308586960e+00
5.664548975659948749e-01
4.239477311778822033e-01
1.554831244881310637e+00
1.880719802605164803e+00
1.727830555668859347e+00
2.285695514331528289e-01
6.493161147691577373e-01
1.712832879860803903e+00
7.360846744508988682e-01
1.778413179873948868e+00
2.031653447702974624e+00
1.953236839102450162e+00
4.525575790592942793e-01
2.557765604939721271e-01
8.087300861053753342e-01
1.126369220465318621e+00
1.176991222967540995e+00
-1.545480221071359406e+00
-2.370213765959919172e+00
-5.828829846499605782e-02
-1.108239444115177719e-01
-1.279374155317526629e+00
-1.037824797141976063e+00
-4.014152937664230425e-01
-1.058472086930780431e+00
-1.467332501907978370e+00
-6.396371116392158829e-01
-1.882071632747786438e+00
-9.534454173128414922e-01
-4.938172668941961385e-01
-8.565789296957629917e-01
-1.657840148885481035e+00
8.172569781589102966e-01
7.951313962670458757e-03
1.376113320996845912e+00
1.000148843387931308e-01
6.464396918723861463e-01
-6.383628581921731993e-01
-6.492395448920410539e-01
-6.432843230337401685e-01
-1.356380210758070248e+00
-4.500400486074399575e-01
-2.521443334143056880e+00
-1.714316840999881020e+00
-1.339709141004554738e-01
-8.257153124211434880e-01
-2.006550310084755040e+00
-1.242851242212067220e+00
2.354273222910443941e+00
1.013386764333781498e+00
4.009211717682021892e-01
4.645314604854596796e-01
-1.969435916634857620e+00
-8.987256511766331668e-01
-5.766957987597405300e-01
-6.880258633617467590e-01
-6.356375590632550310e-01
1.344134610947788744e+00
1.347855000028003181e+00
1.806863212038990696e+00
-4.001552879444258970e-01
1.909881669817532934e+00
1.954539480529520645e+00
2.663530529639415612e+00
7.781057538635655080e-01
1.670372715161247523e+00
1.523376802673908514e+00
1.227100916657835050e+00
1.428014117391827931e+00
2.104617112040328308e+00
2.364307105557144073e+00
1.706140065616481127e+00
-1.261724897227810338e+00
-1.286546176913803574e+00
-2.004991553530399706e+00
-1.704982322065644595e+00
-1.850631119199652730e+00
-1.111251502971189575e+00
-1.593380203566117315e+00
-5.371732199578203026e-01
-1.467392765573722890e+00
-2.619952670003046435e+00
-9.975161546183566319e-01
3.429095910968871230e-01
-1.082257146550427374e+00
1.240832674592526885e-01
-1.984575037000076758e+00
1.059618680005045332e+00
-4.288068360314634120e-02
6.207061523339474363e-01
1.633860134884055570e+00
-3.300481237817884939e-01
-5.992121708957299786e-01
-1.340833145584060082e+00
-6.313835331856225697e-01
-2.167115270188026965e+00
-1.706251226241322083e+00
-1.229573444160641404e+00
-2.668675698114554962e+00
-1.529368834871906779e+00
-2.399670772505134719e-01
-1.392265937506108386e+00
9.005764679631182990e-01
4.499135815172052855e-01
1.744504288706970385e+00
8.156709550458118851e-01
1.857574078427683517e+00
-2.740494227180185760e+00
-5.266090174314710382e-01
2.218118504527444301e-01
-1.885418179492305502e+00
-6.957549704473404706e-01
-7.019470330943278213e-01
1.402361868839658632e+00
8.043438121564321364e-01
9.994639374354067352e-01
1.770850644953476216e+00
8.190497198796721223e-01
-3.259612498837716199e-01
3.157498854064930249e+00
9.993828359977652287e-02
1.864612262145386001e+00
1.046796369556840300e+00
-1.303962026489189352e-01
1.689651435405580937e+00
1.697048650290320593e+00
2.332237098704142753e+00
-2.290850572667064267e+00
-1.158722385891649997e+00
-1.232193034586509306e+00
-1.495073861935199533e+00
-3.974620761633196331e-01
-9.130208567222106719e-01
-2.292283171280980802e+00
-6.185633710463698254e-01
-1.350599414850091939e+00
-1.858885779718583375e+00
-1.442003970977090432e-02
-1.993988483594417715e+00
-2.157520816914213935e+00
-5.910286738247629845e-01
-1.222432739486193798e+00
2.544924816398973499e-01
1.322069732204826042e+00
4.168323617064065845e-01
1.376764256980933521e+00
1.080062606492058430e+00
-3.403881104515715794e-02
-1.213582963988693031e+00
-1.287665259791724859e+00
-2.707432048258270996e+00
-1.336804486169130168e+00
-6.340863493912012316e-01
-2.601197618528727773e-01
-1.998624249716565160e+00
-4.744202594763416991e-01
-6.659328073362835720e-01
1.029516156196637722e+00
9.514073312407107519e-01
-5.125483433158364299e-01
9.453832121014225098e-01
5.952303141493974215e-01
-8.279178533081110736e-01
5.098366071581097447e-01
-1.885757602475401029e+00
-9.035785962183396913e-01
-1.809790861970111298e+00
-1.532700395302929230e+00
-8.760055525086973827e-02
-1.452631531421607836e+00
-1.656144151456021341e+00
-4.499377467185986523e-01
6.542791419871294423e-01
-1.494902277167061033e+00
-1.298645224590179170e-01
2.926412410199743519e-01
-1.125387794094889982e+00
-2.008951599811244826e+00
1.988426204466477998e-01
-6.624493122629153685e-01
-1.116723233327434173e+00
-1.521905387734743709e+00
1.604357626900360767e+00
1.236547287398655603e+00
1.895443552831922673e+00
2.288612744287251033e+00
-2.098904443874303194e-01
6.355486282581939150e-01
1.631177613249709335e+00
1.716537987356206330e+00
-6.538445982264273759e-02
1.512083430011181395e+00
1.173316243771973078e+00
1.657211264364251146e+00
1.040266325024330918e+00
9.227940127419543836e-01
9.109245404721570960e-01
-1.163424298688215508e+00
-1.549885212942648582e+00
-5.745890478750736996e-01
-1.079036203732307575e-01
2.194524435609248592e-01
-2.222133205964094138e-02
2.412366444106062602e+00
1.058013956757937635e+00
1.803303065204348243e+00
-3.394337238101272636e-01
8.467907052650441857e-01
4.733037429288510234e-01
1.021736579828872671e+00
4.131461686775823594e-01
1.151362633044420880e+00
-7.637446950885529162e-01
-9.924306400501976544e-01
-1.126041226819451957e+00
-7.341434356201975708e-01
-2.009738503187620040e+00
1.158309218110053385e+00
2.066133460192799642e+00
4.925445191106186948e-01
1.730750921638779971e+00
1.058328397174882252e+00
8.917393647570375226e-01
-6.687029825186625587e-01
1.864719761359276973e+00
7.596396654676066396e-01
7.795301485168960598e-01
4.106322455741150401e-01
1.241723260337744383e+00
1.216078650225232982e+00
1.362432757298760233e+00
4.393979348694978526e-01
2.832031217365672537e-01
4.005416531031524841e-02
1.394825715638654762e+00
5.231885898426908987e-01
2.288255944257726604e-01
-2.028136393481976718e+00
-6.352089270181924263e-01
-3.041540366942703244e+00
1.530835244531536521e-01
-1.843782674782863840e+00
-1.335916539183923613e+00
-8.021920223236734815e-01
-1.316896969205149093e-01
-1.417904042777522244e+00
5.758589631281689769e-01
-5.807919904212889284e-01
-3.734891124538494145e-01
-6.612663242626000137e-01
-1.125159380838242962e+00
-8.912652097875128909e-01
9.070306081564969425e-01
6.643779994854546178e-01
5.927656290783944737e-02
1.284212665307248535e+00
-5.945019742144053154e-01
-2.141576152184392789e+00
-4.936825722185047560e-01
-6.109686580203159689e-01
-9.721129779885747668e-01
-1.000341202784305938e+00
-8.458535041247824404e-01
-3.374201611543908852e-01
1.316013713958253728e+00
-6.187404498200748115e-01
-1.878134991368525686e+00
4.273089361592928848e-01
1.622292713996893454e+00
8.236540465813364520e-01
1.041839881647909971e+00
2.873580233923092919e+00
-1.187021348892677963e+00
2.420919239050913774e-01
-1.219491770924243879e+00
-2.037356531086204292e+00
-1.411648592596984164e+00
-1.515301150917624184e+00
-1.754899416757311537e+00
-1.446063402518818153e+00
-1.230944387019495156e+00
-1.424046032966749475e+00
-1.639605080519528801e+00
-6.312626981785002256e-01
-9.597261611282890126e-01
-1.096234318567861132e+00
-7.297934733786148875e-03
-1.402690505265129062e+00
-1.035855569505872653e+00
-8.312972925403772084e-01
-9.593912270436822931e-01
1.627235375530442507e-01
2.639560318924907278e-01
1.002562498052094409e+00
1.500947896071904264e+00
1.198802996134535670e+00
3.825073404407469679e-01
1.229054128177842653e+00
1.079041660011026416e+00
4.339892662823582326e-01
2.678375178885962882e+00
1.042927015883038377e+00
6.424173320910636642e-01
4.466425770414298446e-01
-1.771109399335537571e-01
4.875121707243740277e-01
2.199119608712700735e-01
-1.580108325279867998e+00
-4.116784794895166355e-01
-1.020478929907875143e+00
7.315282677462087157e-01
-8.496361263693867905e-01
1.762821760973460883e+00
1.919886215542099039e+00
2.702269775029795262e-01
2.978429875251840109e-01
-2.187812499053025661e-01
2.754810525138915445e-01
1.394099792118004721e+00
6.882229393820253893e-01
1.321093149881251261e+00
8.887637685559142131e-01
-9.377959189932200124e-01
-3.469702423329851237e-01
-1.260798990624826033e+00
-8.863622772508277237e-01
-8.963624680976010062e-01
5.451837611239427339e-01
9.706815620395293776e-01
4.005417612028733254e-01
9.582569454374848528e-01
2.083521079788099861e+00
1.727062025246173249e+00
1.781486426209597962e+00
1.413653675406628230e+00
2.029742343220149792e+00
9.191546352814419230e-01
9.314843616931478554e-01
3.101891484383723974e+00
-3.324924891294918083e-01
1.449983247762593130e+00
5.870407005506679265e-01
-7.388532277246810942e-01
7.266365428220911138e-01
2.545553324085800817e+00
2.482187597575821192e-01
-3.664206987430025375e-01
-1.609159571718942860e+00
-2.020917911613457463e+00
-6.623854962762162346e-01
-2.033100673807618497e-01
-1.794484453012861191e-01
-1.098869091198177328e+00
4.731447289486703234e-01
-9.718964950961368476e-01
-1.826066173524591330e+00
-1.339568169683772902e+00
-8.633594048955570699e-01
-5.281170094408773608e-01
-7.884786276092700108e-01
-8.627560686505043597e-01
-2.773209914196900883e+00
1.815177369126710794e+00
5.955633463658558391e-01
5.332007728190435447e-01
1.156020129139090358e-02
1.641164432366165826e+00
-7.358775757801592210e-01
-1.643789559331342964e+00
-7.848477492799189603e-01
-1.642280767174581380e+00
-2.813608439116737081e-01
2.781085408741583720e-01
-1.190768639611186508e+00
-5.600877478648924601e-01
-1.252279375679079765e+00
-9.702538801276429092e-01
7.760261230211841221e-01
7.941917033756878963e-01
1.654994598541675632e+00
1.696469650359344827e+00
1.635186292222836180e+00
1.525688045785005276e-01
-9.962581259644726073e-01
-1.832690941090627135e+00
-1.340382019229700905e+00
-1.800436444664235136e+00
