8.406649799138350421e-01
-6.683625666472519100e-01
1.443907354431468448e-01
-4.304564965456841863e-01
-1.096762592487288135e+00
-5.362506999897869164e-01
-1.313889221128758500e+00
1.192229477566928431e-01
-2.104199928010510590e+00
-5.970617377002729320e-01
-2.389239534440775969e+00
-2.218279230509391020e+00
-1.332809886131913757e+00
2.382964116116863540e-01
-3.890025217575482364e-01
1.536838187742320283e+00
1.359298455763920943e-01
-6.489482328648870091e-01
8.743648997447255322e-01
1.005242118892711867e+00
1.337696234102955017e+00
7.033484348352714299e-01
8.922887143541751165e-01
1.066468772649128871e+00
8.997844645736098323e-01
1.028207467049352397e+00
1.231790085571404791e-02
1.099794736520267602e+00
1.269255668989026864e+00
1.828888770567162148e+00
-8.545331582960034034e-01
-1.449022228196207962e+00
-7.530515475698145167e-01
-5.855794263659123144e-01
-7.342850845497723711e-01
3.806743912749435133e-01
2.264587692781287576e+00
2.065788051657314384e+00
4.808313002706232631e-01
1.783506826949919688e+00
7.653122406585943782e-02
5.523892507114090966e-01
-8.345736852105716252e-01
1.285873946158291314e-01
8.750162586521765817e-01
-1.201949585186041336e+00
-8.832779874566960565e-01
-1.813871249447875922e+00
-1.450273718920306765e+00
-1.807439449072174575e+00
1.232017560788606581e+00
2.023837716487818295e+00
1.546745830618599715e+00
1.024095367041424121e+00
1.792287752899923259e+00
8.706193684342197203e-01
-4.652767641759054662e-01
2.205073100912176010e+00
1.572674806483695953e+00
7.814688735777521877e-01
-2.634699969566183242e-01
1.332017944524799269e+00
-3.242999219223994256e-01
1.103036019195179129e+00
5.858934420708317159e-01
7.104268402747730971e-01
1.827696585602906154e+00
1.557531353397735518e+00
2.964309424516373692e-01
-3.682092121298752296e-01
-1.991432364708936920e+00
-1.861392745036998031e+00
-2.372124416413158299e-01
-9.160623085145254141e-01
6.764850591005580061e-01
9.247485456053916586e-02
-1.735125321276132837e+00
-1.608246237434928005e+00
9.794821613208324340e-01
-1.772652582529118614e+00
-3.909416317924357953e-01
-1.106043404329356994e+00
6.221570093937600632e-02
-1.125099812336503025e+00
-1.269307534410763827e+00
5.031495334852582602e-01
1.584456700902384885e+00
2.133699923078240523e+00
2.540176630265786883e+00
4.816596582103307433e-01
-7.403356517042092300e-01
-8.229955564301381088e-01
5.992995208070541757e-01
-1.668888871884574687e+00
-4.646152502440415999e-01
-1.148611118870227932e+00
-3.037879605840354991e+00
-1.439937687199792649e+00
-2.409015645901531055e-01
-1.377138916932164170e+00
-6.301268984478742841e-01
4.779799163360297642e-01
-3.673190308079852251e-01
2.259628464238113033e+00
4.417607670001810760e-02
-1.696350143516652587e+00
-5.971097568613070727e-01
-1.177578731544755231e+00
-3.288229437319298842e-01
1.532106754916773284e-03
7.326598600286508001e-01
1.074949550689267008e+00
1.746345968722992303e+00
3.129630843188891953e-01
6.461390006660354679e-01
9.968835048039298430e-01
1.957313837239407661e+00
1.072982608981128738e+00
-9.320036009074694761e-01
2.598619823467728907e+00
1.441239673815098321e+00
6.918541277473211348e-01
1.300239983736686700e+00
1.247621940680822217e+00
7.821613560473988924e-01
-1.148471057904734582e+00
-5.745961548286175891e-01
-7.956697213562869964e-01
-9.534307001311699281e-01
-3.224348069341549383e-01
-1.656330055105421417e+00
-7.595684340816007962e-01
-7.650077025467365566e-01
-2.398788668135931168e+00
-1.034698974853790920e+00
-1.669568998627336542e-01
-1.486423692780862948e+00
-8.985395203955893750e-01
-1.007053274644142737e+00
-5.672218895470948485e-01
6.340701378226620832e-01
2.279826996458493849e-01
9.029001794794133673e-02
1.033489070937684051e+00
1.678031694806977114e+00
-2.105189750333632759e+00
-1.744110268026261235e+00
-5.121688735243827839e-01
-1.952275771676972527e+00
-1.771488684135051006e+00
-8.589191671342699674e-01
-9.272753870638597018e-01
-2.475132256904453598e+00
-3.755246819095955368e-01
-1.049806001426704549e+00
-5.693157950090066421e-03
2.227190576806467703e+00
9.708030026037542948e-01
-1.145772090114913766e-01
1.103876900365934555e+00
-1.287167036753198435e+00
-7.437395147353774716e-01
-1.470372389432184290e+00
-9.702744552268925959e-01
1.664211256557113217e-01
-1.887806452095679655e+00
-9.375706640352250432e-01
-1.906559287166484040e+00
-2.956371450566568360e-01
-9.331708166848142749e-01
-1.652421653415080627e+00
-1.051634684795752728e+00
-1.359634315347596045e+00
-1.567459901162836289e+00
-1.514600854202214020e+00
-3.717957335870180069e-01
-1.575127477815831067e+00
-8.507280375541491635e-01
-6.041381748240390870e-01
-1.989646309247519840e+00
1.229484272599310923e+00
5.721456456091207343e-01
-3.883435455293224869e-01
6.794080262196140474e-01
1.295741773991833323e+00
1.638594983075705613e+00
1.149999109294692401e+00
6.159056302238017366e-01
1.286140060016874198e+00
1.508995967207904521e-01
1.702078922537958672e+00
-3.748617527721127551e-01
9.514259859606266634e-01
1.275806960177007232e-01
2.089559373849359414e+00
-5.619310359773992403e-01
4.292489837208126602e-01
-5.993903859283261637e-01
-1.345018314024003292e+00
-3.849896076381953414e-01
8.793228440445652883e-01
9.589984530232438242e-01
1.362623093933751806e+00
1.041729153446434353e+00
2.303763394972423661e+00
7.595133498019424056e-01
7.836155351968679961e-01
6.005970612891819993e-02
4.290878609794034348e-01
2.650116709142996019e+00
-1.772977898001775854e+00
2.985527726722283504e-01
-9.203198206738871789e-02
-1.131525544795813243e+00
-4.156258250457648407e-01
-1.624270377210759175e-01
1.296726293049202283e+00
1.334035507576093904e+00
3.539761236298456515e-01
5.544620112876523788e-01
7.306129709694304530e-01
-7.603997725901777693e-01
-1.988192842140088068e+00
-1.408035470085079455e+00
2.413891293406944527e-01
-6.590838229873613452e-01
-3.620113535844763364e-01
-6.515900730850887612e-01
-9.823380304094433413e-01
-2.385649805532795042e+00
-2.619153899378056316e+00
-1.104931587487471445e+00
-1.632958292375007225e+00
-6.773981850998272991e-01
1.990274351335115099e-01
-2.493011289170383726e-01
2.482256617486952699e+00
2.799133702070430996e-01
8.296871019468462505e-01
6.611109903821492662e-01
1.588167702365487877e+00
1.681637940889978200e+00
6.101782763034360180e-01
1.173435933789184871e+00
1.302473852874296290e+00
1.690435992053663572e+00
4.220960269260586317e-01
1.803159895878922114e+00
1.655822978945833857e+00
3.206896439314832481e-02
-7.946445818996266119e-01
1.290040353780522508e+00
-1.426979334321859749e+00
-1.511619026747268446e+00
-2.761231906024679716e+00
1.972197490188665192e+00
1.048530877251421023e+00
1.424936129568208365e+00
1.481586759118587171e+00
9.270154414298741319e-01
7.987103522358218743e-01
6.398009751520730148e-01
1.748601357979773230e+00
6.747143352584570319e-01
3.909685864794244514e-01
-1.691497986629806327e-01
7.308448314506663657e-01
-1.073101908411291161e+00
-1.364942105459800770e+00
-1.159084494882002492e+00
9.094760242125554672e-01
-3.546035269413347901e-01
3.566706960757374256e-01
-3.876447868937265007e-01
1.793152293125352958e+00
-2.001684222429728433e+00
-1.370860312271942050e+00
-2.851909096329490190e-01
-1.312474025269612987e+00
7.050470719465058433e-01
-1.094487519303233070e+00
-1.462953459499565234e+00
-1.582958378566974300e+00
-4.894245228997506914e-02
-1.424099559554052208e+00
-2.128657281692776237e+00
-1.822817997076038310e+00
-2.170717084973007971e+00
-1.138712273601445446e+00
-3.916635993404925520e-01
4.520052343101156334e-01
1.385462344655019384e+00
5.208635601490434475e-01
3.575444782056842907e+00
2.359619689547330701e+00
1.689546288897279425e+00
6.916814164981781587e-01
1.412205562368738176e+00
5.443938235297558492e-01
8.781127078604874514e-01
1.487965098682419773e+00
1.139378375275116095e+00
1.290311595048699411e+00
9.361205853510888852e-01
-6.574991332547663880e-02
-6.387555159410391870e-01
7.509913449558531795e-01
-6.307981989070998718e-01
-6.394749294362833680e-02
1.274852412611986452e-01
5.612822371468157989e-01
5.331614425883062225e-01
1.644736755620305413e+00
2.845810010496523379e-01
2.656157478059384403e+00
9.937578110649250007e-01
1.234526634900821040e+00
2.095820490284395099e+00
-9.363026214939929037e-01
4.267863391941102424e-01
-1.941740270185544626e+00
-9.025453541746788488e-01
-6.215871204123287752e-01
-6.327909887039206982e-01
-1.314373905260631137e+00
1.319269080208688383e+00
1.757087340168001166e+00
8.457179413449393834e-01
4.414922421972897748e-01
2.062615046860035939e+00
-3.014357963967512211e-01
-2.636334440258637501e-01
-4.296451222670131243e-01
-1.277637938973287479e+00
-1.289135658734394951e+00
-1.770952143489063602e+00
-1.274806744530203373e+00
7.951814774136403141e-01
-9.171901040058264565e-01
-1.134943076753212043e+00
-1.462879341966801583e+00
-3.253892563465672350e-01
-1.308690036522083044e+00
-2.288844189705423027e+00
-8.537929263234428356e-01
-9.847498105706216087e-01
9.745005917755248381e-01
-1.862896310331916272e-01
1.131718580942894237e+00
1.107592301339039853e+00
1.197099249865241077e-02
1.777676468952608335e+00
8.281352922855013121e-01
1.814345080595182846e+00
5.959267798284351159e-01
7.034243728136879703e-01
-1.404627773954092440e-01
1.113962767964353340e+00
7.857555317302300502e-01
1.258294377359551186e+00
-1.582362721382625459e+00
-5.887621288675121134e-01
-8.552592527178192183e-01
-6.117392041254696711e-01
-6.099366451400398681e-01
9.284119086206591431e-01
-8.803473529473142545e-01
1.390109796495448968e+00
1.406002306080500253e+00
3.801793491236927780e-01
-1.035049768412770188e-01
1.383620133028944155e+00
3.606027171906260875e-01
4.282421129680622496e-01
4.957986962646293572e-01
-1.004631074894662968e+00
-1.930785044380761706e-01
-1.718696223557417690e+00
-7.445409590452900517e-02
-6.478179588208230477e-01
-3.758029291457198884e-01
2.554211290200385065e+00
1.464777484516943673e-02
1.621316241850067730e+00
2.726670717645448550e-01
1.059057442205501687e+00
3.744270697349079136e-01
2.007141952024508846e+00
7.301611185673502202e-01
7.353263596509971300e-01
9.076727897468233053e-01
2.410115528257559703e+00
2.974127534441388665e-01
-2.577614782234505242e-01
8.068206375984685597e-01
1.008116796272401139e+00
1.250225815960589237e+00
4.995391335546607303e-01
1.506944735572103511e+00
9.413130300545591300e-01
-1.197788473096760731e+00
-6.365566445993762201e-01
-4.301595195286115336e-01
-1.166635876954854822e+00
-2.489552805419562809e+00
-9.379719539107078674e-02
-1.897797397393224950e+00
-4.211679937751179326e-01
-1.250041273771179906e+00
4.460177930645459199e-03
-1.105709970530741160e+00
5.341425768620060577e-01
-1.305934718118277660e+00
-1.344770123886352975e+00
-1.564251717671772735e+00
4.049796793929418826e-01
1.372966321743472218e+00
3.288574284106605683e-01
4.445113327239696988e-01
4.081899532109405371e-01
-1.340385126436995922e+00
-2.016698330761518498e+00
-1.095664056962195154e+00
-6.706879670644434466e-01
-1.317748173010090618e+00
-1.149060005084112213e+00
-1.983008799654916832e+00
-1.541316631443767848e+00
-1.335183193029620741e+00
-7.730812398012928410e-01
6.462126781353088045e-01
4.308487916304070131e-01
1.622649935062875359e+00
6.188761205409477606e-01
1.296382455157890856e+00
9.786570956773665841e-02
-1.796595629595511223e+00
-1.929813401394718575e+00
2.184054850054455432e-01
-5.315760036114212106e-01
-8.411250807520167516e-01
-2.925732793758282213e+00
-7.527943957836512601e-01
-3.596140106251848323e-01
-1.618061609744046780e+00
-9.487562434008438572e-01
-1.384947071344926339e+00
-1.417101956452943012e+00
-1.676713035517476413e+00
-7.873468576314638367e-01
-1.060357153586035661e+00
-1.203570658746059951e+00
-2.232476309092273903e-01
-1.203107197022855734e-01
-4.728973117352275324e-01
1.786082547794705988e+00
7.642060854334943309e-01
2.930353867528900924e+00
1.262239050285451913e+00
-1.151756623374535771e-01
2.907479577556028039e-01
1.257540633843428068e+00
2.856111083748897883e-01
1.115700151978415322e+00
3.192932088992317397e-02
1.133615350657450671e+00
1.152344760520282341e+00
1.638385822727376873e+00
8.770745966121791248e-01
9.283356447363030339e-01
-1.923735924780384909e+00
-9.059055303146931193e-01
-1.017105401946375220e+00
2.241063599299872866e-01
-1.558279016682901252e+00
2.212405650306106253e+00
1.836677929875196735e+00
1.916932889125438688e+00
1.936483147842574803e+00
1.166354210466318264e+00
2.339383321562100271e+00
2.414199821122732459e+00
1.348975163874073457e+00
8.447087983571890391e-01
-9.467326495441843459e-01
-6.918681439676650502e-01
-1.921576630486468762e+00
-8.918232210354968270e-01
-1.716763432859072402e+00
-1.870842452873419548e+00
2.543317878434455892e+00
1.119659862509694959e+00
4.304220829069161924e-01
6.672337647886679157e-01
1.906204178983436304e+00
1.151314789842425190e+00
3.955128399811416173e-01
-1.040181125502184667e+00
1.712374835909856285e+00
5.137760362989376439e-01
2.132390983440558330e+00
1.184387146577487115e+00
5.112768614434268777e-01
1.902257979511665642e+00
1.737179115979806010e+00
1.820861648641378894e+00
2.429570889939078882e+00
1.515111614914325333e+00
9.662472886266646466e-01
2.317814053643620475e+00
-9.884296142481097114e-03
-1.525370149169927636e+00
1.825426509472465320e-01
-2.160069065871613070e+00
-7.533479826186892936e-01
9.796258189726225751e-02
-9.438479080449754255e-01
-4.766927021425161337e-01
-2.954534553354957183e-01
-1.620635720277460834e+00
-1.675309498479520265e-01
-5.910114571287141683e-01
-1.451141541404951107e+00
5.773055250115519677e-01
-1.107650328093672476e+00
9.460010150609899915e-01
8.215164333496060012e-01
9.244498884234827463e-01
-1.696473669749989366e-01
7.015185041745217731e-01
-1.784706912485909847e+00
-4.289084251776896783e-01
-2.377650858911003695e+00
7.028376409613437126e-01
-5.962789740476995837e-01
-2.335985256638506424e-02
-2.217520078387729132e-01
-1.033831147243569726e+00
-1.534016494307529399e+00
-1.140631417328762387e+00
5.086699950430841888e-01
9.680164024758060037e-01
1.032170547096697977e+00
7.480392080917128705e-01
1.425188574414597564e+00
-2.007211936998353430e+00
-1.677714869928234487e+00
-1.304815690247858484e+00
-1.098864135034204770e+00
-1.195804344362134897e+00
3.265574514514645310e-01
1.653972415831388432e-01
1.906539527080060026e+00
5.712583792865626453e-01
8.620358611283499561e-01
5.824907129331816646e-01
9.453295241035045704e-01
7.158675951607484933e-02
2.208222003650712750e+00
9.142466837382072775e-01
1.746491697031439916e+00
2.846513195697797372e-01
9.642168496903532615e-01
2.514210119940833987e-01
6.462208083039312490e-01
-1.879364700367617935e+00
-1.761324509534731630e+00
-6.975796212049309997e-01
-2.031990873316728008e-01
-1.937807434795752126e+00
-7.580937522577262389e-01
-1.028042383895886314e-01
-1.791766081050045756e+00
-9.533839690868955996e-01
-1.003461202867045543e+00
-1.110485951227330403e+00
-1.606546832158517457e+00
-4.639175834984979874e-01
-1.427891873519720800e+00
-3.493562950363759967e+00
1.447276539865937295e+00
7.170471914122343859e-01
1.096962866128115666e+00
1.165336017129589008e+00
3.855690783430206769e-01
-1.706992723208131668e+00
-7.650592428109963539e-01
-2.025906266985559867e+00
-2.086088948586144021e+00
-1.188843019711707027e+00
-6.286551835803009247e-01
-1.368612508434918107e+00
7.007359737278691103e-01
-5.759838471735132526e-01
-2.379833985890198456e+00
-5.241830367165862814e-01
9.434133314565441575e-01
9.355724464844108468e-01
9.333087874977090692e-01
1.659542357112846478e+00
6.458119548910077334e-01
-1.272551753293421850e+00
-9.825456409489278231e-01
-1.259392022691879776e+00
-1.163778052632549187e+00
1.763155267384940217e+00
4.081746690112697529e-02
-7.954481979133813940e-01
1.257748828496184412e+00
1.832056675232587084e+00
1.682680985653537409e+00
1.774062050944739788e+00
1.523284833817719619e+00
2.346711734068853694e+00
1.700651274967565296e+00
9.481263359953047143e-01
2.344407763647895049e+00
-4.189813308483434362e-01
9.233710536098933552e-01
1.770255518651644433e+00
-1.235589364502633902e+00
-2.007525266250926865e+00
1.532187166271423706e-01
-1.591304576897187850e+00
-2.398595012441131047e+00
-1.031158146132452824e+00
-6.187105571356410483e-01
-1.772141802217701123e+00
-8.688815030009042761e-01
-9.222089649995046656e-03
-5.101567109146064594e-01
-1.596902648601448149e+00
1.207217666793738431e-01
-9.215200451322856923e-01
-1.066074021275557726e+00
1.380737551319638268e+00
7.224806514889914322e-02
2.294384276517722476e-01
7.467826946258256937e-01
-4.377460732557361123e-01
-5.461478581744247940e-01
-9.236810883029271668e-01
4.035814494980192180e-01
-8.523445455769271817e-01
-1.446916966608582156e+00
-6.251059033354665617e-01
-2.944346755635955937e-01
-1.348178009924406062e+00
-1.258710526124291018e+00
-5.696963076782138868e-01
1.417301891665451841e+00
4.651861957820516702e-01
2.576523053000712160e-01
1.147159399970145044e+00
-3.296324585217318415e-01
-1.795360558207997226e+00
-1.719148060792514698e+00
4.518589218628314974e-01
-9.067402889188713733e-02
-5.484281612249335414e-01
-3.197100155022414292e-01
1.985278630751610152e-01
-1.177439655021620624e+00
-7.140433109849178006e-01
3.076787731925849645e-01
-9.614173231332173719e-01
-1.548756749521604359e+00
-1.525267594283273187e+00
-1.559219965655666007e-01
-4.457622170742441270e-01
-1.105854339323020907e+00
-2.087191254007483288e-01
-1.653400906003616111e+00
-5.704972762122846319e-01
-1.756172949450713894e-01
-1.558305133712105661e-01
1.261846544915315116e+00
6.479160063549677107e-01
1.916339299975366339e+00
2.863568738882271703e-01
2.188784030981513418e+00
5.427733153138459832e-01
1.164675726085384611e+00
1.685705421231985524e+00
-2.741451640901724218e-01
1.158847658345329101e+00
2.268918574087058992e+00
4.744359395599745399e-01
-3.231908516449193414e-01
2.320944213393286937e+00
1.472869280268784831e-01
-1.138763140277444297e+00
-6.496751356731642613e-01
-2.350496627972074037e-01
-1.058972154814226574e+00
7.508026138735083288e-01
1.257224099813358809e+00
-1.351760246361636941e+00
5.892705900304060496e-01
-2.385073764839056309e-01
4.463733174185854358e-01
1.695376977719972977e+00
4.827408863153858087e-01
9.659153474329420508e-01
2.903683446688435366e-01
7.815129876071660320e-01
-1.200743344216897546e+00
-1.543209954749258150e+00
2.327502892960167102e-01
1.045368113312934444e-01
9.843153853966493116e-01
1.809780796496500699e+00
-1.347986592447569798e-02
7.320500868742899625e-01
1.188141508317461792e+00
-2.878549618866281357e+00
-3.539522113552717730e-02
-1.993915694837921304e+00
-5.045991324229697206e-01
-8.813210566551081815e-01
-7.141618639222337972e-01
-7.842848730377016686e-02
7.011016089761608061e-01
-1.789797764008346004e+00
-2.137158512341680972e+00
-3.926564910007478426e-01
-9.375719279659469052e-01
-2.057513323578635589e+00
-1.732890620884655508e+00
-2.230771052775319507e+00
5.865811020154287903e-01
6.398500193472163033e-01
1.174703676242232264e+00
1.036336144175481255e+00
1.830121250966471935e+00
8.248352469760399375e-01
1.011490596634709638e+00
4.191785605938621595e-01
1.811247926962135102e-01
2.194467754424434425e+00
2.145490416758756957e+00
4.655335424892266261e-01
9.846887633432456211e-01
1.203397978405308821e+00
2.162600075901209840e-01
-2.048250821066634142e+00
-1.085902654589726346e+00
-1.702675381531493226e+00
1.355683522453072776e-01
1.682008741367908566e-01
1.020544466261394945e+00
2.681349218599998530e+00
7.779310015479217189e-01
1.239885777242320630e+00
3.449332584949793556e-01
4.715872554044461262e-01
1.172704300787595910e+00
1.226713840907893704e+00
-7.125984160041143323e-01
3.047750124554915452e-01
-1.617037662386588526e+00
-1.699376625541942687e+00
-2.464674741342006037e+00
-2.225433571231205221e+00
-4.302665039941599989e-01
4.770682898340380396e-01
1.552902965481357533e+00
1.766101575647450517e+00
9.142720449812145045e-01
9.704448943657787430e-01
2.072610402840513899e+00
1.620359944859957047e+00
1.824465577649213577e-01
2.281306918753951862e+00
7.034456738561418732e-01
1.746422942569042736e+00
1.649385043069157231e+00
1.058906817073075546e+00
6.243198705445336394e-01
1.211223915639048077e+00
1.205109599758368066e+00
1.141511256222133897e+00
9.255288015595787288e-01
2.042924603918301329e+00
1.468542184664880290e+00
-1.313888228853507201e+00
-1.086650417827277559e+00
-1.389803869226722943e+00
-1.133610336574852884e+00
-1.104940966639490485e-01
-1.066607686463622473e+00
-1.676672951763351627e+00
-1.718440892713060553e+00
-9.136095091354201614e-02
-1.231627059950738179e+00
-2.501239276954947854e+00
-1.375514623213857091e+00
-1.498376314220402516e+00
-8.704014407022419020e-01
-7.386686124647814378e-01
2.276008615774289368e+00
1.600993012872120369e+00
1.886656737364902137e+00
1.790890897706465479e+00
1.213087990364103641e+00
-1.208171868467203813e-01
-2.681532247569692551e+00
-5.953821030592043595e-02
-7.219478753540629068e-01
-7.499621397072024909e-01
-2.713506542400462962e+00
-1.666728417221257086e+00
-1.531073480981502088e+00
5.116610038277726868e-01
-2.277461600496395455e-01
1.009135909711206258e+00
9.026605537704355253e-01
1.114554993599624400e+00
1.026745162351273999e+00
1.958452595134616114e+00
-1.254196378691795788e+00
-1.531112699429808099e+00
-4.633329989838222973e-01
-7.449950119310351226e-01
-8.039705692671208492e-01
-1.700161778904292209e+00
-1.935537676597586909e+00
-2.554548634149651498e-01
-1.319785749294143384e+00
-7.931034451051512946e-01
-2.383997160359148992e+00
-9.839820582995764120e-01
-7.577991639108462296e-01
-2.084132825717963655e+00
-4.749568393945785560e-01
-2.230677282285383534e+00
2.636769762599189271e-02
-2.980000273563859770e-01
-1.118772228858046835e+00
-1.053588830967849832e+00
9.412741512349774853e-01
2.196357854487418493e+00
2.064217545817617960e+00
2.258609223837256152e+00
2.592067814165565753e+00
1.318556350321249404e+00
1.996655103428523370e+00
2.508734553249413857e+00
1.308010798409537045e+00
2.088931306397031840e+00
1.189845987739702071e+00
1.513394238259914815e+00
2.626149318419518375e-01
5.685392766428640776e-01
2.189888423842464515e+00
-4.744783587442414907e-01
-1.443081577368908519e+00
-3.310563473084365826e-01
-8.638591526793438780e-01
-2.980922905475857920e-01
1.677567930648388606e+00
1.490569920328885578e+00
8.573785111457864483e-01
1.292891673511886275e+00
1.670540741587345668e+00
8.197214814796950355e-01
7.234017878568481663e-01
1.917232369448720775e+00
2.435228199446715536e+00
7.841236271010015857e-01
-1.136546315659320738e+00
-1.451530895450734882e+00
-9.256440562114641724e-01
-2.162187668722290290e+00
-1.375407771563853299e+00
1.276023315876529951e+00
9.830780062231573302e-01
1.250439215598045051e+00
4.745702743930939604e-01
1.971998456453571968e+00
-5.692166576732570205e-01
-1.010993485619343213e+00
-1.612119617450404441e+00
-1.681480060910336194e+00
-1.392453403058313999e+00
-8.370993054188262672e-01
-1.413683999517595602e+00
-6.051754603852463887e-01
-1.129914942353129392e+00
-7.806870766260686212e-01
-4.615324868891935717e-01
-6.013073366969790001e-02
-8.439098193890997024e-01
-1.205224784409324901e+00
-4.732640578387645736e-01
2.113269132801729455e-01
1.658175069465137597e+00
-7.520019609384700487e-01
1.405779205284737321e-01
1.760941736972660987e-01
1.889394339332311157e+00
-5.086904847083459913e-01
1.131752963701324166e+00
1.100629926639879574e+00
1.142017160840055556e+00
5.848091443987155635e-01
2.343384750110116599e+00
2.229800702206596430e+00
4.372404274333528962e-01
1.425453838728488076e+00
-1.559090993652011425e+00
-1.296522935632115736e+00
-7.188290648241014713e-01
-1.691994246633282462e+00
-5.226457118119441914e-01
1.431368924463762626e+00
4.414394410647904943e-01
-6.170232608207688596e-01
1.391958934077589749e+00
1.306240312985923913e+00
1.714729378043173380e+00
4.370938748785738737e-01
8.041435508439999102e-01
-1.125610100012617298e-01
1.771142951433185786e+00
-9.148275876588429778e-02
6.622050801712786594e-01
-9.776016652009782426e-01
-1.054279520601567821e+00
-1.115224782068881204e+00
1.340752369019138079e+00
7.233408840711800236e-01
1.063745022533521434e+00
1.763023404732823929e+00
-1.341321408716120711e+00
8.044673791086309755e-03
8.606315422690082872e-01
9.024399107068314940e-01
8.743882984872011210e-01
6.067443697485159770e-01
-2.101628084967677168e-01
6.045303903526846323e-01
9.111720443594837349e-01
2.348465611548605558e+00
7.431264708922022955e-01
1.417294615640369404e+00
7.028518968952592871e-01
1.723300035260056262e+00
1.286037684428678274e+00
5.576782536401440060e-01
-2.329340503124819328e+00
-1.101671803879767042e+00
-1.108842523728074791e+00
-1.544872478408128913e+00
-1.098703006747034250e+00
1.182357915476377030e+00
-1.325273359570995346e+00
-1.853891213732028476e+00
-1.064819922965716925e+00
-3.345312607207032718e-01
-3.451653448920746659e+00
6.690564574673074638e-02
-1.479435366871168611e+00
-1.125796513849040892e+00
-1.000010009855285320e+00
-2.528831139439289277e-01
4.700243563979963346e-01
3.046805457786299964e+00
1.932069902658219984e+00
5.820016291562837285e-01
-7.542130594849064673e-01
-8.925265415717051898e-01
-1.116490960496592910e+00
-1.244453204905260790e+00
-9.821295212031542210e-01
-9.729302033915747661e-01
-1.827192207421510783e+00
3.361542790376572665e-01
-3.105595998460151996e+00
-1.521648579264909262e+00
6.142764441763894911e-01
9.656170906718662961e-01
3.790242811058003314e-01
2.685260912462872795e+00
6.081551599179320089e-01
-1.358507260749159506e+00
-1.589931031097734815e+00
-5.609686949947123580e-03
-1.319242008038721048e+00
-1.046066389488499615e+00
5.205054671109996534e-01
5.438210024595566683e-01
7.812428308305903180e-01
1.936527906321065196e+00
1.315009330008674038e+00
1.700755938582209303e+00
1.540808918498095093e+00
4.703577917679787612e-01
2.841350530392361406e-01
1.655278713203831131e+00
1.817775516754631671e+00
7.507303393750961451e-01
1.091255295366445166e+00
3.978631166358073123e-01
1.664517137338412223e+00
-1.093377830782870763e+00
-5.819253276496900718e-01
-5.114206423079832309e-01
-1.657405856079140705e+00
-1.654573022562354279e+00
-4.519283243323491961e-01
-1.033784694151576700e+00
-1.263088754293437699e-01
-6.692447202815137164e-01
-8.162306354872175262e-01
-9.702579977445590087e-01
-1.099596574093154144e+00
-1.713371261114585931e+00
-1.192249083371287099e+00
-1.765055416632709040e+00
1.437958140756694370e+00
2.177574496613410737e+00
2.795950377747908888e+00
1.699218928596364808e+00
1.308662976839729541e+00
-7.193417333463794083e-01
9.256641427414091794e-01
-1.476869994342057346e+00
-5.035387038593392983e-01
-9.935533614374285616e-01
-1.303573720772184252e+00
-1.880046426783700486e+00
-9.634808396612586368e-01
-7.429152196093369298e-02
-9.743139819361337217e-01
2.088344188931764212e+00
1.590735226693308579e+00
1.282409580946619831e+00
1.443158229511036783e+00
4.427228454322124085e-01
-2.506366683200364598e+00
-4.064686004150745990e-01
-1.722963847907018176e+00
-1.521444991723084339e+00
-2.112425586092884444e+00
-1.934349733809796135e+00
1.563601902474902605e-01
-1.176842687361250306e+00
-2.436460327307510276e-01
-1.292899023817293935e+00
-9.324126304680777633e-01
-2.827519632379236203e-01
1.051125534080468604e+00
-2.493398013506087807e+00
-1.235560294328257536e+00
-1.151143744757612941e+00
4.252552193420644500e-02
-1.414992343725993695e+00
-2.828810399966380507e-01
-6.176354685042644288e-01
1.641382886251485651e-01
8.920340854834968303e-01
5.449895077606886629e-01
1.022355038300816199e+00
-9.052278491825993534e-02
7.475089668798811093e-01
-8.794364892806556533e-01
5.850044090221268034e-01
1.167277956174421760e+00
1.937534947154832654e+00
2.967992676102676697e+00
4.876078112523080099e-01
1.100334395033836232e+00
-2.568292417606699019e-01
3.713058285411067194e-01
-1.241076065806006268e+00
-1.455720865627605720e+00
-4.570671577577600786e-02
-2.326863052160021983e-02
-1.836162837056737107e+00
1.962009149708882738e+00
5.732349061335495488e-01
-4.238089652639929206e-01
1.830526602679829029e+00
-9.646642676168259989e-02
-3.739461272549806647e-01
1.934926342931013510e+00
5.791998681853594011e-01
1.065229470007827306e+00
-2.660323742944861181e-01
-6.105569547227059912e-01
-7.820568940682148806e-01
-1.488960579313819643e+00
-1.305967882635701072e+00
-2.527369481056475742e+00
1.070226608848739325e+00
1.479891897572271908e+00
4.149798874976121654e-01
1.893275442385121909e+00
-6.307699878618162614e-01
1.434460825651355798e+00
1.821340179549583604e+00
2.297645965443162908e+00
1.739026920187625169e+00
-2.876022551737347221e-01
2.047857224525423625e+00
7.621798469763028105e-01
1.062829820075617437e+00
1.376602985449811856e-01
1.521903478173580959e+00
-2.628527383300727216e-01
1.514052577714210424e+00
2.374240913220404092e+00
6.853476513426779437e-01
1.037185233920054683e+00
-1.546284621883476706e+00
-1.541734155461347289e+00
-4.321391493973697484e-01
-9.109250110451417859e-01
-1.092894713893975744e+00
7.205754004008335656e-02
-6.701765097346760180e-01
-4.266333917684367316e-01
-2.101801060999485493e+00
-9.360222414250570777e-01
-2.483921455527338118e-01
-1.257927466414151763e+00
-6.608581575812921827e-01
-1.580039643362364021e+00
-4.922468724492173875e-01
1.122921804040953209e+00
2.021666812759947973e-01
1.464597311231041754e-01
4.371528661699236595e-01
1.199077291354029517e+00
-1.024812937697290760e+00
-2.116002599536997320e+00
-3.312082949898216278e-01
-1.775515228061758322e+00
-2.802417050011904998e-01
-4.855074919375444997e-01
-1.983213098331682023e-02
-2.053369889167081297e+00
8.632036370980025186e-01
-5.221820612978751441e-01
-1.228840754860891504e-01
1.463505743068450382e+00
1.283857234580211282e+00
-1.361320317926766332e-01
1.549738373680092263e+00
1.472081869968167034e-02
-1.605741274353048809e+00
-1.250570957009419892e+00
-1.460476236209127920e+00
-2.296155845514345373e+00
-2.020588180901853548e+00
-1.467376036283380980e+00
-4.856031133057260307e-01
3.411774574188619624e-03
-1.286393929992746710e+00
-1.486527420248748177e+00
-5.156799884037893689e-01
-1.817936749080338643e+00
-1.323491219732334745e+00
-9.085811972637622969e-01
-1.691462726529937566e+00
-8.780456792802043831e-01
-2.608105250304833866e+00
3.989482620354527498e-01
1.581012685784253247e-01
1.365348960326913774e+00
2.732934465919122147e+00
8.199718362030856689e-01
8.272416993954352371e-01
1.461377538179583491e+00
1.029581366834780187e+00
5.387529810353435256e-01
3.924542640941648397e-01
1.191916579382763075e+00
2.302860719560759772e-01
1.717474584373833491e+00
9.514564867202872644e-01
1.200438554768606281e+00
2.475888866562323098e+00
2.076561489696787888e+00
-3.503180517138970718e-01
-1.092772566725787486e+00
4.109488992971224164e-01
-1.716537681510609925e+00
-1.532903829858589084e+00
2.010368233259826276e+00
1.338279192921619787e-01
-6.005744946835589460e-02
2.588450048700617678e+00
8.724060224187377699e-01
2.538032390176213404e+00
6.678902532955277582e-02
-1.958888390432249604e-01
2.440950488139821850e+00
4.386437847562072445e-01
-1.550821435580587604e+00
-8.705424844870345291e-01
-1.212284797810535331e+00
-1.111749703966005143e-01
-1.284151479732581258e+00
1.771023459886397866e+00
1.644535301472252575e+00
7.574783518030395735e-01
3.267624614451437592e-01
1.032474306150819476e+00
6.624303618484579381e-01
1.560361002921785811e+00
6.300685520568125586e-01
-8.409770636708810976e-01
1.295037793390537262e+00
1.984934617559122927e+00
-5.843628428033340594e-01
1.736300188577729164e+00
8.572848861516626506e-01
-4.370502949345649313e-01
3.562249965166066623e-01
2.016290439810164425e-02
1.946614086084454964e+00
8.356900751823497231e-01
2.466761240851491621e+00
-8.218196487278628393e-01
-1.399673243549845569e+00
-2.614160347426612852e+00
-1.137275870631026864e+00
-5.831261595668608688e-01
-1.088267969363309939e+00
-2.034363549004777560e+00
-1.686051677619246014e+00
-7.197062034846951617e-01
-1.295519626421460790e+00
-1.568892211280121574e+00
-7.817933703850022953e-01
-4.905511191428533202e-01
-5.968361794187083680e-01
-2.083280804120246188e+00
1.241966201461647490e+00
2.681768042987258127e+00
3.479719102135337971e-01
9.965203451458903849e-01
2.388148968025541219e+00
1.362605306372275393e-01
-1.911697031896424814e+00
-1.597264540627625351e+00
-2.437952269144263440e-01
-9.845716555042701712e-01
-9.778310198958505284e-01
-1.156040008550428766e+00
5.517852653494517146e-01
-1.915465436349654382e+00
-1.145175918923068359e+00
1.968553933279467483e+00
5.541293562982544385e-01
-2.013036845641535955e-02
2.161256982862950871e+00
-1.467073919273482741e-01
-7.092153101881064625e-01
-1.165904453319045686e+00
-1.058453501719470724e-01
-9.318581034215167591e-02
-9.557161191974334891e-01
7.834768705768142549e-01
1.783562763255864825e-01
1.477625776949411440e+00
1.318607327947772356e+00
1.856356796073853399e+00
1.537616538830949509e+00
1.446485510469821545e-01
2.420837678489035749e+00
8.338517344604736703e-01
5.006313049089727851e-01
4.722444530985451250e-01
-6.085705718131866337e-01
1.578362944517706756e+00
5.819354611253673148e-01
9.477350449259793752e-01
-4.008058259826784431e-01
-1.580754892750534601e+00
-1.166792481734857390e+00
-7.482897340064147418e-01
-1.094622925956748594e+00
-1.402647032654740666e+00
-1.190759758552587755e+00
-1.201174435021919340e+00
-2.108382152684269428e-01
-7.192995722588340080e-01
-1.534137757080316300e+00
-8.867709948704272094e-02
-2.849806328140103595e+00
8.565356632227982825e-01
-9.556224729098768966e-01
3.127897826451043750e-01
1.825071519344288795e+00
2.226948356175983079e+00
1.287201895881689317e+00
1.674806091524680518e+00
-1.184936112896711968e+00
-8.304251127925099674e-01
-1.957133058671280512e+00
-1.491400516346201854e+00
-2.025691426500949355e+00
2.655147257905257074e-01
-1.292239556402758449e+00
-1.790864790937562567e+00
-1.413959842604743500e+00
-2.971958028656908057e-01
8.753556710709101685e-01
5.455499478806982161e-01
-3.382448829659674416e-01
8.961258356354429022e-02
8.651385929702742894e-01
-9.278014264325770144e-01
-2.219463351228523340e+00
-1.936040920369633600e+00
-3.531273335387755674e-01
-7.551695129065745249e-01
-7.694674128645563327e-01
-1.260241932155255595e+00
-1.286540329802443594e+00
-9.332136121699881048e-01
-8.241403074907024395e-01
2.453544871959338902e-01
-1.317843843573043294e+00
4.607124595833145264e-02
-1.858609751611375760e+00
-5.282061861214151222e-01
-1.444863667008555730e+00
-1.858202198227664415e+00
4.543456510326759901e-01
-8.694239370752278040e-01
-1.931714437537350726e-01
1.418811798168819527e+00
1.661988376493405806e+00
8.818886522578384124e-01
1.050270845847508516e-01
1.667766087092948046e+00
-2.310402091958096982e-02
1.478610104531535185e+00
-2.001947956199487955e-01
2.619885250044296399e+00
6.159337336158798859e-01
-8.983074783547277953e-01
7.796247534136426793e-01
1.016464680297068934e-01
9.462543810970449609e-01
1.703358253288202562e+00
-8.280878244407077204e-01
-2.319703627271927360e+00
-1.118627054290322054e+00
-1.253223153398368428e+00
-5.169700022274112960e-01
1.965407310887908654e+00
1.045595361267174450e+00
6.893914496724491414e-01
6.722470052691328357e-01
1.249882521526936907e+00
8.306084976769552153e-01
-9.328890672371550341e-01
1.458499750002464346e+00
2.871071925135471048e-01
6.742831266036652949e-01
-1.551708218511134385e+00
-1.035591669088350431e+00
-8.195254200462606109e-01
-4.064855948084085124e-01
7.837374214689116769e-01
4.372732248830952795e-01
1.857642585150682146e+00
2.065086999194646999e+00
1.628922288825068954e+00
3.055550912320637025e-02
1.221383383246304577e+00
2.903718195838964178e+00
8.512658782238896604e-01
7.985324103172023458e-01
2.265172409385682428e+00
1.681411535828617243e+00
1.596994816946151419e+00
-7.864591032116119429e-02
8.583856563501787162e-01
1.950562019860890617e+00
2.711837516308046148e+00
4.351861819286699795e-01
1.000631692833485076e+00
1.168147949457980506e+00
2.205729467829727675e+00
3.494635176372962171e-02
-1.227925689463709169e+00
-1.505546154030495076e+00
-1.671161922683711332e+00
-2.006053735914069769e+00
2.786101949115340481e-01
-1.849262226634641237e+00
-1.681567541930808929e+00
2.320594761606906697e-01
-1.063804598500911691e+00
-5.441330603891374462e-01
-5.209823676148175320e-01
-1.037924174359859730e+00
-7.513183674882372154e-01
3.308207453073803705e-01
1.124377284710272429e+00
3.237019061479535775e+00
2.103708438523853808e+00
-5.930437570285231885e-01
1.991751555096636928e+00
-1.500650230865335777e-01
-1.883127140075885553e+00
-1.244189472400383245e+00
-1.204374124791710132e+00
-1.585684375174093219e+00
-1.506706711303297475e+00
2.729136665557163610e-01
-2.072960691487390594e+00
-4.022215381580932503e-01
-8.782880330273798997e-01
1.504293562986241728e+00
2.480798428469019878e+00
1.774268779618133784e+00
2.000674103745588184e+00
1.321262462063637955e+00
1.864575180541787613e-01
-1.798322187569618036e+00
1.016410723281799822e-01
-3.140003272742389884e-01
-2.100223249534412417e+00
8.290884388744498290e-01
1.047181805548135891e+00
3.496977101309085567e-01
1.577781592527208065e+00
1.249524032925164896e+00
2.696860933879203337e+00
1.377925156706320431e+00
1.825168041996615642e+00
1.559483205787700166e+00
3.267693034558223353e-01
6.082683533416849420e-01
1.241169052037829346e+00
1.638563135922606939e+00
-7.398235653358664621e-02
2.073745545670320212e+00
-1.483449074331987472e+00
-8.301453194799368607e-02
-9.074211057068617414e-01
-7.434019899339058268e-01
-1.427000336143097625e+00
2.206852075747991471e-01
-3.225958630743416933e+00
-1.791151272042094567e+00
-1.739824029619620571e+00
-1.382665227934754215e+00
-1.937206848428038697e+00
-1.560535983726956566e+00
-1.471543487810539119e+00
-1.048924932831843515e+00
-5.703522729566743443e-01
1.590262332105623067e-01
2.190258380256743465e+00
9.743349959366568447e-01
3.244989345526765767e+00
2.189943078056995951e+00
-3.979561263167186169e-01
-5.932329898543942104e-02
-4.117375905500783029e-01
-1.190327832135897657e+00
-2.687303924272689493e+00
-4.329504967820760886e-01
-1.571974179882698497e+00
-6.379900806122948964e-01
-8.078204034272034040e-01
-1.425975521310385963e+00
1.248263401165246034e+00
2.536045582921714336e-01
2.400391823423832172e+00
1.503536446199440935e+00
-1.872587746956628774e-01
-7.640754988712994411e-01
-2.512434972701419689e+00
-2.295992908448581948e-01
1.013733859230423473e+00
-1.483824200118959435e+00
-8.211185829719225282e-02
-2.734731470294851974e+00
-8.939092777736983297e-01
-1.455779767708568873e+00
-1.456562402117358213e+00
-4.426115626767300748e-01
8.408418699018893605e-02
-1.103599652875238535e+00
-4.333721527948062313e-01
-1.405081522776875147e+00
7.584274486163584683e-01
-6.633700772902650922e-02
-1.068721014299719663e+00
-3.849897402549533609e-01
-1.065638628206175831e+00
4.113402329919393363e-01
1.171109335912854599e+00
2.206601496183946409e+00
-3.884602938981951414e-01
5.521880915498966758e-02
8.105085907572344706e-01
7.660551337676495542e-01
6.950954275724376963e-01
1.783427542889277184e+00
2.773440374551817911e+00
7.568285943233170610e-01
9.085563048401469333e-01
2.404140136508190473e-01
-3.143578721139783649e-01
1.650587088550345527e+00
-2.975273712977569707e-01
-1.558690793905727290e+00
-1.571545516346289917e+00
1.761437890885997337e-01
-9.011642825431875892e-03
2.236394586647351135e-01
1.122253313034666133e+00
1.565319233523648101e+00
1.482487925877751689e+00
2.851532600130696204e-01
2.793206132434035149e-01
1.892904380642025597e+00
1.935053612754113139e+00
1.374315724752961376e-02
2.076570710121210084e+00
-2.526141644144169529e+00
-8.477931126885683843e-01
1.159491631303142256e-01
-6.034777733534043564e-01
-1.479517119017252469e+00
2.411641322145334776e+00
2.237531697693639465e+00
1.112335177367635097e+00
4.126017449054804054e-01
4.369539067449322856e-01
-7.875460671210343655e-02
-1.762084846983861919e+00
1.049639832390347749e+00
7.113387463114947407e-01
2.330648108938908170e+00
-4.330666447829376597e-01
8.003734888294979921e-01
1.496217950317896950e+00
8.625091445597212747e-01
8.162779598299367834e-01
1.622398855593825129e+00
6.687179630568901301e-01
1.112538012279231436e+00
1.011155167319065962e+00
7.248747577899480321e-01
-1.137136091211449207e+00
-7.283477456484029888e-01
-8.408947588402906348e-01
-2.249084658518833990e+00
-4.726187612056969023e-01
-2.259241342131767638e+00
-1.627060097480466982e+00
-1.835406005717092004e+00
4.617166817916347199e-01
-4.811896026646574898e-01
-2.718974390452336687e-01
1.329134858850293810e-01
-1.865749619976936780e+00
-6.359487953860974985e-01
-6.577178589506238460e-01
5.246619344641774152e-01
1.807588011315005128e+00
1.148155537831451856e+00
-6.605815630251488102e-02
1.645881761197247606e+00
-1.557014681170748371e+00
-1.073317834348591848e+00
-1.447555443046984580e+00
-1.854377149170870931e+00
-4.059915092928432223e-01
-1.307797883851242293e+00
-1.596978260171126873e+00
-9.731503577365671065e-01
-1.099257052122960765e+00
-1.828890205756006804e+00
9.955720499780751354e-01
-1.322666439211528377e-02
1.580057691699175315e+00
2.724608562764970543e+00
-2.017585786502975598e-01
-1.176200441396698881e+00
-6.568365507234382727e-01
-1.998708026773397872e+00
-1.373363778917579214e+00
-1.675485082522914393e+00
-1.282294472267698104e+00
7.032621855267127131e-01
3.826844343268396287e-01
-2.051649002253635778e+00
-5.188341160524327922e-01
-1.435591881318658114e+00
-1.064254682599036661e+00
-1.041930580739159229e+00
-1.101173471568191564e+00
5.574117900040631568e-01
-1.087622655145109585e+00
-1.436886298214331337e+00
1.506008981697024574e-01
-3.449105496631059697e-01
-2.643140613301080410e-01
2.216343293644300605e-01
1.287728542759534633e+00
1.230857769682218272e+00
-4.498550105437961744e-01
6.947483702376504588e-01
1.991126459709154917e+00
1.050852624396603652e+00
1.143600136541864432e+00
1.482367574532622800e+00
-4.678481171879742551e-01
1.592316396671591416e+00
8.203900643320051200e-01
1.485367072915512399e+00
3.825756506413358071e-01
1.991980499958985629e+00
-8.149619529005400764e-01
-6.886925792263512980e-01
-1.798937361849895389e+00
-2.083932272690718346e+00
-2.323052354059822910e+00
-4.973061426795930551e-01
1.683163326469297338e+00
2.287981781051714458e-01
4.778207673011921619e-01
1.751324662302222723e+00
1.612056140533574267e+00
-1.092617396763813087e-01
1.454278425856657897e+00
3.201531589025652380e-01
1.386993128600261915e+00
-1.116577769379800911e+00
-1.783848120020553596e-01
-2.151537350777696478e+00
-1.093954621112531500e+00
-9.179749145532957177e-01
1.019533720985769554e+00
2.409397942801242642e+00
1.824299536723303916e+00
2.112115350799887992e-01
4.198303161586114385e-02
-9.457881650829998987e-01
-2.127344913731676002e+00
-7.217377998933049987e-01
-1.826758217928868611e+00
7.934828428003726231e-01
-1.500479207387402258e+00
-1.997070928370471510e+00
-1.413087450882983376e+00
-3.777720942104183521e-01
-9.988654599167063886e-01
-1.842556760120689585e+00
2.366174075547933242e-02
-1.635989261542696305e-01
-2.017229648017563548e+00
-1.189298213446026375e+00
4.216609745708322921e-01
2.284276947761011201e+00
8.948875473558692839e-01
1.852126725123218076e+00
4.910818772247057540e-01
1.431857826919002097e+00
1.284061133165881330e-01
6.186094915305129227e-01
9.968043253494798250e-01
2.054753487850200955e+00
-1.770024280960733609e-01
6.846647678880031229e-01
1.925924143888536610e-01
2.578074097798757514e+00
1.488414799114715414e+00
-2.000570261915767034e+00
-1.512834935949037174e+00
-1.192825027829324647e+00
-1.299033363390673657e+00
-1.441637657396842354e+00
8.139925534705714227e-01
6.391668514798687362e-02
7.348286927609329888e-01
-4.742632057344737806e-01
1.982268657116492250e+00
1.988997748662650444e+00
1.500138998082446884e+00
8.329091870384185414e-01
4.095342678976697792e-01
-4.553761176380402009e-01
-2.923418628599815605e+00
-1.443175533672930166e+00
-3.160921075653477796e-01
-2.611095174950303743e+00
-1.082480861317074439e+00
6.823707312013469473e-01
2.008515931897929985e+00
1.148176906622291327e+00
6.941551249891924069e-01
2.363925455645433438e+00
9.905777452837059016e-01
4.727395542857536492e-01
7.510397300881913596e-01
1.301165562791532393e+00
6.407242141756999132e-01
6.372770531266747085e-01
1.341268235318465507e+00
1.143441535391396258e+00
2.331597095231687788e-01
1.424517683505556409e+00
2.435964423032408455e+00
1.800826492026585068e+00
1.789512725022481154e+00
9.952391905718847021e-01
1.106629787421325117e+00
-1.388764284482155942e+00
-7.820642089446167011e-01
1.133756922776586240e+00
1.568984502812315274e+00
-1.268470667671428798e+00
-1.682323295987374845e+00
-7.395431432590386933e-01
-4.639783915725496088e-01
-5.279232868307126569e-01
-7.108918049944279449e-01
-1.891992020406287889e-01
-1.530516979135717381e+00
-8.661639166703960502e-01
-1.696306385163165231e+00
-2.961561065836680662e+00
1.973487557285314553e+00
7.232405729295224850e-01
-1.106155195546894010e-01
1.385875326074446079e+00
1.575849266272493221e+00
-6.144089976699987909e-01
-1.048980781434628140e+00
-3.287932362547104637e-01
-2.298995130369635431e-01
-2.272537174969479157e+00
-1.160784565227331644e+00
-9.780822110790232671e-03
-1.153597408403083113e+00
-7.485340640051501016e-01
-1.151510213756864021e+00
1.199366912068842161e+00
3.021233203924981403e+00
7.636571220771862789e-01
1.088782482945857444e+00
1.704875589497887312e+00
-1.831915954710281236e+00
-2.042724950627724745e+00
-1.830561802997052734e+00
-5.969975718586016944e-01
-5.647180985195480174e-01
-4.305963133390573461e-01
9.303262625030650490e-02
-1.109763255618540168e+00
-1.950520767147165380e+00
-1.780823427631448297e+00
-1.828697077215214017e+00
-1.832997155706586057e-01
-1.088653883990249316e+00
-6.610894084256460079e-01
-1.152056666261612738e+00
-1.329436892614123344e+00
-4.519797767918156683e-01
-3.792407347251702809e-01
-1.094578992746336077e+00
-1.456852524015552097e+00
4.817045860461306450e-01
3.718778853421991215e-01
1.404428848893759518e+00
1.764390074600509228e-01
9.032171070752003095e-01
-1.003700723127720629e-02
-3.247687386726383352e-01
1.202416584259786259e+00
1.407152403817366171e+00
9.804379769907480835e-01
1.728650414450316308e+00
7.408387831786409361e-01
5.171078353272406947e-02
1.811988810374003167e+00
2.844237609455203319e+00
-8.351579274769027617e-01
-2.928190396297924991e-01
-1.075164677601107233e+00
-2.040213464266377841e+00
-7.296331640098930871e-01
1.499270786313170678e+00
2.541897449984566570e+00
1.290457540723242813e+00
-6.346162466990805662e-01
1.463612075112119548e-02
2.107781105902140073e+00
1.597517497590783542e+00
1.186801381494432928e+00
5.007494733461386183e-01
5.672330591605263539e-01
9.267997074739908747e-02
3.015126985191944886e-01
1.903452895694115465e-01
-6.412813356606530402e-01
1.740192112511942391e-01
2.249225046772909131e+00
2.182154119384219770e-01
4.276589157934466146e-01
1.128737535859691832e-02
8.425060482155712904e-01
6.641949379418301547e-01
1.086057968222108094e+00
1.616551053890707301e+00
1.524916147989206605e+00
4.800114780600273079e-03
1.138498461538235862e+00
-1.220445996857726367e-01
1.391968521911137291e+00
2.416451299708379796e-01
1.393895403038216019e+00
1.026209880254109752e+00
1.074229903794280405e+00
1.152050804210176249e-01
1.745721992972415038e+00
-2.459240177800214866e-01
-2.538570456715373957e+00
-2.399876757569906705e+00
-9.181493962520743679e-01
-9.424912221305781213e-01
2.505353765852988968e-01
-1.027778558567480349e+00
-1.344575628494288688e+00
-1.495532234321653053e+00
-6.272425787835836930e-01
-8.314257550582230261e-01
-9.672399731472637319e-01
-1.471581044625549728e+00
-1.583822540085667585e+00
-1.795039550298908271e+00
-2.234095670617636920e+00
1.978074698409080678e+00
6.084080669025683230e-01
7.920124523774064729e-01
8.788972682532736336e-01
1.016521885556536109e+00
-9.543863209726666241e-04
-1.076636866967758621e+00
-2.079531016512210950e+00
-1.292825903741977145e+00
-7.256653840918154685e-01
-1.161988419395549421e+00
-1.772082581359561093e+00
-6.302155556598183495e-01
8.179157620861028377e-01
-1.583898882286261856e+00
2.198892362424349045e+00
1.021617116033514794e+00
1.987721867410884302e+00
2.893967706367789994e+00
1.178685738073358413e+00
2.993958860525207655e-01
-1.130424251021131532e-01
-6.080686677544157037e-01
-2.380969275434536847e+00
-3.777924801287000367e-01
1.250962523135927817e-01
1.055036017293092154e+00
1.694586785085184566e+00
-2.051009858010521825e-02
9.122737322946044003e-01
1.125054756960557567e+00
7.809298391390271377e-01
2.281538335198636247e+00
1.490367083562701644e+00
1.680784096513379566e+00
1.401482781446350412e+00
5.643136146865164182e-01
2.004049019971894552e+00
1.708582552108788732e+00
1.500264601022768041e+00
-1.124055595749255065e+00
-6.963364564183280869e-01
-4.475968487371981830e-01
-1.049832615762604338e+00
-4.229271120792690297e-01
3.330794468672952924e-01
-5.912896758523269458e-01
-2.246272912226631169e-01
-1.246547670853305423e+00
-2.454501407482831077e+00
-1.099880573530673589e+00
-2.860534509749464993e-01
-9.129476375525308329e-01
-7.469950898667518935e-01
-8.974392875002300540e-01
2.591249274624666921e+00
4.740594624716042427e-01
-5.697132174103125557e-02
1.520200960912136967e+00
8.822312188965553137e-01
-9.333268422125459152e-01
-2.002074534671658412e+00
-7.662002372055295440e-01
-6.772772309290331361e-01
-2.900310029358712960e+00
-1.017431306808727509e+00
6.840340052223581324e-01
-1.941379537075939687e+00
-5.275022416252994617e-02
-2.193676612250561764e+00
1.093000133273010155e+00
1.508290680207679646e+00
5.918624697830827674e-01
4.673883790397629356e-01
1.537910367826224256e+00
-1.783183982130600143e+00
-2.828141421183103077e+00
-2.045760826579954283e+00
-1.384416994347064778e+00
-4.185696052847206472e-01
-1.834942786778858803e+00
-1.375671921731662639e+00
-1.600422722802492981e+00
-2.363604968157767772e+00
-2.065308177498195175e+00
-2.371631272412749958e+00
-1.082524508115713546e+00
-8.477237566964568316e-02
-2.405217506411310158e+00
-1.167602886714649513e+00
-2.213991666810621872e+00
-1.861358573537611694e+00
-8.216794760714715151e-01
-6.000638557188823219e-01
-2.478573691283068925e+00
2.255547906291572424e+00
4.260364382748336176e-01
8.640604359512380483e-01
-2.475624534094542639e-01
7.613829767902928758e-01
1.214447026041071132e+00
8.990537768256816609e-01
1.755703727169755979e+00
2.798797747650669798e+00
7.331788793588054354e-01
2.037940911463330451e+00
1.134325621856768773e+00
7.864429632739866616e-01
8.191811662253956072e-01
1.056475388204321408e+00
-1.743938974733744374e+00
-5.219417515220805548e-01
-6.070552405396021367e-01
-2.251850960465297646e+00
-7.476327149458745769e-01
2.378071377229631800e+00
1.116165173063100813e+00
-4.069820441274085709e-01
8.558208441678917255e-01
1.328037308131983840e+00
1.321038435510030862e+00
2.743603173715430277e+00
1.869533492097722238e+00
2.207712640449306374e+00
1.057934144620247041e+00
-1.026306100424057455e+00
-9.200709633479262628e-01
-2.334712748684736106e+00
-2.017527808360454422e+00
-6.161088048232358227e-01
1.558286234710434037e+00
7.203135331857313250e-01
2.287289293675254243e-02
8.438749436905893520e-01
9.012592961356037380e-01
8.420196651885392125e-02
1.524135288022617996e+00
2.532100877737430977e-02
1.140990115539622929e+00
4.737345369095469216e-01
9.880215420113866998e-01
-7.579705236538463176e-01
3.072133464274698245e+00
7.524234731493582018e-01
1.607140886625863407e+00
5.696281969890202301e-01
1.301384768361952826e+00
1.639536407507172111e+00
-8.116955626757567099e-01
6.029243627358458202e-01
-1.418422215008215304e+00
-3.455220704292174538e-01
-1.686454743469087969e+00
-1.923496635837694591e+00
-8.745456303437442180e-01
-2.456100277787383490e+00
-2.386222745441106241e+00
-1.858244433669129947e+00
2.802716306537593738e-01
-1.225483922555215655e+00
-1.150966313908575955e+00
-2.139795367358432010e+00
-7.130656503585799388e-01
-1.101441927282482691e+00
-1.025829786609841143e+00
1.603273734071050338e+00
-2.606070619016742640e-03
1.280624105298364679e+00
3.445733824176994142e-01
9.071834611695748229e-01
-1.973428632206440714e+00
-7.574566880381869982e-01
-5.837848143220807362e-01
-1.243140659293366035e+00
-2.123967983555424821e-01
-2.236635096898895725e-01
-1.001939958076631054e+00
4.748995057180682711e-01
-1.615261535445662311e+00
3.582014101518338212e-01
5.076070724032483161e-01
1.424108800148546905e-01
2.662777028819846237e+00
2.762855987097813326e+00
1.880485957971492539e+00
-7.142226314089802353e-01
-3.875415410993330312e-01
-7.140823388640271663e-01
-1.116578918663123421e+00
-7.151377241509273563e-01
-1.878783411473723408e-01
7.210547887483840235e-01
5.350699771221925083e-01
1.764229488919583755e+00
1.792266245068399044e-01
1.225810025355680510e+00
6.562815385169253890e-01
1.860362929770431162e+00
2.760471429952509048e-01
1.576877824497061598e-01
-5.271578752281889102e-01
2.710620310682794187e+00
1.522181527589286709e+00
1.570056242156165016e+00
1.707191980045186241e-01
-8.520791028052950855e-01
-1.343178258679982529e+00
-1.851143519992479058e+00
-1.225444002855426984e+00
-9.973153376217342991e-01
-6.966773747500913938e-01
-1.208108864585732301e+00
-1.096361247791825644e+00
-2.428843863038171458e-01
-2.250086195911135789e+00
-6.634732320548004658e-01
-2.235592540314295107e+00
-2.430731948394545761e+00
-1.866481047499080059e+00
-8.516007419392215283e-01
-3.015991656751213501e-01
1.429129284056109173e+00
8.947292910704230939e-01
-2.075657187777428803e-01
2.032050823170394871e+00
-4.837692817570464765e-01
-1.893076113463721066e+00
-8.327756092090679019e-01
-4.472972243910581236e-01
-5.857855299508141211e-01
-2.594039113897745885e-01
-1.097829528109813602e+00
-5.285371286126179236e-01
-9.580861238800292279e-01
2.443948605049768297e-01
2.478210105028418209e+00
3.081189414673222160e-01
1.269729415932894678e+00
1.706355261075983343e+00
2.115164051550039837e+00
-1.122310759892199528e+00
-1.529741906899269477e+00
-1.749376628359999852e+00
-5.150167223760904189e-01
-1.743642574275971580e+00
5.914842592822604495e-01
9.668011178502469161e-01
1.247135325251180760e+00
2.313527910567594326e+00
4.173234979935999123e-01
1.846380018933839740e+00
5.498161068269122875e-01
6.071441756774296206e-01
1.373203682275246695e+00
1.955327625897598232e+00
1.501707496412314935e+00
1.166632465824588571e+00
1.257215010377904507e+00
1.558439019549046733e+00
4.111287873223440359e-01
-1.733525129876571480e+00
-8.683703292618970560e-01
-1.702191382936823594e+00
-1.569041028409884131e+00
-8.484411579123138925e-01
8.676857548602292525e-01
-1.458388514774041411e+00
-9.499409797469751116e-01
9.831067252939105217e-01
-5.145067419478447368e-01
-8.281886264034872269e-01
-4.555333266908900836e-01
-7.817601199209590623e-01
-8.017412099384106927e-01
-3.506261093136059159e+00
9.518811300814709053e-01
2.001167632728352963e+00
-2.984039463052434726e-01
1.133922848849718168e+00
2.374277267649216316e-02
-1.779609049317437242e+00
-9.189759505308854326e-01
-1.443340066947526701e+00
-6.346007547971157514e-01
-5.368156123978521377e-01
-5.922871196350039114e-01
-2.197088067349849183e+00
8.072966017199267874e-02
-1.032670179692428691e+00
-1.256950391941354273e+00
9.187567037535270265e-01
1.263252154913651948e+00
1.598725251096450695e+00
5.891697463366478704e-01
5.558816988335069098e-01
-1.452307418076158152e+00
-2.950085412832623710e+00
-8.473667279094964089e-01
-2.652909919508855907e+00
-7.806568980360055754e-01
-3.376362985842171760e-01
-2.244863010589268626e-01
-1.280715422126005754e+00
-3.686667568242123494e-01
3.184101038011686313e-01
-1.701227961819062218e+00
-9.718970383688528836e-01
-2.341129331654255630e+00
2.250555775648404033e-01
-1.833605558686899784e+00
-8.883993952126806315e-01
-9.501495441702161315e-01
1.932106246483804579e-01
-1.372137101241117429e+00
-5.799567259670793673e-01
1.095956705631396133e+00
1.537664229082661205e+00
8.226788912572006174e-01
5.960975937033613503e-01
1.033543244330903832e+00
1.142859166118518344e+00
1.640779347579075065e+00
8.762918119207460110e-01
2.051268508166876003e+00
4.099550318818866446e-01
1.357640878190083056e+00
3.583370756906103516e-01
-1.183144013286337337e+00
7.520488670824589938e-01
7.956263681090368634e-01
-1.259427246410893320e+00
-1.761841597246038393e+00
-1.253180561670223847e+00
-1.281805939486633017e+00
-3.292004659113483722e+00
5.935045958421762968e-01
2.068463762456057786e+00
2.685893751776404770e+00
7.576054079906662242e-01
-3.962893279836350313e-01
7.880970545539355276e-01
1.129304527214665121e+00
-5.125071857650946860e-01
9.966148509650752940e-01
1.166171119505722276e+00
-1.050760876147412537e+00
-1.021402934482951386e+00
-2.109254346951428438e+00
1.272567350022375532e-01
-2.987744626813425564e-01
9.369194339412563188e-01
1.339310936920162121e+00
8.378113450202825385e-01
2.048330471095075378e+00
2.456327150505131840e+00
-6.610868468647705942e-01
-1.099519828774227603e+00
5.546165612560081115e-01
-1.802651008425272483e+00
1.119660831681585922e-01
6.304960013645444228e-02
-3.827589961727844159e-01
-1.328227954388593091e+00
-2.361326678781371591e+00
1.422675954647913965e-01
-1.584978186845249715e+00
-1.269121191758058931e+00
5.372508218151827997e-02
-5.889518068733889944e-01
-3.560116314718072550e-01
8.798753195505422120e-01
9.722161981217636306e-01
1.409218034108329354e-01
1.752945870367456083e+00
2.540698116505502924e+00
1.263849278269110421e+00
1.558419077838489653e+00
1.403733457792950112e+00
1.809412568839620983e+00
-1.868584727666600109e-02
3.023057808805296176e-01
1.463629646170842014e-01
-3.948591360452913257e-01
1.434795812815243377e+00
1.673637913280503042e+00
-1.106087146129765886e+00
-7.334395001761324639e-01
5.913239989612306680e-02
-2.516652853886757413e+00
-1.283705978050778018e+00
2.531665177096779296e+00
1.450965254659235759e+00
1.983084360787731093e+00
1.423503540147809110e-01
1.231872473357330078e+00
5.820647712350319747e-01
2.642748651085472522e-01
9.772944458745582708e-01
1.456487355425313712e+00
1.929342501994311121e+00
-1.171569281971875043e+00
-1.132411117936513500e+00
-8.800841264138168363e-01
-9.622878752145364034e-01
9.839722873716261198e-02
4.324394880786491813e-01
7.436650860404521168e-01
2.103599822345615600e+00
1.363079117628637427e+00
7.900546952619289520e-01
2.335509897576611982e-01
1.112053537873425535e+00
6.274427922713551320e-01
1.269169675398309938e+00
1.557231618669570494e+00
2.110518243415373973e+00
5.245125371608496678e-01
5.913605038726117424e-01
1.771644555825551137e+00
3.339817512417554424e-01
1.625765577383587068e+00
1.448107327529110977e+00
5.684196842500610636e-01
1.539600746403804621e+00
1.463603328227318867e+00
-1.278775874753139696e+00
-8.224858096928809870e-01
-1.227579036904647536e+00
-2.880098379889766136e-01
-7.218692457236033366e-01
-2.153965178228101074e+00
4.162522954426650657e-02
-1.765003722220746862e+00
-3.414851140434929100e-01
-6.339430883627890090e-01
-6.752347719240934243e-01
-1.443234811843808085e+00
4.292627838953371189e-01
5.133767401998541313e-01
-1.769131583377062000e+00
6.310295218506343229e-01
1.495664830217203978e+00
1.620422809816395304e+00
1.351817683017295213e+00
1.614781561435816304e+00
-5.809098074591019234e-01
-1.590050035209698898e+00
-1.766071458104335523e+00
-8.867476349475252873e-01
-1.931547168183125329e+00
4.822467123685525436e-01
-1.269376624721511249e+00
-1.175440389479513126e+00
-1.011275207400194720e+00
-1.265486159767212238e+00
8.489341383058792712e-01
2.694102228659742693e-01
-3.106384846020633361e-01
2.490200491154275664e+00
2.305697218557578587e+00
-1.684366193222892605e+00
-1.775442794373472744e+00
1.826667912205071076e-02
-9.094286096985306767e-01
-1.340852691855869194e+00
1.246622337797154811e+00
-2.020072351107640163e-01
1.747159811306006727e+00
-7.640044404390413657e-01
9.152603674592905136e-01
2.429416539170511591e+00
1.207821666880627198e+00
1.446026556412654651e+00
1.964429212808139313e+00
-2.678996958784110038e-01
2.147326559031140114e+00
8.246847071080807279e-01
1.003300656330575746e+00
9.810000590597214298e-01
-4.435646462367448528e-01
-9.508422858928983201e-01
-1.251220036642407774e+00
-1.617796113690344040e+00
-7.987811914855902362e-01
-9.429479221022597502e-01
-1.051466513495568522e+00
-1.072040945048204241e+00
-2.594543760038402480e-01
-1.620981485662504662e+00
-4.276047091782225751e-01
-1.737753027389490557e+00
-6.774732040397491994e-01
-7.862162083411068370e-01
-4.623390003475799093e-01
-1.704288766467955574e+00
3.324879207242092960e-02
-2.714643948941257712e-01
1.180035006937290021e-01
1.019877122513052292e+00
1.424869773762875713e+00
-1.136265899317119521e+00
-1.441750007561200420e+00
-1.763283262528469342e+00
-1.487260523228611575e+00
-4.011526173438936249e-01
-1.328506594654021544e+00
-1.355811672276474811e+00
-1.032525468709020622e+00
-8.177827021863641743e-01
1.388141937121949443e-01
5.390444468957029667e-01
2.377752742367387206e-01
1.929299847456616313e+00
1.890964707729161809e+00
2.819547269881847562e+00
-9.926180163894592345e-01
-3.700087449133924178e-01
-1.219310032219034223e+00
6.286488980011892824e-01
-1.782424578667928028e+00
8.313701296635067628e-01
-1.001645562993280336e+00
-9.692180186155850974e-01
-2.084890231029549845e+00
8.624025711574256903e-01
-1.040450045166425808e+00
-1.271296878241588102e+00
-5.349570335531539378e-01
-1.672726144290630934e+00
-9.874977594080521781e-01
-1.186246091908971900e+00
-9.698709126108958634e-01
-1.766929528069155486e+00
-1.039959476040098529e+00
-7.822654044964295617e-01
2.093750914253667439e+00
1.483112615276524160e+00
1.181935131563364161e+00
1.592076661826056228e+00
5.067640088158926748e-01
1.737296065958343405e+00
-1.770003644082911443e-01
1.000408291608944511e+00
7.102554426531181297e-01
1.347790610298273961e+00
-7.754073806961185866e-01
2.045231795473899883e+00
9.102883833997287288e-01
5.400572375510768186e-01
1.121083396792547759e+00
1.902110282102651428e-01
-1.409444993356028020e+00
-2.464183737085235304e+00
-4.446580374426024607e-01
-9.421474348383018782e-02
1.063725666626897493e+00
2.064586982549613259e-01
7.351779306887158416e-01
1.150819534536947408e+00
8.178710896685237319e-01
8.913071309936975162e-01
1.894044194425705818e+00
6.400831844781208479e-01
1.602653439023822290e+00
-1.295098561364935730e-01
-4.851617928667386614e-01
-1.732992471511669352e+00
-1.346267516738888892e+00
1.332170635349308352e+00
-8.569507806414382589e-01
1.662877937875645973e+00
8.789945746336500498e-01
8.689690233264760755e-01
1.305584581977101699e+00
2.773482914486194995e-01
-5.145763112094552394e-01
-1.410345043024665124e+00
-1.435622694876068639e+00
-3.078925867160410057e+00
-1.070102389572925361e+00
-9.573412203784673613e-01
-5.396612448215496460e-01
7.191082860499105056e-01
-2.520237887009960431e+00
-8.596708569999830241e-01
-1.448170956645333796e+00
1.545296182324955581e-01
-1.117790628717384438e-01
-2.294268597764864914e+00
-4.251795188174215534e-01
3.362452215379881926e-01
9.436736514455505986e-01
2.138806709256738658e-01
2.050409777205357553e+00
1.120102971213641663e+00
5.228553869402075005e-02
1.091467147421454342e+00
6.243254043469473880e-01
1.057661182180226866e+00
-9.636877281712175058e-01
8.324057236949775618e-01
9.093233532224782589e-01
3.055488833337971499e-02
3.926065470954092085e-01
9.679089189302969576e-01
-5.221665170199927264e-01
-7.956672170175719261e-01
2.387659062292932788e-01
1.048632774896129938e-01
-1.004573992683917005e+00
1.301682663078814306e+00
8.733992088155134725e-01
1.400251497488158359e+00
1.173760142651321781e+00
1.090558571403968058e+00
8.290372895953269650e-01
1.223517954305811006e+00
2.153642306819194552e-01
8.121303911477895099e-01
1.650894313134538383e+00
-4.200265954137173408e-01
-1.124002589659728546e+00
-1.931790511633276752e-01
-1.694481760777953872e-01
-6.856581191080539650e-01
8.100329237913355129e-01
2.040290780208765753e+00
7.649339319250259006e-01
3.126532021977346254e-01
1.916875256012445572e+00
-1.281148658441801702e+00
-3.233688645834797981e-01
-9.841633860954546176e-01
-1.565930440649368371e+00
-1.098411785845435196e+00
-2.844400725739014923e+00
-1.871263911909338162e+00
6.628643088282402118e-01
-4.118486975034528763e-01
-8.756956599465626212e-01
-1.466522193309102162e+00
-1.157191091094697644e+00
-1.847719636679557187e+00
-1.291045190969011935e+00
-2.101101369382978312e+00
8.947315134773359269e-01
7.834739909016473769e-01
9.645418213565037924e-01
3.473633103856695881e-01
2.241713796073587339e+00
1.365510726876062231e+00
9.078776719340927448e-01
1.625045782169915132e+00
5.455738119749438120e-01
1.132020920308736356e+00
1.872755698739130503e+00
9.417714370832340753e-01
-3.915511521756558366e-01
2.028118223060317860e+00
9.975575624426906707e-01
-1.709444411260923058e+00
-2.998483060772143993e+00
-1.626118458242911125e-01
-1.480039892715761640e+00
-6.429606611959515217e-01
1.430155980296657692e+00
3.452107934682598911e-01
1.157794730987909526e+00
2.605874513069054821e+00
1.307126314859288208e-01
2.076330485308237606e+00
-4.536176753402765272e-01
-7.760026135609565667e-01
7.165349144897604772e-01
9.313676041490895896e-01
-1.297517696406261134e+00
-1.246089905828061228e+00
-8.235928358288544526e-01
-1.267202692991467927e+00
2.066726344883635935e-01
2.166106528941335263e+00
1.520298748256567745e+00
-2.854073861355690411e-01
2.465100411734720831e-01
8.718722483731192741e-01
-9.254297857767272983e-01
-8.087077154797865930e-01
-1.293376250193193133e+00
8.722635932555289351e-02
-8.374311946851815680e-01
-6.264334668545965545e-01
-6.944271764574205807e-01
-1.537871025979546058e+00
-1.010119315625570335e+00
-1.227875223222372414e+00
6.578711537362269546e-02
-8.189259732730677088e-01
-1.115110179627210485e+00
-1.012431367004011484e+00
-4.353691053216154350e-01
4.442328443330874066e-01
1.107266170404782146e+00
-1.019916807712875517e+00
2.210331389222869980e+00
6.642840912062075720e-01
4.819978176637164102e-01
5.760722127083237609e-01
1.040262814907784605e+00
1.138761276898736297e+00
1.660980275617602198e+00
1.275154810325630494e+00
7.091790007116143268e-01
2.404665602094542276e+00
9.397814190444253590e-01
1.539578524473865562e+00
-1.014137116505116731e+00
-1.188954644605485722e+00
-1.313457444236573624e+00
-1.069006833172127413e+00
-1.565443766994624397e+00
1.853314920024057955e+00
6.238657482181597658e-02
2.379712197406977481e+00
-3.112413539602414403e-01
6.586720938513399570e-01
8.528594555377077002e-01
2.169404359400544546e+00
-1.944537142037004784e+00
3.536617459601710811e-01
1.999391085274185631e+00
-2.135466547326840825e+00
1.745793244607776185e-01
-1.463549467487236688e+00
-1.023204709417662617e+00
-1.490033393437121267e-01
-5.198311504387320703e-02
1.784897338252106724e+00
2.171661080551719802e+00
2.086440673747771868e+00
8.368497516238360134e-03
1.034909819824050725e+00
2.587959352654963796e-01
1.926052982811195857e+00
1.840855035841581611e+00
7.326218170998344270e-01
5.489424542178888977e-01
1.195763539649893126e+00
3.321426334763422084e-01
1.105703297092471171e+00
5.034321068480929195e-02
2.311217610491394403e+00
1.445343268257939018e+00
1.497510765887957618e+00
6.476395332997103571e-01
6.361740617647958507e-01
-2.340699042368352245e+00
-1.984532937704182043e-01
-1.049494708471486071e+00
2.738437873929242539e-01
-8.810776909285455982e-02
4.269918654899995669e-01
5.114019940116321106e-01
-7.694301781122073747e-01
-3.584311648715756693e-01
-9.305899952722265223e-01
-3.498387202956831921e-01
-9.199392211853243406e-01
-6.685114653753554403e-01
-7.078199043948616431e-01
-1.082684308699710662e+00
1.110439231779249969e+00
1.581239908799551230e+00
7.708575160237038926e-01
9.732641109028306037e-01
4.835597980492667425e-02
-2.384364824936156424e+00
1.843791689587241933e-01
-7.679010225513348553e-01
-3.178083342480725104e+00
-1.007110767125712236e+00
7.044819582050980689e-01
-1.864604971184478543e+00
-1.445339040343737835e+00
-2.788644607954307020e+00
-1.510618541824565675e+00
2.561491470761398048e+00
1.927960714205370296e+00
-4.761203743747033368e-01
1.122616092848256031e+00
1.653805745212868050e+00
2.657206731858599014e-01
3.061676616441355581e-01
-7.436607432273800722e-02
-1.531507978222638844e+00
-1.115662175765719466e+00
-1.718751331824146078e+00
-1.268547620487895822e+00
-9.598264944085951322e-01
-1.101311321059633919e+00
-1.834514847813784488e+00
-1.167194469982899330e+00
-2.654415982498660398e+00
-1.665299744387774172e+00
-7.809303354277601361e-01
-1.623654198470357635e+00
4.066552288698122020e-02
7.694895799179790608e-02
-9.814721507380782528e-01
-1.377722698945068380e+00
-7.940289573174219573e-01
9.857311838295145234e-01
8.063821742607557574e-03
-2.743054240600670823e-01
1.318945137141863233e+00
1.869851483659619173e+00
-9.142004499650320248e-01
1.529449959314576279e+00
1.603733968638391794e+00
2.109913066744242727e+00
7.582252195725101007e-01
1.244874079857360538e+00
1.534485398942048162e+00
1.084445079225860864e+00
5.763204270610552404e-01
9.219333149024928620e-01
-1.816034074061370962e+00
-9.293789885793085626e-01
-1.050560879843422057e+00
-1.656371599203606770e+00
-4.153157678962547950e-01
7.159805095928659657e-01
1.756840295226965498e+00
5.673325040494228144e-01
8.798106250411567020e-01
6.431538358062215410e-01
-3.041138027101597530e-03
1.923332274701420541e+00
3.369275234622174375e-01
2.169527984011854649e+00
1.452958343281369080e+00
-3.929369255928431004e-01
-1.677638173191522197e+00
-8.563150691736181042e-01
-9.870374524037313080e-01
-6.977708347122661969e-01
1.505975273543600057e+00
-1.880724666986230975e-01
7.682148465899368839e-01
2.474926982870726988e+00
3.582762175159016627e-01
1.232208241311807395e+00
1.299605832494747037e+00
1.620125269703226456e+00
6.921042991263607336e-01
1.217600674690754392e+00
2.550914468895541631e+00
1.155439361566262368e+00
2.513298021649844616e-01
1.041623951451141838e+00
1.126326103151583657e+00
5.216168495877036015e-01
-1.850875589581186809e-01
1.298864662146871130e+00
2.845674126121866543e-01
8.273559612656431472e-01
-7.702260911185687675e-02
-1.233695096246624878e+00
-1.439793173753590505e+00
-1.107724814040039973e+00
-6.108679523280767798e-01
-1.766185366489349873e+00
-1.783203231949476386e+00
-5.040094419232405976e-01
-1.484267674400582493e+00
-3.146457531225201887e-01
-2.470251006709700103e+00
-5.740104948701322263e-01
-1.763899885654577115e+00
1.865852010076716194e-01
-1.081184915660429846e+00
2.282424091869124538e+00
1.500799883425176340e+00
1.164879237942608725e+00
2.326035692567338664e+00
-6.928654399508253903e-01
-5.281838774747900089e-01
-1.758297693987278087e+00
-4.612174807794128251e-01
-1.814853996458611007e+00
-8.550125829910499853e-01
1.179394551353252218e-01
-1.123566482745210759e+00
-1.352719111217104420e-02
1.816532126879708553e-01
-1.718810389298581320e+00
-1.463583665195373751e-01
3.628882503658248382e-02
4.518052172661901622e-02
1.110761063995775011e+00
2.249291503287186522e+00
-9.483240949477875770e-01
3.813098339049656449e-01
-2.239870264459313809e+00
7.953419161750749922e-01
7.432294600205202606e-02
-1.529733561757073979e-02
9.332740302907409635e-01
1.325841409987598363e+00
7.863395245661558564e-01
8.838586403870396513e-01
7.176877648839499191e-01
9.421691968195865519e-01
1.438146734359930123e+00
2.045370321646651668e+00
2.563937753292738542e+00
1.343297971990226491e+00
4.662557123305685058e-01
1.047527507191301277e+00
4.470310261621912584e-01
-1.159884248794067485e-01
-8.029755069929059852e-01
-6.560621343299863906e-01
-7.825961285220374153e-01
-6.094891940652902296e-01
-1.174906579246800753e+00
3.480537697633769856e-01
-8.126140608758446460e-01
-1.593936477215881720e+00
-1.808978260171056229e+00
-1.202217243067679631e+00
-2.084858190371729592e+00
-2.410667188778065073e-01
-9.917381289960910395e-01
-3.955638017936823347e-01
-2.400394255610711625e-01
-4.641249951327510725e-01
1.620684488621624730e+00
9.067660099141462426e-01
8.338113343657967969e-01
5.227716891060673055e-01
-1.535473820389754440e+00
-1.298383487073436982e+00
-2.173822439651922789e+00
-2.229286802452185690e+00
-1.899863215565378294e+00
-1.180598424822439263e+00
-7.683835495289781381e-01
-2.542902216177469477e+00
-1.170374655287090837e-01
6.236515924430710012e-01
1.629794726769916879e+00
1.021203584731159575e+00
1.992815557922153591e+00
2.029060727935712016e-01
5.682135119838518378e-01
-1.792627210028766127e+00
-7.699263931258895077e-01
-1.344461046690632378e+00
-5.763458096153903920e-01
4.046722223470338164e-01
-1.073987928153668170e+00
-1.372767360193500430e+00
7.847582108248873922e-02
-1.395060137912385256e+00
-1.000457888006369922e+00
-2.004151339694441258e+00
-1.656910849515849327e+00
-2.243168545434925498e+00
-1.686379300658948033e+00
5.409774484600204936e-01
-1.790838727168084121e+00
-8.982870091167356463e-01
-4.010643479296737146e-01
-7.632523689564677527e-01
-1.306004050342293166e+00
6.135070844513383914e-01
2.112856999532570335e+00
-8.873248992573057325e-01
1.989809801009075674e+00
1.575598156644331116e+00
3.963055255140927047e-01
1.617902305470448887e+00
2.027071845421577923e+00
-4.676598122573318861e-01
-8.498815069955811818e-01
1.587067527262863154e-01
2.762030395591797971e-01
1.468319057690385510e+00
8.100602838111100601e-01
3.966532762767662756e-01
-1.945285103246070957e+00
-1.169978356878095038e+00
-9.012873449872524922e-01
-1.963758409165232699e-01
-4.289941657071716374e-02
1.870586105892859230e+00
1.981173174435569839e-01
1.151566665184025062e-01
1.042953298171892529e+00
9.793740079094864770e-01
1.787050033146526218e+00
1.923359356058378378e+00
-7.812876088604732150e-01
4.879782908384463491e-01
1.046280999269595391e-01
-6.472275426560938349e-01
3.088724369140882775e-01
-3.814943596871198661e-01
-3.807523993170087717e-01
-1.478463238371187316e+00
1.340990835444082485e+00
7.712797340626109666e-01
2.733298989505088983e+00
1.523620701084449358e-01
1.370797545806487161e+00
1.053955927273456661e+00
5.400022803824022777e-02
6.464759893877261021e-01
8.969535028742415816e-01
1.361868421315914901e-01
-7.245416921347125339e-02
2.502450563670296724e+00
9.523081665378310134e-01
1.034252249272141988e+00
1.552449995148756035e+00
1.612520422282170962e-01
1.217702063534498835e+00
-2.785052391951421402e-01
1.378182075153856712e+00
6.099982592074355559e-01
-2.332703920879700910e+00
-5.394842403063182523e-02
2.396205420032793132e-01
-1.234310054248562105e+00
-2.271439303746026539e+00
-8.310985636816961009e-01
-3.732696788513661934e-01
-8.062919513695430140e-01
-2.222874410960712366e-01
-2.532583303914903716e+00
-1.508117826226527347e+00
-1.018206263328254035e+00
-6.065226186919775442e-01
-4.187269028228993717e-01
-1.200663368379278007e+00
1.288180978527192710e+00
2.012777906456954646e+00
9.088060384003446845e-01
3.273987034053291723e+00
1.229858421280927594e+00
-1.494886216411889679e+00
-1.077273630411824668e+00
-1.019913911096383741e+00
-1.513206114901878063e+00
-6.870370767447697702e-01
-1.519232879673285908e+00
-3.566307480701054189e-01
2.328769358971083392e-01
5.270022031906660409e-01
-1.192023123502168769e+00
-1.781004455518875318e-02
1.383528179180956830e+00
2.191940423266068194e+00
1.862874353740532563e+00
2.200573927561059850e+00
-1.692782460174932613e+00
-8.274719440785127667e-01
-1.171006992390213108e+00
-2.254856152638581523e+00
-1.031414537090258321e-01
-1.524722753130876018e+00
-1.954803836233087733e+00
-1.123340142260831342e-01
-8.864790770790128560e-01
-6.449848905846840008e-01
-1.343431704034027119e+00
-2.015386115185881177e+00
-5.960968789751270869e-01
1.061954489245923394e+00
3.709436601741780137e-01
-1.394777367441363713e+00
-1.458258653825676987e+00
-2.253906579932308141e+00
-9.160127395777738490e-01
-4.514175058742087021e-01
1.903857762502925599e+00
1.667991722438694868e+00
-6.744966971169059633e-01
-2.895787174800237285e-01
1.901389469506330920e+00
9.258120575853271417e-01
1.677228516991962959e+00
7.602707130836942051e-01
4.945631528940337418e-01
4.776136896442516599e-01
4.341595951220827976e-01
2.038460074650555676e+00
4.900093697547919236e-01
4.496619436889671695e-01
1.700552844130303942e+00
-1.411964686680625247e+00
-1.850569176608054534e+00
-1.099497682284127364e+00
-2.177543569565405512e+00
-1.855454263755541122e+00
6.323692034456556144e-01
2.319900002402865091e+00
1.871298349369909797e-01
2.015732991404054708e+00
1.001063517349758847e+00
1.592950565467696089e+00
9.490865753853362508e-01
2.023959152630937508e-01
7.458849512019387618e-01
9.237106894814843816e-01
-9.511342328973393379e-01
-1.015417629044229830e+00
-2.931094076462832376e-01
-1.758479914601346117e+00
-1.231773825164117930e+00
7.575860396258384810e-01
1.397002002423072486e+00
9.861803518006757585e-01
1.755305005906265592e+00
2.836268615127079951e-02
-1.192220159363280629e+00
-1.431177337875993549e+00
-1.588334713990615876e+00
8.348673408045037547e-02
-2.186025259260278020e+00
9.380099916087261125e-01
4.371509753346112248e-01
-1.969382004553339893e+00
-1.121219156776533943e+00
-3.644179747921343360e-01
-2.261625828408841521e+00
-2.022026514121552765e+00
-6.089688325139073211e-01
-1.353482015905982161e+00
-7.556636520282764558e-01
-2.117150069014632763e-01
-1.042192852279993698e+00
1.073392935365721224e+00
-3.582049429556515285e-01
-3.509318912513981203e-02
5.020830289227846688e-01
2.527630007643360877e+00
1.786716047305800803e+00
-6.116412458355864334e-01
2.038886034378601941e+00
4.316274837070667170e-01
1.636191399033384730e+00
1.644285003951077684e+00
1.172880070444777045e+00
2.154636426485895484e+00
-1.455224998640718859e+00
-3.706588606657795770e-01
-1.147514995273620109e+00
-3.759997158717454102e-01
-2.007958331193967716e+00
1.091253312533386310e+00
6.195926684012794672e-01
2.186472801219363049e+00
1.481059021000626919e-01
1.264446441313811009e+00
1.297295251584509757e+00
1.846090845833518568e+00
1.753176097422917579e+00
6.879101345005799173e-01
4.841605004581227556e-01
3.294976579561470498e-01
-1.943051963624709444e+00
-1.432462632025875982e+00
-1.152838258516207803e+00
-2.024503176518893888e+00
5.426744546868337293e-01
8.644282293209885060e-01
3.771247963048670604e-01
6.771329917327360004e-01
9.185196077757096234e-01
1.299164809883834870e-01
-1.324290135253431977e+00
-1.302530264832047369e+00
-8.148543281206717115e-01
3.882271974952944404e-02
-3.402495615769622894e+00
-8.652459731548357569e-01
-7.311968870598342107e-01
3.061514141488421714e-01
-9.395960388526459761e-01
-1.665131878031660406e+00
-6.282169312662837513e-01
-1.951800627139909317e+00
-6.480559180287002174e-01
-1.981630806112912424e+00
9.732684776106335089e-01
1.563453189826674361e+00
-9.284563376258760936e-01
2.194955658867911108e+00
-3.791605116519940477e-01
1.217339678874689746e+00
1.875029885808936037e+00
1.812499112533870971e+00
1.915073914244038278e+00
1.053047677617160227e+00
9.311442442833864908e-01
2.702175342968703209e+00
1.226515939805599587e+00
1.919041796163356794e+00
6.310964138125281231e-01
5.025377004913966772e-02
-1.787020480014590795e+00
-1.754753965951685313e-01
-8.107964919548621419e-01
7.034583992223866211e-01
2.489716843434802707e-01
2.414013736335564708e+00
7.913518123335808729e-01
8.611835301441417290e-02
2.607436215516199418e+00
7.958335573314092581e-01
1.724351009341195784e+00
-7.165732973685057239e-02
1.603913688297336382e+00
3.932279546770981460e-01
-1.485336014361745338e+00
-7.179901084407867007e-01
-1.641781419283013133e+00
-8.556519004923304195e-01
-1.047037921134825078e+00
1.137264130813952612e+00
1.002451267291606385e+00
6.747019917146381829e-01
1.268846328393435918e+00
3.264943740160575203e-01
-4.658488087897002528e-01
-6.565436608328605317e-01
-1.267504426447283450e+00
-4.544024976004764627e-01
-8.516158868534406956e-01
-1.044483456631555507e+00
-2.589441265126051661e+00
-2.102139011448587169e+00
-2.317182322611940570e+00
-3.342999229022235674e+00
-1.341824955599758784e+00
2.835842540778998888e-01
-6.812840915357532001e-01
-3.200192771772344402e-01
-1.096303974093142175e+00
1.174401602480066753e+00
8.687052689768246516e-01
1.107030103945031430e+00
1.343445984711044927e+00
1.297355851498269264e+00
2.310839544045023342e+00
3.878572316355035632e-01
6.001608941342462256e-01
1.104375965087198486e+00
2.856311804137481314e-01
6.786726434356126214e-01
2.856927517938893324e+00
1.661752482928893215e+00
1.139528920633033238e+00
1.791216766345724354e+00
-1.246984505732666504e+00
-3.427756554697604097e-01
-9.008504216807189380e-01
-2.138494898715284087e+00
-2.947951722744996950e-01
1.053670982727311412e+00
1.489375429309636178e+00
1.120478689331470434e+00
4.154151254543413385e-01
2.071847888035575291e+00
-1.013125852061054211e-01
2.139512013316378525e+00
1.314906213452046391e+00
3.353408030835490550e+00
7.569254214765077649e-01
-2.048235156155796766e+00
-1.808908355411410485e-01
-1.976279314410361643e+00
-3.611805998602358736e-01
-4.041779236834995848e-01
1.069577184970760264e-02
6.613270147021521606e-01
1.248610468461093248e+00
-4.740927230288241034e-01
2.007269385904091319e+00
1.393867183627954365e+00
3.486103328167947657e-01
1.439560156853691986e+00
5.884437765328269787e-01
1.260895824035983104e+00
1.193962729558627256e+00
1.426984098900197395e+00
1.940554519504147146e+00
1.791953713886282218e+00
2.981797495629434636e+00
7.620613033296279593e-01
2.395548730603351828e+00
-4.860257845262430099e-01
5.104181904730982211e-01
1.472550514028459157e+00
-1.300067853326929646e+00
-4.185589026031936166e-01
-6.971100048873656307e-01
-1.793380328649637256e+00
-2.480567188840583803e+00
-8.266375074800506040e-01
1.441193180524065198e-01
-3.158790918607952136e-01
-1.466415964276917450e+00
-1.276682012169750857e+00
-2.459086146795941730e+00
-9.307160337408597606e-01
-1.056555982559358231e+00
-2.638938186110287631e+00
-1.848230016240502538e+00
9.509264399187828953e-01
6.430082619968948698e-01
1.524925934397401983e+00
5.638600258940329457e-01
9.074898169320417818e-01
-9.668347925111930863e-02
-1.406943609065898881e+00
-6.081209436189027873e-02
-7.906180861054288300e-01
-5.786864363314648818e-01
-1.771019637298741678e+00
-1.630326600138045645e+00
-6.593317204521609298e-03
-7.400485007651654845e-01
-1.413966783223936652e+00
-1.104577152574328647e+00
2.492842897911589528e+00
9.788713781222982968e-01
2.004059539571469095e+00
1.818304674938972187e+00
-1.675326542971534272e+00
-1.742495318792031345e+00
-1.763863659939254980e+00
-1.163013851902795270e+00
-1.119714438670475598e+00
-4.967886780772250432e-01
-2.438084355561944694e-01
1.704081740342324736e-01
-1.607545236926718912e+00
-1.032612678973717779e+00
-5.543160214993305690e-01
1.469783467758252193e+00
-1.995591244465946268e+00
-1.719166622737068106e+00
-1.666209648196431026e+00
-8.052657483190026610e-01
-4.096527175412807864e+00
-4.815497167059713535e-01
-2.327213305518574415e+00
-4.096995802612307669e-01
1.843176497405589753e+00
1.312832108457221647e+00
2.247037804901164115e-01
2.140712010712999991e+00
8.495855871981982110e-01
1.289158548864354437e+00
1.503705523134780453e+00
-4.428885783621230310e-01
8.987798914891721447e-01
1.500884834386000399e-01
-5.462972533699201882e-01
8.040504181058838462e-02
1.386819972132380396e-01
1.898187126954959503e+00
1.414392273439657899e+00
-2.409456276714255774e-01
-7.825283473986777150e-02
-1.896561078560002889e-01
-5.220552205414925595e-01
-1.581035338813270741e+00
1.356069949707453093e+00
2.993488221330635746e-01
1.261463031971998605e+00
2.662171981566492818e+00
5.947135988680845031e-01
1.248220335350635590e+00
-8.441819287216016932e-01
8.928456144360893409e-01
1.252587159377903658e+00
3.752684416541733903e-01
-3.871476308978552439e+00
-7.744731346881316147e-01
1.115059378431264570e-01
-1.238817619422980520e+00
5.458168505540303972e-01
1.819220079473979901e-01
7.330657375449520785e-01
6.142771581719452811e-01
-1.447059552006479954e+00
1.600822960365414271e+00
1.765129680441304361e+00
1.384542972742536682e+00
2.549411682874304752e+00
1.124900557713650162e+00
9.596511419269253551e-01
9.559369854695470847e-01
1.704624758267508700e+00
5.750197039165589885e-01
4.802996489156929893e-01
8.121785344205058044e-01
-8.091411883102601621e-01
2.160021527503149574e+00
1.104683932383406120e+00
4.766217804040824291e-01
1.139897189683817702e+00
-1.621722639905806895e+00
-2.747305132829596097e+00
-2.672817724274767492e-01
-4.370368819532491900e-01
-1.599778009586035665e+00
-1.934378976600587219e+00
-6.001311776459542502e-01
-1.290365041035670179e+00
-1.563200794580802411e-01
-1.694521603257850728e+00
-1.993678647891510280e-01
-7.506451754908125551e-01
-9.355250511489128229e-01
-2.131535906165355598e+00
-7.011913277764636465e-01
1.901494798077082660e+00
1.760133444904725231e+00
2.255757134927189433e+00
5.712761545328514101e-01
1.406979507141711716e+00
-7.045813367429316632e-01
-1.081377050375688098e+00
-2.668581219896041468e+00
-1.162575829153679186e+00
-1.598674782660038485e+00
3.419822843156636871e-01
-8.014866887862440725e-01
-1.496614684211056812e+00
8.525112504027192450e-01
-1.687008614801856154e+00
9.685075212473512885e-01
7.918977129228532696e-02
3.769176457381595569e-02
1.052092441563503122e+00
1.797813973874069493e+00
-1.086637319235139287e+00
-2.028842702627629890e+00
-7.536455310485481451e-01
1.800552730642264176e-01
-7.374321194543054236e-01
2.464587702769238220e+00
1.403031352859442915e+00
2.121557862102153358e+00
2.540814780914840476e+00
1.289254946008220770e+00
8.380117968985592025e-01
1.569943336395002831e+00
1.906322230556865005e-01
9.872720909836056880e-01
1.933526867946872008e-01
1.154320999360344269e+00
8.419261107270781253e-01
1.213595688739831591e+00
1.051025497905265338e+00
4.388939491188943443e-01
1.656722200783629084e-01
-1.484879470813206703e+00
-4.908635965569054793e-01
1.918420296523442037e-01
-4.694445255446908494e-01
-1.717652212763860042e+00
-1.055850571256219617e+00
-1.890023841966107288e+00
4.548054698315024957e-01
-2.115912640139281820e+00
-1.047301511927440032e+00
-1.404230422490773567e+00
-1.178724906847110621e+00
-4.593746782943396445e-01
-8.276622337305277188e-01
2.537794460519436690e+00
1.760309334429198902e+00
1.827176283370064880e+00
1.776790377789256858e-01
4.832925345627921976e-01
-2.023663545576522615e+00
-1.269755726647610938e+00
-1.108633468343676043e+00
-1.429003663070678165e+00
-1.649100305858712368e+00
-7.617193213213943048e-01
-1.252408367543079937e+00
-2.217696411821504121e+00
-9.107668096412095959e-01
-6.406197533726325499e-01
1.479406887444369101e+00
1.871239183542072748e+00
7.096221006220706506e-01
2.066807916056311534e+00
2.187687633385287711e+00
-1.164285210631944789e+00
-1.708864660331484320e+00
-1.128984115228349294e+00
-1.557899512382595164e+00
7.626625870515137962e-01
-1.651119393362002974e+00
1.157159545233572562e-01
-7.367491436652338077e-01
-6.356581378019785511e-01
-1.827853674622942792e+00
-2.607490986510281328e-01
-1.771493162004605937e-01
-8.803775798565969257e-01
-1.378741952773534063e+00
-1.386500526555173751e+00
-1.669203101208724060e+00
-8.743261701526972018e-01
-1.125903967842032394e-01
-1.108120719384976249e+00
-8.940377072717098361e-02
1.649174433255198080e+00
1.106296920464951317e+00
2.023030731983190389e+00
7.276477805366277085e-01
1.573647564858906556e+00
1.735410683511210417e+00
3.016206706955899541e-01
-9.464350133967069922e-01
4.567821746512734649e-01
2.886324109104894120e-01
8.490122826204371531e-02
1.955458451837064793e+00
1.634073969757273481e+00
2.143155162943866099e+00
1.654117500735358126e-01
-1.360410277157428904e+00
-1.856018115465337459e+00
-2.144871611071264006e+00
-1.428042255498549684e+00
-8.575899472247306976e-01
1.262276238122604477e+00
1.766345650714890692e+00
1.210159276613397505e+00
1.027881074017100715e-01
-5.550382932293211891e-01
1.790344429612219290e+00
1.413436572048134110e+00
1.244171526290749119e+00
1.493584645282563850e+00
6.439604792632117602e-01
-9.573421895659710579e-01
-1.092145458282581361e+00
-1.464549037893087879e+00
5.046653770528430893e-01
-2.268220767799634441e+00
1.396278406205689659e+00
2.346880016040030270e+00
1.649221469441142229e+00
1.653491679358705113e-01
7.287635972331806267e-01
1.438540680466345201e+00
8.629676435899216180e-01
-5.742422018850690257e-02
5.319648620368399028e-01
4.387440500398296361e-01
1.266947650330770614e+00
2.100922336593613604e-01
1.293986414271150576e+00
6.113557038408039546e-01
-3.543891425668539430e-01
1.255385625993163057e+00
2.227038256184269649e+00
1.446733166714721852e+00
4.393016045174623629e-01
3.276756328079142300e-01
-1.754267673443655529e+00
-9.535605507394617764e-02
6.808402593386708723e-02
-8.364396195032921533e-01
-8.070339978603318087e-01
-6.654043838505476760e-01
8.594793607867323715e-02
-7.446752121882983522e-01
-1.534951858158222215e+00
-2.022681379848321193e-01
-1.556447997901830860e+00
-1.752587966270776398e+00
-1.274429919078142959e+00
-2.591780713951418180e-01
-7.962025188333337056e-01
5.593706719536686300e-01
3.052313916671597349e-01
1.681153866976138112e+00
4.315632868948988676e-01
8.404604877357305659e-01
-1.930897650190656956e+00
5.234259566530741203e-02
-1.482143336765294972e+00
-2.264044352254401815e+00
-1.305005685288488149e+00
-1.022635240098878073e+00
-1.669424981601876246e+00
-3.471209140005835359e-01
-1.883318623846338635e+00
-8.190548843536878953e-01
-2.714016794368259156e-01
1.617953342091103419e+00
1.210627301379676668e+00
1.221494414433449638e+00
1.532886082392243221e+00
-1.575938914770123933e+00
3.743469432579105138e-02
-4.853635165805333385e-01
-9.575178272728988027e-01
-5.338495766565503065e-01
-9.185266363829838188e-01
-2.014370079872390029e+00
-8.499196182245208897e-01
-5.578846833330088906e-01
-6.386084761919783581e-01
-2.835865083325247227e+00
-1.431486357203610282e+00
-1.101636912449222683e+00
-1.267477195414163260e+00
-4.523615781107651612e-01
-1.906627601123723537e+00
-1.021913912826575732e+00
-5.917711312706011029e-01
-5.233527032983056326e-01
-1.295164556492462760e+00
3.962784670118451036e-01
5.579719964370335461e-01
-6.976900922844333497e-01
1.270814371801868958e+00
1.724856241681397284e-01
-7.706248092364380575e-01
8.597206941576187589e-01
6.488232305586983939e-01
8.815841027209757597e-01
2.349472673560125013e+00
1.589061721083047773e+00
1.907456142700596935e+00
1.126516623569147724e+00
1.293216867663048442e+00
5.086463705928334633e-02
-8.351352176562936158e-01
-1.232043479007123077e+00
-1.667484906058309679e+00
-2.851869741431594107e-01
-5.713731979832383789e-01
1.358951026582476906e+00
8.518561904089505532e-02
1.905544015167002891e+00
9.271947883519210398e-01
2.179314907253727007e+00
1.829581164087931366e+00
-1.885755920045537604e-01
4.553006802406738274e-01
8.862141128352993835e-01
1.554979491982619422e+00
-1.630652754046007846e+00
-9.802383786062450755e-01
-8.485428734040142418e-01
-5.213417244098468295e-01
-8.414634393374361698e-01
1.231506531472180033e+00
-4.713645101980490359e-02
1.511834035226294670e+00
-7.974569654042213962e-01
3.240050430597626097e+00
