-9.585294586914470116e-01
-2.332743845448871589e+00
-3.670450771263298329e-01
-1.254761143099155429e+00
-1.021050821182995394e+00
-1.539563943316928363e+00
-1.532763095879590143e+00
-1.385952239776638617e+00
-1.687983709221563267e+00
3.653905888401478563e-01
-2.605179358590374861e+00
-1.182984213010018770e+00
-4.340738245625639369e-01
-2.144904929333524279e+00
-1.838919966756698443e+00
8.897107228314419247e-01
3.015951640196077754e+00
1.497335563922902679e+00
3.865513990085385210e-01
1.683715197955803156e+00
1.446818776635529158e+00
1.809769997893574622e+00
1.543792246885372865e+00
2.140307765898143977e-01
6.108564243650236314e-01
9.474160404662373969e-01
-3.097405493228073681e-01
4.550021731110028833e-01
1.871051932639094861e+00
1.294103663325153475e+00
-2.317492896701978111e+00
-2.270832093914687544e+00
-4.135040854819617140e-01
-1.496051619165935431e+00
-1.647386180384098786e+00
9.985642055414685192e-01
4.222468352270963843e-01
2.671839658052483912e+00
3.423519140390942628e-01
9.048296340000383520e-01
2.343240798840033001e+00
1.265760710864186844e+00
9.122943783668077122e-01
2.317622116304854707e+00
-3.406803558037116986e-01
-4.270685536062513998e-01
-2.275503356229807039e+00
-1.472695290285975345e+00
-1.585590295887312262e+00
2.544719067111635979e-01
2.139207021268332731e+00
1.067116152498874149e+00
6.252805235071341450e-01
1.938874735906237934e+00
9.353793603613783647e-01
1.728610141691094837e+00
6.085021176458242920e-01
1.823450278491910659e+00
1.156674624547813890e+00
-1.551499887185070481e-01
1.669882193283539484e-01
1.125223799516771761e+00
3.356519733751189616e+00
-2.248001864006359263e-01
1.878482531497448704e+00
2.581440908431625880e-01
1.074819629345023619e+00
-5.254600727681653094e-01
1.057058940710263295e+00
2.159925928780334736e+00
-4.536361863724854837e-01
-3.289355832168843197e-01
-7.619059706959047107e-01
-9.075062219300039645e-01
-1.867086791694747561e+00
5.760883352426993120e-02
-5.131521563341157055e-01
-5.180685792077814877e-01
-5.208381984936705233e-01
2.994313424611321217e-01
-1.450029696305252802e+00
-4.699553836292215125e-01
-4.838863233441660361e-01
-2.251065801855609116e+00
-9.867541328736419981e-01
1.535679629667224155e+00
1.774783434017307648e+00
2.180506096050749854e+00
7.612653728871203729e-01
2.802193971104797399e+00
-2.472070215747161903e-01
-1.171803622127500999e+00
-3.949168460204458553e-01
-2.380526370259931079e-01
-1.960295158360110479e+00
-1.070918304764331141e-01
-4.138244792416637674e-01
-8.295494173729278664e-01
-9.290080482300624443e-01
-2.589086623401690268e+00
1.295434127393428891e+00
2.865239139845932037e+00
2.947772342974899207e-01
6.511221481747653250e-01
1.816689408174412934e+00
-1.290242327578163373e+00
-1.986320907513446032e+00
-9.633726266384915471e-01
-2.622031223813259260e+00
-2.406336169725022955e+00
6.568063175654890173e-01
4.927281718324968418e-01
1.079408811911638066e+00
5.012716491222009019e-01
3.199584761972376068e+00
-6.337013672495839245e-01
1.087124167589736512e+00
1.146200114766838363e+00
1.330915528491539934e+00
6.534366228535510857e-01
1.383994159240426569e+00
8.154690453542858819e-01
3.954362025403792558e-01
1.183810924875502213e+00
1.309129137330981463e+00
6.139184144391651721e-02
-1.589270177577884802e+00
2.166805125690440814e-01
-1.983679278180008554e+00
-1.245428961384642097e+00
-9.196717467561524861e-01
-1.277343283951999142e+00
-1.667813340555361457e+00
-7.081748950695145872e-01
-1.308953016308030515e+00
4.588379786166052465e-01
-5.160663857846594649e-01
-6.711849944929388911e-01
-2.273950364168081162e+00
-1.487270877358458199e+00
1.605972771760486584e+00
2.125112251931948748e+00
7.745018460300520102e-01
1.663212717585496936e+00
1.107615438237322669e-01
-9.932984002196866280e-01
6.477678007785527825e-01
-1.926322519576622927e+00
-1.313506746793692059e+00
-1.698177682885508855e-01
7.884504136156800236e-02
-1.135559553057426729e+00
-1.959380200388531890e-01
-1.058154661722536583e+00
1.983064974335757569e-04
2.020114530791371266e+00
8.187566146746739770e-01
1.230299951386026880e+00
5.674709484657067815e-01
4.921528755503428165e-01
-7.918845190273483547e-01
-1.416505702861818428e+00
-6.424489816315006596e-01
1.263884301660089804e-02
-1.234455989137993370e+00
1.613633010527673939e+00
1.889257622415460247e+00
1.196427687929857209e+00
3.706438466110769658e-01
-3.294069766759610829e-01
1.464537830108872285e+00
5.705847360284377334e-02
1.009825260752902354e+00
9.170641953467271179e-01
4.821807703479049634e-01
2.405389791137496402e+00
1.896377497606291485e+00
1.275069088271798989e+00
7.597175489220998612e-01
1.663917610525593282e+00
-6.411104098791813310e-01
4.238067807402718934e-01
-1.833065595969844974e+00
3.806222561084890987e-01
-8.107283958197597507e-01
-1.839617347993869778e+00
-1.676320228108003185e+00
7.749614519971286253e-01
-1.510265532766907448e+00
-1.587702127824839327e+00
-1.410472327823951044e+00
-1.666575996323901743e+00
-8.937765301507849536e-01
-1.162189439844272698e+00
-1.020313532533970724e+00
6.837198187276785077e-01
7.920614777750552005e-01
1.646156388042624652e+00
1.887742286522360313e+00
1.129777722274710072e+00
6.970768251399750426e-04
-1.523806241860149902e+00
-8.461231878451387356e-01
-6.011414381633137793e-01
-6.792446806080332244e-01
1.319801634105821631e-01
-1.397326870427851198e+00
-4.042135499846556401e-01
-1.420773268243098686e+00
-1.445200816988638781e+00
8.040515149231364234e-01
2.494530838964484243e+00
1.113992019027173708e+00
1.103477285512664219e+00
1.442993534601467065e+00
-5.672717550866956948e-01
-8.576516024597469201e-01
-8.285766845550989190e-01
-4.525021906840165364e-02
-1.200893693640251447e+00
-1.211143707775331535e+00
3.043913614245556953e-01
-4.343763695899728328e-01
4.435377164858365084e-01
2.061411796133159058e-01
-2.055150835585663138e+00
-1.059946510154155863e+00
-3.626965390405380241e+00
-1.291883136641905905e+00
-2.572073566079223106e+00
-6.809062170852876461e-01
-3.992135986388475333e-01
-7.444920434554265221e-01
-2.459004828831037326e+00
-1.693283394944673725e+00
1.012100305442907189e+00
1.164494815528604121e+00
2.760092283684008940e+00
2.251002110333483408e+00
1.167117074586440317e+00
1.250425960328245711e+00
5.366825902902093715e-01
2.368209354572298420e+00
5.420505912279822702e-01
2.214399068954383543e-01
1.151349309550036448e+00
4.142432407213679779e-01
4.323783987428746478e-01
1.991320918815042029e+00
3.056230023945702534e+00
-9.430206418816713398e-01
2.071979111883537339e-01
-1.769635263694570693e+00
-1.216613122958025039e+00
-1.282207141800785877e+00
-8.662066773087673255e-01
7.257301953914614412e-01
1.825186785885154928e+00
-4.179166965094822661e-01
1.358919407025648507e+00
4.126999507884835383e-01
5.357107195847186087e-01
1.484738204921681515e+00
1.149621348250215114e+00
3.748757458246397833e-01
-4.264271180887374557e-01
-5.079612755224143239e-01
-2.187476411200576898e+00
-8.592386945276198063e-01
-2.044080325971529888e+00
1.573756825961736716e+00
1.194499994862670444e+00
2.694165584538455338e+00
6.518382378359195428e-01
2.360358761484505408e+00
-1.896250126038356854e-01
-1.520443175541339453e-01
6.626265683951001462e-01
5.924185380316659977e-01
-3.943391214228442188e-02
2.179382493226657225e+00
2.363953178257583998e-01
1.956043755248779714e+00
8.547407488403023779e-01
1.188481478630387667e+00
-8.549132986202012674e-02
1.757838905963226672e+00
1.661362614990213205e+00
2.252265696511517312e-01
-6.759880178013766283e-01
-8.828562153536305690e-01
-1.280332458204066937e+00
9.087449873647093224e-01
-1.884878851096696728e+00
-7.767165997833614943e-01
9.284095019141491711e-02
-1.629995910976929752e+00
-5.876633261960950705e-01
-7.411063091806484593e-01
-1.154199227988407017e+00
-1.386551902779538548e+00
-1.454160849252295717e+00
-1.957877521028845935e+00
-9.094807332121374044e-01
-4.273325449808598187e-01
1.603738000876778536e+00
9.504042167140718256e-01
2.032489714196330510e+00
5.071281329286805306e-01
1.311677558251125308e+00
-7.438037897470435311e-01
-7.425466457572080792e-01
-2.027555688288362745e-01
-1.822025911478821758e+00
-4.225703530650154471e-01
-1.718255570530297760e+00
-2.213261375961217414e-01
-2.505385534067461339e-02
-7.371983182885786245e-01
-1.048029152683378040e+00
1.166637640627024686e+00
1.249690519418166001e+00
1.565376679464607346e-01
1.282940240248353403e+00
1.298218107613997807e+00
-1.265613229202411150e+00
-1.918474894051978463e+00
-9.061811486491635481e-01
4.050854781870583121e-01
-3.117451457158346706e-01
8.815116116310468541e-01
2.491653040423175369e+00
7.121787920675886063e-01
2.295682863774572979e-03
8.371772502707930386e-02
1.094592596326714240e+00
5.641453836518746101e-01
7.632329336007551701e-01
-1.814088547522512140e-01
1.960276924716836122e-01
7.946495169095817435e-01
9.800776262842960662e-01
1.458040016491747082e+00
1.543515579887201339e+00
6.292178799471587203e-01
-2.698495695329716781e-01
-2.336910467943970726e+00
-1.755170728749110287e-01
-6.343863668832981917e-01
-3.841253930416349549e-01
8.216059005564297912e-01
7.318728549018775897e-01
-1.305290420997195167e+00
-1.564860784149752826e+00
-9.046814138972025798e-02
-1.714268628416795837e+00
-8.035564397318581964e-01
-1.453738241916679108e+00
-1.067240727748410389e+00
-1.114062634304630039e-01
2.079614809112965368e+00
4.005441881252510550e-01
9.885003535689972365e-01
1.106383405383225549e+00
5.191496184291364280e-01
-1.101089740100471559e+00
-2.998730767496572192e+00
-6.886048476032192722e-01
-1.306193067635941230e+00
-1.022020930606062361e+00
-2.312394085634004171e-01
-4.357514539834085321e-01
-2.055920229391577703e+00
-7.652196311890027136e-01
-2.365975638993052410e+00
1.494900183346147049e+00
6.212595140558274664e-01
5.865871083293042743e-01
5.759887009893351895e-01
1.369548397193304901e+00
-5.143299332796698042e-01
1.920488288313852987e-01
-1.234688469837451397e+00
-1.639562895382205898e+00
-3.272668107343040811e-01
-2.373715746729554432e+00
-2.046932398217267135e+00
-1.996249028365012501e+00
-9.147168474763226476e-01
-1.231398835114385193e+00
-7.981966197622842873e-01
-1.214356158795640406e+00
-1.518244024157013428e+00
1.093965750943348691e-01
-5.361010677784867617e-01
-1.171617365089391960e+00
-1.048928367558536356e+00
-6.094461770016623703e-01
5.537824657934842243e-02
-3.994267109634763724e-01
8.026301690931285648e-01
3.181137368036115465e-01
1.052881597360522559e+00
4.789445539459075141e-01
2.240318340249469742e-01
1.377673386601469430e+00
2.699669691650572467e-01
2.722077326420126120e+00
9.138356134240286366e-01
3.479995580542951661e-01
1.254211533239876220e+00
4.438517374679628036e-01
2.219604734010212521e+00
2.846957603691778749e-01
1.752154871953593984e+00
-6.279935167472563418e-01
-3.256616496980533348e+00
-1.743435241948067649e+00
-5.925522934390408114e-01
-1.015182424466665623e+00
1.650432479515248740e+00
-1.462427821311945042e+00
1.378761772851634371e+00
1.138284569935755997e+00
8.486589104176023302e-01
-2.658121150291501422e-01
1.128882083905304423e+00
7.979485757618167696e-01
3.482716213164342989e-01
9.705304713566044184e-01
2.790899747441288881e-03
-1.279775765888021999e+00
-2.044138735088985026e+00
3.712905252441840442e-01
-4.455996614762713914e-01
2.035775307137359214e+00
5.238117255087408886e-01
1.296490669369909865e+00
1.661676697238420708e+00
5.832888788439838379e-01
-1.294590161285964491e+00
-1.430455411547770339e+00
1.279524145408592606e-01
-2.621844599281873744e+00
-9.126569413649606721e-01
-1.654816791984600188e-01
2.159794543572877146e-01
-2.502210112827064847e+00
-2.930685929135262491e+00
-9.757562138613881109e-01
-1.328380691414076109e+00
-2.060763338437760606e+00
-2.902343217104348394e-01
-1.433593699191385129e+00
-1.302407520914173222e+00
5.249619001912730898e-02
1.493517177965441256e+00
5.850112324054361768e-01
1.843422726533897826e+00
2.640282035116658932e-02
1.401140071875521809e+00
8.996292181872562743e-01
3.131792179184733627e-02
1.369318695014868581e+00
4.030732363912697958e-01
1.994781671477713125e+00
1.345237611132619637e+00
-1.938581535583249860e+00
1.263672341593420345e+00
3.256387365724058736e+00
2.186892446112498334e-02
-1.193030410944655451e+00
-3.039426500725087577e-01
-1.053238815285163721e+00
-1.252243810978437288e+00
1.803986212497469488e+00
4.539731563637002809e-01
1.580775661195044091e-01
4.927418441017655804e-01
1.766539994560489824e+00
1.705090439329425056e+00
2.132792778501990227e+00
1.995330930205878817e+00
1.196034778891245098e+00
3.317097807599412640e+00
-7.005441689801863436e-01
-9.958891157755308532e-01
5.759596154943515955e-01
-8.960478340116119211e-01
-9.951543092394610213e-01
2.025366329415190236e-03
2.542465226071183970e+00
3.197829873083086749e-01
1.137178046048021418e+00
1.466321349092361004e+00
8.691986502694083461e-01
5.738248833493120316e-02
2.539952061971974651e+00
1.955305459622760811e+00
1.612834407267013770e+00
7.276207014046112143e-01
5.660643925344923666e-01
1.246197051806902989e+00
4.547081694514910621e-01
1.363115326624523282e+00
4.204231292875926229e-02
1.389270424959583972e+00
2.345119035608292712e+00
9.611958016269692706e-01
6.046119200933585125e-01
6.293395245946489247e-01
-7.369544554868223685e-02
-1.710393479391354443e-01
-2.172460539899093712e-01
-1.326670861820313130e+00
-1.657973781519181067e+00
-1.633797516415896212e+00
1.669133910361222384e-01
-5.371494679348555179e-01
-2.276360977356242543e+00
-1.037966434369997248e+00
-1.283836424820719913e+00
-1.189354531887213628e+00
-1.789195953116422988e+00
-6.574789167110617338e-02
9.112694430459731265e-01
9.506095230338356128e-01
1.633033163515337671e+00
3.039338138068288231e-01
1.546020539481145262e+00
-1.425244867024583639e+00
-1.687431254361996036e+00
-1.463485931400430706e+00
-1.386394128303410245e+00
-3.840629964279104192e-01
-2.938539157929954904e+00
-9.939868877235482625e-01
-4.347227821899531719e+00
-8.594930577454104048e-01
-2.084398892642194134e+00
3.623399710891630487e-01
1.670411442171905847e+00
-6.690869628806828118e-03
1.478384907332485287e+00
5.848550904488574176e-01
-6.095711509276555695e-01
1.451336159697480532e-01
-1.643875493706569824e+00
-1.996294787401810211e+00
-7.808727286048090521e-01
1.660742840505730733e+00
1.400339505915944915e+00
1.410474382005923566e+00
1.984059245120800563e+00
-6.175988196724819801e-01
7.444698021065938587e-01
9.772032309021406737e-01
1.348500849749458608e+00
1.170577764314937319e+00
1.095424734055390426e+00
2.957129259806630106e-01
-6.077444698251621702e-02
1.314237757678936580e+00
1.583730378758403168e+00
2.752839426802634604e-01
-2.179258510762581480e+00
-7.078863699323729719e-01
-1.813603781688189587e+00
-1.149860591253439868e+00
-8.867700640905012976e-01
-1.800167604924600706e+00
-2.020262407022814344e+00
4.070184228302542451e-01
1.518116745789098943e+00
-1.998177940328194513e+00
-1.048496789252010064e+00
-1.780767237934352654e+00
3.984626463703870858e-01
-1.161348199338174902e+00
-1.472046460195004292e+00
2.101166945883801151e-01
4.483560328912826742e-01
1.231573098099090657e+00
1.122467812835916900e+00
6.025743413971360596e-01
-1.324747851559791023e-01
-1.798422539393594644e+00
-1.452780326124998522e+00
-1.591617045188222335e+00
-1.765525554168395850e+00
1.403143147103048882e+00
-1.392958968925056329e+00
-1.487277803152947442e+00
-3.484662718318212171e+00
-1.871444452920433488e+00
-3.193305632970377950e-02
1.119660509920354485e+00
8.453624534186687800e-02
1.083019160476657694e+00
4.356788442741255096e-01
-2.916045160314235662e-01
-6.432764022286414640e-01
-9.669886018087403556e-01
-2.348490612949022394e-01
-1.494246819535602455e+00
6.373787978469687143e-01
1.545053145918630078e+00
2.089700525460159497e+00
-1.368568379665849211e+00
7.225272206848387668e-01
4.509054761415991486e-01
9.662523840529453345e-01
1.097224103629873548e+00
1.050374514913320345e+00
7.976514416490592119e-01
-7.610212248948622360e-02
5.138082649026356474e-01
1.738035712818772449e+00
7.886471824255884000e-01
1.631076598231735897e+00
-8.162064994418499753e-01
-1.975377088090106703e-01
-2.472603039020563553e+00
-9.122073260631842206e-01
-2.496461841306171436e+00
-1.302761734842313945e+00
-1.054091021562358232e+00
-1.246137922330647463e+00
-7.098460493609159982e-01
-1.608228103859239866e+00
-1.076132855441447767e+00
2.748502931478622457e-01
-1.181020281873973898e+00
-1.135911912163063642e+00
-1.607117734506401607e+00
7.463580910608968999e-01
1.662193738414005306e+00
7.009441192301922863e-01
1.805021444905693606e+00
9.408329091084356444e-01
-2.699936893675280558e+00
-1.113636204731127233e+00
-7.321968072421709550e-01
-8.925490039317739432e-01
-4.064886221542458600e-01
-5.738517509703989772e-01
-1.654201252441320769e-01
-1.454119796580903845e-01
-4.964390142482076884e-01
-1.189112330230279735e+00
-4.191163172524174918e-01
3.108288167722705886e+00
1.001275071608118017e+00
1.700042057173031473e+00
1.522506758230304458e+00
3.628839004223891607e-01
6.138855159718548116e-02
-1.352044434694626762e+00
-1.913024784015920021e+00
-9.849378859724868818e-01
-1.286997760032773552e+00
-1.840873345849743270e+00
-1.464035168411263133e+00
7.662172995650329277e-02
-2.030890574093117351e+00
-1.538776898232896873e+00
-1.335565632158408178e+00
-7.929950809275956303e-01
-1.348887058309405251e+00
-1.386013435831934482e+00
-1.095542504442601039e+00
-1.450339335502844218e+00
-4.472206664927258490e-01
-1.147157776641316351e+00
-3.400940488455477251e-01
4.283994705732603325e-01
9.805928544962883020e-02
1.132978506134783458e+00
1.044901159147668679e+00
1.306181852092582973e+00
1.465282525798792479e+00
5.958024426688963704e-01
2.566558463120987454e+00
-4.453697012546786738e-01
1.183431866972689761e+00
9.351717955447678143e-01
1.008913655120948327e+00
8.390349640894692040e-01
1.605616450591279554e+00
-2.888419675527762465e-01
-1.321367060553771067e+00
-1.622128071307106012e+00
-6.426842133807793012e-01
5.088556807521404934e-03
-6.146260110782751918e-01
-3.828541002421068651e-01
1.665190407803788464e+00
3.730149972796479307e-01
1.539453360493726608e-01
7.482386227300530379e-01
9.124556359548522400e-01
1.059490006501693671e+00
4.958268228109408149e-01
2.061097291799438569e-01
1.501883566204077258e+00
1.391471292063073406e-02
-5.747220255316154436e-03
-6.816680389821092589e-01
-1.587019584535781291e+00
-1.976265340506002666e+00
9.118853355731493249e-01
1.108066632645421157e+00
1.481494974591371472e+00
7.873495514047000876e-01
1.523163780992002891e+00
1.341793754204289479e+00
1.424588108930588293e+00
2.335862772315983271e+00
2.108574695389015652e+00
3.914784349418964915e-02
2.353058476563251178e-01
-5.419663388394191372e-02
2.261510877976751210e+00
1.057818792469917168e+00
1.274610122808597978e+00
5.296013795144061120e-01
-6.127818001112008695e-01
-6.331248085437914952e-01
8.221952248861855717e-01
-5.955667324562217146e-01
-2.386570011506659483e+00
-1.518221129496856836e+00
-1.263336217919565962e+00
-1.121618682038499015e+00
-4.995469531009765207e-01
-5.084760546789122149e-01
-1.631841915007735677e+00
-2.057445982364833448e+00
-1.342161237950192820e+00
-2.379677028139725037e-01
-1.015773125270400978e+00
-1.746382725659695545e+00
-1.680863755293569461e+00
-1.809541834847437025e+00
-9.965307283378398440e-01
1.053839409789222747e+00
2.110118036180403500e+00
1.027313218419009910e+00
4.435875658078304307e-01
2.076005089201352405e+00
-3.306716598596350920e-01
1.190647292077569031e-01
-8.362162477705669117e-01
-2.407139876782939503e+00
-1.039569376116455501e+00
-1.440025911981613227e+00
-8.212389267547810512e-01
-1.920880234574960266e+00
-1.447316619991522391e+00
3.997876310496355501e-01
1.632583571907566533e+00
1.220175461539482198e+00
1.366742337013019393e+00
1.624394737498521035e+00
1.893951825090847141e+00
-2.461899500932311913e-01
-9.027913770253934711e-01
-8.945542793458748365e-01
-1.332062319109726500e+00
-1.251289170850228283e+00
9.675827869466799847e-01
2.541763066303851737e+00
2.022903758521338524e+00
7.811226418451479026e-01
1.985139012470537700e+00
9.473001788988596461e-01
1.129912608501751459e+00
3.037038463368579855e-01
7.983434028688853878e-01
1.166681116621141268e+00
1.376357328138924974e+00
-3.418121516683909622e-01
2.102235293245929837e-01
-4.853846204698624156e-01
3.969023207689125199e-01
-4.945898872459716378e-01
1.122610550565712906e+00
-1.409494762134957169e+00
-2.946901392690082222e-01
-2.534106631382922803e+00
-1.615628119445472688e+00
1.743551161207168576e-02
-9.023960088315248207e-01
-1.054318385993078033e+00
-1.703635895719207038e+00
-3.024872865838834635e-01
-1.599612369652636534e+00
-8.820429933282404322e-01
-8.383362404746365071e-01
-1.178911182216592968e+00
2.973437537893541815e-02
3.035161623489228688e-01
2.005553053215789472e+00
1.462412379367572290e+00
1.069064049245300962e+00
-9.382655881286834365e-01
-1.050207372065909972e-01
-8.904879719840119723e-01
-1.769784115995376439e-02
-4.081397020995144453e-01
-7.696348655969853514e-01
-6.631312919494665170e-01
-6.597031811416305125e-01
-8.586752170927953731e-01
-9.340351184125768036e-01
2.906331321262191070e-01
1.282100777897910993e+00
2.423684835089249479e+00
-3.677627356174051343e-03
1.005882561418084187e+00
-7.832431510608329761e-01
-1.692911719109683633e+00
-4.973334234551660682e-01
8.453402582526186038e-01
2.645057036229636616e-01
-4.149770852035472579e-02
-8.891059055628482977e-01
-2.083678088706798270e+00
-7.287228651281981717e-01
-2.158394874859967061e+00
-4.438156837571393121e-01
-9.143650995748777710e-01
-1.509208129127837861e+00
-8.593802539751100866e-01
-3.742244243093827194e+00
1.787080528121993694e-01
-5.933703452899864450e-01
-1.819536234863884161e+00
-6.590612558893422790e-01
-1.679033735061672861e+00
1.626078684024002463e+00
2.156533725726118789e+00
2.313066441952780217e+00
5.482831546209951945e-01
7.605723613713891718e-01
6.152191069287955560e-01
1.484560072298187761e+00
2.774624370412412944e-01
1.025525841378735814e+00
9.055208289657104004e-01
1.523723196712834405e+00
1.278088579005770331e+00
1.394836481626297919e+00
1.239719029661786154e+00
9.036449514433392283e-01
-1.034072045039067245e+00
-1.953435006673921226e+00
-8.425818621314222767e-01
1.970579261901610479e-01
-1.992723381841980945e-01
1.003100616141473500e+00
4.775473460620985877e-01
1.392329335591391271e-02
4.810444670535783951e-01
1.164374035723374279e+00
1.498166302471206190e+00
9.881894194943471321e-01
1.787593277145396620e+00
1.820073987110663705e+00
1.048300079112559180e+00
-1.173922786281117681e+00
-7.933255024575739389e-01
-1.280405079148335901e+00
-1.835937503965152651e+00
-1.939858792055709547e+00
4.845109404206886516e-01
1.945120065239858143e-01
1.356728243226908104e+00
5.864759827625054545e-01
1.426484840862354275e+00
-2.027428352095301811e-01
-1.607209462767962060e+00
-1.567588346181323367e+00
-7.285631837074699746e-01
4.393591257736360056e-01
2.169945150901519959e-02
-6.595632759969938252e-01
-2.942238695721532959e-02
-9.796392242144280615e-02
-2.956202080437374535e-01
-2.437221445614722315e-01
-1.777888446174539894e+00
6.164603267598378622e-03
2.337274966316882363e-02
-1.590887967723142005e+00
1.652564492004792607e+00
1.666883627596626116e+00
1.662692600290914591e+00
1.571776888824099938e+00
-3.899118116615016838e-01
2.248312031951183343e+00
1.055182753704618781e-01
1.968041019419916271e+00
4.246620987584046603e-01
7.688396156533952031e-01
-3.269553362161936594e-01
8.407970030389501082e-01
6.787600996728502256e-01
3.553746303243602966e+00
-4.141909861761716716e-01
1.059493724264823911e+00
-1.547879425439218970e+00
-1.674825797708177078e+00
-2.109804540985383836e-01
-1.215231572937902849e+00
1.145132814922082076e+00
1.298754620815468552e+00
5.787524894604796355e-01
2.420134084909130401e+00
-2.996369645104399737e-01
1.382990052612987020e+00
1.342786181560426950e+00
1.838239717612637047e+00
1.756572691175410705e+00
2.129665541090581815e-01
-9.882455844600862571e-01
-2.460879038728847057e-02
1.516976383050434585e-01
-6.830515901676248447e-01
-1.661868230360004084e+00
1.758989328528466567e+00
6.069975038770201170e-01
1.972870760837617254e+00
1.250559516952482575e+00
-1.772792918266414830e+00
4.399737526619041939e-01
7.496047864719785903e-01
1.722754987776807800e+00
2.355359961990624029e-01
-1.725219831999789122e-01
1.889429507415750109e+00
1.498658204413335859e+00
6.795750977148482530e-01
2.833074593803369678e-01
1.558100650518437824e+00
4.560006752214318393e-02
3.674290166603677577e-02
1.128168960527141884e+00
-2.512677206590288037e-01
6.786492422548321413e-01
-1.118822247835022710e+00
-2.063711496654418998e+00
-1.794737979620347090e+00
-1.554305869472294876e+00
-2.033364005498171423e+00
-1.927293051393952350e+00
2.018778880599825243e-01
-3.765773691679121793e-01
-1.138052891276525536e+00
-7.207833226108304459e-01
-1.307007819625861877e+00
-1.515190497726328189e+00
-5.147064080719809809e-01
9.687753267980205862e-01
-1.857699527661534677e+00
-9.316844560708159584e-02
1.830277636506273176e+00
7.287649114658296678e-01
6.963490308089108627e-01
1.124808962412453539e+00
-2.465350588810596433e-01
-3.644421235075312460e-02
-1.093020549761641202e+00
-5.956532371393221670e-01
-1.063252716937701958e+00
-1.396116062846090244e+00
-1.267165738300160438e+00
-1.073523045335521786e+00
-1.601388051535738377e+00
-1.643888906151214524e+00
1.595454516084381602e+00
5.850806909058475780e-01
1.890015568500360565e+00
5.796133004417963752e-01
5.447021537255410939e-01
-2.279293667224504549e-01
-2.031097339527523360e+00
1.115332943640117147e-01
-1.412098512539273765e+00
-1.382075754195024375e+00
1.283511168468838726e+00
2.220800994625982128e+00
1.304054098045851928e+00
1.801121092111017674e-01
-7.963847876228353773e-01
6.973576853347445148e-01
1.439776827255214275e+00
1.428635604306728757e+00
-1.679093345431990070e-01
-2.488725929335562359e-01
2.028240731361274918e+00
3.721606597971520713e-01
-4.095684198757232330e-02
6.745948008152876652e-01
5.915584282509742664e-01
-1.409031058770187084e+00
-1.140389214175381971e+00
-1.575677395266489533e+00
-1.199433857721515340e+00
-2.300230864598883151e+00
1.553774920372066326e-01
-1.373245827343332337e+00
-5.450939030230660398e-01
-4.572422870765997516e-01
-1.555540081155222687e+00
-5.382223913275803184e-01
-6.874625746991431807e-01
-8.527789293306576868e-01
-9.685513882082538162e-01
-2.418611719657581816e+00
1.033978030835865258e+00
9.739559035854006286e-01
1.834059288335696536e+00
7.924925414324464068e-01
6.511691373442903830e-01
-9.393340014477841171e-01
1.680604398220963969e-01
-1.355314573092597952e+00
4.590708868951960397e-01
-6.230871349280679983e-01
-1.943396729192704342e+00
-1.773879597485506387e+00
-4.800286041709803664e-01
-1.848727994358609905e+00
-4.678397840971970645e-01
8.819155519720818237e-01
1.711818720020699125e+00
1.442155977463455141e+00
1.524952893508854324e+00
2.134235290761690607e+00
-7.446618462101861624e-01
-1.409803214971592666e+00
-6.085737421418956350e-01
-1.382020376209615486e+00
-2.248458973008879980e+00
-1.241076471958523886e+00
-4.649024877241336728e-01
5.576013049337524841e-01
-7.381559457099762245e-01
-4.274321645377687773e-02
-3.971181021620768803e-01
-6.898423195407654696e-02
-7.405970161980004463e-01
-3.212792340748276132e-01
6.810248317146314623e-01
9.860936144624954380e-01
-6.132130136033473455e-01
-1.493070865246515444e+00
-1.038202743415673313e+00
-5.907904993593756648e-01
1.690047780317376347e+00
1.282624170159551991e-01
1.887512146376328026e+00
3.940109961598050603e-01
1.474244535597983408e+00
3.401991528286338884e-01
1.584264997736581027e+00
2.430666313484616259e-01
6.769887260327898115e-01
6.379967706974289943e-01
-5.490229248194546940e-01
4.081263042848360945e-01
8.786507417417732668e-01
2.699194391094198231e+00
8.051002963321635120e-01
-1.256311312581431583e+00
-9.929182500495963293e-01
-9.928765008001978476e-01
-1.170343954612472093e+00
-7.436084173424939436e-01
1.082816098723411002e+00
1.890865224792928290e+00
1.768356265346807010e+00
5.962059515716504610e-01
1.093407630240547102e+00
9.896641944179134232e-01
8.884636054625868473e-01
-9.466981365351756494e-02
2.421994749569734040e+00
2.197961840055003613e+00
-4.647973273056651422e-01
2.309310112887130728e-01
-1.407266123777349165e+00
-1.621172034745051560e+00
-2.208289632140942427e+00
1.463423444636166693e+00
8.408163848213023872e-01
2.012390511597657472e+00
2.597524305369817155e-01
1.397626091578885843e+00
-1.249902049599745046e+00
-2.478560122459557924e+00
-3.408692140668336812e-01
-8.062058514639486306e-01
-5.428416118876679963e-01
9.293522570419743278e-01
-1.990484714059689075e+00
-2.538711177899715565e+00
-7.471047465318365610e-01
-5.855441520684960821e-01
-9.763945497172461518e-01
-1.594678107016178181e+00
-2.012037026122626138e+00
-1.753965316274337161e+00
-3.126389420657483820e-01
1.491976410169458811e+00
2.512605578157747654e+00
1.961165544050397225e+00
5.432189826545441580e-01
1.682896021333881276e+00
3.261149487742849296e-01
2.281581022324019603e+00
1.224724495700966198e+00
-5.106417626427164347e-01
2.271512707073979342e+00
1.211609766114936537e+00
5.886537337218091803e-01
2.490441341636949746e-01
2.520280415471360946e-01
1.672864001099492626e+00
-9.382248928682749289e-01
-1.207194202760380808e+00
-1.897464150872142374e-01
-1.025135550550436703e+00
-8.481883876713205428e-01
1.517190604411439381e+00
6.861084880571843847e-01
1.780520971085766124e+00
1.020651299862803230e+00
1.770649033862978783e+00
-5.475267283168989696e-01
1.512559062986776004e+00
2.213125356507823494e+00
1.592676627099920417e+00
2.835402049026649607e+00
-2.039843966190780122e+00
-7.976134418885407751e-01
-9.679860868790501893e-01
1.267564964569292130e-01
1.208058116837073204e+00
1.523413675503410669e+00
1.916848836865419070e+00
1.861913062783305595e+00
5.181188678739649944e-01
1.141646192537345783e+00
-2.504897181627797620e-01
-1.883994539502747756e+00
-7.485398320923923876e-01
-1.493036386328036036e-01
6.485230478664860687e-01
-2.209794081937643373e+00
-1.675748165273005741e+00
-6.217150828114439420e-01
-2.362346410386056750e+00
-1.183336168822248569e+00
4.463028143068581421e-01
-7.238788687183883575e-02
-1.282885737203427468e+00
-1.767533922507654953e+00
-1.909975510485782291e+00
1.776284092151667604e-01
3.646832254451770616e-01
-7.190873339139753906e-01
2.014899371687294050e+00
4.153510764897405672e-01
1.107336895519489772e+00
2.752785117395222692e+00
6.904980073244907368e-01
1.712778319623824874e+00
-3.863598319825745087e-02
-7.221241570494862927e-02
-8.579358498616054263e-01
6.346987394895284851e-01
-1.596191539079880872e-01
2.227107671828252755e+00
-9.996034307503908201e-01
-1.078786196860386237e+00
2.933829459805337159e-02
1.696846404557632582e-01
-1.695805950984815791e+00
1.840240205958674213e+00
2.002796623141784860e+00
1.140087943170689400e+00
1.056955033890643714e+00
1.223951854016425145e+00
1.459883373604311307e+00
2.966535411752561302e+00
1.635920666360122899e+00
5.252232957299782790e-01
7.171381625751028777e-01
-8.784241762082578564e-01
-2.713363649720592630e-01
-1.069690170377977756e+00
-1.223162201695948692e+00
9.302427252530218738e-01
9.727176090360276639e-01
1.642761250833367326e+00
1.399881951320268270e+00
4.378634942012850084e-01
1.753827451395669756e-01
-1.374896951800046452e+00
-8.826548062406553985e-01
-9.560185068411776177e-01
4.329034491661261086e-01
6.649717399591006384e-01
5.793491559267045510e-01
-2.101989712264052734e+00
-1.052989797428013574e+00
-5.217485820890939152e-01
-1.579495655302014523e+00
-2.156626691530606266e+00
-7.549146219909488309e-01
-8.290741089990211199e-01
-9.881557005985401876e-01
-1.167282934427607666e+00
1.267101058773871136e+00
2.351440347578275691e+00
2.251446557018494055e+00
1.718250029305609328e+00
5.067842483255946551e-01
7.614636898203541726e-01
1.761640612508841297e+00
4.748282144577263830e-01
4.349699646736717717e-01
-8.800704256936715542e-01
1.618864363755713409e+00
8.242533134227242320e-01
4.136605874463289423e-01
1.631656542560683265e-01
1.343239283529833461e+00
-6.933488364021458406e-01
-1.189909340007774929e+00
-7.547519041154402419e-01
-1.588936711893058185e+00
9.999244108680505061e-01
1.681090100166055645e+00
1.115088199345270592e+00
8.888110407044899075e-01
-6.169365498362524569e-01
1.668800454846677939e+00
1.032578259681048882e+00
-4.344481561714208517e-02
7.177155299881499140e-01
8.809879291849326277e-01
1.711412919234955421e+00
4.321662032355317873e-01
-1.112717190028022829e+00
6.771893110152529260e-01
-4.856428895501371246e-01
-2.796876259828143807e-01
1.192681089571303144e+00
-1.621590148914455742e-01
3.602248963631597967e-01
2.426679865659894464e+00
1.615131004458677300e+00
1.096889873483388955e+00
1.267054426216552399e+00
1.713830720707799848e+00
5.872615626668322708e-01
2.867631454388995804e-01
2.278433861853591758e+00
1.027668649234539711e+00
5.378725793489345097e-01
3.694528384421222889e-01
2.868650622527130212e-01
2.146770673722504963e+00
1.697430214812521765e+00
9.774258585361970120e-01
4.111986875811797226e-01
1.418420672663146531e+00
-3.566480340596707155e-01
2.475292809898239632e-01
-8.469392472329415611e-01
-7.329795955488849213e-01
-1.123478442049496095e+00
-3.361740613861577964e-01
-6.048023612236184121e-01
-5.951969351848012124e-01
-6.245965314957179215e-01
-1.573176300133854344e+00
-2.590740347328201132e+00
-7.881266856981109514e-01
-1.070262118254379446e+00
-1.403491007487535969e+00
-1.262084890450641872e+00
3.774613331916175873e+00
6.899643515916404901e-01
4.893751341621813689e-01
7.977243310050621261e-01
2.635796396058044389e-01
-9.720840906628129829e-01
-8.766087253860982420e-01
-9.877298844412729650e-01
-2.270819965940839236e+00
8.704185860964237520e-01
-1.577339431487597476e+00
6.359351012419756088e-02
-3.784816735853002712e-01
-7.037752293528520831e-01
-9.490928616162709330e-01
1.468337771368019240e+00
5.332788037943219095e-01
6.588623674211693260e-01
-1.033947025102397443e-01
2.237876536834110031e+00
-2.033328212507385935e+00
2.839226049894016946e-01
-4.448042971958792169e-01
-2.183217343934324539e+00
1.032910723771509609e+00
4.334893716805658936e-01
-3.996062825416631936e-01
-4.163904875090870261e-01
-2.059904922852393128e+00
1.943407976170730134e-01
-5.140805858196387801e-01
-1.953912564878008684e+00
-3.711051488371799323e-01
4.750966328927428428e-01
3.052164005165638461e-01
-1.701160752282381505e+00
6.791094626902844933e-01
-2.173490501598891456e+00
-8.566197325735380730e-01
-2.200140220224303000e+00
2.301255229482082054e+00
3.396300097464348688e+00
1.779230158742634016e+00
1.143892075359440597e+00
-2.025004949688620215e-01
1.009186743814144638e+00
-6.373421002915042877e-01
7.962103666930075985e-01
1.705729782764946467e+00
-2.863876527285362794e-01
7.421561542022310221e-01
1.528228799344037991e+00
8.102988616003137246e-02
9.328163431859297638e-01
1.257519457538198493e+00
-8.606753818882398877e-01
-1.520347511826706910e+00
-2.743637865386789887e-01
-7.140747120695345451e-01
-8.451753063297500201e-01
6.970576847106091378e-02
8.283280281245968268e-01
1.395325141577809624e+00
1.033915682777718725e+00
-2.247465501098351304e-01
-1.656393599564109920e-01
2.777352149167543249e+00
-7.970184210784059253e-01
1.837957756138698828e+00
1.577690538807190013e+00
-4.821795476406482983e-01
-1.653191003452525232e+00
-1.415421115721970935e+00
-6.875336710243666882e-01
-9.593249795183567130e-01
1.991428927259215609e-01
1.138872606608279492e+00
4.739537087431009432e-01
1.023877032576999024e+00
-5.019331927139196736e-01
1.733073418868537718e+00
5.546034269790214299e-01
6.422486853400732887e-01
2.129582225292405706e+00
3.508533379853610024e-01
8.783626662478450919e-01
1.157504015148968612e+00
1.513236851289805340e+00
1.255893235045434153e+00
1.168122204908042638e+00
3.596774982561045109e-01
1.196397719839106921e+00
1.107877950363151509e+00
-5.748812092987487521e-01
1.919686278707174232e+00
-1.158837963159785600e+00
-1.425897432936477527e+00
-1.631701228140348459e+00
9.455637368812934707e-01
-1.450973424531823985e+00
-3.803367918270496029e-01
-3.208272309281480217e-01
-8.037485565622563000e-01
-9.513734987943440746e-01
-1.990766930994920525e+00
-6.604581972382559396e-01
-1.821452728043046587e+00
-8.188697535999782673e-01
-1.144346681783058317e+00
-4.859282980593940815e-01
1.564067973498457498e+00
1.055454540574185085e+00
3.282689672500763489e+00
9.542563633824944214e-01
1.013042853641751506e+00
-1.232707081569553775e+00
-5.589418907187349017e-02
-1.428908755558588650e+00
-4.783876359588697946e-01
-7.098100018811728251e-01
-1.702689973673602974e+00
-7.346520850700539729e-01
-2.822910006672464611e+00
-1.637410553808409386e+00
-1.190393407728802533e+00
2.221863672391585887e+00
1.612638412631665297e+00
6.352318624550870041e-01
1.200973010775344019e+00
1.577619802010580718e+00
-1.283506482467872800e+00
-3.775270855320038699e-01
-2.362095328476572220e+00
-1.202133268101890806e+00
-9.931946728762826027e-01
1.365232203527048105e+00
1.441375965393110192e+00
8.568560050191127431e-01
8.184235714647121185e-01
2.648392862346925503e-01
1.158291443842468516e+00
1.498825289187918575e+00
8.646404372545736239e-01
-2.433808124953511509e-01
1.896655708282350972e-01
8.434378541846688782e-01
1.079409762559580876e+00
1.814609105792040156e+00
2.055216327457180192e+00
2.074808655939385460e+00
-1.585723210609032430e+00
-2.407062842983411777e+00
-1.814694513057017122e+00
-1.410680357471849611e-01
-4.463577544540258124e-01
-1.675286109970494985e+00
-8.851256372795609506e-01
-2.144587356448330429e+00
-2.254828693683399443e+00
-1.785831697320538591e+00
-2.785019596091655725e-01
-1.857275476648255541e+00
-1.036050466237937062e+00
-2.764029930672489144e+00
-1.785830172815676686e+00
1.152145801379284240e+00
7.127951486355859068e-01
7.900013272645316498e-01
1.629861717370019836e+00
2.077696117020748190e+00
-9.831537543775255017e-01
3.918346947611341946e-01
2.958770853189183203e-01
5.309814124284848447e-01
-1.138046170595487849e+00
-1.470782395884570048e+00
6.507085944068753403e-01
-6.621567759194113556e-01
-2.100968629059083881e+00
-1.402265545875854391e+00
2.127011544274242993e+00
2.283321706285525998e+00
3.785926039498711537e-01
1.227003277930269753e+00
1.338753390300156720e+00
-1.239336486256930048e+00
-2.658865638053607983e-01
-1.694666341826896572e+00
-9.045998427430292921e-01
-6.103008384552958132e-01
-3.262636254496853461e-01
-2.016317847254517126e+00
-3.899458667740840045e+00
7.093731185776208648e-02
-1.833604359192987365e-01
-1.733573196083946222e+00
-1.753285060695547237e+00
-1.576212182228208691e+00
-1.596233000924544232e+00
-3.388311003956743228e-01
-9.359410719462170070e-01
-5.767242722992137471e-01
2.775234652290250459e-01
-4.960889456147531407e-01
5.190711879156717501e-02
1.427462405485061092e+00
1.693803960643209816e+00
7.464486227032378629e-01
9.281718344886229488e-01
4.884447195395640318e-01
1.812845307827808838e+00
6.625619350149445363e-01
1.551184023801825518e+00
6.699812867998249377e-01
1.796814047100309342e+00
1.852619586837471077e+00
1.094397093034268131e+00
1.520943685205039086e+00
-7.641965217862312088e-03
1.059554578264942926e+00
-1.156501183458910953e+00
-1.150791636792703798e+00
-1.082195307110439320e+00
-2.064753918903488916e+00
-8.457674551846856570e-01
1.053750608101081676e+00
1.913215137602957139e+00
1.346313002825058724e+00
3.647427774365322728e-01
1.777572102578178770e+00
-2.871888043865660212e-01
-2.068926620772855163e-01
1.333415954715720941e+00
4.589834497672521385e-01
6.855141173533283450e-01
-1.370478144360067319e+00
-1.476987127929736854e+00
-6.985941446914094577e-01
-9.418525827426219577e-01
-8.361695184073536513e-01
7.691423309215119630e-01
1.177047420583386073e+00
-3.242270396482789252e-01
5.247460606289551244e-01
9.329550520308678152e-01
1.260891388968502724e+00
5.593316714873479700e-01
6.662749681715194328e-01
3.893632015512970002e-01
-3.087474188755132687e-01
7.751579744485441736e-01
7.582942261079909096e-01
1.332323653529737584e+00
1.944979126619160059e+00
2.539172532411314798e+00
6.362335135172010325e-01
1.461912242396259387e-01
9.699793104041531944e-01
6.962622377344800384e-01
1.010728269066622165e+00
-6.691743504879215099e-01
-7.135824395633554307e-01
1.897778488177304101e-01
-1.066621994481903091e+00
-4.468792263059916392e-01
6.572399068975229852e-01
-1.972678161451014933e+00
-2.126155524173512390e+00
-7.396654239177133938e-01
-1.668750130935970688e+00
-1.027305497475017537e+00
-1.535973293087376845e+00
2.563190431731854346e-01
-1.696003048286703230e+00
-4.080540140437789454e-01
8.070808913177088817e-01
4.850217657079836098e-01
1.427824749703661800e+00
8.579839822097403701e-01
7.506642201238373779e-01
-1.100145081668744140e+00
-2.209218018415873175e+00
-1.588019845110935080e+00
-8.576856695884216286e-02
-1.360258303636853849e+00
-6.927317457923629629e-01
-1.335483298370055083e+00
2.363534335427273092e-01
-1.185174649674437752e+00
4.406837620826076218e-01
1.264911546987933511e-01
1.179506271377787741e+00
1.135979406382277013e-01
4.995893157290764997e-01
3.844918984357279523e-01
-7.354960968487649353e-01
-2.245894826903709784e+00
-7.790678406444496717e-01
-1.556699318386068231e+00
-1.454757856104710978e+00
1.206769822233073608e+00
8.190922410100828222e-01
8.161608041395655988e-01
4.437662613458266403e-01
-4.975428753157222772e-01
1.933150968207707265e+00
1.045184518085318093e+00
4.406946752462493899e-01
1.931829327355636394e+00
2.947229405876949926e-02
1.728922409476987943e+00
-4.464464430456116517e-02
1.111848951085347093e+00
4.219865159371711805e-01
1.241557092793007300e+00
-3.263010786729713120e-01
-8.020463242449364927e-01
4.927212144443064989e-01
-4.493217628775350025e-01
-9.648762624313412806e-01
-1.304290824364672696e+00
-2.709351484426922418e+00
6.460138439311320369e-01
-4.867031098062556405e-01
-5.875173382461655880e-01
-1.206456324041867534e+00
-1.321707336553239687e+00
-1.510244715079511968e+00
-7.861650970785671877e-01
-3.112159994023183884e+00
5.287242218837606700e-02
1.693836670471551065e+00
1.989600532644505648e+00
9.287752212583120226e-01
1.088363810151611100e+00
-1.231882037208727576e+00
-7.200199659709837219e-01
-1.165368095306066110e+00
-7.830981765525472094e-01
1.031559164186475197e+00
-1.638825025230449706e+00
-2.008207610722756886e+00
-6.235133418457017296e-01
-7.703841874424631753e-01
-9.926647063623846856e-01
1.578268128995041319e+00
-4.856564133530194560e-01
1.023621588519771697e+00
-1.472141317761839208e-01
5.600197500410442064e-01
1.441960313783050562e-01
-2.738794153815874211e+00
-1.242722840550288366e+00
-2.737599110466124586e+00
-1.410979600484886021e+00
1.136755852892614271e+00
4.939702688378133644e-02
9.700778898838365860e-01
7.464013494913925850e-01
9.899859181251280393e-01
1.326130708168432815e+00
2.189892755826015502e+00
1.041383307464451180e+00
1.668612168686487429e-01
1.256766213283822431e+00
2.179169995798743820e+00
1.405121391533697306e+00
9.381778766177285567e-01
1.500186595450722749e+00
5.358978059240646630e-01
-1.948029038702119964e+00
-6.505302188273380803e-01
-9.953306256376941441e-01
-1.758074833990572738e-01
-1.026530086258431895e+00
-2.311927305495078855e+00
-2.203271860346475819e+00
-1.028449768727524249e+00
-4.194598231490882512e-01
-8.071486690375055950e-01
2.360182576385740916e-01
-7.842707255544918432e-01
-1.296665767460946084e+00
-6.802176898703922170e-01
-1.937886867568020755e+00
-7.212299165555919878e-01
1.297930184716143742e+00
1.879847079682853028e+00
1.104050967269524230e+00
1.595523564838239317e-01
-9.719528803384926974e-01
8.536171386449211695e-01
-1.039882476424172086e+00
-2.484569922742513315e-01
-1.871706311620251917e+00
-2.199511280725651829e+00
-2.338290185523128173e+00
-1.468591857348889862e+00
-6.683087871818897963e-01
-8.056686172861075024e-01
1.666745795500984562e-01
1.894015105622639528e+00
2.193680675287802195e+00
1.169225966649129367e+00
1.032185786181963438e+00
-2.208063157415326216e+00
-9.714042708056921382e-01
-1.261589541803542991e+00
-1.722327874318676733e+00
-1.049611105029069069e+00
9.821678245334780621e-01
1.088748811463053245e+00
1.022344363166487913e+00
1.191441606501851824e-01
1.369759600056067228e+00
1.446350232166274896e+00
6.853507134818797031e-01
8.207575722619480096e-01
1.169847171455224544e+00
-2.063699806570888917e-01
6.220269325844991481e-01
1.001336874146881106e+00
9.992881665298573024e-01
1.448261241522966980e+00
9.622068740025973010e-01
-1.127929500573724431e-01
-1.003268702324743966e+00
-2.446836731402190601e+00
-2.758023431876011067e+00
-7.688562830733428610e-01
-4.244636086541567765e-01
-1.082852424038734718e+00
-2.679067696285484246e-01
-1.051230662851595277e+00
-8.871168385109633459e-01
-1.010238749052352336e+00
-1.808485428940981299e-01
5.080387559197989678e-01
6.969378357569724347e-01
-1.677393999785167900e+00
1.466134953864393742e+00
6.248378315424663043e-02
1.327133169931383749e+00
1.277871095594446782e+00
1.308923512717297344e+00
-1.172868705164842984e+00
-1.310076483150149906e+00
-5.499491103128842928e-01
-2.920849890024581619e-01
-9.463449368603823464e-01
-2.276806547947411552e+00
-1.582228902391982217e-01
-8.924561118735646614e-01
-1.419459662349789042e+00
-7.379854603450628492e-01
1.913149052890710689e+00
8.297812486355252704e-01
1.509239385702544567e+00
1.885862747528080696e+00
1.065176621261541001e+00
-8.296408438786881945e-01
-9.305109097434782761e-01
-1.072578617611245511e+00
-8.737022676404060384e-01
-1.806865885523502246e+00
-2.083836346214573254e+00
-6.418235398506646483e-01
1.965785351691673455e-02
1.584622270088948959e-01
-1.196383827877698369e+00
-2.338829245743575314e+00
-1.364790898508659645e+00
7.413079892474927490e-02
-2.423386907175958171e+00
2.839431658050506346e-01
-1.417699065128074976e+00
-9.062401901737568988e-01
2.206925037317541971e-01
-6.739763150560800220e-01
-1.050427805303632001e-01
4.909338434989495292e-01
7.192440822423049607e-01
5.213132181821027444e-01
1.294855474080188973e+00
2.666379937656654375e-01
1.175331372346381187e+00
6.879435185063063063e-01
1.393085689771867308e+00
4.403461252332545595e-01
3.412941036362004965e-02
1.070804312078244225e+00
1.183345434208365798e+00
8.157482720014591626e-01
1.955727973548565091e+00
2.273409544543386618e-01
1.026146208627001233e-01
-1.206452458901387859e+00
-1.520491989572473557e+00
-1.894499287024642875e+00
2.003561327193219554e-01
2.165796022353107197e+00
5.337870272112306136e-01
2.212132231801822613e+00
8.323949041065399346e-01
-1.301884674199760283e-01
1.509934673018597184e+00
1.341576792680817531e+00
4.441957991380052206e-01
-4.622289556963934398e-01
5.321922477057614564e-01
-1.820631747764933195e+00
1.564127444261265154e-03
-9.447158765944565495e-01
-1.611672177134516382e+00
-2.716398912892867834e-01
-6.303248640828207350e-02
1.006497183840449061e-01
4.959804193988859300e-01
1.657778923713497665e+00
1.573189759470705162e+00
-4.665525541408861443e-01
2.274559558966296358e+00
1.477918896879993671e+00
-1.883090089547680979e-01
1.315971691211491601e+00
-1.208672794652654314e-01
2.198499810573935953e+00
5.320312453826454568e-01
1.032725400183279962e+00
2.700027768884114110e+00
1.070169217742283907e-01
1.364542901267906450e+00
1.527070424506320023e+00
1.873782275186038904e-01
7.030168622184543858e-01
-1.407641765280015056e+00
-6.271842081512726264e-01
-7.807677715361088788e-01
-1.850882883359180164e+00
-1.868295076337803895e+00
-1.651283091207911724e+00
-6.584753873284046044e-01
-2.184767734886262414e+00
-1.401596605557801967e+00
-9.931309725417247769e-01
-8.524455904322162381e-01
-1.556545606231952705e+00
-2.561890621310856098e-01
-1.019911800087023090e+00
-1.108841972924504482e+00
1.292575463771808320e+00
1.505485871262618680e+00
1.728184280557769625e+00
1.979656928635421309e+00
9.789007545642283148e-01
-2.239079772496467946e+00
-1.877605655950248753e+00
1.465286461599468737e-02
-1.229157145915020788e+00
-1.103471412708939781e+00
-1.478789909530420665e+00
-2.329936860618372574e+00
-1.954698805894348412e+00
-1.438343890568243744e+00
-2.243789986628175193e+00
7.517054286485413961e-02
6.020532027292073707e-01
1.501797953442132849e+00
1.244333931324817843e+00
7.227443720880490918e-01
-2.070309273949623829e+00
-7.098027422476445025e-01
-1.415964137643547449e+00
-1.311623062311919607e+00
-1.873654664040517837e+00
1.659465750585977784e-01
-1.869257926849862361e+00
5.384516610906882050e-01
-2.899654484091502837e+00
-1.032391003405788377e+00
-8.390245384204597645e-01
8.257064895612420408e-01
-1.788808176840069430e+00
-8.984673519682035980e-01
-4.337973366859959601e-01
-1.571864504984860300e+00
-1.176638793066383304e+00
-1.655710552251965506e+00
-1.162007741027510033e+00
1.291601287181263213e-01
-2.181226708230650235e-01
1.022153196107582929e+00
7.779629418419266029e-01
9.620677219282038894e-01
8.395482439063399749e-01
9.396158140340912235e-01
1.358524494561470508e+00
1.146812016747717600e+00
2.863961892484030436e-01
8.207225760094116751e-02
1.173605457500846105e+00
2.087883387833138649e+00
1.114966935009963134e+00
1.819445941421651280e-01
1.311579771272957995e+00
-7.724647233990022954e-02
9.291495583354816290e-01
-1.557989995923009907e+00
7.266425291741862580e-02
-1.370670744574004285e+00
6.363545684724203344e-01
3.927744576782257191e-01
2.303836357031611826e+00
2.320016905768299553e-01
7.122366889923488209e-01
9.735931381422957553e-01
1.712927232715568682e+00
1.031386805115108274e+00
7.741591019582466648e-01
2.358318672982026243e+00
-1.641043437326463739e+00
-3.784937897669691242e-01
-6.842084630777167664e-01
-7.542784708355766421e-01
-2.986005343170637261e+00
2.128281932994693815e+00
1.568503848061406636e-01
3.386010856173995442e-01
2.444264481610018080e+00
1.116293739484629288e+00
-2.365702183218709287e+00
9.106616681237866828e-02
-7.128391626745793630e-01
-6.426419136383463293e-01
-1.107520108604218567e+00
-6.536694809228954517e-01
1.016752015557393918e-01
-1.969403733427596670e+00
-1.091691174261620656e+00
-7.327601195735051753e-01
-5.069652235711066268e-01
-7.397934246255308821e-01
1.899419504636234990e-01
-2.366977556945694339e+00
-8.492251075558314710e-01
1.952269146744301853e+00
9.336323009187154076e-01
2.805587600476945553e+00
-8.915762124381942932e-02
1.155652077382161025e+00
1.607235495238081846e-01
3.586010925387672632e-01
6.081432537568596253e-01
1.567326974052289046e+00
1.041268207920302835e+00
-1.531144321137942743e-01
1.452789587367179003e+00
1.252741939443505093e+00
-1.866795458038355005e-01
3.326626062040735077e-01
-8.130473554687698279e-01
-7.529112788858480787e-01
-1.694399889147149674e+00
-6.715794944042852155e-01
-1.692479800364265152e+00
1.000452563161440267e+00
2.689615958951780961e+00
2.052467224932613021e+00
1.662111280223106391e-01
9.107798840305103560e-01
1.413669599812933164e+00
1.621033120307784126e+00
1.442904642505239199e+00
6.274450324199087881e-01
1.241532993255431760e+00
-1.190990930426390371e+00
-1.282616871398812197e+00
7.344673638293821583e-01
-1.033316751866946159e+00
-9.520468139138258401e-01
1.136117761709104945e+00
1.260010072753533494e-01
7.675392231854013536e-01
2.240072413004718044e+00
1.139312631906441275e+00
4.087148696190535668e-01
1.263188308622735345e+00
1.627162759774527956e+00
1.085545757920205023e+00
6.782783401538656776e-01
1.572099271530368103e+00
1.177046211068793813e+00
-4.750643748772271913e-01
8.253878519835909922e-01
2.430856750741009265e+00
1.790733973150451241e+00
2.103372598278824057e+00
1.095718186247489179e+00
1.688447658897576531e+00
1.313629859732101668e+00
-3.081974994567342474e-01
2.483886633171472624e-01
2.699249928780986796e-01
-1.475356264041970178e+00
-9.032145591662387174e-01
-8.446920671158962834e-01
-1.060148392165992659e+00
-1.619998748020455848e+00
-1.270750843946694797e+00
-5.474875282127639187e-01
-2.279435775501684525e+00
-1.880584450157177123e+00
-6.099933947498314968e-02
-1.479883903652698729e+00
-8.540072031709380340e-01
1.200895405419848849e+00
9.713171361902711576e-01
-1.080842003155415121e+00
1.539978896545357134e+00
1.235343294985551843e+00
-7.027252400388701581e-01
-1.362198988939437250e+00
-2.912688913332637242e-01
-2.675199979989934196e+00
1.519999181638178598e-01
-1.551955608453194468e+00
-2.547169987112882339e+00
-7.715063474206402816e-01
-8.911899505818552392e-01
-5.343364804009353985e-01
1.272978373683033126e+00
1.702197627944413538e+00
1.175321745713646227e+00
8.793320528000303504e-01
1.023749629503238445e+00
-1.303392545051441642e+00
-1.147210047412924760e+00
-1.453792621530239915e+00
-2.494043200882154032e+00
-9.356210737929453458e-01
-1.594949046689069450e+00
-1.792985788974896799e+00
1.138761460239585688e+00
-1.364228751753386204e+00
-1.460259188092470461e+00
-9.731151634103205605e-01
-3.032121039985322675e+00
-1.544546840726960468e+00
-1.900360993575078705e+00
-2.325751267392002219e-01
-2.113513914918958569e+00
-6.277029432907721418e-02
-5.378078470954401613e-01
-1.857375758222790552e+00
-1.325167216170641815e+00
1.038193788767384440e+00
9.203954448143313316e-01
8.913736095963431527e-01
9.035753928522682887e-01
1.423410069263904676e+00
-6.323210732110515764e-01
1.956248783782640999e+00
1.646350447378284176e+00
7.802380690506585115e-01
1.853802892009790870e+00
2.249739568176832627e+00
6.317098796564187824e-01
1.139590594179956007e+00
1.714699297415006818e+00
1.555482715036298202e+00
-9.651770629422139480e-01
9.159984303626267366e-01
-1.544539272187838375e+00
-1.185342987283558358e+00
-9.434897034934119908e-01
3.788437669272589625e-01
5.231272345836316395e-01
6.452175689161010474e-01
7.464996471667049160e-01
7.316959188313572060e-01
1.182720339862363579e+00
8.261209913946041539e-01
-1.955243994881568081e-01
8.760776240620715694e-01
2.186903472456223074e-01
-1.778045262785797442e+00
-1.237385731164125424e+00
-8.968955860490080978e-01
-2.262802114857950464e+00
-1.125830286689523785e+00
1.995403247048553652e+00
-9.772165004715807068e-01
2.527735083145146167e-01
1.270028558121230278e+00
-2.744366389787358251e-01
-5.538324643242766854e-01
-1.943330290937029803e-01
-1.249996796618342287e+00
-8.205535603165825531e-01
-1.077178955420169615e+00
-2.058683418031488355e+00
-1.316104802963514731e+00
-3.947559498967581071e-01
-2.899091811803336416e+00
-1.459220116717113269e+00
-1.836264351104729187e+00
-1.100058351564349390e+00
-7.142104177963370937e-01
-4.909111799014264088e-01
1.260644584449959194e-01
1.446844968419252586e+00
2.413147646911242283e+00
1.426312757545672216e+00
7.554615134437924207e-01
1.065320075706099656e+00
-7.441685418585313183e-01
7.207501167256062935e-01
3.344052042933988833e+00
2.380183694828678753e+00
-2.160266867626672305e-01
-4.624611998554382097e-01
7.417181251637328110e-01
-1.090265702465369024e+00
1.182136705782543151e+00
3.560055739974230526e-01
-3.303144662418504574e-01
-5.234780804511649510e-01
-1.205879011801755940e+00
-1.028591573129408410e+00
-1.586118715629053266e+00
8.712144280940850027e-01
4.075988539695705182e-01
6.330960094201464328e-01
-1.010253305683357361e-01
2.563069755017737705e+00
-6.595152629860701055e-01
4.447774021837441749e-01
7.646706802921559021e-01
1.207872640951337617e+00
7.424516151096842709e-01
-8.090724405699069033e-01
-8.599721901981651762e-01
-2.554585677553689926e+00
-2.898149323915308884e-01
-1.182572095887111319e+00
2.622795200861677278e-01
3.866646442897168079e-01
-5.653726125496660870e-01
1.524779142897452200e+00
2.823627558416990091e-01
1.757769795076443486e+00
-5.502994666515692579e-02
5.145977142353210798e-01
1.874329902619472410e+00
9.785739651892080282e-01
1.606683574745732201e+00
2.505088106900754674e+00
1.677006683062338688e+00
5.464666637264925519e-01
9.080160600686857375e-01
-2.494659165833157388e-01
1.337244645459075620e+00
2.074017219382599642e+00
2.899733352761644234e-01
1.251262535068189186e+00
3.896473773424000697e-01
-8.511113647620187628e-01
-9.315543315507510691e-01
-2.492452609726029111e-01
3.594969532915550658e-01
6.009566054477748498e-01
-2.124741471764530765e+00
-8.498541105975917498e-01
-6.162405069457332907e-01
-1.066090533723321965e+00
-1.665733358092154948e+00
-2.787186756283530187e+00
-1.790727618827245848e+00
6.875889372844490310e-01
-1.610328754441003873e+00
3.447461275588473706e-01
1.907635206243938786e+00
4.585019473781701826e-01
1.342165347008453580e+00
1.837123969697357140e+00
-7.261951445584733378e-01
-1.510071086007686691e+00
-2.981350700182907598e-01
-8.928580965769159494e-01
2.257251116047260808e-01
-9.704953390708078720e-01
-2.371294014909227421e+00
-9.520841663343433403e-01
-1.210157343183251299e+00
-9.179760430118767411e-01
1.058458919333647552e+00
4.841284127336404897e-01
1.128268551045871870e+00
2.836713757933484459e+00
4.454424015071817289e-01
3.964143343944728226e-01
-2.850367747954420494e+00
-1.821767764967212155e+00
1.003688866160785675e+00
-7.732811353669883925e-01
-1.236669008537474523e+00
-1.698574093106529626e+00
-1.886205773307189304e+00
-7.247200421271520199e-01
-2.545703117857406328e-01
-5.419184100678874350e-01
-2.179382044856654765e-01
5.121675059714407841e-01
-2.682939458784326270e+00
-1.614905572372116627e+00
-1.733262119339869844e+00
-1.975505848547268517e+00
-1.432050405478103361e+00
-1.394557898020966080e+00
-1.053696120225263044e+00
4.804815314090725709e-01
1.405190463742892693e+00
1.100233910878214427e+00
1.751352811004407650e+00
1.136954605809999963e+00
8.696608775346627018e-01
2.947278621881973537e-01
6.408434218767489199e-01
8.464394021580485816e-01
1.564533970513861671e-01
2.973811414634236261e+00
1.240918955200953411e+00
3.446218077996496820e+00
3.729339136773255348e-01
8.477189479784217330e-01
3.734999293553906696e-01
-4.068619456751826347e-01
3.869506106766884557e-02
4.760295829911223020e-01
-1.092763408195388086e+00
1.529965100855535276e+00
1.584383223120370499e+00
1.125682189482548834e+00
-2.537451401674577500e-01
1.291511372897401699e+00
9.093807666297543113e-01
1.221950763322275257e+00
1.057046721476717632e-02
9.306397246231875586e-01
1.829159157399221414e+00
-1.189669762775903639e+00
-7.690149850125380659e-01
-1.813583014539771776e+00
-5.188377401784545206e-01
-2.260613569465396377e+00
1.094294973463483478e+00
1.358453482058004091e+00
1.842424945359580457e+00
1.665167563277545337e+00
1.067934089493017824e+00
-4.676886940003297521e-01
1.608011061264829511e+00
2.660445078243264261e-01
9.297059464497968717e-01
1.153448933346675087e+00
9.913026716216636336e-01
1.187639235199974053e+00
1.901773680731370764e+00
1.140461458163626096e+00
1.345581900906126505e+00
1.152590018643536496e+00
1.075547528460023328e+00
1.673051677869764831e+00
1.659313555111245453e+00
2.286085283237453414e+00
-7.427950697491494392e-01
-1.609886250189735968e+00
9.197096834200388926e-01
-6.489012199399213365e-01
-9.358021910639703345e-01
-1.946961739509240896e-01
-1.195503510898044297e+00
-2.161627719286414173e-01
-3.995132286071307881e-01
-1.783599772826757857e+00
-1.305722762789663927e+00
-1.022222937086031846e+00
-2.417604883909230562e+00
-1.918950372383938507e+00
-1.699600513889923725e+00
2.763044404279737520e+00
5.071812176458967425e-01
2.415152075862706305e+00
6.818577083141217354e-01
5.206674284819587939e-01
-1.189910166529066338e+00
-2.161576791470261050e+00
-1.454852025348744249e+00
-1.607648685663802368e+00
-2.186842490082608892e-01
2.248135291411124115e-01
-3.604493249928957255e-01
2.870632987762586907e-01
-7.716432975135874006e-01
-2.270756676912126792e+00
1.750005193200500297e+00
1.166320442587801098e+00
2.115253084328363897e+00
-5.152414211318769865e-01
8.535551048957105147e-01
-2.989716050903057365e-02
2.769071444622568379e-01
-8.433208055485753585e-01
-3.357748045356220290e-01
-3.346760982396019823e-01
4.492494617088801379e-01
1.764471023313000320e+00
2.003028336322241199e-01
2.763148954466154272e+00
3.094331416656896927e-01
-9.499921144787371041e-02
8.639913137196413295e-01
8.510341602202724509e-01
4.742271326848028767e-01
1.673878596067778002e+00
7.594466733469065201e-01
1.547735523826688109e+00
1.031799450547238317e+00
8.166038094059152597e-01
2.499310230992377591e+00
-4.958351981430568767e-01
-1.197581238307669604e+00
-3.176344069217614807e-01
-1.254100453217857458e+00
-1.763802431426490624e+00
-1.268496603279091417e+00
2.400947400195132531e-01
-2.257414256127027397e+00
-2.072614560195670030e+00
-1.588789795313781283e+00
-9.484543958532786201e-01
-1.179732749873598774e+00
-1.210670412642373295e+00
-3.320391965800947309e-01
-6.547476239950925647e-01
1.425442624746674491e+00
1.299290668344142752e+00
3.912327754938563773e-01
1.512552196468074150e+00
5.197204996303751434e-01
-1.800085752198741673e+00
-9.045222635890528551e-01
2.091452973529570603e-01
-1.611715393058469337e-01
-5.706624282596405306e-01
-1.548962553768924888e+00
-1.325668173538338657e+00
-4.424700265790003639e-01
-1.594720672454683630e+00
-1.182888114551465808e+00
-4.218926691418489749e-01
1.581367738557166280e+00
6.186118585036390893e-01
1.227353416981327161e+00
3.773680107900514447e-01
-1.987532801877313737e+00
-1.172629024989802593e+00
-5.545722456365478337e-01
-2.853511822991865010e+00
6.951212427472492905e-01
5.752810326177253408e-01
-1.086528323704719634e+00
-5.078302487444034119e-01
-1.742174726518765038e+00
-2.058600571145593694e+00
-2.316675082831677557e+00
-2.298780337794623208e+00
-7.705422483648681764e-01
-1.119570349156690625e+00
1.985505053889113913e-01
-1.311927278638462369e+00
-1.427100875271590130e+00
-1.494958023069404840e+00
-5.798131013688483382e-01
-2.157949879726658082e+00
1.758743883506962424e-01
2.107235419412334387e-01
2.072257743998034307e+00
1.000538562137451848e+00
-1.897853742863626625e-01
3.074931792658604390e+00
9.315528220121356284e-01
4.724592028864239568e-01
6.630546697332539985e-02
1.534178735598084486e+00
1.878415703393517600e+00
3.029995074462034088e-01
1.007985559998424430e+00
6.901539143982114988e-01
3.133007719277164371e-01
-9.099206103521899625e-01
-2.396813746843523774e+00
-4.121418349922679747e-01
-1.552318101163016717e+00
8.623429876620534174e-01
2.252109517276781325e+00
1.161119892035971324e+00
-5.851110243150703383e-02
1.472562483400499556e+00
1.309653148889371455e+00
1.236085391227875085e+00
1.121221162703722740e-02
3.182129939310941236e+00
1.577959265430737057e+00
1.028631606646533525e+00
-7.405970437150370955e-01
-6.096563403604309261e-01
-1.023538720988032225e+00
-2.058082753740430038e-01
-1.626790828578434489e+00
-1.991002021899197505e-01
7.349890446858464710e-01
6.922706881097555609e-01
8.116735810209080304e-01
1.455934424487399070e+00
1.052640180672516967e+00
7.081491800649941659e-02
9.457089986137370285e-01
-1.170399884103307642e+00
1.065257418861762506e+00
3.171755090592863757e-01
1.104972804836777511e+00
6.821247231231684083e-01
8.172067475970982153e-01
3.186899417993815931e-01
1.724745434590759130e+00
1.290351963651241496e+00
1.633165755543378506e+00
3.145094582951640794e-01
2.118798700895413445e-01
-2.081571417902897458e+00
1.117143964673306122e+00
-1.218227014967555366e+00
3.802254714020794069e-01
-9.162352168256960860e-01
-8.416563484674214335e-01
-6.378778918112822938e-01
-6.814298342796288876e-01
-1.577135129399251046e+00
-5.545008442071919230e-02
-2.177401774832197212e+00
-9.390859622269104312e-01
-7.152546364750937968e-01
-9.811291529320520510e-01
-8.412126126103596224e-01
-1.688889099067858446e-02
1.542403075139372692e+00
4.993853967177516173e-01
2.468471375064052786e+00
1.288622105817008423e+00
-1.515344574112268861e+00
-1.250519772528507323e+00
-1.515767883337799660e+00
1.116707177055706879e-01
-1.673558004069818583e+00
-1.211093978331096555e+00
-5.829805483952177347e-02
-8.424552844194217460e-01
-8.718447274991604212e-01
-2.676332284297029407e-01
1.210395601840555724e+00
1.038678922550507977e+00
-7.984640891380980765e-01
1.300638541349620869e+00
4.141368348392974186e-01
-1.718182137941278054e+00
-6.163284570410584307e-01
-1.247708118113527442e+00
-2.120044805505743923e+00
-1.165535799301213205e+00
1.390669451710817794e+00
5.469598747433024322e-03
5.215996909516500413e-01
1.775307325614036813e+00
6.821102297710823770e-01
-6.914892446067064657e-01
8.909568256834443645e-01
-7.959584308361744576e-02
1.506227372565731804e+00
1.876560606848834745e+00
-5.247479802302856822e-01
2.153574307048751191e+00
1.860042609360073040e-01
2.687587445718653267e-02
2.177671350726654964e+00
-1.389169041033648799e+00
-1.773921168733293419e-01
-3.787035152331681420e-01
-5.223463547986755273e-01
-1.758856767378009334e+00
-8.892654696783037771e-01
-1.141216383927597944e+00
-1.920650691902921814e+00
-1.901962101803253535e+00
-9.017283516379251962e-01
6.038268682963865430e-01
-1.320317052041280581e+00
-1.302908964021976201e+00
-2.626598117482215500e+00
-5.432662314195624287e-01
9.225841043352457360e-01
1.114169795532940155e+00
3.415610121224845752e-01
1.241707968673617435e+00
-5.618652898296347953e-01
-1.160896653105270904e+00
-3.290451054682962395e-01
-4.343701268480327782e-01
-2.113126534811892832e+00
-1.464988863785182005e+00
9.148002242861581479e-01
-7.533540801514045926e-01
-1.674171775393834105e+00
4.333288796951044741e-01
-1.964593440652580458e+00
1.964981725564734383e+00
1.518473593579648284e+00
1.751182057761955679e+00
9.042636775427208562e-01
1.520096085689113252e-01
-1.543909406221152469e+00
-1.693755495896649865e+00
-8.854038139547701913e-01
-8.207569691628610054e-01
-1.180690576937428737e+00
1.145504391167127212e+00
1.371797171111120983e+00
2.095926653996386335e+00
2.669849339477554651e-01
1.392172029823265156e+00
9.527709573861479209e-01
1.560765840296253870e+00
1.008276827839119649e+00
8.123948576129684795e-01
1.394203088654679235e+00
2.378694803680307057e+00
1.133014091822512448e+00
2.416697907032429704e+00
1.122089483042779223e+00
2.462955830936778945e+00
-1.482516836589583775e+00
1.402412346508901120e-01
-9.267280648155350464e-01
-1.367785801421321112e+00
-7.567732645525764301e-01
-9.402135251942762562e-01
-2.457185588614523297e-01
-8.043624449788289166e-01
-1.457169729586618168e+00
-7.960305680125262517e-01
-1.054479849058316043e+00
-8.248503712844805769e-01
2.666627621297434914e-01
-5.318878556562002258e-01
-1.070837818698092470e+00
1.830583028521435951e+00
7.612089744701464600e-01
1.272885803754122414e+00
6.550943827835364885e-01
1.664807165044777104e+00
-8.290774059865065881e-01
-1.005511574965340715e+00
-1.052435339930145375e+00
-8.636260928720634888e-01
-7.925263936229116624e-01
-1.106710362831377692e+00
-2.814746477726179030e+00
-1.729606244834039019e+00
-5.750056955049964724e-02
-2.242892527231012956e+00
1.298368077376282015e+00
8.721167750813584307e-01
1.471663850498388992e+00
8.079337863595353886e-01
1.836552612542281970e+00
-5.569206077522750320e-01
-2.558001551571897902e+00
-1.386032211144058390e+00
-2.003166590110447398e+00
-1.833847477383414581e+00
-5.804640690708213757e-01
-8.652811592822239328e-01
-9.252815152503712781e-02
7.338504780798424942e-01
-2.232180530644936489e+00
-6.967802570994243716e-01
-1.819472945642007122e+00
-2.165595301488195901e+00
-1.420978682893143219e+00
-1.132375837244321337e+00
-6.429289289715622857e-02
-8.294062439793590258e-01
-1.105698085915444162e+00
-5.644661677961962942e-01
-2.003196561224641847e+00
1.521317229547226590e-01
6.524590276421946555e-01
1.220548763739977671e+00
9.926710154174156475e-02
5.195184213673278428e-01
1.794033681630920585e+00
1.759929497590801528e+00
1.038506238399063752e+00
8.355470557254855990e-01
7.045551377990224573e-01
2.899335545840084016e+00
1.191995780005453920e+00
2.574079176435176475e+00
6.527110306762624603e-01
2.687736119663676426e+00
-1.145925681271620089e-01
6.609611482343002997e-02
-1.152713065880010657e+00
-1.601865442095142589e+00
-7.952977620280119453e-01
1.216977345800220212e+00
2.681251576830536720e-01
-7.198620140984730575e-01
1.795060581403840949e+00
1.284831361810749861e-01
1.764737726813459195e+00
1.544757884629434308e+00
1.847820400633716442e+00
4.054335982696674057e-01
1.746861074348948550e+00
-1.214026285770192226e+00
-1.112414633351453075e+00
-1.855174404885481021e+00
-1.906851942871005123e-01
-1.863913920773917043e+00
1.612149839140588625e+00
1.996026829994300034e+00
9.998283670132198653e-01
1.366411783303006500e+00
9.793283756958973685e-01
