-4.404271238427348578e-01
-2.415938058141563705e+00
-3.272729144420322145e-01
-1.305988263150437145e+00
-1.636593017996479160e+00
-1.661375481765264173e+00
-7.152704156219324982e-01
-2.117462250711365179e+00
-3.620877183996581428e-01
-1.319876614404022597e+00
-1.228663510709677498e+00
-1.777625688853818664e+00
-9.949636225329794303e-01
-1.730514379381396850e+00
3.558218943926827471e-01
4.910056213078493048e-01
2.217999959160455781e+00
8.497202686789118165e-01
1.458272321374493030e+00
4.516790438381386164e-01
3.134950955439383069e+00
6.833193393194429976e-01
9.841931616802473970e-01
1.320549900709669267e+00
1.612740105285753511e+00
5.388856144516495084e-01
-3.209419400458939364e-01
1.700441279810742667e+00
3.890461284943309561e-01
1.045915843913093557e+00
-1.199754642867453036e+00
-5.888882377191917428e-01
-1.141431959020333009e+00
-3.147074489644952067e-01
-1.491738107750060438e+00
3.625632273951051587e-01
3.627389021885957465e+00
6.052084599644771412e-01
4.497144654770259820e-01
6.371427934692996953e-02
7.024151131606805043e-01
2.085895236304576850e-01
9.775157656788657778e-01
2.431738164003579783e+00
-1.583819174506893024e-01
-1.414661733561480395e+00
-3.689824717702814283e-01
-5.149990367041947792e-01
-1.199280081514672247e+00
-1.938709976370394994e+00
5.064818375252975180e-01
3.769752854119496899e-01
2.198049138137103675e+00
-9.438867174777580971e-01
1.181203546332755705e+00
7.062812271201084346e-01
1.254393467069618628e+00
1.683774484973164620e+00
2.074627774090362031e+00
1.497828816785284900e-01
1.657564707731823406e+00
-1.637132678651037843e+00
1.459326929807754691e+00
1.327178784833924263e+00
1.351497006407831769e+00
1.298392273253992757e+00
2.080078230828903862e+00
7.251386530213699277e-01
1.428241991355314155e+00
9.243970368331658749e-01
-9.492818798157379723e-01
-7.510594202753285709e-01
-6.981230696012230563e-01
-8.183660012443014775e-01
-7.968970125666612336e-01
-1.824412700581045765e+00
-1.697991390302270309e-01
-6.449993756954670587e-01
-1.961543682781162534e+00
-1.367894796357302711e+00
1.897651934308013377e-01
-1.750386001911584000e+00
-6.118349907011586541e-01
-1.444318442975579320e+00
-1.837421801424024004e+00
5.817035320019482425e-01
8.648484614111572322e-01
1.784757753291107196e+00
1.965631701302641865e+00
1.722981866266246387e+00
-2.246380506352564588e+00
-1.949378026249735996e+00
-8.394672334917834267e-01
-8.643260943795114670e-01
-9.365694601010642328e-01
-9.713327964864959529e-01
8.268132448507152787e-01
-2.599324717423463493e+00
5.926416423384459620e-01
-4.472205843049231744e-01
1.140632212513375210e+00
1.400499933185505919e+00
2.441730653537486084e+00
7.609534828919986005e-01
1.115327745505278578e+00
-4.857342518410460164e-01
-1.440020108769628493e+00
-8.651580101056706162e-01
-1.945053086891700644e+00
-6.679127161561098092e-01
3.371528414732889445e-01
1.061378726097314207e+00
1.665453672012903175e+00
2.453957413360157602e+00
1.190118670091539377e+00
5.914941525007141321e-01
-1.961062544988398937e-01
1.080283769281068285e+00
1.126803034848734786e+00
-3.789899742846469799e-01
6.784092303421966896e-01
1.317518419918737971e+00
1.052799902756221151e+00
1.281699578365375292e+00
9.836638041970902080e-01
-2.368765265178043755e+00
-1.146831800676952895e+00
-1.159359555591188862e+00
-1.958032195025489530e+00
-1.003598685488072961e-01
-1.020999594375826103e+00
-9.603700869081209790e-01
-1.420469716449616282e+00
1.078541285052538878e-01
-6.541975207748088605e-01
-9.846866773762297242e-02
-4.503425080645612200e-01
2.707423201872631857e-01
-1.007777699041927377e+00
-9.914700408820676936e-01
5.082269974229152165e-01
1.847411183149986202e+00
9.349858370781843897e-01
1.335436221000982693e+00
1.862688347862614613e+00
-9.377056672816036498e-01
-1.418039971563567203e-02
-1.506085363576259883e+00
6.845994612188737172e-01
-1.820483122213014227e+00
-1.023684026128801161e+00
-1.551610499539113119e+00
3.663986028169685660e-02
-9.836974246699990987e-01
-6.793767248685953497e-01
8.122570915100419953e-01
1.130398001415469977e+00
1.688435187177793173e+00
6.838016086152687301e-01
1.617445401208194689e+00
-1.718810478504777084e+00
-1.286631682676672828e+00
-5.412331730211741299e-01
-4.003867235095397437e-01
-1.642334063872414873e+00
-6.709400610014419897e-01
-1.327285137883761124e+00
-9.176038484785521421e-01
-5.996290890019704278e-01
-2.916504587816027838e-01
-5.390763659520508844e-01
-2.561362192114241765e+00
-1.439069854924404313e+00
-1.746907677639591094e+00
-2.127560228262158404e+00
-6.060447936657225032e-01
-1.601927462533195623e+00
-8.164654427445119378e-01
2.188118524779418816e-01
2.573377272715100528e-01
5.707402773494800741e-01
1.047169940105604935e+00
7.362532054188808406e-01
5.985459284615735065e-01
5.658053532507025807e-01
1.293598626280161756e+00
3.133311116676165131e-01
4.310230817489629773e-01
1.880111394509761391e+00
1.475623936707828321e-01
1.925544192936560428e+00
1.312529094064476265e+00
1.787370853991872455e+00
1.004506740090067574e+00
-6.196219427630649257e-01
-9.641136854263774314e-01
-1.233381861769511589e+00
-2.993148068966149378e-01
-8.579933333844224075e-01
-6.969552593632948323e-01
-5.594796870027667346e-01
1.676672808221387756e-01
-4.206810035105876810e-01
1.853779271503390946e+00
1.645683817408597704e+00
7.458677093499239685e-01
-3.718487014318034856e-01
2.900334494042352551e-01
1.156846573197697126e+00
1.558664007700530263e+00
-3.912678533475170140e-01
-1.568949371628578060e+00
-2.969939912629543599e+00
-1.359287248490498090e+00
-1.151986459922900607e+00
8.891803336818087100e-01
3.568062200017307894e-01
-3.764437249953969111e-01
2.319381717762352579e+00
2.089837755100499850e-01
-1.765851603315152119e+00
-1.823961615175401008e+00
-2.003057459812193075e-01
-4.747609734942518367e-01
-1.420901520704519472e-01
-1.471956583465692470e+00
-1.217966417644781973e+00
-6.108684648331546008e-01
-2.993162915511433653e-01
-1.751436835856316154e+00
-1.306671447838751998e+00
-5.777713655774746604e-01
-1.461614182805043072e+00
-9.814130535537773925e-01
-5.577454037139178977e-01
5.197228389727646114e-01
1.498341403904016822e+00
-6.637702490976438163e-01
9.552917433308508732e-01
1.442565543185778898e+00
4.725017883583814138e-01
1.535251499280027243e+00
1.375671977282638903e+00
1.195005070212209919e+00
-1.842787475038947242e-01
3.115747877542502930e-01
1.071405659819473888e+00
8.130481800267918002e-01
-2.976384625396901740e-01
1.492740690540846460e+00
-1.464451798656782433e+00
-5.925279316899418891e-01
-1.635449305205596726e+00
-4.518937801939858501e-01
-2.306164993370440897e-02
1.920475190321961456e+00
1.734379276404287573e+00
-4.458684497234366439e-01
-2.524391124322411528e-01
3.254395294269554206e-01
1.643950225672293319e+00
7.961471864982373470e-01
1.002266423320258726e+00
6.091353844690127195e-01
7.357581640620705077e-01
2.337642205112455684e-01
-1.221551976691877428e+00
-1.542326604162990611e+00
-1.536473976891736370e+00
-7.967535834716298337e-01
2.817278488166996997e+00
-1.071630573817738963e-01
4.606533863394302042e-01
1.414266434373588011e+00
1.448319478323787379e-01
-4.523284224707055934e-01
-3.044624354459711801e-01
-1.561763494339908576e+00
-3.445805270006561116e-01
-1.386089511221105575e+00
-1.350164042995533720e+00
-1.169857009288090444e+00
4.108630476671359943e-01
-6.603584847280978831e-01
-3.150738244582261594e+00
-1.130427828645652610e+00
-4.346790637438244786e-01
-2.196907678318034129e-01
-8.799820134933944438e-01
-8.979234812422636214e-01
5.043421181020446564e-02
1.541252103083508906e+00
7.450472173675667387e-01
1.280743047924496114e+00
1.284294348229377825e+00
9.482452005191833733e-01
1.821844115880156600e+00
8.413970766925573663e-01
5.864683829520647151e-01
6.175685603196425788e-01
3.325269878427379311e-01
1.287181052510916635e+00
1.676292002769641076e+00
2.212867366373627576e+00
2.141987428619170686e+00
3.180336382207815671e-01
-8.551567410952281012e-01
-3.411725260168440022e-01
-1.316378037365386167e+00
-9.980525556217533234e-01
1.192949199960767315e+00
3.127327173964995488e-01
1.208828024267011747e+00
2.064066089571050533e+00
9.505248874898187816e-01
-1.654149358993031171e-01
1.888867981684728692e-01
2.600625375216339297e+00
1.450955304116402944e+00
2.584500726694862749e-01
-5.530129078585790392e-01
-1.542768769775215487e+00
-1.260768556477072977e+00
4.243815000936925763e-01
-8.177716397528536074e-01
7.000138575559786691e-01
8.473545602323495629e-02
1.688689624970513226e+00
3.817291555974848816e-01
6.938135491885237816e-01
-1.114267959564611221e+00
-1.428774363211481324e+00
-1.290433370569779470e+00
-4.788100793069032246e-01
-7.691590141905151334e-01
-8.892262572834093159e-01
-7.981410823719006231e-01
-1.974848285095674782e+00
1.181233964604415654e-01
-1.236003279317205328e+00
-1.834221764415494782e+00
-8.911290780560965352e-01
-7.913754528141033751e-01
-3.589468020323526298e-01
-1.253288913542514482e+00
-5.466595817380797140e-01
1.393296998200539649e+00
2.074023858326047076e+00
1.348429709892506878e+00
4.319357607389165965e-01
1.152419016811139674e+00
6.878583001265365926e-01
9.078238946093428741e-01
1.340313390789296566e+00
5.123878614936141496e-01
1.046782293336487868e-01
8.725604558151015544e-01
2.055342524677683969e+00
2.199845059724119700e+00
4.307156590334494384e-01
-1.368688651529692546e+00
-5.513740791783681150e-01
-8.731838529375324232e-01
-7.130035803288270468e-01
-1.082067076240616155e+00
5.421757072987951620e-01
1.382757881366089681e+00
6.548165357220767646e-01
2.178865548495368731e+00
8.726702071706872177e-01
7.741598773516062959e-01
4.261444640229813396e-01
7.722971995403021817e-01
1.308577625375137110e+00
2.060265163176080883e+00
-1.196195488693154285e+00
-8.514408380758669015e-01
-1.202854687378785536e+00
-1.996227382017536911e-01
-7.903533276223779769e-01
6.783850249397127552e-02
1.789799358042110766e+00
7.606300910257733916e-01
1.356527075540512328e-01
6.675089042530240047e-01
-1.425482560796863751e+00
7.937096259784695018e-01
8.722565328531308726e-01
1.898591859360578837e-01
6.294196932155060598e-02
1.776613142372290621e+00
2.958850242782818940e-01
7.122064383319304248e-01
1.086012010768006686e+00
5.577188955767264922e-01
7.298113522364864103e-01
1.654157719683190475e+00
1.777920255581760145e+00
-3.837817462649626421e-01
1.116272937367631002e+00
-1.276705042033294824e+00
-4.112633932658825708e-01
1.371654141990046316e-01
-1.056063086414180008e+00
-1.059195862646109987e+00
-8.058023712832679264e-01
2.540419093018408958e-01
-1.772288641658879005e+00
-1.862095790844809695e+00
-3.188220031377961838e-01
-5.625770329685613191e-01
-1.499160773485260778e-01
-2.268005571202671433e+00
-1.923307805148484206e+00
-9.485446579486982444e-01
6.257950520225794566e-01
2.494184229441632761e-01
8.319938247108995544e-01
1.899992045553790643e+00
1.267328195991441309e+00
-5.846803326706877524e-01
-2.325850420111501116e+00
-1.162838074554550793e-01
-4.259945635377789808e-01
5.959524563084861448e-02
-1.486499898039062462e+00
-1.675743550459894760e+00
-2.889090882645062308e-01
-1.267149026754021968e+00
-6.341768254942390382e-01
-1.387312642364135762e-02
7.501496847449904415e-01
-7.460971167200054488e-01
1.206719047746156015e+00
9.340367094329351527e-01
-1.090789338442562650e+00
-1.669323123649729901e+00
-6.648701052888652541e-01
-1.228451429225499547e+00
3.931751698492680358e-01
-1.290483963075284679e+00
7.836013600626765552e-01
-1.188036829275006978e+00
-9.230468159962708086e-01
-8.158383551579357906e-01
-8.572542825800337774e-01
-1.838948567216261765e+00
-8.949556493163712823e-01
-2.283658854198203914e-01
-1.135726372404749940e+00
-1.264177845684784085e+00
-1.793069745237074297e+00
-9.250497005937871053e-01
-1.285747484453460210e+00
-1.357471349855537301e+00
1.745647565109505361e+00
3.254908504342577391e-01
1.095884873483792710e+00
6.036300814109168966e-01
1.322544681087335139e+00
9.349816849225549564e-01
9.096651078177904193e-01
1.518919079453178167e-01
1.342947295069439662e+00
-3.276968095659267277e-01
8.419388124632938286e-01
1.379018953512826107e-01
1.617396510488907424e+00
3.205743186042407711e+00
8.973583352230352084e-02
-3.006546498786177857e-01
-5.607673968322639535e-01
-1.928571213242377569e+00
-2.066747124598298235e+00
-4.422913376695180032e-01
2.170691735372372921e+00
-1.200665460591268552e+00
9.706344364658829882e-01
6.494056015506566304e-01
-6.415027060699660666e-01
-2.143905836668846820e-01
8.626916485913804777e-02
5.252837343383156554e-01
1.739360186778216910e+00
5.226032387116550382e-01
-6.157106537127128298e-01
-4.638815476280786498e-01
-8.396357287781207601e-01
-4.214355388267603253e-01
-5.992234165230100329e-01
3.010010107018841197e-01
1.258760321951711392e+00
8.890887503466747832e-01
1.904681645258723410e+00
-1.514389063218950504e-01
1.615192575489501348e+00
1.660378657237953082e+00
3.555230749135754875e-01
6.548365742672469514e-01
9.209129228358078345e-01
2.015717185673416623e+00
-1.212718898968501602e+00
1.570524350951965520e+00
2.206121357800981286e+00
7.608965908333338302e-01
-6.239235581151001409e-01
1.581542375020973168e+00
4.265423470566154229e-02
1.322770962894696645e+00
2.611109785136669359e+00
-8.062590111859432307e-01
-8.098063977740095343e-01
-4.251216769404898566e-01
-2.356924987028689245e+00
6.676498577944709467e-01
-1.309408353618196630e-01
-8.623725666118127187e-01
-6.877666872839585110e-01
-4.600126217029546494e-01
-7.828374506934865362e-01
-8.849687041648519603e-01
-1.642149927047627411e+00
-7.776956529344754010e-01
-1.034785427057731022e+00
-9.804306727221424600e-01
1.464811811331767633e+00
1.354960497284204424e+00
2.356720300889472597e+00
1.249167284419305357e+00
9.953201744364550407e-01
5.862817150437011904e-01
-1.471897182486127109e+00
-1.202123167703521345e+00
4.093020278399071010e-01
-1.125677497170747055e+00
9.494668835859565448e-02
-1.474260154408353785e+00
-1.387279613500043585e+00
5.811444346045342435e-01
6.138471615314022856e-01
1.133785022692656907e+00
4.868447132738371597e-01
7.450661246711463015e-01
-7.803100602855161938e-03
1.623886562452905746e+00
2.561197464524915812e-01
-1.535839219062440364e+00
-3.113639602818340180e+00
-5.912576064068141291e-01
-8.729274529821771100e-01
-1.824318344434207706e+00
-6.528627173872230127e-01
-1.022911675034994250e+00
-2.533669882702439535e-01
-5.669124446629361103e-01
-6.300052150048551791e-01
-7.666789736309254089e-01
-2.116161493531651949e-01
-8.126288988727721208e-01
-1.528881579411717428e+00
-1.464654299140453420e+00
-8.013699834339068628e-01
-1.186160716548653626e+00
-6.081798999069851774e-01
-2.327886168540267420e+00
9.272272263151690730e-01
-1.375294737692414060e-01
1.548766518421799798e+00
1.880410659318461963e+00
9.788499253274185463e-03
9.244654416768260941e-01
-1.509463472560443886e-01
-2.983307647428556919e-02
1.231353242266929104e+00
1.582545146194866525e+00
-3.168992622228894440e-02
-2.728706499183930489e-02
8.327208967050736543e-01
6.777394616557473883e-01
5.399430489857348636e-02
-4.507510639902405636e-01
-8.977359292103694877e-01
-8.977429139756981646e-01
-8.732744262082876574e-01
-4.298185680588014757e-01
3.503006485934668790e-01
1.713525457166432897e+00
1.052249289492250606e+00
-5.421106061874843007e-01
8.220080728661404157e-01
3.214228797032826490e-01
1.593220010496859018e+00
-1.724804183355956866e-01
3.521529429278559276e-01
1.290479929224999101e+00
-1.963474459004590500e+00
-4.239405173393601123e-01
-1.797234802485015548e+00
-1.034028416068416112e+00
4.299189848509508138e-01
2.003082765018347366e+00
-3.604584512614581460e-01
1.006586073668306325e+00
8.108086153738880419e-02
1.552740589712995334e+00
-5.401826476094795382e-02
-8.167689962255363367e-01
-1.124799252400557448e+00
-5.883532506798080375e-01
-7.779653483543064185e-01
-6.499409098929651574e-01
-5.747328657310498690e-01
-3.185916280517472332e-01
-2.957411447787983150e-01
-9.581606379595737355e-01
-8.385398113952633459e-01
-1.211064893046865931e+00
-1.303659346543742048e+00
-4.325760712538273545e-01
-1.623007595556277272e-01
6.317520151292861375e-01
3.828830402371212749e-01
3.119422008210190889e-01
1.365805044156052528e+00
9.748013085993798565e-01
8.074554829698410430e-01
1.122290657141087777e+00
1.222362086481227017e+00
1.744574554453478754e+00
1.229746812166470971e+00
2.195042280693792147e+00
1.243610609889657992e+00
-1.237362206700998168e-01
1.821755467150934615e+00
1.627148255578191982e+00
-2.093925739790956086e+00
-6.600389740617269574e-01
-1.146287674808223134e+00
-1.533575135158848246e+00
-1.757305615367481311e+00
2.303738470699830287e+00
1.003991021742037359e+00
3.773390718040157132e-01
-3.273587411370659783e-01
1.509256153475345918e+00
4.032242677232714456e+00
3.417929167684800040e-01
1.892783668830936517e+00
1.066904331011330420e+00
1.119369257827032671e+00
-1.433945327826829264e+00
-2.049631599070522725e-01
-6.084646043487842437e-01
-1.326305065163261521e+00
2.895396813685640058e-01
5.881185602724190442e-01
4.754621206658199428e-01
1.436817160419551209e+00
4.447295141212435077e-01
-9.642037544222348266e-01
1.463679782258521911e+00
1.095636180858360564e+00
5.615854702867290049e-01
8.249328764670647018e-01
2.841354316116309064e+00
1.506822597032272615e+00
1.924228029571135146e+00
6.883240839918081111e-02
-1.002899104558976351e-01
1.746811067131748274e-01
1.136828930016610784e+00
2.966106404846113875e-01
2.306222064365764268e+00
5.853963920482239125e-01
-2.499113113162148014e-01
-1.051563787304353736e+00
-1.741147719959359019e+00
-1.389438425212046635e+00
-1.156439649748173037e+00
-1.190563293141685186e+00
-1.037195787974894090e+00
-8.342292934458099829e-01
-8.742820122165025909e-01
-2.703454408782557827e+00
-2.654530353030072121e+00
2.554972782789155517e-03
-1.991266641602633669e-01
-6.768951076091502816e-01
-1.471892488077842343e+00
-8.045115742254893565e-01
1.438032887013646066e-01
2.484253452111726990e+00
-2.301206425708846037e-01
1.620333469763657330e+00
3.120511129024610142e-01
-2.126779501762927183e+00
-1.875548524931164085e+00
-1.220126517424440671e+00
-2.273846782686248069e+00
-4.831852567527855635e-01
-1.452182320589263664e-01
-2.602159569812778628e-02
-8.689488016243446245e-01
-1.737590895818466041e+00
5.875691628199808392e-02
8.318979847333181077e-01
2.040126499379494973e+00
2.401724701597347522e-01
1.650866107857417164e+00
2.249469461785105207e+00
-1.137352197191940473e+00
-1.083299617378687074e+00
-1.597998095268421626e+00
-7.747485409839911519e-01
-2.767638686215153854e+00
-2.039306905059306008e-01
-9.113080991289805866e-01
-1.374564128069873936e-01
-6.777296330131923341e-01
-1.612738305320072785e+00
-1.614891505585348552e+00
2.450796846795779693e-01
-7.911364178454569629e-01
-1.415107615111783179e+00
-1.741179290104237776e+00
-7.924914708387434947e-01
-2.683532222783056476e+00
-3.721355583239099873e-01
4.466147645130491561e-02
-1.275290256185525495e+00
1.750535858104412812e-01
-1.597053382406607991e-01
3.480690316298414855e-01
1.043725196141569889e+00
9.855872989326259770e-01
1.831769928745191400e+00
1.112014270959530204e+00
3.227285757759711382e-01
6.605525444497184484e-01
1.565403978003855334e+00
2.031821731050035273e-01
5.540126642194533879e-01
1.367032304291222689e+00
3.149786550467152946e-01
9.362530974012269747e-01
-8.468446069803453602e-01
-8.075559015516935446e-01
-1.274575534806287269e+00
-1.111274121644557189e+00
-1.203458179271781114e+00
3.367177353513831850e+00
7.442532182018489761e-01
7.780384379391929173e-01
-1.992786509243675841e-01
2.010295557413892986e+00
1.127652419148237994e+00
1.335133435036328642e-02
-1.926191771769836247e-01
1.253151517425478811e+00
-6.892918889821260109e-01
-1.009457702729494866e+00
-2.222936146942414481e+00
-1.613505976840364564e+00
-1.198647697214801244e+00
-1.480217577848696120e+00
1.518000248370015015e+00
1.323152867308605707e+00
8.763530660539600170e-01
2.210053511358498035e+00
2.435947139348908941e+00
-9.819492493844328429e-02
-6.611329874944833485e-01
1.555819829321383629e+00
1.874263575430330064e+00
-1.982254451839970955e-02
3.537405738534263877e-01
5.962073167536476870e-01
3.777116301894003492e-01
3.925992093733521315e-02
2.055932619902004710e+00
1.388354694816233526e+00
1.300169340514298666e+00
-2.083164883603874085e-01
1.638658069079887758e+00
1.526772055685437168e+00
-1.391400249504195941e+00
-1.136660475217830868e+00
-8.866514238840292883e-01
-1.306972670276720816e+00
-5.318267310697397665e-01
-8.302640036685569047e-01
-2.050643405109504158e+00
-6.100024214441821524e-01
-5.746476035553980122e-01
-1.041598129065454348e+00
-7.573381743356627505e-01
-3.632044972511766501e-01
-9.448229401526294646e-01
-6.480471450685509893e-02
-2.403209311564926676e-01
1.124892235105829696e+00
8.232122116886484431e-01
6.105144959262176485e-01
-5.276236391097151035e-01
-3.513559669887680315e-01
5.874472145601012940e-01
6.532081829113671745e-01
-1.530045194634180650e+00
-6.968895057337189947e-01
-1.270397798306110548e+00
-1.281471216489979748e+00
-1.551612924199957000e+00
-2.134145526445742291e+00
-1.902812490256429179e-01
-1.013994821179200923e+00
1.843125748894325344e+00
9.935278348673038940e-01
3.379568473113239158e-01
1.132172929056051158e+00
5.676653228774304338e-01
-7.189018406980067777e-01
-2.560151878015034299e+00
-6.552891595375787137e-01
-9.752925288250834379e-01
-7.128423604789002610e-01
9.290973274560819783e-01
7.513915073305988956e-01
8.999857420274262054e-01
1.409056892336720157e+00
2.025835161701813547e+00
9.877272123633664691e-01
1.061872113842829979e+00
1.511965390861421898e+00
1.476236766777255349e+00
3.496313056203174119e-01
1.597405309778315408e+00
-6.919216863434645148e-01
-9.026813554632728831e-02
7.759675303801296664e-01
1.945841773804503294e+00
-1.894409850765164993e+00
-1.649430596955132167e+00
-2.242787211011073367e+00
-1.871338086286524316e+00
-2.650290868953804946e+00
-1.234975775941639320e+00
1.371880374555762838e-01
-2.339787389237748982e+00
-8.173291759583670713e-01
8.201582757657677192e-02
-2.638791902289771008e-01
-2.765598229694440580e+00
-1.734822794802734380e+00
-3.849018130084169709e-02
-1.824364665492701931e+00
3.800477049094159732e-01
6.692439065159017098e-02
2.307472235502211255e+00
8.638851860419216599e-01
1.300146354771378299e+00
-2.055497892829481366e+00
-8.096625132341486175e-01
-2.231011755556109755e+00
-1.605257408797627239e+00
-9.232348023849388241e-01
-1.118703436239046223e+00
-3.272314961458914873e+00
-1.233401991145715249e+00
-1.750302805256244820e+00
-4.838872969947877190e-01
8.353151380956285177e-01
8.703659825635949865e-01
1.702206569864413765e+00
-4.276361550138163548e-01
1.995012104567254640e+00
-4.439215838638268519e-01
-3.616021063087903054e-01
-1.510394388222401130e+00
-1.641870840078944349e+00
-1.765741042404050054e+00
-2.509258015220686922e+00
-2.037348376517545745e+00
8.411971800822315437e-02
-9.886337210636760853e-01
-6.815861688443667354e-01
-1.826657810566604034e+00
-1.805925953598079836e+00
-1.768601021860296330e+00
-7.715312931893625326e-01
-1.467192964013187106e+00
-2.584322843078665777e+00
-1.786511958371508335e+00
-8.312283739923741477e-01
-1.031049859986711947e+00
-9.240875641537205087e-01
1.990990540291996069e+00
9.540388784520226206e-01
3.558465250954732095e-01
-9.051431297614425109e-01
8.729725009597701924e-01
3.205030802448138871e-01
1.048532035512472760e+00
6.782480833114457042e-01
-1.115959698808967726e+00
1.237095788198635526e+00
-2.668547071084583777e-01
-2.980236422866442414e-01
1.379537955255733417e+00
2.985831970355529164e-01
-9.480860354064841733e-01
-2.722490077732093283e+00
-1.616539963045264816e+00
1.744943239254971523e+00
-7.714779575034477199e-01
-1.357367063592479273e+00
1.782909106393145926e+00
-6.056044969729659222e-01
1.274515488276501074e+00
-3.034738298960171221e-03
3.298000534979578235e-01
1.150210565969644883e+00
1.016832034085042302e-01
5.462407790639827176e-01
1.247134233705182949e+00
2.875456563920044672e-01
-1.875927935215956355e+00
-7.347470713053310121e-01
-6.446669197270709084e-01
-1.471739358447976320e+00
-2.482490459596650823e+00
-9.164341039724648308e-01
5.782458255800497771e-01
-3.139218807740684625e-02
-3.563424453418018167e-02
1.435602296157146629e+00
8.451370485678832978e-01
2.011378330543270199e+00
3.156605378233796610e-01
-1.691897840433465028e-02
1.602421337698884507e+00
5.579737745217796530e-01
2.591605228757657642e+00
1.207034509017389512e+00
2.103712349229658329e-02
1.488939061014200593e+00
1.441193270321044384e+00
7.109444590781558437e-01
6.020466110777129565e-01
2.094142135644577518e+00
2.354634956145832625e+00
1.922270834117494331e-01
7.746507699471427699e-01
-6.762867401867957984e-01
-2.262443249528557354e-01
-5.444596657631814995e-01
-1.186620791543936404e+00
3.752590220296458945e-01
-8.343177302520744520e-01
-1.866856119719505935e+00
-1.079435220421915753e+00
-8.772775954737833670e-01
-1.696747756468276691e+00
-1.409159847108043095e+00
-6.038087740047781704e-01
-2.765786834340397959e-01
-2.541384775448829458e-02
4.301743604200496396e-01
1.194829177646809182e+00
2.139422067795243798e+00
1.729814783250644084e+00
-6.234269977859324685e-01
-1.642209107193096429e+00
3.632268171676429347e-01
-1.892962448100022899e+00
-2.255086850282847610e+00
-2.719608516323315239e-01
-7.710527334184104076e-01
-4.421653809289494141e-02
-1.213786975630575693e+00
-2.098163371349730522e+00
-1.107130044487288245e+00
1.928452695227955704e+00
5.914396174623335334e-01
8.189342487729831532e-01
9.698147533310966795e-01
-7.071948143716455526e-01
-1.107838182617516765e+00
-2.287797607154216095e+00
-1.034319022483017880e+00
-4.310140926070094025e-02
1.448171714874303184e+00
6.127389758258217078e-03
1.624114006378540864e+00
2.224200730896301881e+00
-1.108891519378862878e-01
1.036609808392666254e+00
3.682644070959577576e-01
1.723259606362308682e+00
1.933197553976151006e+00
8.525718857187347677e-01
1.108171645308071662e+00
9.621065697533278671e-01
1.563914503711529402e+00
1.298359687417660613e+00
-2.881805389658251837e-01
-1.143390067320342762e+00
-3.959346081821797370e-01
2.065905814496291626e-01
-1.873858639024744921e+00
-1.427309496977335446e+00
1.022353244900966462e-01
-2.326226245999185593e+00
1.183382014356326728e-01
-7.967359981352291065e-01
-7.021165839609655457e-01
-1.528802775075254416e+00
-1.636944197629696340e+00
-1.622957886526373628e+00
-8.491290913138547225e-01
-1.991713744899854976e+00
9.741641186671209374e-01
5.683377147641401894e-01
3.642128963686688259e-01
1.246385873700543101e+00
-1.010024086937030940e+00
-1.095268217630653851e+00
1.112827979016965951e-01
-1.616276679194096566e+00
-1.894548135738469918e+00
-1.293462246133572080e+00
-1.257661312382619467e+00
-1.134331926088795406e+00
-5.246901367742253797e-01
-1.341322548905456769e+00
-1.817767664402706096e+00
1.318175132563110807e+00
1.318630278042749682e+00
3.826120351368746064e+00
-4.757367512238475094e-02
8.970443161708521185e-01
-2.393767956717476331e+00
-7.713198692696756620e-01
-6.439347368438274044e-01
-1.829566488920633782e+00
-2.526589909594385563e+00
-1.408741523458759470e+00
-1.310310323431584045e+00
-1.024761011365185714e+00
-1.397174883585050376e+00
-6.664516531054471837e-01
-1.216298749585206007e+00
-5.379317153482267022e-01
-1.303623102480696794e+00
-1.174093898355041077e+00
3.583698239405390673e-01
-1.234744730314149441e+00
-2.855724605559371021e-01
7.260231930784741827e-01
-1.810353647317584969e+00
-6.047415310478712058e-01
1.513390014754548041e+00
1.795355272717414241e+00
9.415632741354840185e-02
4.246924896760896351e-01
2.075936304178336300e-01
5.250625384708100807e-01
1.456309958960099404e+00
-8.532108650133587435e-01
3.952964419372212435e-01
6.655478174470461639e-01
5.635909790980175860e-01
9.853266380891457787e-01
-3.587510324207090484e-01
5.546469120007941900e-01
9.416554270362809120e-04
-1.729161773584484418e+00
-4.088625714308294912e-01
-1.056160141589481682e+00
-1.555486744822474510e+00
-7.597474740864423870e-01
1.194886266845902600e+00
-1.403000909712779354e-01
2.516497788768197630e+00
6.578394089305765746e-01
7.983436817962449306e-01
1.122945892162009462e+00
1.281512142448079095e-01
1.068413968175593975e+00
1.381433424034604007e+00
3.998417960713024355e-01
-1.194969382495446375e+00
-1.167711267800884523e+00
3.158183426059681942e-01
-1.953953734426798317e+00
-6.626167229584698504e-01
5.890183639168471430e-01
2.312726283827996276e+00
7.455036743330221150e-01
2.949770391434243244e-01
1.031083883023102832e+00
-1.317413838665213222e+00
-1.335127854373525214e+00
-2.911447414204832995e-01
-2.015368044930288871e+00
-7.815046641889462631e-01
5.751599253937973444e-01
-1.180611162886189502e+00
-9.632849904970279820e-01
-9.417519590984140265e-01
-1.706181008667344123e+00
-7.471801829341500056e-01
-3.108519385464917351e-01
-8.390382634719210087e-01
3.271771695042864359e-01
-1.943416958075303125e+00
4.465658540846583202e-01
9.427667436901502329e-01
1.200326127721388803e+00
1.498609792039836242e+00
1.710498649372837576e+00
3.068787137529398468e-01
-6.896188356405852371e-01
1.202332412940514850e+00
8.457986358882725320e-01
1.453145192202341285e+00
1.300237010817387295e+00
-1.330340771440100323e+00
1.203875385555798205e-01
2.411973150077209027e+00
1.505680497262364526e+00
-1.469419359348024035e+00
7.413767796374064467e-01
1.447795874706133024e+00
-2.595471012219958240e+00
-1.015872585936824501e+00
7.922646163629575300e-01
1.288586526703913826e+00
1.779375891320278402e+00
6.721454644594690997e-01
7.211269430675839587e-01
5.380386455050474304e-01
1.106655722688951959e+00
1.405533914598551037e+00
1.319921872402167962e+00
3.864689693685592342e-01
-1.687525490215215473e+00
-6.340374262339583122e-01
-1.204339245132454606e+00
-3.784239455875364477e-01
-9.012416504023709196e-01
1.345683539810422769e-01
-1.097790521013473519e+00
8.033929653971598750e-01
4.539441553517490346e-01
1.675308376177012226e+00
-6.048944772244935209e-01
-1.267812418040429989e+00
-1.492168560222096430e+00
-1.274964881299660568e+00
-6.323973831049725103e-01
2.484364421999114558e-01
-1.778108880340432574e+00
-2.036207704371732152e+00
-1.691245415113105555e+00
-1.350184337341468144e+00
-1.324411497982016961e+00
-2.153253834077473172e-01
-9.219114347691996780e-01
-9.063369381612433884e-01
-1.364567674338290404e+00
1.475938269746225329e+00
1.137238404437334038e+00
1.131531406118790439e+00
7.709679640813363877e-01
8.491668525037274762e-01
1.123554981260247443e+00
4.234362247240311961e-01
1.242287642415138116e+00
1.528324096225059048e+00
1.061800113684573610e+00
7.442891097037618309e-01
3.887894948775980630e-01
2.765028289592374122e+00
1.424887238420588176e+00
8.207493764542447279e-01
-2.856024500908074248e-01
-1.991676460257113312e+00
-1.983485779361380263e-01
-4.284890102018757974e-01
-1.530292568854944468e+00
1.426383813950485413e+00
7.558205843605038110e-01
3.982943890920651597e-01
1.343808967475377036e+00
7.694306460660400582e-01
1.327086310878183628e+00
1.241221866005403518e+00
8.158146783507473909e-01
2.162127813586269376e+00
1.665931205691946859e+00
-9.820459877409389859e-01
-5.839352070707958253e-01
-1.558577732465429522e+00
-1.234220256969270180e+00
-1.231830560802878116e+00
1.523636771790394473e+00
1.422338298493772690e+00
9.669732515288185226e-01
8.295300335671798031e-01
1.096632761997037298e+00
-7.186575107649229022e-01
-1.951847509704087713e-01
-1.244412325219792947e+00
-1.568417893793016882e+00
6.450696352359419627e-02
-1.118124044935564498e+00
-2.478854182676108131e+00
-1.410031179048708339e+00
-1.710714674922804379e+00
-2.412501419797218549e+00
-1.698956208027111225e+00
2.955463957652328943e-01
-2.143174999348947951e-01
-1.913413600907941881e+00
-1.938161642829895337e+00
4.945516919860292182e-01
7.369088198056723549e-01
-2.237624170112603395e+00
8.363278986051594366e-01
6.772294711563416891e-01
1.988202157452478414e+00
1.487926238039055438e+00
2.098294729863522612e+00
4.127171712690330674e-01
5.599044494329631361e-01
2.372737033489769942e+00
5.119893661043483091e-01
4.170217692152835554e-01
-1.807418387612624855e-02
2.062373101116632412e+00
-1.292096536721332178e+00
-9.216572672717551207e-01
-1.628489287406233998e+00
-1.578111085635871547e+00
-6.365666524590655184e-01
2.096324153818063696e+00
6.410313014436379575e-01
6.401107988104326463e-02
2.194180993150935954e+00
8.756150918157827867e-01
-1.490863246456362035e-01
2.089694495154564180e+00
-5.297804925828113465e-01
1.021809712175989926e+00
6.589965175549177268e-01
-6.736898050053973241e-01
-1.449463478908325609e+00
-4.145169004985804762e-01
-6.676986218811942209e-01
-1.414521435352647183e+00
4.048862307842006070e-01
4.186882796833806264e-01
2.065146830863970884e+00
5.859068334516139842e-01
5.443636880545057455e-01
1.884386742539934101e-01
-6.192295854592722026e-01
4.473625321771823593e-01
8.809617033893772930e-01
1.048884497828309836e+00
1.589455457584205700e+00
8.581574073388802404e-01
-1.173712087924656533e+00
1.462717949661424655e+00
8.616722204005466956e-01
1.588680762950230640e+00
5.955097521000246585e-01
1.865176026133708476e+00
1.640426462216495018e+00
1.271187666373998937e+00
5.404198347416953041e-01
-2.470490845435270089e+00
-1.537175994047276673e+00
6.002296135492093399e-01
-8.775257066537656137e-01
-1.394227231328136751e+00
-1.157365493021497604e+00
-3.563356711528832266e-01
-1.124396698130236683e-01
-1.187588033226850692e+00
-2.385968023116357806e+00
-1.162799634600975018e-01
-2.988731853988912945e+00
-7.291002945870377339e-01
-1.056741945669030347e+00
2.139296627594138744e+00
1.047870086136531542e+00
1.646906107151345999e+00
1.755738635832743366e+00
1.020187768528637573e-01
-9.575102027842864461e-01
2.356604955358001519e-01
-1.486150189516679099e+00
-1.337876538902693646e+00
-3.003740492237372273e-01
-1.295651645470221602e+00
-1.340907304246937271e+00
-1.093644893961513320e+00
-1.977965102578002288e+00
-1.880403794937098194e+00
1.652060477234418512e+00
-8.319762818997737952e-01
1.772354198203052178e+00
2.110748174430918223e+00
1.627480787129277573e+00
1.685779269361726840e-01
1.912375657068676738e-02
-1.679267273106089586e+00
-4.785469733458059816e-01
-1.652602781452913394e+00
-4.307377181965378332e-01
-1.653969436168819751e+00
3.314327980679117047e-01
-1.499834220950684971e+00
-1.579579818387235601e-01
-2.373720848735623168e-01
-1.791210856138150120e+00
-1.676837913384386258e+00
-2.427959002513022213e+00
-2.023884696003071859e+00
-8.135104691848389358e-01
-5.496678560255794377e-01
-1.381761680411429660e+00
-1.885585286201072019e+00
-1.873883616208817937e-01
1.115480722180712148e+00
1.741243336229344241e+00
1.614842991727294841e+00
1.356151984071827687e+00
1.213601704701649853e+00
6.562021922071759050e-01
8.356837357018196411e-01
8.835854808297316509e-02
1.568986473893013045e+00
2.333125641255588967e+00
2.768306738013347257e+00
5.325809276187292163e-01
1.530208311932186316e-01
1.617271499207607599e+00
1.481093369523287961e+00
-1.869134429410053144e-01
-2.316717338106487389e+00
-8.484872070124028776e-01
-1.179222035665083546e+00
-1.083664929946720479e+00
7.677859236248644192e-01
-2.604107829257749085e-01
8.402403163683928033e-01
2.197049196583367170e+00
1.200473184374042379e+00
1.355257238196745373e+00
7.728574441627380498e-01
1.977035244516333501e+00
1.180521830783376691e+00
1.539990629480801898e+00
-1.461958135553160343e+00
-2.057952275740491110e+00
-2.799848469025154607e+00
-2.090786561225984386e+00
-6.405832617964019038e-01
1.418654873260096760e-01
1.828877848428663189e+00
-6.491644530831104376e-01
-1.250956548114223743e-02
-7.162516294341398915e-01
1.544526399729649668e+00
6.747871772537643587e-01
1.582386200634212647e+00
-6.819590751902859793e-02
1.899156488167045076e+00
1.219137247034074001e+00
1.498753867416285690e+00
5.983129556103623514e-01
7.284390185630185144e-02
8.826862161081980851e-01
1.100082157801611782e+00
4.084144076446020177e-01
2.641461017496090635e-01
2.798664548170040511e+00
1.478780064179313847e+00
-2.175004727098968083e+00
-1.042473978701957016e+00
-1.259292046447998414e+00
-1.624971430934075922e+00
1.457812299102509979e-01
-8.831680583026436659e-01
-3.721524337339578992e-01
-1.908655700662738264e+00
-2.480702654646000926e-01
-1.092113050508520811e-01
-2.382478265875184853e+00
-1.927539603729266027e+00
-2.022073908182401514e+00
7.257804358467059291e-01
-8.836404544643657877e-01
-2.076084861841724916e-01
5.405110934216879048e-01
1.831255379065467981e+00
1.050219574379012588e+00
-3.226659703856382677e-01
-1.007612701575731240e+00
-8.264434789139079029e-01
-1.439051730374347526e+00
2.249209989926914677e-01
-2.545245180052697620e-01
-2.208288397168307604e-01
-5.414670557181624488e-01
-7.062572027546715203e-01
-1.831457957035178996e+00
-1.214305000628276066e+00
7.467034422925127313e-01
2.311425379433122096e+00
-1.787575784620432096e-02
6.228698860735556453e-01
1.312061108554654965e+00
3.149281329454280964e-01
-1.290903860124672509e+00
-1.690080272902024783e+00
-8.739013720131380003e-01
-9.360441301671533765e-01
1.338159493329545313e+00
1.105157069693791794e+00
1.960553060289773608e+00
9.526558040439614405e-01
-8.737742227904110592e-02
1.511657993329686978e+00
2.567990125448367245e+00
1.478292692523868190e-01
-5.115865935415024879e-01
2.381562772816917528e-01
1.769163771313461808e+00
2.842266464405737381e+00
1.555487451791155440e+00
2.201418615832153591e-01
2.065193096537880635e+00
-1.247546285582852521e+00
-2.226211169229865838e+00
-1.208351229378177294e-01
-1.357565935247627475e+00
6.151249997545011894e-01
-9.134046057510047945e-02
-2.400157874624682997e+00
-4.161615471289349388e-01
-1.717254059812282740e+00
9.487714832118321340e-01
-1.302554804690213786e+00
1.325384341173774239e-02
-2.421497688079388588e+00
-1.716648716008561504e+00
9.105416740216740745e-01
9.280839044525839299e-01
1.831013731290512370e+00
2.100897392231484417e+00
1.634578754397855160e+00
1.271550806196798389e+00
-1.098885624131637595e+00
-1.112607599793913771e+00
-6.642758845615542862e-01
-1.135275839584097834e+00
-9.667046077624019684e-01
-1.450092292449190579e+00
3.829481414975886011e-01
-1.313083078555802974e+00
2.913251726384438189e-01
-5.299195966479246511e-01
2.394743377952226915e+00
1.527801659827946912e+00
1.219543063040610109e+00
1.544330282401200627e+00
3.862518089776745267e-01
-1.366856835616409693e+00
-3.425933993406778955e-01
-1.465110859759322537e+00
7.222153053964825986e-01
-4.863115293002545636e-01
2.540515976718144664e+00
4.015710352207861877e-01
8.069873374454615833e-01
1.729373518805930710e+00
8.110205025766956677e-01
8.512726627632147824e-01
1.065448945036059358e+00
3.856248616071700219e-01
1.631661914597932750e+00
1.729046265492318879e+00
1.508740395133545409e+00
7.605452614338704675e-01
1.863442155868190842e+00
1.092090491601075186e+00
5.373345968600302669e-01
7.567917175214393666e-01
-8.863718909088401654e-01
-1.743192573939678081e-01
-1.343511561589832315e+00
-1.837927325654067356e+00
-1.477807972307723539e+00
-5.942250258131387408e-01
-7.616725982788284943e-01
-2.214199756690272025e+00
-1.013492292249885462e+00
-9.025050401788814458e-02
-1.384042015655129187e+00
-1.514687456811096400e+00
-5.932665729016903811e-01
-1.898159630515704688e+00
1.179109641704863876e+00
9.418031497028735988e-01
9.315885934278006486e-01
1.827251725351724865e+00
-4.364243787616826076e-01
-9.535539564361273923e-01
-1.768023285938515654e+00
-1.404426933032636660e+00
-1.796924458139533831e-01
-7.852396189209935873e-01
-3.885160212623806064e-02
-1.601247376560923641e-01
-1.005154812149281929e+00
-9.986960819152258528e-01
-6.847733484985175645e-01
6.992918604762441426e-01
-1.966886550970539105e-01
5.623363522111878288e-01
1.527528129375417265e+00
-5.182630226123250416e-01
-1.614647471850312987e+00
-1.501838832203811869e+00
-3.772677529562382670e-01
1.914889579124912089e-01
-3.183873110057588551e+00
-1.252096495635863560e+00
-9.114328404630482883e-01
-1.151916217404184373e+00
-1.161988151134495162e+00
-1.689635815534730412e+00
-2.010130090918418766e+00
-7.032792065690647298e-01
-1.997363607528300777e+00
-1.643499805665322722e+00
-1.513818103612145638e+00
-3.218494887720702025e-02
5.788075589210097682e-01
-1.250465168327436372e+00
-1.700894980912198484e+00
-1.601626240543855051e+00
-2.078983361430501997e-01
1.435781239790353991e+00
9.847011587437203284e-01
7.058261521885370593e-01
8.716386737827280795e-01
1.168562944739169440e+00
1.822770999781841095e+00
1.599759811068666604e+00
-8.365545936438074648e-01
2.598091277635865559e-01
1.075644357292998787e+00
1.648705888196056346e+00
2.219551730398368505e+00
7.704235404592696401e-01
-8.258991436411193821e-01
-1.338487407822519071e+00
-1.036647581045136768e+00
-1.805490253831282477e+00
-2.270040952245522270e-02
-2.894737869599695035e-01
1.416540993351244282e+00
1.319592935087249508e+00
-2.328267099292899989e-01
7.975897651323418103e-01
1.367755211563798534e+00
1.486310978771194113e+00
1.182515220057795968e-01
1.178142432691922759e+00
1.949651254879058548e+00
1.761823152562255190e-01
-1.351453405532874186e+00
2.908207387971826208e-01
-1.403078358232680678e+00
-9.263956249681825073e-01
-1.609558738066272365e+00
6.041850940969009098e-01
2.688839263047575479e-01
1.782725352601149726e+00
1.513942815486852389e+00
5.147115705876315062e-01
-1.719424430083603683e-01
-3.426258509384249251e+00
-6.139962065633566279e-01
-5.939323090375019376e-01
-2.115787284047638828e+00
-3.165593016953712757e-01
-8.930773521791937064e-01
-8.059599574170773773e-01
-2.860693378646796958e-01
-1.990756589688783773e+00
-2.191313252063094019e-01
-4.239179163965258734e-01
-2.843368252018789732e-01
-4.010774047524798824e-01
-1.755456718706263519e+00
-3.962134159274044443e-01
9.338500095350320551e-01
8.970619114325936172e-01
1.549377897448915853e-01
3.296927750611986507e-01
7.865058534907642951e-02
-1.385273764119343554e-01
1.594231317168647077e+00
5.681316118176091834e-01
-4.570383421984205441e-01
1.417155624720159324e+00
1.752814919312268627e+00
5.007683213526084032e-01
1.559743248643787883e+00
1.533815262390900269e+00
-6.191186560373536096e-01
-1.530217094849965820e+00
-7.415665743127073384e-01
-1.317322002150782767e+00
-6.638083261739573526e-01
1.634037439518954749e+00
6.811241317152936237e-01
2.580466849366074289e-01
8.163462078817111944e-01
4.817789278248995055e-01
2.443818297063117484e+00
6.132798082697181741e-01
7.334375236681338617e-01
1.423196182925149156e+00
7.520558670361061626e-01
9.866494958713840635e-01
-1.276882419544614677e+00
5.031854349987401331e-01
-1.115793982274996710e+00
-5.179689410587572374e-01
1.422391671420442538e+00
1.870648324972967735e+00
2.036985284367920368e-02
1.626753399722526972e+00
1.106342725486975320e+00
1.416737678040910220e+00
1.744857955602578059e+00
7.185754901990262233e-01
-5.080413494289348630e-01
-3.572630493839312749e-02
2.882061903237690181e+00
2.354593796136922990e+00
1.398209568994709606e+00
1.184640500849298395e+00
1.395030560510319040e+00
-4.501051666126816286e-01
-1.875505265521690834e-01
2.105611865449641407e-01
7.314571768847583089e-01
1.964847576329144418e+00
5.237002104494665744e-01
-1.115925836485738731e+00
-7.432811882350385257e-01
-2.567877668981843442e+00
-1.493497400529075314e+00
-1.191838334175727931e+00
-3.373917187911076310e-01
-1.079672168957101830e+00
-1.538053426213703112e+00
-2.647249162538392042e-01
-6.156387613121399038e-01
-1.351655220942870939e+00
-4.639767050460257281e-01
-1.972789912922432443e+00
-1.572868065459950060e+00
-5.050701461371394085e-01
5.992944384131324576e-01
1.912708282176521113e+00
-1.538157273696366900e+00
1.583620762031203721e-01
-1.011415823479782761e+00
-8.210644826245235839e-01
-1.142413117824868651e+00
-3.089767788186148501e-03
-3.138618115254477869e-01
-1.050092422099092149e+00
-1.549016011128638848e+00
-1.975492715673432764e+00
3.409573149594828934e-01
-4.610043902282116024e-01
5.356446537558585685e-01
1.439482706347077867e+00
-5.833241825879407205e-01
8.422321515071392595e-01
1.265766737836300448e+00
-2.179518453050226512e+00
-2.102076065646781622e+00
-2.281931686938278858e-01
-1.148173258974961364e+00
-2.209111830123031694e+00
1.493387437120527128e+00
1.283685736690374890e+00
-3.992082522782292031e-02
2.349108816320613968e+00
5.526589287297348774e-01
1.280417424416164573e+00
2.795446055074779501e+00
4.802286593805557002e-01
2.903198276520991605e+00
1.366139074141156096e+00
1.374103924513938146e+00
-5.305563466030998043e-01
-1.031070216010856910e+00
3.813204788827806446e-02
4.858311618072901350e-01
-1.026573513377910807e+00
-7.826782837923939029e-01
-6.192294227328744016e-01
-4.707061001674902601e-01
-1.085095601270136489e+00
-7.583115315875743612e-03
-1.981070810729404830e+00
-9.569112967310399176e-01
-1.943835265707917870e+00
-3.814433405532480226e-02
-4.068211012941786997e-01
-1.150464177391252285e+00
-1.658764376666815643e+00
-2.221057916712072533e+00
-5.574063917754301656e-01
1.332049562339167048e+00
8.040715556947717335e-01
2.290689589202365539e+00
-2.232423396624847456e-01
7.301881597771042731e-01
-4.441226038934574794e-01
-5.162378761823518403e-01
-7.679707139907938629e-01
-3.117424231216358699e+00
-1.760796980444576887e+00
-1.101403431143388678e+00
-1.149315407227279096e+00
-1.663414440286226093e+00
1.605308056247174431e-01
9.118589796767073707e-02
1.000033436945632070e+00
1.934551487853292118e+00
1.919777442576667159e+00
2.078619280964806748e+00
1.889638164374766394e+00
-2.320026029663074141e+00
-1.609375195276098625e+00
-7.001110150620086792e-01
-7.091538112779283143e-01
-2.169889027202272391e+00
-4.387602496274620734e-01
-2.154734754742626546e+00
-2.030246661258582108e+00
-1.074508387131362763e+00
-8.530684731469140303e-02
-1.855841836311865611e-01
8.950951514416494170e-02
-1.447224867760584788e+00
-1.319586733772343257e+00
-2.924078099237280570e-01
-1.421629249973395570e+00
2.294142892884987184e-01
-1.743676371931578650e+00
-1.005849149372653795e+00
-4.968796676794527967e-01
1.493078233899664653e+00
6.160019474052296218e-01
1.232152459525858168e+00
1.520522078505171404e+00
2.693155669472607094e+00
9.197486363273777998e-01
-1.797987075657432321e-01
1.349201213280445399e+00
1.634757176221211417e+00
1.067887943505603454e+00
1.986764387208334259e+00
1.517113425834218265e+00
1.468275223477520486e+00
9.611157175097639893e-01
1.864143120950056742e+00
-1.120978559212569170e+00
-1.401597367023145191e+00
-1.578788681810525674e+00
-2.828383064306295047e+00
-1.144613722187471483e+00
1.455806923657316343e+00
1.457336264028391115e+00
2.204224202083557849e+00
1.931600607593618735e-01
1.937864317449651264e+00
1.133703656883977784e+00
2.204233167454494158e+00
1.121441088873344150e+00
1.585832628021914825e-01
1.425083586384781054e-01
4.506560984052021546e-02
2.738164568402088328e-01
-2.445200145034267081e+00
-9.261847300840659880e-01
-3.218505149336342575e-01
9.198347994070437128e-01
8.807926193238597712e-01
1.517384105703301955e+00
-1.146326689566601331e-03
1.942217806340115205e+00
1.282444832468286222e+00
7.307021342041175593e-01
4.788056263954423297e-01
1.301563176943583588e+00
1.428283618479520234e+00
1.339203212618198968e+00
2.169283328060796823e+00
1.472249875246155026e+00
1.436179189631865860e+00
1.129477993690046089e+00
6.975326159884034372e-01
4.034139867980545135e-01
2.150015752899744115e+00
1.079079295345302558e+00
1.032287016275074576e+00
-9.368848332585713035e-01
-5.409376057658490389e-01
3.875626763972550570e-02
-1.623914535044706398e+00
-4.567895151979525226e-01
1.332804256453901992e+00
-1.288686859529676543e+00
-6.513919278615900588e-01
-1.251125327450430147e+00
1.100731045424963028e-03
-1.737235019552066717e+00
-1.388883302515444562e-01
-2.817460145933707416e+00
-7.090684125578728958e-01
6.048196465912814013e-01
2.341558415910220070e+00
1.621979177966167640e+00
2.776050624012826873e-01
-2.325536149356834947e-01
3.181697735603181698e-01
-3.982341498191638296e-01
-2.449208370638829013e-01
-9.125351884168872996e-01
-4.267469025353186618e-01
-2.071160412926568828e+00
5.136385275079160539e-01
-1.334093431195633839e+00
-2.518792669869944767e+00
-1.360157820190547096e+00
-1.813304505101753783e-03
1.434372057053799665e+00
-2.646485444867512360e-01
-3.608717873186684244e-01
1.875547176804140292e+00
1.090367506330519154e+00
-1.682144890214744226e+00
-1.264447152188836743e+00
7.503406762330833146e-01
2.069473717358343290e-01
-1.335007641073558515e+00
9.643914232141969078e-01
-7.814058908494772027e-01
1.498442477913572990e+00
1.928865484467320535e+00
1.440357466321462443e+00
1.417517528875313904e+00
1.102146621693604445e+00
1.202715315578326782e+00
6.483211464059615015e-01
4.146491763930091334e-01
9.913042326911234436e-01
1.814141860092527203e+00
1.793464490695947156e+00
8.978592171455190840e-01
2.531713026978851255e-01
-1.619949295464969019e+00
-2.172326399483584858e+00
-1.282882453022288427e+00
-1.665584427342499119e-01
-2.303630205504172412e-01
-2.084207645008985033e+00
-1.307888993719731552e+00
-9.162333574879886200e-01
-1.882574607302767156e+00
-7.914784178673853754e-01
9.676683619455284102e-02
-1.484691320944544479e+00
-2.365174097028949873e+00
-3.325778172044328018e-01
-6.268029019219127917e-01
7.857488789500648441e-01
1.307437383815447163e+00
2.652977693217255073e+00
4.427883365399295501e-01
6.020270867269512660e-01
-2.403622966969262365e+00
-4.989676889906846657e-02
-8.686040207789080814e-01
-3.356659629994047656e-01
7.915407628380233263e-02
-1.354504426301204045e-01
1.029472345815745093e-01
-3.783151443979408945e-01
1.193161001699944990e+00
-5.926720388151289765e-01
1.039302633491049566e+00
4.057978269603073063e-01
1.293030206222221423e+00
1.566873016329211499e+00
1.077929563654318024e+00
-5.396245410302025203e-01
-7.641822553838402143e-01
-2.158295923284318185e+00
-8.274543479297719051e-01
-5.198632030675747195e-01
-1.563841667920580214e+00
5.740514333612596332e-01
-2.133806833667771130e+00
-5.806115968783209791e-01
-5.765495430488498663e-02
6.006776560820967781e-01
4.458978329836615906e-02
-1.714789211539341496e+00
-2.036856891421612303e+00
-7.416984095666143695e-01
-1.304319500726696113e+00
-1.464979683548847111e-01
3.164613436796708257e-01
-1.971116168450283812e+00
-1.242428401682365458e+00
1.192492022493176762e+00
4.859228418262074856e-01
1.699975684745121951e+00
1.872398224927938060e-01
7.754814734162456258e-01
1.977504988209001446e+00
7.867274835722363191e-01
-5.747792945701202250e-02
7.852859007580291761e-01
1.568779870698655543e+00
2.992826881945478412e-01
7.287022410331096545e-01
1.462036738660358326e+00
1.144998058710119393e+00
2.573932217278365187e-01
-3.582658995246083000e-01
-5.218866519632973100e-01
-1.294201651948400977e+00
-1.235395261081730922e+00
-5.398820774314717630e-01
6.011671677061483088e-01
4.198897233947962437e-01
7.677288365497167977e-01
1.113346804225369580e+00
2.843583616453075891e-01
2.972604944726069398e-01
-6.621180633656671422e-01
3.729936577257464414e-01
1.498808765596660431e+00
2.523363011527438582e-01
-6.076599921130043658e-02
-2.349724922881924805e+00
-1.107929047553311008e+00
-7.619667206742206655e-01
-8.786575179096863808e-01
9.622212233090470246e-01
1.110271104842194489e+00
9.383049563688669048e-01
1.196866438606301264e+00
1.073243164518521864e+00
1.319253724689370966e+00
1.976648521459599683e-01
1.121384639781505266e+00
1.896138891307439955e+00
1.061501036876867810e+00
1.526733999207594561e+00
1.316139051282528838e+00
1.607326245732618286e+00
1.641904901726888077e+00
3.973457222447853709e-01
1.421029047476273233e+00
3.007811672360136690e-01
8.408424793588371582e-01
4.291582130099604875e-01
7.931062624064908473e-01
-6.937441259503691615e-01
-1.016135616132133990e+00
-1.288597644115594631e+00
-6.180047098073688794e-01
-3.451098952897627692e-01
6.856113756425756822e-01
-3.526878091458587328e-01
-3.606654345163933240e-01
-1.330121691208536072e+00
-4.674755892779900446e-01
-7.796033089320321130e-01
-1.100771523616059788e+00
1.878998520425922969e-02
2.090165556642100686e-01
-1.335819875137744139e+00
1.229294866905567662e+00
4.698676447189552574e-01
1.541501500717211925e+00
-2.385200166326745919e+00
6.695408782946961068e-01
-8.391093935577309537e-02
-7.844866657120012077e-01
-1.879173935707997289e-01
-1.752707580562191669e+00
1.130484066913259866e-01
-9.651898040353684705e-01
-9.665169708344933941e-01
-1.241742868429276614e+00
5.085281873266402908e-01
-1.010587028545393284e+00
1.613559222436295570e+00
1.357787220990372523e+00
1.154351999619694702e+00
-4.000058932105234888e-01
3.353361295346879434e-02
-1.400861589970793908e+00
-3.834212765723519212e-01
-1.297224155458493566e+00
-7.087578565312065981e-01
4.157126997923576983e-01
-4.373417197424760428e-01
-7.541163732548586962e-01
-4.299518347738883195e-01
-2.106001196617345528e+00
1.493477789759720675e-01
-1.189134836018874708e+00
-6.505221120590798378e-01
-2.097858096966903396e+00
-5.526584479492797630e-01
-4.759373752006788028e-01
-2.510688531929540446e+00
-3.966720504417343696e-01
8.944339647366739143e-03
5.774403556944527338e-01
-1.946823265688937266e+00
1.702107441261750509e+00
8.773440493974893339e-01
1.070146203301337806e+00
2.507510905214043184e-01
1.019040744128062892e+00
1.836535781110586463e-01
8.347711096615881843e-01
9.909145913864927380e-01
4.855264420078858612e-01
3.800206798698519961e-01
1.263538407472357461e+00
8.688862425194492367e-01
1.050234291121156405e+00
-2.963298577767072839e-01
-6.783507375009212303e-02
-5.565787318871744382e-01
-8.746048500054934838e-01
-4.894676420503597525e-01
-1.327042710343714127e+00
-3.784017043162746230e-01
1.817070138655892508e+00
9.699596526570463118e-01
1.617536172841399278e+00
3.856488192762832501e-01
6.421852755299162219e-02
3.654453795113025150e-01
1.195128206597535270e+00
2.343477939305329549e-01
-6.003675355668212088e-01
1.157592830332948575e+00
1.050086814733706131e-01
-2.015974805973496764e+00
-8.743588018889792979e-01
-3.273211389417474138e-01
-7.729332268604380829e-01
-2.242108575633963152e-01
4.203730849326186014e-01
6.747696103213243202e-01
7.201054135659183952e-01
6.193806042553728908e-01
-1.013392218641553377e-01
-1.205257459537471654e+00
-1.626740757800629655e+00
-1.252166893058617170e+00
-9.888625131294018766e-01
-4.481024601924669115e-01
-1.483610116318536676e+00
-4.388034557469988606e-02
-2.478566296469628227e+00
-1.218100571016914602e-01
-4.031717472188124374e-01
-9.536894915181250987e-01
-5.875150966560278576e-01
-3.235212507902134327e-01
-2.002834263935012515e+00
1.979555245316293233e+00
1.100058029105538404e+00
2.109369380207815059e-01
3.148441484785036604e+00
6.277202297122814745e-01
1.327167299643388976e+00
1.491012824011572757e+00
1.347390127782843727e-01
1.308901923928431188e+00
-7.480190658718055552e-01
1.002816001012586389e+00
3.253107891874566615e+00
8.222592313614434101e-01
3.402845820717668168e-01
1.497868905637236292e-01
-7.643747966820361173e-01
-2.002609164876069769e+00
-1.387034642545132090e+00
1.082087754297754945e+00
-3.004617530230014211e+00
1.355217744046445016e+00
1.830917093153618724e+00
8.728421718355954262e-01
1.070527362200715871e+00
-5.101300065489389191e-02
1.739297624625820493e+00
4.555685710553231127e-01
1.232692440764969977e+00
-4.594153266027389826e-02
3.673574979942730856e-01
-1.162653054366676209e+00
-1.528196429165716852e-01
-1.729247132878016346e+00
-9.687147144348986494e-01
-1.866584628640838073e+00
-4.938806892867164677e-02
2.473425975532887122e+00
1.566924947566049164e+00
6.563432681168404059e-01
9.192125809880591358e-02
-7.756187633343364363e-01
-3.152057122311349158e+00
-3.561684721446793045e+00
-1.690584690682880531e+00
-1.769503707230862144e+00
-1.141958079118242875e+00
-2.042822714462870781e+00
-2.169101121833562074e-01
-1.296494345574987994e+00
-1.746662526257162007e+00
2.003346958619056650e-01
-1.740124798598078337e+00
-9.306190953547086586e-01
-1.278218995315785866e+00
-1.053229972910444401e+00
1.552300600425423394e+00
1.104973532669692338e+00
1.588990128061619433e+00
2.184470686033528786e+00
1.670458605189176549e+00
1.793117882325813373e+00
-1.485549892579585141e-02
6.386802715801203068e-01
1.326343700156765282e+00
7.456147309681708801e-01
1.833908639995570855e+00
3.558621146468797791e-01
1.896328890862914562e+00
7.538062597744590310e-01
2.641270306931241540e-01
-4.681413268237787362e-01
7.631713199947094406e-01
-4.328555509410253466e-01
-1.375085789006916359e+00
-8.308326877113795250e-01
1.331995684729774254e+00
3.082761142481640348e-01
1.468705076675480781e+00
1.029288468312849814e+00
2.015694831812160359e+00
-2.260746949364436098e-01
3.607455218506711025e-01
3.320147911341961855e+00
2.294450114037855926e-01
1.234631359496555003e+00
-8.234156917534466436e-01
-3.371015781011759582e+00
-1.084184406792329192e+00
-2.447988677564395532e-01
-2.029359711283173162e+00
2.159413466800267134e+00
-1.042761502111515526e-01
3.953227250671065285e-01
-7.254426551388915012e-01
2.280743387979897285e+00
-9.427426000371909032e-01
-7.522987460776937585e-01
-1.701302375450949977e+00
-2.113296233799021095e+00
-8.098445993078614569e-01
-1.686986859593999633e+00
-1.189301303416125499e+00
-1.377052537290679002e+00
-3.423625708461089934e-01
-2.156219742259140482e+00
1.771638118977270082e-01
-7.311988972088337979e-01
3.563829447935207284e-03
-6.081214621398040032e-01
-1.460592257916229597e+00
1.974779085883523466e-01
-6.222529226941659886e-01
7.416621121196136368e-01
2.404888316471123666e+00
7.649450709299555617e-01
1.320211763967437779e+00
9.615174283870093763e-01
1.369276420735199284e+00
1.207793726806267065e+00
8.734570472126228502e-01
2.030759324251095066e+00
1.469377295173605491e+00
6.259526796853485120e-01
1.905492423426807580e+00
5.717247801180914690e-01
-5.149960111109221916e-01
-1.831951691570976148e+00
8.274138265056873998e-02
-4.671082910089752183e-01
-1.330758343967164414e-01
-1.139703005891476995e-01
1.352576540193219934e-01
2.392340721163801476e+00
7.122224315860006261e-01
-7.121775968577259697e-02
1.148864993467091589e+00
1.973296656718405595e+00
2.830593298495152066e-01
6.486797239040895668e-01
1.479150923564809261e+00
-1.346119622627838242e+00
-1.731418826278704470e+00
3.812850869340949078e-01
-1.131406098377429004e+00
-1.390940627732984325e+00
-4.503315275828143616e-01
3.998758677102186576e-01
4.855421890804746399e-01
2.156961405871703263e+00
1.140492823277891254e+00
7.336816219993042010e-01
1.197712330724449936e+00
5.017402317451269411e-02
2.753349567228619010e-01
1.353655019848375884e+00
1.433990729498360039e+00
5.850867931226207963e-01
-1.111576815424184517e-01
1.436205778910084607e+00
5.949940014981214276e-02
6.329554636626397723e-01
5.405284282315656608e-01
4.704789779739382283e-01
1.131142499886652386e+00
6.152947138770020752e-01
-1.254741704285023074e+00
5.710429845439142227e-01
-6.428627147121573904e-01
-2.104485412374597075e+00
-1.876766891069512333e-01
5.067460549675084636e-02
-1.421066283197163216e+00
-8.011476204553921177e-01
-1.494058328795492274e+00
-1.322413462802047857e+00
-2.579454679049884458e+00
-2.486685267106680808e-01
-9.035552223213414447e-01
6.724658601982813622e-02
-2.489274511886920838e-01
1.515705255703151622e+00
-6.501265089295937827e-02
8.749223473956339037e-01
1.586709726199612369e+00
7.169342432626499839e-01
-1.151283532774768137e+00
3.091522241335331600e-02
-1.165844434204682090e+00
-8.798657787047376999e-01
-2.675269884334327219e+00
-7.170550849912542546e-01
-2.272093174850928321e+00
-1.897686766707376460e+00
-1.880347188537017100e+00
-1.494585251277291693e+00
1.735166308496156162e+00
6.131686819419319701e-01
1.079504130144959939e+00
4.817355327107056828e-01
-6.991150702936932415e-01
-8.183157780722660757e-01
-9.222315853697489185e-01
-9.353711464794570718e-01
-1.453159888109918363e+00
-1.860559701913620856e+00
9.540490512283209545e-01
-5.822551831603715033e-01
2.517959950699381722e+00
1.256085218706424644e+00
1.587435257274771416e+00
1.211653990112836699e+00
5.985579909955278666e-01
9.610667102300954889e-01
1.197999183829939085e+00
-4.397311809991588660e-04
4.064337410022360597e-01
4.217224305410817164e-01
4.155085217149685484e-01
-1.495009218124709882e-02
2.036703869028889446e+00
-1.093343102377982046e+00
-5.190803424216527961e-01
-7.908874958136602462e-01
-1.352673056952009123e+00
-8.863424807282067608e-01
-1.041056270144304019e+00
-1.701203584953865366e+00
-2.323887704527765941e+00
-7.946191393627269894e-01
-7.614062512359411894e-01
-1.601810150341423045e+00
-1.044742367654446724e+00
-1.020658047972056837e+00
-2.162991656545509844e+00
-2.401260702695115157e+00
1.471765618628212646e+00
1.413424609405915078e+00
1.301929747317350783e+00
1.108649351368264480e+00
-1.404669627653127861e-01
1.386127002828183574e-01
-1.144668541658334204e+00
-1.128886577908438715e+00
-1.397190201859658254e+00
-7.749593481077226009e-01
-2.032956790687478588e+00
1.673689370133941701e-01
-1.649813777809752136e-01
-1.435550332495688419e+00
-6.328354979293904226e-01
2.147389004644764121e+00
1.239418145449460829e+00
5.117940846838047175e-01
2.140756040669917759e+00
-9.509574307928383430e-01
-1.473981750854171269e+00
2.678307354835478549e-01
-4.196786167206751905e-01
-1.949633076978178892e-01
-1.338187808011079172e+00
5.218713815173801063e-01
6.656083604354627870e-01
1.339234154789880726e+00
7.064329175080696910e-01
1.235310850822791906e+00
1.647471811982967438e+00
5.629200156575684399e-01
1.098713582330121730e+00
1.435227590703834988e+00
6.459876010568572635e-01
1.259762205612785291e+00
2.780177612873768744e-01
7.411474814521268328e-01
-5.837535393514436954e-02
-4.014534538162140009e-01
3.133169747804320782e-01
-1.507242811751870804e+00
-1.909137882139318787e+00
-1.378824841945983648e+00
-1.257889247001957589e+00
-7.205184319287550876e-01
-1.924344758344965101e+00
-2.290355511893076290e-01
-1.737774352747075701e-01
-1.982306638224784479e+00
-2.348338869667828011e+00
-1.442362480232413757e+00
-2.165200379777686202e+00
-1.893128714086169229e+00
-1.275571476987720221e+00
3.081526349207941440e-02
9.536860118676016018e-01
9.028591325857945327e-01
9.475221068981312111e-01
1.107069909295189225e+00
-1.298690064956213641e+00
4.311405253142814864e-01
-1.549080980567067112e+00
-4.714128943646985759e-01
-2.939878895107705947e-01
-1.135703829808506926e+00
-1.461496005724448377e+00
-3.208548258632215155e+00
-2.018468275088339148e+00
-1.850703570311883261e+00
1.301798736676842871e+00
8.171562275813253340e-01
1.943322937577318665e+00
5.141316541743119473e-01
1.889273088929503075e+00
5.543745232707195658e-01
-1.130206900814380022e+00
-1.097969306938660683e+00
-3.070559957997578415e-01
-6.466856604997699431e-01
7.424468781723692068e-02
-2.108799374602434717e+00
-1.481703639595823407e+00
-1.280214625933745465e+00
-6.384137313395887858e-01
-5.416528984675523795e-01
-9.690898484866548035e-01
7.080469448887498629e-01
-1.830469407550032734e+00
-1.114308083688561268e+00
-1.251376779915484683e+00
-1.627150423223033826e-02
-5.237480400877463360e-01
-2.994957828970177260e-01
-9.588113839543860317e-01
1.051271711845968460e+00
7.660023011973559059e-01
1.347859039942886250e+00
1.479428696589035308e+00
7.759911414787535877e-01
9.721117784740130885e-01
1.459120459444775530e+00
6.009178208365809626e-01
2.364127128884422113e+00
1.141432897925314549e+00
1.643624412557656456e+00
1.883115711154641936e+00
4.492733787359803888e-01
1.313905302323703728e+00
2.231369357481947979e+00
-1.434257596794457301e+00
-1.484824700706972145e+00
-1.595992895644271048e+00
-4.696332128245327420e-01
6.589528562511597354e-01
-7.849896635388189381e-01
-1.070774551574201094e+00
9.868836742680103802e-01
6.910003589691964265e-01
3.344580005912819454e-01
-7.194717397268863834e-01
2.450404923809455404e+00
4.496609289800753695e-01
1.205516070501612358e+00
1.350314054904623084e+00
-1.384089306456701252e+00
-1.672665720403104572e+00
-7.065973050487259766e-01
-4.267732835024128368e-01
-8.073103895152994314e-01
8.437729700933451760e-01
1.229021113860556680e+00
7.673277782536258584e-02
5.713993457158033085e-01
4.577136670972336008e-01
-2.005517928584167331e-01
-6.222673757017349594e-02
-1.705275582910688703e+00
-2.862241150773735754e+00
3.481260753036030664e-01
-1.658341552541758190e+00
-1.428585353134725455e+00
-2.180484694628466613e+00
-1.580716166872949913e+00
-9.762287450201526662e-01
-5.335752764425090167e-01
-1.245614476486156086e+00
-2.254228847618798826e-01
-9.770793382293909701e-01
-1.752430639610194962e+00
1.296106371915920263e+00
3.161625444170192978e-01
5.436446354679853599e-01
4.383482591048573074e-01
3.914974174433781817e-01
1.326104714117263939e+00
2.129100387879754308e-01
1.514521109930276221e+00
9.860477354079385526e-01
1.292578258229661881e+00
-4.781847579055460429e-01
6.100966243275807166e-01
1.128982323677589994e+00
1.113928613189111738e+00
-1.206398333712650484e-01
-1.337643973441429157e+00
-1.651653265465234277e+00
-6.072480517985732185e-01
-2.376450352388120635e+00
7.769064451077090094e-01
2.067214055376406456e+00
1.693027862110575876e+00
-2.237439444234476937e-01
3.896738081070405535e-01
1.149189875200389066e+00
9.519178166155979337e-01
9.694551092644412282e-01
-2.961197772179293697e-01
1.422722176591807219e+00
1.792924676161244069e+00
-7.549404941648812928e-01
-6.531468585402637750e-01
3.202798343962907079e-01
-2.927380068021313342e+00
-7.604404421091726096e-01
6.219638873797692646e-01
1.291071289194913430e+00
1.182654057671350678e-01
1.429957907129618899e+00
1.395346682400357308e+00
8.089574122417972912e-01
1.931074203406963896e+00
-4.673165583003058288e-02
5.444858567064849719e-01
1.325387722081772690e+00
2.732173185123862869e-01
8.113324013098708321e-01
2.259775715918310723e+00
8.492526799004618265e-01
1.885944248205557061e+00
1.319903471691388219e-01
9.361166457511020944e-01
2.069477506459278526e+00
7.030753719849265337e-01
4.323509267965834901e-01
-1.282155088489334682e+00
-3.797289041842178969e-01
-1.238897235671053032e+00
-1.242024288971384616e+00
-1.554079036302908889e+00
-1.530298165751282413e+00
-3.263159600874896427e-01
-5.882964370019867495e-01
-1.714912813702323513e+00
-1.977545634365918570e+00
-8.586176943852814603e-01
-2.458282345460119700e+00
-2.365592841084418474e+00
-8.382930853363829149e-01
-5.320759986447431977e-01
2.735325711196590071e-02
8.665950936922472980e-01
4.679516435609142322e-01
3.857614767856415439e-01
4.635885473734661089e-01
-6.884153750162698149e-01
-5.999883802503565011e-01
-8.773165612515110290e-01
-1.841624751100679136e+00
-1.849978132236824280e+00
-2.409563478789823243e+00
-5.975371069912180921e-01
-1.494339608309243062e+00
-3.634015222096877995e-01
-3.278157443711093855e-01
9.958422005022988799e-01
2.911156961960299938e+00
1.417659800950631155e+00
4.828429326647346587e-01
2.124663423728807565e+00
-1.907815050560484504e+00
-2.363143019431023006e+00
-5.592764447113132142e-01
-1.679920678829511793e+00
-1.947011368134716536e+00
-4.790093298038613501e-01
6.439248799077663676e-01
-1.344405551674780153e+00
-8.077833556007592009e-01
-1.715152233965018258e+00
-1.690804237370588270e+00
-2.750124625883199059e+00
-3.372517520314783024e+00
2.582316809176479211e-01
-1.590605524963701445e+00
-5.107189237974302243e-01
-2.519035430103275353e+00
-1.562736830056052906e-01
-9.838498456943415293e-01
-5.018657437204732119e-02
2.839884614277520924e+00
6.563785183213426411e-01
1.583954547749387931e+00
4.434161283663896613e-01
1.040236020355738811e+00
-2.838160389758954683e-01
8.379389251218372081e-02
2.742476278121405375e+00
1.407595082936329067e+00
2.816616646702718718e-02
1.053825299983150998e-01
5.660324064507812336e-01
1.093963716600662384e+00
4.138847901317556088e-01
8.600327574898579686e-01
-1.241274688758184697e+00
-1.835921851709535702e+00
-1.989657415199042489e+00
-1.012686904176369751e+00
-1.239364278187280899e+00
2.397145536079986261e+00
7.329159303946473081e-01
1.362070156023469147e+00
2.396674374192436119e+00
9.133893785656495012e-01
2.360764718217713831e+00
2.408376941892879097e-01
2.415424809475430479e-01
-4.964027611688606179e-01
2.215800817903424980e-01
-2.195244672640172645e+00
-1.389473381939494656e+00
-1.575014476595567370e+00
-9.784059283310400090e-01
-6.661825335952287208e-02
1.259985557392809818e+00
1.319497300075731294e+00
2.496977883465852699e+00
1.057579802497994992e+00
-5.186674079822239936e-01
-4.118522915717173216e-01
-1.214363417155764235e+00
-1.879957553741109511e+00
-1.265734416008503560e+00
-2.463595724420006849e-01
-5.909680169462872001e-01
-1.393177730596697250e+00
-7.589153967219482988e-01
-2.388665330619811122e+00
-9.473580959007394942e-01
-1.569932211123618471e+00
1.071968245433379430e+00
-9.262480677416524699e-01
-1.226790994595945428e+00
-1.614631173662342434e+00
-1.091891737871435453e-01
2.012483922388736524e+00
3.846614523918581163e-01
1.437894977278679987e+00
1.717999565166003162e+00
1.325139678600481430e+00
1.258855072427484734e+00
1.444499555360869492e+00
1.730150005214582620e+00
2.577283646986419541e+00
-4.672441854954656471e-02
6.382920694313436449e-01
3.552385581076672461e-01
9.183576435252964743e-01
2.137014579184627117e+00
-6.134738685544296466e-01
-1.228379316141240185e+00
-1.973091109525420439e+00
-1.548989076477398807e+00
-1.456386969253995911e+00
1.523430840403225073e+00
8.673394887495706751e-01
1.205380796596255522e+00
1.259203189737483575e+00
1.570304749031127045e+00
1.253871659282213002e-02
1.634861553663160549e+00
4.424927820512439824e-01
7.816360925485129618e-01
1.036272402857026709e+00
-1.584220750809491651e+00
-1.575277330728587444e+00
-9.342720854390502705e-01
-1.057501007681856731e+00
-2.279446647096307288e+00
-1.258660541339588157e+00
-8.728771647896973462e-01
7.274863750795775852e-01
2.612765231633518148e+00
-3.890734544537219897e-01
1.456793537004035688e+00
2.539613948216101758e-01
1.139234898403909790e+00
9.440544602880956981e-01
-1.830081677530448481e-02
1.351532249507209738e+00
1.986649102835933878e+00
5.922418515270215789e-01
2.990283600731644675e-01
1.139153177833078123e+00
3.557238736812436741e+00
1.291459721327920196e+00
7.482680107811240378e-01
1.144087397024348807e+00
9.114366151886833523e-01
-5.914982752907953500e-01
1.201659981192360060e-01
1.110185700328692349e+00
-1.355239265975364260e+00
-1.395068095098380923e+00
-8.152260451493658078e-01
-1.004631802171528809e+00
-1.633176487348411365e+00
-2.219569252133871018e+00
-1.543605778589082433e+00
-1.308280207944852114e+00
-1.848074356957386755e+00
-1.066629923401785751e+00
-1.440900096592266033e+00
-1.548133079656895061e+00
2.256707722804587313e+00
1.059615322674646976e+00
4.649025553638331809e-01
-6.463038311423829896e-02
1.150854716067012395e-01
-1.204082993005449742e-01
1.431016423158948392e-01
-8.553787813651627658e-01
-9.659867446507985900e-02
3.188920350415691551e-02
-8.871894483446385316e-02
-2.031109533980882675e-01
-8.366833621294993417e-01
-7.948754182746206043e-01
-1.174426486131683545e+00
3.191106128419595178e-01
1.487699388780866050e+00
1.355674974916766695e+00
3.720927314681625742e+00
5.373328325830124541e-01
-9.989237562726622777e-01
-1.945653225342505177e-01
2.258334945216367018e-01
-2.123690790873703271e+00
-6.558856251109046465e-02
2.014986168544194101e+00
1.139177196583295748e+00
2.302078482424874117e-02
1.158932863286729509e+00
2.274221474008313315e+00
1.326505279776086788e+00
2.121129489674984825e+00
9.835095503230983915e-01
1.297984982483369798e+00
1.539213308428303062e+00
9.282261126888540215e-01
1.379360869140084045e+00
-1.116432571513472638e+00
1.217214500344888650e+00
9.746601145035960201e-01
3.692286270136200255e-01
-2.147163697713546426e+00
-1.388941916734794502e+00
-1.276948136661711253e+00
-1.514343276705615526e+00
7.704869076073705969e-03
-2.192303592646064336e-01
-1.607944936250975898e+00
-1.907382407630131560e+00
-1.226714895958481932e+00
-7.476571481907154926e-01
-1.651628402244024851e+00
-3.303903901834570611e-01
-8.282554482597102030e-01
-3.049508570629819726e+00
1.326719064237533052e+00
6.878215303559611637e-01
-3.973679297197143523e-01
-1.419789988811956949e-01
5.060859215762814056e-01
-5.252276731338886284e-01
-5.283464302934690604e-01
-7.400888083195602540e-01
-1.101548048621317610e+00
-1.427058399744552286e+00
-9.099769603235643434e-01
-5.442869041019514631e-01
-1.949449746389385840e+00
1.322979246713140711e-02
-1.336886888290369058e+00
3.970366493585699708e-01
-8.256157053332071616e-01
1.477582889834524460e+00
8.224016489854687473e-01
-6.248863158003432616e-01
-9.941691264809205952e-01
-1.803228133950134371e-01
-1.274905473901756014e+00
-2.778576023358101388e-01
-6.227448918646563136e-01
-1.359464856552484058e+00
-1.715401416684062763e+00
-7.587495256859100312e-02
-6.420116812916127902e-01
-1.397626316411963554e+00
-1.238979764534154038e+00
-1.783770242703338837e+00
-2.040066506337507413e+00
-1.016830418818169823e+00
-5.203723339291637107e-01
3.566897155918049567e-01
-1.042478873731332190e+00
-1.625247148148326382e+00
-3.235726297018350905e+00
-1.521978895846093582e+00
1.989725659549574477e+00
1.743183937578101528e+00
-2.581685295162650107e-02
6.490981496457486344e-01
1.666709047001981858e-01
1.435707501177326151e+00
1.884811470654211618e+00
2.096848619657065704e-01
6.589019742938992952e-01
-2.990289702827575447e-01
6.592710117690256943e-01
1.373660427812448459e+00
1.439555481422832184e+00
1.639236143524394951e+00
6.619937399717907844e-01
-1.242184956622920833e+00
-1.026116643582360100e+00
-7.790604472171248629e-01
-1.582133348538131923e+00
-2.314415450235942195e+00
1.324547779885570709e+00
1.215229078198016843e+00
9.761558849882299160e-01
8.627767379444787332e-01
1.295429002329182122e+00
3.001572268255372933e+00
8.872287415230238894e-01
2.527166701010460370e-01
1.455770932789951289e+00
1.938825053953688871e-01
-8.082250314861293417e-01
-7.940418516370096880e-01
-1.702452378667131283e+00
-7.479734975512382089e-01
-2.155958853842124157e+00
1.178511036827974978e+00
4.352838079397203241e-02
1.333859382948070937e+00
8.986845343348234261e-01
5.952019771567449435e-01
-2.600976539006600863e-01
-7.102214564925560802e-01
-2.323378267994460344e+00
-8.914079422501569594e-01
3.710842464635173421e-01
-1.228573613873380710e+00
4.913543622008071932e-01
-1.234238557686847093e+00
-1.790650524881228112e+00
-1.190690003508857453e+00
-1.209070355929231511e-01
9.233194693003552445e-01
-1.094384838493035250e+00
-1.933758479467563962e+00
3.898407140510418145e-02
9.960397581711023518e-01
5.099206862092486858e-01
1.031851842506751549e+00
-1.501916953716895264e-01
1.783585600887216405e+00
2.223016006490092344e+00
8.662128222109266584e-01
1.229066080046838483e+00
3.930544059823730674e-01
1.118664180903444327e+00
1.172295561802592978e+00
1.976488727844746274e+00
6.664012748395409247e-02
4.750180988046484032e-01
1.047811545036741787e+00
-2.350193678088532856e+00
-7.421833013265666246e-01
-2.870712057762704106e+00
-1.286858632560296645e+00
-3.024713226826402090e-01
8.708337357374666965e-01
3.891110626958348417e-01
-8.839550064810552943e-01
3.947381006316090790e-01
1.471793203206006817e+00
-1.620576098188128977e-01
1.851633731382520853e+00
5.623513832545848912e-01
9.333010479204182364e-01
6.033544076988783811e-01
-1.130035944461437181e+00
-2.057630926673919003e+00
-6.924083778920682164e-01
-4.046650684196394510e-01
-9.169933237828739037e-01
5.334387113446166229e-01
1.211086936627261634e+00
1.375887948629464175e+00
6.681842608257220206e-01
8.432914835695721756e-01
1.670669294537535876e+00
3.692568774904354534e-01
1.756227116987431947e+00
6.828168353129677737e-01
2.552825963224666372e-01
1.651621975293864342e+00
2.332467556212544091e-01
-8.064734294988344931e-01
1.314534155280343342e+00
1.615521079431002205e+00
1.088111117219381807e+00
2.197026018357154165e+00
1.906964568972551621e+00
1.612755929733989291e+00
1.267444795933354795e+00
-6.231031846524111018e-01
-5.277006062308269296e-01
2.845658821441798825e-01
2.154799874289698991e-01
-1.280066515126150106e+00
-3.481352719125748729e-01
-2.397302051895969788e-01
-1.582404976464922175e+00
-1.187328818955621923e+00
-6.193308212609645036e-01
-1.693559770191523484e+00
2.240305132129538634e-01
-7.728744639528981608e-01
-1.485592243937296164e+00
-1.214191528767875505e+00
2.399644615845419438e+00
1.621271056500782182e+00
1.949191956362917644e+00
2.397745398405581874e-02
9.053779802585837366e-01
-6.670865317114280657e-01
-1.206314032905230649e+00
-1.253071292797732994e+00
-1.585805158206508247e+00
-7.716331295399703194e-01
-2.494287052981981612e-01
-3.708595134169187624e+00
-3.500927468175940582e-01
-1.183002067658582401e+00
-8.200783645114206877e-02
4.489996098497334165e-01
2.019458411771909212e+00
3.693514919880609426e-01
2.481886421910318719e-01
9.678189155000479493e-01
-1.142045477024797639e+00
-1.766943091545726485e+00
-5.559064111998228697e-01
-1.416833943437626697e+00
-2.155579394492224132e+00
-2.333825871434113353e+00
-2.611772901168223804e+00
2.846887134825137888e-01
-1.267092277819540147e+00
-9.566165588708710477e-01
-1.046301593107649364e+00
-2.558825212854201503e+00
-2.085773683872269579e+00
-6.227781720807823440e-01
-1.343408784878705964e+00
-1.857480687590423507e+00
-2.837332248008600288e+00
-4.791756268677519470e-01
-5.035719199372992172e-01
-1.469110096514045338e+00
2.167135927156538244e+00
2.571857337058099269e+00
8.320260749660614019e-01
7.420939487775379817e-01
1.073259898921508970e+00
1.220119025557758308e+00
-4.062587763757958825e-01
1.260935174372700640e+00
1.103718256320973534e+00
1.086319302860847991e+00
1.007869562576019007e+00
5.982032791681712869e-01
1.727891511146377734e+00
2.605929768652673895e-01
1.560074574132632286e+00
-1.714317196118344988e+00
-2.187631945638974784e+00
1.954582313335018195e-01
-1.815577032579049455e+00
-6.039047501073210311e-01
-7.447108496425660640e-01
1.006245329064192617e-01
8.104704241390572328e-01
8.272404807749473843e-01
3.916361759044417745e-01
-3.079643849167146286e-03
-2.873432578398826820e-02
1.884416880941746086e-01
1.021106572712297433e+00
1.133918522574918208e+00
-1.310930924296371813e+00
-1.815335657969559424e+00
-3.247609314117205770e-02
-2.597870764751610828e-01
-6.758382798823223681e-01
1.028144268251673932e+00
9.585637295782918343e-01
1.185288392758351739e+00
1.796072994846252602e+00
-2.952902457072168474e-01
-3.606757667201614392e-01
-1.441124479548247184e+00
-1.776044057478975757e+00
-1.202754246106972014e+00
-1.018859806495191256e+00
-1.598145787682183627e+00
-9.605208720697842040e-01
-1.780406959235263376e+00
-1.405494934608254365e+00
-1.484112882272413003e+00
-4.560359288539976852e-01
4.466452665477158579e-01
-4.142371087148105646e-01
-1.241239236991515504e+00
7.029969516635130589e-01
2.217217482803338635e-01
9.754414381736393747e-01
1.570162090169150648e+00
8.769188392412959887e-01
8.762059676377975670e-02
2.638336486037692330e-01
5.398068826124097219e-01
1.311447932180936471e+00
9.687450095837932817e-01
1.989654347406569324e+00
-9.201292414887132232e-01
2.250923772937263756e+00
-1.978719020831107844e-01
9.529966136985116298e-01
3.576368600907406936e-01
-1.611366814204864717e+00
-1.446301134892254758e+00
-7.107923305110352974e-01
-9.530237065570176247e-01
-2.881476640595250771e-01
5.811984177468014767e-01
1.627841400684666873e+00
1.838366620383245165e+00
3.665942241900931320e-01
-1.783479692776184233e-01
1.167987172568293985e+00
2.179773402070829924e+00
-4.203849377398038989e-02
1.069643713376230432e+00
-6.354805464542203630e-01
-1.284162061324767290e+00
-8.428574535798294409e-01
-1.633768522842578008e-01
-2.175630808966004359e+00
-6.142761557094866820e-01
1.804619998189790131e+00
1.350512269629695172e+00
-7.899447378838204692e-01
1.414739757640703477e+00
1.467995031805904516e+00
