-1.196832473044579626e+00
-2.014548743610470538e+00
-1.201947862113635468e+00
-9.601544757593006851e-01
-1.496524195986240979e+00
-1.587191821469944308e+00
-2.462010989492704027e+00
-6.567086771040580029e-01
-5.856003305779329260e-01
1.702228898069619856e-01
-1.021177816558763496e+00
-1.740115610787523526e+00
-1.843581199469570109e+00
-7.235803055913411219e-01
-2.209664082413517860e+00
1.273324857882124572e+00
1.081887517192864800e+00
7.177730304801369643e-01
-1.593133256200696124e-01
1.473387479215284790e+00
-8.756524078017413615e-04
1.400032102050284166e+00
8.683860891616488331e-01
1.420684314097339751e+00
2.192720512163020885e+00
9.057816930453065352e-01
9.754901698056527293e-01
5.390562200588338015e-01
5.721469466835429341e-01
3.838612318298109116e-01
-3.908529289035673759e-01
-1.559029191208067822e+00
2.472920962299784975e-01
-1.415442415176327629e+00
-2.047904843603111757e+00
1.143598824463138985e+00
1.187459117459976676e+00
2.208029788478176769e+00
2.295757345307908537e+00
1.467616249909331705e+00
1.666708726654864137e-01
2.044676791997964704e-01
1.088258577385251336e+00
1.160165487492113456e+00
1.367440022851692305e+00
-3.030333770019201234e-01
-2.111619918040201771e-01
-1.194843073650628806e+00
7.839866603709042536e-01
-6.581020047662826666e-01
1.247817836249211609e+00
1.336322985418729736e+00
9.230517101100639277e-01
5.680578910941516124e-01
1.915916002265452445e+00
1.226977332940516252e+00
1.890728278000734619e+00
1.484456310671831369e+00
4.547886143506807421e-01
9.572768734297879556e-01
9.963620148755119033e-01
-2.839435727773955698e-01
9.555052926234192112e-01
1.554259668907009395e+00
1.701419153495652425e-01
2.063556658688595613e-01
1.069859040643450498e-01
7.161562675842847447e-02
1.910129728875449295e-01
9.545140914218467332e-01
-3.161877366777450238e-01
1.980920546620679179e-01
-9.768702407745732952e-01
-1.213090013032529502e+00
-1.515055183909708170e+00
-1.520457009716173813e+00
-8.848700844053027925e-01
7.826935299784398836e-03
-1.135674988354604675e+00
-1.463073427334227183e+00
3.365299241309576139e-01
-1.025601103573135831e+00
-1.585431681312772678e+00
-5.836943370188651947e-01
-8.062250461772890731e-01
2.332175027568460735e+00
8.488590612069388808e-01
2.379752241061956042e+00
5.763219393554432912e-01
7.935809907758424320e-01
-1.309964303014644393e+00
-8.252714249156889448e-02
-8.671824339238806134e-01
-8.358592750152997741e-01
6.256660126997155569e-01
-1.710872190056713649e+00
-1.996041212141625110e+00
-1.264579932218208302e+00
7.314140412003529157e-01
-4.713563631814789989e-01
9.300186141060380329e-01
1.244525849937146988e-01
2.518376446372187161e+00
4.794412422675775609e-02
-7.929899880417174973e-01
-4.098712853111984300e-01
-1.199914788456750925e+00
-9.526193383160567185e-01
-8.449326526197243892e-01
-6.756934605699060903e-01
1.136739356097300924e+00
7.347418026978840278e-01
1.307267450271501374e+00
2.109655872112350394e+00
9.947494800995765329e-01
1.625039005381142099e+00
1.406928177755507381e+00
1.334070834504063274e+00
4.963887946012202068e-01
2.359755603209339192e+00
1.323885230813411695e+00
3.118246803373410092e+00
-6.571321478295080176e-01
2.411143343188416388e+00
6.867303284334993485e-01
-1.968598851077778100e+00
-1.178313325751194629e+00
-6.101320887379495517e-01
-1.148270154981031466e+00
7.152469057644665895e-01
-4.076655368082000575e-01
-1.249649620232220926e+00
-1.826159605998093571e+00
-1.152653357633517395e+00
3.003751401792933429e-01
-1.385965340447184113e+00
-2.374700494232200310e+00
-1.836639645861259940e+00
3.682191761994093593e-01
-1.482333134029659272e+00
1.912178196164861177e+00
1.523917929261887405e+00
4.068396294012021075e-01
5.629429938045470427e-01
-8.791003081962731613e-01
-2.467513723767836176e+00
-1.039550280081824596e+00
-1.312965129628554939e+00
-1.059970067794489434e+00
-1.189085597746454503e+00
-3.583143757005439189e-01
-1.077214041853175264e+00
-4.209934160686158444e-01
-1.028631403412093137e+00
-5.806239347923302097e-01
4.213621522188883972e-01
1.488357751201583978e+00
7.540858546167119592e-01
1.693338463841019159e+00
7.382115948146250606e-02
-1.270435316543243820e+00
-1.665248207962567228e+00
-1.683813928579385166e+00
-6.799131867791875505e-01
-1.823555529348053206e+00
-1.565361864085417221e-01
-1.656407667487292734e+00
-6.782620619819363927e-01
-1.227105434298529474e+00
2.502208025182646178e-01
-2.015950702636926550e+00
-1.919104459206523838e+00
-1.841876196277979494e-01
-1.171220085918636356e+00
-6.785999617208626766e-02
6.895178809115234397e-01
-7.273577905743667804e-01
-1.634746557359993968e-01
-5.081198352661004947e-01
1.719545382289340285e-01
1.625180770841922140e+00
5.283296320825505710e-01
1.491890506996712551e+00
-2.640181527023672814e-01
8.396701358602278731e-01
6.070174267630601417e-01
1.108281514282782876e-01
2.841504262819330995e-01
8.734438105931638940e-01
9.916359348019714304e-01
2.058235099593189954e+00
2.082586605752005049e+00
1.119896642377019358e+00
1.180943058691354297e+00
1.420417661278960964e+00
8.412670581365599975e-01
-7.466494617479226825e-01
1.245839188602239300e+00
8.701109331162761862e-01
-1.487317354455582663e+00
1.318005043846661284e+00
4.906963664582790763e-01
2.313402028627604690e-01
2.289598392525420412e+00
1.280462220702512699e+00
9.579967159497337903e-02
-1.051220235078371701e-01
1.350717238482031402e+00
1.323365059134440358e-01
6.147763024370173079e-01
7.813396580958826831e-01
-1.675478938229562065e+00
-4.460634049329261774e-01
-5.402337491187008123e-01
-1.118391675097202942e+00
5.491854025978244458e-01
1.048707434596009458e+00
1.395162895274095760e-01
2.057413808478011363e-01
2.164142169536376947e+00
1.591245699665708280e+00
2.153012494193685678e-01
8.667832473136377613e-01
-6.632679217657466708e-02
1.252639361911245475e+00
2.513877660513442525e+00
1.247786752077095107e+00
2.012265843149321221e+00
5.329992798152247691e-01
1.629043103893379030e+00
7.167768933025475686e-01
1.309636309293055412e+00
7.434380182091309130e-01
1.876812694152571570e+00
2.073365109052188515e+00
-9.354194974266368812e-01
-2.658508653773280273e+00
-9.622203995638849428e-01
-2.967033766946225004e+00
-2.218431250513317465e-01
-1.091218851124507783e+00
-1.941944834805652498e+00
-1.257828174363785800e+00
-7.726353999971338204e-01
-1.768598862113511583e+00
-7.244519720629465365e-01
-6.589044284454987910e-01
-7.442556810840221804e-01
2.584530130530127146e-02
-3.882222289506334079e-01
4.339497712840131305e-01
3.708884335303891389e-01
1.045976185769698530e+00
2.926390456096146231e-01
-1.134508118594576676e+00
-7.376313118343866826e-01
-8.981570140948806902e-01
5.473951830681325070e-01
-1.123792365663078163e+00
-1.719704686675017413e+00
-2.070888861452838903e+00
-5.449929291300640299e-01
-1.925659043025432782e-01
-7.880029358487641300e-01
-1.283934437004434104e+00
2.689130471394241439e+00
1.122974652540839946e+00
1.167142762924743282e+00
3.477203430056065026e-01
1.744724949018878535e+00
-1.228346774911970085e+00
-1.335188377322726216e+00
-5.182706335263576047e-02
-5.344375662694875739e-01
-8.440329793866393482e-01
1.201138684530341560e+00
-1.519475759792476843e-02
4.074467902832018540e-01
1.026200153568733953e+00
-4.385549308543763569e-01
2.126877065190790006e+00
1.620646084039971679e+00
1.146180804931515862e-01
2.269963606126412792e+00
7.669808982407396725e-01
9.570315567770759646e-01
6.984669617180998547e-01
5.817071623424796556e-01
1.617473842321453859e+00
-7.472915837244640258e-01
-6.699537288166748095e-01
-9.122432161696211184e-01
1.579852398201819774e-02
-1.576018740500403581e+00
-3.289859021437187003e-01
-3.736391250588486646e-01
3.536421604729280688e-01
-4.948484497659888515e-01
-2.114335114626038514e+00
-1.218867142537572779e+00
-3.309562945064425943e-01
-1.394750437562223278e+00
-1.630639057492079935e+00
7.175528707242833093e-01
2.979242449546783966e-01
5.395845422376577272e-01
3.746758250667925338e-01
5.210152856648146980e-01
7.040039962343449531e-01
1.982287456463228681e+00
-1.528648848241743075e+00
-1.004042912848236435e+00
-1.466345283689086232e+00
4.588079842642556194e-02
-9.483300930584001032e-01
-3.412941847831161279e-01
-6.354362296761952855e-01
-1.387582110247316258e+00
-1.589055178755000908e+00
-2.113481403130256453e+00
7.629611010609105293e-01
1.456701832183008305e+00
1.706341907714024497e+00
1.997940932606594444e+00
-2.277766446840292502e-01
-1.042889730597106768e+00
-9.229855903535391093e-01
-7.719074189027751443e-01
-3.548299672397225990e-01
-7.699425286033673155e-01
1.488017601626450581e+00
1.516981785251246162e+00
1.049740741599026084e+00
9.081614715464562115e-01
1.421901815889648146e+00
6.118482325279923639e-01
9.164964397977385380e-01
8.086390730986423581e-01
1.393000206199504376e+00
1.412210316085490414e+00
2.063906217542713861e+00
1.953165146659499918e+00
1.630731155095386686e+00
-1.096105021331125418e+00
3.444059702794871614e-01
-1.738375228707196740e+00
-1.050048345419312135e+00
-1.763886463672870830e+00
-9.724629481981174051e-01
-9.016339900483042458e-01
-2.643767477044240088e+00
-1.434532748333553265e+00
4.372949976078854828e-01
-2.209856446321869505e+00
3.316804216054300980e-01
-1.128157804224036997e+00
-2.025402895049353447e+00
-1.227580245267590575e+00
-9.760842563704770214e-01
-1.533012348144550563e+00
1.066790091600773538e+00
2.117150387594185501e-01
7.171842781674944156e-01
8.371233772256210237e-01
7.925411904604429125e-02
-2.164834854808000308e+00
-3.915407587843200421e-01
-1.468797119116259431e+00
-1.281602794114799826e+00
-1.353113527025544327e+00
-2.111115607885066581e+00
-1.271270450316106970e+00
-1.626746098159110865e-01
-2.477117768736835091e-01
-2.132719546976886704e+00
1.370408009778562253e+00
1.320683791623648906e+00
2.779056035070129216e+00
1.260589288609837322e+00
5.869865672112017929e-01
-3.237942180069020015e-01
-1.875733200370660825e+00
-1.165257998373966153e+00
-1.658032559880205703e+00
-1.179469602175059695e+00
2.404429305280404883e+00
3.196061322313078268e+00
8.325530136840340045e-01
1.703996685008557943e+00
1.101160157395956851e+00
2.026952507913877710e+00
1.291303666967998698e+00
-2.693295986214221394e-01
1.824849687664765074e+00
9.653669014645909208e-01
1.065032255731178878e+00
1.440142754248577850e+00
1.512347629088868661e+00
1.045192731970518540e+00
5.924013326330712648e-02
1.301088937265191259e-01
-1.871656096649898515e-02
1.514831274593597676e-02
-3.059392624974718977e+00
-5.071640061906064201e-01
-1.005113222486878399e+00
-2.333584532756921348e+00
-9.558981687957365247e-01
6.503061614943779212e-01
-2.138686334687623258e+00
-1.757453093631757390e+00
-5.627755030985004403e-03
-2.075754957397609513e+00
-1.689304696956619667e+00
-8.742475059870802312e-02
6.908352257789103223e-01
1.159073916963966111e+00
2.784293665441576193e-01
5.363572856396343624e-01
2.815254261295971894e+00
-1.103011963094276959e+00
-1.422008064486072199e+00
-1.336061058220615161e+00
-1.128415795160215840e+00
-2.181467143408971632e-01
-1.136580472253342133e+00
-1.723826671862207949e+00
-3.852593920203271072e-01
-1.768944772897713680e+00
-5.430493062930794590e-01
4.979029369863054999e-01
-4.619185508489282999e-01
1.356554188603744882e+00
1.299823407592915592e+00
3.707088958197891637e-01
-7.714168916611352511e-01
-9.517257176415401254e-01
8.395287221718295001e-02
-1.764073882805596849e+00
-7.362441692761880763e-01
-1.736592582129944384e+00
1.331006774519465363e-01
5.426509658187206320e-01
-1.904853967255088598e+00
-2.828397540680714251e+00
-1.652482642991994766e+00
-1.480552585051782444e+00
-2.203096085343659194e+00
-3.099907947043134548e-01
-2.303317088596049445e+00
-4.963518168185216961e-01
-1.665154994232584951e-01
-1.482328526745978703e+00
-1.780458397731558895e+00
-6.411358777431900302e-01
1.919001113070526454e+00
1.061412064106561859e+00
7.260915253724444796e-01
1.851103508739874837e+00
3.248132381283361791e-01
-2.417019789444350142e-01
7.911894984936294062e-01
1.089127893434714611e+00
1.180521056526448787e+00
2.911027401386167002e-01
3.623490176630981274e-01
1.279557176374298111e+00
1.379569014067974386e+00
2.929761266926604879e-01
2.032631089535652524e-02
-1.822634520391351431e+00
-5.452594351906332459e-01
-4.971358440092737974e-01
-5.110655308034057764e-01
6.254019033995712462e-01
3.082393390171301872e-01
-4.753557363102500766e-02
8.593368925334984310e-01
4.995079059176688041e-02
2.767429105053573757e-01
5.765961179594865094e-01
1.162539032571206832e+00
1.599863247809262035e+00
3.036341934335031745e-01
9.007076052074920458e-01
-1.880706232652614718e-01
-1.867976753923154654e+00
-1.774215421887003874e+00
-4.243328071714015381e-01
1.241424231905121633e-01
1.203533864983487023e+00
1.528277272150567967e+00
9.136099084595210584e-01
1.510469668869604654e+00
-1.437299307364842349e+00
1.946432493711585110e+00
1.708919382536594256e+00
1.800916834477038542e+00
1.226169055978627576e+00
1.534452277282168708e+00
1.631396465806854046e+00
1.673670963228728326e+00
-1.151695483164434375e-01
7.300968655321702361e-01
1.239316640562545535e-01
1.365999676597628998e+00
9.673636035865831317e-01
1.935671004731604139e+00
3.185333275722759261e-01
1.123108761651138154e-01
7.408502680713846544e-02
-1.672077376362154366e+00
-8.376441741032393251e-01
-2.414413605077623259e+00
-9.827051900304585308e-01
-3.671591747220541713e-01
-1.432262707960467285e+00
-1.289743527992984751e+00
1.097632540973174198e+00
-2.161669595596815263e+00
-1.290327189419896214e+00
-1.233880702717817357e+00
-5.898504676052103157e-01
-1.255869985560003510e+00
-3.914290693988454750e-01
-1.526704877418045836e-01
6.282562778795540703e-01
1.142490052441325066e+00
7.704327109593163136e-01
6.749718317482774621e-01
-1.074105345574651205e+00
-8.700620582583999951e-01
-3.666537469825368323e+00
1.161047681335552806e+00
1.198829594977834923e-01
-1.876808089295594728e+00
-1.361580002213709006e+00
-1.853098155057583352e+00
-1.609318383469830138e+00
-2.156739142509533913e-01
1.001522593198115985e+00
9.506820207133881429e-02
1.216847911536386162e+00
1.396366760568853449e+00
1.575921305479694112e+00
-7.026096346191904596e-01
-3.598955739759141181e+00
-1.175062886419778962e+00
5.591548985162120289e-06
-1.929866508145659409e+00
5.106836494052927611e-01
5.859647580863907024e-01
5.998705124370744546e-01
4.047286464816994833e-01
4.951961575507146662e-03
1.634829013430775912e+00
5.625936212291818839e-01
1.140314625619221589e+00
-1.187864371382256756e-01
2.089066312513894186e+00
2.036035476990941007e+00
2.125731036011312192e+00
1.461142765414432887e+00
2.267398675883121051e-01
4.453183497838342220e-01
-1.428760460408824429e+00
-1.332843251024024678e+00
-1.359115361492349017e-01
-1.477486324071152213e-01
-7.299390312739908460e-01
-1.405437673334531734e+00
-1.465599517407696339e-01
-1.505009708570753890e+00
-7.928353801213865459e-01
-2.757759014368801331e+00
-8.745082054500732394e-01
-1.727914828125570068e+00
-1.538398106716329039e+00
-1.629055660478333944e+00
-2.153827076530619777e+00
1.427457606255285727e-01
7.434425150171504182e-01
5.713562937224807570e-01
-2.546016205597643189e-01
2.179756920529891229e+00
-5.311435083121905931e-01
-6.727017758530847713e-01
3.258239413404750984e-02
-1.147651749772232055e+00
-1.081603411002558746e+00
-4.637650966403767949e-01
-2.801301647342424594e-01
2.890064451453842054e-01
-2.285298915353437543e-01
-1.457437617849812517e+00
1.958618704661597931e+00
-6.883968011772432227e-01
1.048899969700929358e-01
5.043995687795430616e-01
8.304169770178756460e-01
-1.917587457012470686e+00
-1.587210845557022632e+00
-6.514596168763663320e-01
-1.027825915594612116e+00
-1.825234594380835684e+00
-9.610312105417777584e-01
-1.574019096937002704e+00
-9.634292563901483142e-01
-9.598149396885883311e-01
-5.369194921589792724e-01
-1.270935635928352347e+00
-1.347717022404835152e+00
-1.516539411589763464e+00
-1.722065576848035073e+00
-2.524560777978851256e+00
-2.576796702891698043e+00
-1.819943086143397837e+00
-1.403811171448110073e+00
-1.977264568060722816e+00
-1.403756970116533331e+00
1.635752539351019941e+00
7.287809728018801447e-01
4.629443973326072825e-01
1.332086700789731015e+00
9.081748506902989071e-01
-9.033814514107103566e-01
2.828100583675969837e-01
1.271400588828839329e+00
1.384925898286190060e+00
-2.663363944922831905e-01
5.927445963578992227e-01
1.127822782037527505e+00
9.964498051980668070e-01
1.744478427436550572e+00
1.178570175115528640e+00
-5.325134980337151713e-01
-2.873399159689355109e+00
-2.340430681257320344e+00
-1.074847992532504737e+00
-1.045780147115991321e+00
1.952450130188611910e+00
-9.030408403261014350e-01
1.950783362028006174e+00
3.204462361240492108e-01
9.817733833977227986e-01
2.559486206908469619e+00
1.462150042393072003e+00
5.173577590618787525e-01
9.712360089427899412e-01
1.158983202329302076e+00
-8.004418609362362602e-02
-1.018740673009216113e+00
-8.204158318973540087e-01
-1.547496903917830569e+00
-1.279889044678512056e+00
3.948228875893875500e-01
1.287146266761302726e+00
7.351459829613034014e-01
1.149317167206760137e+00
1.469947428425122382e-02
1.634428506474525644e+00
5.006853437125110551e-01
-4.034852536382909083e-01
9.561046571281172080e-01
5.786719208760484623e-01
4.162276844513703722e-01
1.190325627169683154e+00
1.544072909014313044e+00
1.897504048972365354e+00
1.215879105565233154e+00
3.724357474600269446e-01
1.660589085617449667e+00
2.873290675530011384e-01
7.976631336959829621e-01
2.314298079518202655e+00
-3.372273149101142620e-01
-1.929709487119295463e+00
-3.561957671342368403e-01
-1.531371092143525292e+00
-7.881001190121387223e-01
-7.252010885541469998e-01
-4.869211410530303041e-01
-6.022202946641479482e-01
-5.573866500566454496e-01
-1.350304051664589444e+00
-3.771757503012994617e-01
-1.799255485137908117e+00
1.325276981611553939e-01
-2.175013334422802203e+00
-1.134065100129627579e+00
1.287632153874083141e+00
-3.591987008564365702e-01
-2.418163816958960322e-01
-1.210569130404113292e-01
1.402558233115567710e+00
-1.313239409795603940e+00
2.351905799605520375e-01
-2.333284835810108149e+00
-9.757060028674802155e-01
-8.825875035078839526e-01
-3.675537922407761116e-01
-4.523426372384655725e-01
-1.987971434635125156e-01
-1.981108696837203809e-01
-1.773085458675749404e+00
2.933497491633046739e+00
5.805469925053752256e-01
5.870798081220494069e-01
-3.900876121166458876e-01
8.155218172646517827e-01
-1.489571777128677166e+00
-1.604232506262702973e+00
-1.118073046322611397e+00
-5.489094125864819596e-01
-1.421944071838910695e+00
4.155780911541485656e-01
1.259092829390747958e+00
1.045996395217900332e+00
8.664435662624543344e-01
1.255127273054996717e-01
-3.608573144850986125e-01
4.431882230756811758e-02
1.145666884147799491e+00
4.168852257195395650e-01
3.823984325289981889e-01
2.092666236954282333e+00
7.878817862492238921e-01
8.362193561853197288e-01
-1.237750452647401467e-01
2.917769928082036834e-02
-1.259242123516363998e+00
-9.011933144148009944e-02
-1.078399359124799117e+00
-1.565015618527954011e-01
-2.808584847669495232e-01
-1.410187982528829043e+00
-2.053795036978892874e+00
-4.199167076212987348e-01
-1.195709176396847262e+00
-1.153349090772354923e+00
-8.066972785030417370e-01
-1.292561752302549216e+00
-3.918028494528239536e-01
-7.102510679825622120e-01
-1.230667903842596056e+00
1.100087997889983349e+00
8.922723160688561528e-02
5.196136679087963728e-01
1.302902876797457310e+00
1.205524364786705549e+00
-1.233471102848647361e+00
-8.458742925822557712e-01
-1.906737795875746766e+00
-6.555992473950436050e-01
-3.940077936858714658e-01
-1.729119531609206062e+00
-1.216396707295398283e+00
-2.000332151104473599e-01
-2.002427110962658574e+00
-1.810751318240707786e+00
2.092497764365550239e+00
1.237016841469040784e+00
-4.191264842838910987e-01
1.152482292887126558e+00
4.890526359010161084e-01
-1.078227584267825945e+00
-4.610957808926851031e-01
-7.603880676595228261e-01
-1.782126495342908790e+00
-1.282801413257262046e+00
1.465721544869880821e+00
8.151203697790466718e-01
1.775686122985520532e+00
2.287382233774004625e+00
2.180623777796222740e+00
9.230506010800305638e-01
9.815017923573680081e-01
1.706852528329623198e-01
-3.449183206155668202e-01
8.219576786521786138e-01
1.009867539503091827e+00
1.727717350371993810e+00
-8.125202611562554189e-01
1.082861727971940136e+00
3.839569466293710764e-01
-1.242396097911574460e+00
-2.729438164407365086e-01
-2.235880608192310159e+00
-1.094099322913057781e+00
-1.446334488975121735e-01
-1.522015906737733681e+00
-1.148632800521184993e+00
-2.458344665991334388e+00
-1.718705530547014249e+00
-9.001808680826024478e-01
-1.388487500146510900e+00
-9.417210660255679322e-01
-6.102838489676540856e-01
-1.665418810990329401e+00
-1.978729134795059075e+00
5.005414241832321087e-01
1.962888665501336671e-01
2.136129447703542628e+00
1.294349725530330009e+00
2.221433957631397504e+00
1.608537544798476215e-01
-1.219612033454807287e+00
-1.305725564598372967e+00
-4.750560408029941284e-01
-1.447148039479374759e+00
8.939725472659763028e-01
-1.010388074884217113e+00
-4.540731048602228981e-01
-2.156269032052078316e-01
-9.503267692527610500e-01
2.265964528498003450e-01
1.831235345396876379e+00
1.197205729593315837e-01
1.649644582131451376e+00
8.494390137777430017e-01
-3.583008295907547769e+00
-1.975293777802981321e+00
-1.641678691437249427e+00
-4.283384557376624935e-01
-1.955932092173202186e+00
6.677017528517987799e-01
-1.960728863843250735e-01
-3.134639424287731568e+00
-2.367961307559120598e+00
-1.463755868835898921e+00
-1.300138321512572359e+00
-8.425510907756998957e-01
-1.323078521995054935e+00
-7.039063390371373963e-01
-1.047958026674473908e+00
-1.014894797077750876e+00
-4.267386463171912725e-01
-7.765904046431648666e-01
-1.079986631816204801e+00
-1.354103421176120037e+00
2.385495726680662010e+00
7.374236454051832368e-01
1.774944573059673125e+00
1.158168400183219759e+00
7.511504521428995496e-01
5.645234138897751164e-01
9.147495566898898867e-01
1.686842868228088488e+00
5.515497200826623425e-01
-1.378265281387022423e+00
5.585764491456520764e-01
6.910722913367769449e-01
1.993383804003235671e+00
8.792916792343374865e-01
6.895192879079574677e-01
-7.638437401138359339e-01
-3.071215854904996156e-03
-1.277344329441763016e+00
-1.668267537477259088e+00
-1.639055231359098030e+00
1.403818781624885270e+00
1.098189339004470133e+00
9.031345171956198792e-01
2.447840657330548453e+00
7.733899935847553531e-01
1.579306927952384143e+00
1.445448844211572270e+00
1.605695781514947518e+00
-8.693551907547214519e-01
2.239750257816751855e+00
-8.623047531614150829e-01
1.412250692718852729e-01
2.147287637796244653e-01
-1.919147952468701845e+00
-1.336547191841371829e-01
5.300833327362490799e-01
1.545722606121989973e+00
1.207352325443883378e+00
8.940071030244948203e-01
7.915946007424479181e-01
-2.102377018497213479e-01
-1.756475367847178948e+00
-6.932896405173183396e-02
-1.294098309548371795e+00
-1.242724908035966802e+00
-1.862601398511098738e+00
-2.039547090689484143e-01
-8.695986228704134513e-01
-7.137913228392147591e-01
-3.970366694713256539e-02
-5.441768661745849389e-01
-1.155321136554218198e+00
-6.141085739497766927e-01
-8.722401427062693724e-01
-1.064574000612572346e+00
7.282343766013146258e-01
9.918971348280202216e-01
1.184645331484007524e+00
1.845135448640968345e+00
8.354299323944340827e-01
8.858133118467584888e-01
1.421155755860029846e+00
3.846407391751831550e-01
2.480398317497056304e+00
7.528299493334558168e-01
2.330467616248456109e-01
2.404640950452369808e+00
6.614072202328414862e-01
6.854381781843519317e-01
3.621914993542924011e-01
-1.619877052937249484e+00
-1.922179269350610564e+00
-1.232950103203890091e+00
-1.590008464404875532e+00
-1.712985949744548986e+00
4.480284180250421189e-01
4.850658282884199313e-01
8.474845330858455927e-01
1.008325760390231585e+00
1.239464209686390594e+00
1.825658544036697473e+00
2.435172941984081962e+00
1.477580519306274764e+00
3.207934944472810024e-01
6.109277220075191028e-01
-1.151166262597375312e+00
-4.980011568187984183e-01
3.338670333043580740e-01
-1.526363925513295694e+00
-1.771820339751186690e-01
5.129139440536318872e-01
1.070238671930477503e+00
1.321633508664732171e+00
8.391621981197000535e-01
7.323394273392516141e-01
9.881012222030600700e-01
1.105484429212739261e+00
2.316697944531635578e+00
5.874535345962632604e-01
2.803132195664117532e+00
9.274839220907545867e-01
1.428686421933671014e+00
2.826738786005464021e+00
3.122980267119225495e+00
1.593366014827445998e+00
1.161421133904804615e+00
2.459613181126527159e+00
1.359855951666548268e+00
1.844907284660478375e+00
5.254231051227082894e-01
-1.551423763430006542e+00
-1.429353626125092092e+00
-9.261617419387873085e-01
-1.640727386901591256e+00
4.565879910212455872e-01
-2.738386838355839181e+00
-5.231775523077875079e-01
-7.219379964770356040e-01
-6.358919559956752732e-01
-6.639866302667820630e-01
-1.257852659467753487e+00
-9.247340218675954571e-01
-2.478003469989958907e-01
-5.001441100560679587e-01
-8.438727559507400722e-01
1.760829972286378498e-01
8.369621398712715488e-01
1.944550704002296904e+00
1.594541486201135339e-01
9.820161702568875883e-01
-1.583843006521780339e+00
2.245712650626006113e-01
-7.026981812974939512e-01
-3.602563362440929229e-01
-2.467091054659914739e+00
-9.932720489546557063e-01
-9.855208854503427762e-01
-1.533269739483266836e+00
-1.695022034637817532e-01
-6.086162720769900947e-01
1.103249362443703863e+00
1.422362945242921839e+00
1.662972335179309979e+00
1.973878073623328344e+00
2.432723162144933227e+00
-8.884555148686812398e-02
-8.860658892739031733e-01
-7.539776428056585988e-01
-8.758028810429461242e-01
4.906400278121931802e-01
1.405812277219272488e+00
-1.718680893149521882e+00
-1.262449503786420735e+00
-2.531960649030382093e+00
-1.502062900166724946e+00
-3.545018337113168272e-01
-1.572015269687979666e+00
-8.362128409640618987e-01
-1.846526857091330243e+00
-1.358826450427323085e+00
-1.034063707036463331e+00
-1.272308414635230811e+00
-2.561146120894340239e+00
-9.481675541381429095e-01
-1.115736004867766473e+00
1.054106805013515613e+00
1.507960914981442802e+00
1.081884362292775181e+00
4.345426303850863370e-02
-2.979069782130663313e-01
8.013009260386096955e-01
1.969235900980911502e+00
1.155291430225001692e+00
6.558583557392625440e-01
-9.583360482379088552e-02
1.243263314759066818e+00
-8.888926378259474070e-01
1.227970724680895076e+00
1.279149735343071193e+00
9.145776231843774084e-01
-1.661338344250482990e+00
-3.828225597167753680e-01
-1.535391291001650504e+00
-2.095450483703359623e+00
-1.158827729227676961e+00
-8.269639270702384692e-01
6.633633138082590808e-01
5.314015770898768976e-01
-8.661528703520415817e-02
5.587158445460276290e-01
5.767156929746127814e-01
4.908564031100187686e-01
1.894749748883037377e+00
-2.263357632750873094e-02
-3.026748563449332963e-01
-2.115136922613760628e+00
-7.554471842331257347e-01
-1.876937969279687257e-01
-3.163607328954959330e-01
-1.831349442082150336e+00
1.779006637679214187e+00
3.979163306221531471e-01
1.000028271711508987e+00
-4.676853630947670482e-01
6.559545833474133003e-01
-1.595510140218733941e+00
-1.352349542885775691e-01
-1.143194566280310909e+00
-1.591786331307092794e+00
-4.213363349234923172e-01
-1.664574320222814485e+00
-1.506051208884167103e+00
5.048447267318361131e-01
-2.055306142023357818e+00
-1.757609070255831130e+00
7.850403692177412296e-01
-6.656757021312779132e-01
5.889773713004924360e-01
-6.620837606504919037e-01
-2.526139634248392163e-01
1.139014829267243734e+00
-1.408146749891299176e-01
1.102631902503889760e+00
1.617014156017604343e+00
3.120696639387229299e-01
-1.128083110353115259e-01
4.970294779617057124e-01
1.450427928210775042e+00
4.614052680158526876e-01
2.028152540379315472e-01
1.473098817073153377e+00
2.565565483065160191e+00
7.139673893030029639e-01
1.089364489775033196e+00
1.102899423881076313e+00
-2.643771554324315876e+00
-9.594980007027480440e-01
-1.310714325554941384e+00
-2.236201426965616079e+00
-5.539820326180237009e-01
2.663277836221604744e+00
1.236894916773867870e+00
-1.547404738568110005e-01
1.617544339772324591e+00
1.733591638369823329e+00
9.139382845759810303e-01
3.372227001234946453e-01
3.978817304707817915e-01
3.972001039502409681e-01
1.072312168860966697e+00
-2.022391543932433144e+00
-1.569276887538239684e+00
-2.081970237784247502e+00
-2.580583324583189508e+00
-1.040041987581364902e+00
4.902851279996208733e-01
1.672252369234071612e+00
5.892447590637446275e-01
2.368489940013836836e+00
9.049545081457138762e-01
-5.668902158160313842e-01
-1.446955869876660250e+00
-8.567517886495957802e-01
-5.925473430632981486e-01
-1.638849147628723468e+00
-1.579240495170119551e+00
3.060922021887055866e-01
-1.144904996302531952e+00
-1.424693054939116132e+00
-1.240257380459765191e+00
7.952004364542670789e-01
-1.462516976883746711e+00
-2.072502314370154863e+00
-1.497583455956306819e+00
-2.365532712171304341e-01
2.804536722753578903e+00
1.702894640995338271e+00
4.143118549276031404e-01
-1.100785802144625958e-01
1.798922003152982896e+00
1.072815970479827019e+00
9.090986941096367291e-01
1.385865125682182564e+00
-6.277519471399761741e-02
6.599628040521436922e-01
2.920696075035203343e+00
6.974169211539746893e-01
9.250299948324141042e-01
9.722052176485954655e-01
1.242369148051043481e+00
3.298805363950851888e-01
-1.359335636641868073e+00
-1.524561025478075926e+00
-1.234157659046477562e+00
-1.927396995382775646e+00
4.583764767976973298e-01
-4.320945465971104404e-02
6.555670034297824689e-01
6.391196899006412746e-01
2.760398747922097940e+00
1.110784782929570946e+00
1.245435461073585159e+00
-5.815985036423954035e-02
7.194811389786859301e-02
3.369062144027674233e+00
2.665499664612551722e-01
-8.374827912857395473e-01
1.694319558279764326e-01
-2.003314251937874602e+00
-2.455490805614256367e+00
2.268639356693413767e-01
-3.169474096109579087e-01
2.681193262776230490e+00
1.337904551520879393e+00
-2.030318856989092868e-01
-1.310880115258761247e+00
-8.430072077415788900e-01
-2.088602205258565547e+00
-1.376092320627768206e+00
-1.982381252151113493e+00
1.735929580563466690e-01
1.360409112028908574e-01
-4.195619606423939274e-02
-1.393827636624138222e+00
2.130784663280582691e-02
1.943116899008063836e-01
-9.368770079807483553e-01
-1.705579890519597575e+00
-5.960854237230978070e-01
-2.249235102289983246e+00
1.852065973975407953e+00
1.101360165933874757e+00
1.126062966545777089e+00
7.219469895683181537e-01
1.730602042481320879e+00
1.368303614227394993e+00
5.143442885219013938e-01
-6.316683997666343586e-01
9.346052515988229059e-01
1.118410068612116781e-01
1.493911039151444964e+00
1.478266782983793659e+00
8.993323283236138721e-01
6.868882582823914174e-01
2.067723808980615807e+00
3.647708627703361017e-02
-1.124028880329936975e-01
-3.144421079525685503e+00
-7.546264367155037789e-01
-1.337455552038314899e+00
2.480751610789386774e-01
3.058490807978492265e-01
2.165617418764194557e+00
-4.423662120127289654e-01
1.706708666730532231e+00
-5.342599581633873385e-01
1.289167538000123958e+00
-4.475763566117136882e-01
1.252221577612848025e+00
1.162188348647013036e-01
-1.214175301829481191e+00
-6.405073789183843846e-01
3.763787341727946600e-01
-1.123700836368217493e+00
-4.615135795928803075e-01
-2.572030773640132661e-01
2.528127321111440784e-01
1.052081614386097597e+00
2.596786199937897166e-01
9.467564225241168474e-01
-1.895377787112519474e+00
-2.589074560875693543e+00
-2.151495860903904767e+00
-1.527484030865523756e+00
-1.776254468494910643e+00
2.143807402699202669e-01
-1.794261776523618845e+00
-1.120470260696717402e+00
-2.640922222714026990e+00
4.862431744669188927e-01
-2.205901362513605690e+00
-1.499100824324578696e+00
-9.796145385353700608e-01
-1.113447950062128156e+00
-2.094102263066493386e+00
-1.060627411044469337e+00
2.307356902770558271e+00
1.489045892232703672e+00
-1.434599819002051468e-01
1.875729940641547078e+00
1.102310802368244858e+00
2.050219864771942291e+00
1.269630776686460294e+00
1.911703160058365158e+00
2.797178563051439859e+00
-7.571680110603358216e-01
-1.460498743577722802e-01
1.928324533217231629e+00
2.885701599334115075e-01
6.612420303079862283e-01
-2.129498981429340354e+00
4.660829738751923745e-01
-2.060299730546592656e+00
-6.633794991493806581e-01
-1.970803275769093865e+00
1.791812376596925382e+00
4.113394448719530638e-01
4.520135452353235550e-02
-1.249927689819475329e+00
1.051662101286979123e+00
4.973241040151378245e-01
3.979686799378394646e-01
2.145819398267638345e+00
7.008161210072554326e-01
5.638838915916972727e-01
-1.230284158395173133e+00
-8.393240305038123239e-01
-1.677640687642347306e+00
-1.190711532611937518e+00
-1.011519479848807412e+00
6.017149549441473955e-01
1.655222394627572813e+00
6.061748940731335189e-01
1.699401285144734874e+00
1.733067097680839330e-01
5.145990306431493799e-01
9.229414061918961298e-01
9.788212892509712271e-01
2.116718386645748406e+00
1.513932079838244960e+00
1.096433184970178276e+00
1.344190543575591423e+00
1.371827665398023921e+00
5.746307240947901018e-02
9.390765637359858031e-01
-1.592587423351474740e-01
6.010904952267730472e-01
2.266923032415297357e+00
1.202176436629890155e+00
1.644610799538204216e-01
-1.392763467365332186e-02
-2.912873152383674835e+00
-6.123589792380219610e-01
-1.073800330882286769e+00
-1.219108367504209589e+00
-8.531990269637962365e-01
-2.036554484601651005e+00
1.214003300690573717e-01
-8.868684004447084934e-01
-7.041514434461700889e-01
-1.151850928083249403e+00
-1.454867775244424344e+00
-1.217374056438406127e+00
-9.733881213605769522e-01
1.253446659102954719e-01
2.214712269453769089e-01
2.090843190785625971e+00
1.582632103275603885e+00
5.437703359158876371e-01
1.253333306112989209e+00
-6.518314258824702279e-01
-5.256217206695972255e-01
-6.361750006899689058e-01
-5.877177798336239434e-01
-8.920973388506766577e-01
-1.352402074810715060e+00
-6.094310704856802374e-01
-1.065389556211261635e+00
1.999872513057672219e-01
6.826299050596564832e-01
2.057882155897114540e+00
8.908961589631863021e-01
2.268789814043445041e+00
4.737644138622216783e-01
1.339334279807609329e+00
3.921461964249801646e-01
-3.786813326734352891e-01
-2.411574652090871851e+00
-1.932693889514801366e+00
-7.261967180559700807e-01
-5.823156249815286678e-02
-1.075020127048588403e+00
-7.724014770646498995e-01
-2.619320061736771343e+00
-1.239879513046007409e+00
-7.475505238169042332e-01
-1.277944922295050745e+00
-1.152309257585309776e+00
-9.147989239394800354e-01
2.835658371770894970e-01
-1.692106052967118579e+00
2.549667630673300156e-01
-5.175232323778959920e-01
-8.830671890515313649e-01
-8.199842420317478009e-01
1.383071426048147590e+00
1.889989072956779204e+00
1.691908973607474609e+00
1.039929020973871632e+00
5.183047204254243034e-02
1.260961254162763057e+00
3.591247631970335696e-01
2.685449398763287476e+00
1.253345566172989090e+00
1.376200607363299966e+00
7.766687726100091060e-01
2.669726619647674326e-01
2.020805047975275937e+00
1.998690288228597289e-01
3.182355439360204485e+00
-1.731972189500512016e+00
-6.643114601952038178e-02
-7.395185126459780101e-01
-1.387778780356971664e+00
-8.545362834703813526e-01
-2.993085672810547049e-01
9.151202069529329464e-02
1.417955249395141948e-01
-5.959774059600264629e-02
2.613190734662422798e+00
1.036150310881916559e+00
4.083067746121653574e-01
3.790974071798054457e-01
8.199715103416311823e-01
4.771140449798221272e-01
-8.394267097119345600e-02
-1.367723456033671736e+00
-2.849381921893692216e+00
6.476076832517609905e-01
-7.811219470820024435e-01
2.885076683103282580e-02
4.540578368135649301e-01
2.324148393439711580e+00
2.403403847955607908e+00
5.653242243082203800e-01
1.411528305763148916e+00
1.289890214430814419e+00
1.927321254009850104e+00
1.752591158825758111e+00
5.508207850166484398e-01
3.567687723039333347e-01
4.218284160224684554e-01
5.672936850829881639e-01
1.163260939312344755e+00
2.157874984210061520e+00
2.093330090633399365e+00
9.695748050316524980e-01
1.384935990653997084e+00
5.606447200704591793e-01
1.090837282418966936e+00
-2.164100663669297653e+00
-2.872793043057172646e+00
-9.069203079928982447e-01
1.220853047511292200e-01
-6.920444949486870279e-02
-5.660350098166218036e-01
-2.188545647723900700e-01
-1.626220578682657791e+00
-1.094812191634171983e+00
-8.876114019915368747e-01
-6.037960779232195430e-01
-1.854872771447454216e+00
-1.734182923977776181e+00
-8.581613896764883620e-02
-3.808976979929238338e-01
1.930531597074524264e+00
2.479347691904407291e+00
6.372234870653168404e-01
1.858659675679909196e+00
1.114808612656232212e+00
1.293101689941298371e-01
-1.125324637652342030e+00
-7.369775357151713280e-01
1.892321097938283181e-01
5.650486965374934556e-02
-8.363383479164252510e-01
-2.080600457894812294e+00
-6.101934339839394372e-01
8.962702172407075452e-01
-7.463591938835194561e-01
1.720525787348105018e-01
-1.273429274739918959e+00
1.230894760652501585e+00
1.757028480107519774e-01
7.806178147685257640e-01
9.962407801090633619e-02
-2.173327736651997633e+00
-1.705463219687323839e+00
4.327494940315623762e-01
-8.194510278694222549e-03
9.002036550473431209e-01
2.072982667645262289e-01
8.514634462044968766e-01
9.424066990386932297e-01
1.722794151258332906e+00
1.528145713823993779e+00
3.873534574458907809e-01
7.922687437468137750e-01
1.180529614645419390e+00
3.044703140317595036e-01
7.460111632185866259e-01
-2.974550589855384786e-02
7.427659725620504583e-01
2.153155850337416410e+00
8.481556814498691921e-02
-2.234894952498087228e+00
-1.414656621439899897e+00
-2.007474813248544265e+00
-7.049144620233412928e-01
-4.953084162952597902e-01
-3.088927987011969023e-01
-2.344981170377299584e+00
-1.984740452725707094e+00
-9.546270947416060082e-01
1.856391916479527282e-02
-1.073591294806215846e+00
-1.448247992553876262e+00
-2.716272912646463755e+00
-4.459919417977619149e-01
-9.821101899178676931e-01
2.943532926454804910e-01
1.864885791578217766e+00
8.330438618222975045e-01
7.259669589635080467e-01
1.784447877547052475e+00
-1.697721868558896396e+00
-7.118566393875906950e-01
-9.597741957996717144e-01
-1.447275508753113060e+00
-1.629922351572268502e+00
-1.275156153999756903e+00
8.360952642449737127e-03
-1.493620620174627822e+00
-2.180844658871247788e+00
-3.316826087249307164e-01
1.007693048762821952e+00
1.200974527399900182e+00
1.155753005690332902e+00
1.442819198875386455e+00
1.320548756621932718e+00
-1.822626178512307682e-01
7.783590525657713144e-02
-1.150690070304893453e+00
-6.227206929611478481e-01
-7.357796952194914919e-01
9.573566671085410595e-01
1.309989216258151457e+00
2.070353788198721290e+00
5.770444365391762531e-01
1.964817991545364961e+00
8.085178580779202040e-01
2.974625518562062698e+00
1.530372567722197097e+00
1.698417273127345029e+00
7.725348893136991801e-01
2.934268989005521799e-01
3.063438826921718761e+00
-3.770484986912541192e-01
1.622338185677553835e+00
1.256291736679828075e+00
-9.723224421519072180e-01
-1.998294598676015887e-01
-1.178482591881084618e+00
-2.561546104140703495e+00
2.063821355793908907e-01
-2.419363914579376829e+00
-1.418246789729451063e+00
-1.081883365255369434e+00
2.251969030965788043e-01
-4.486263781583038623e-01
-1.565717952004065161e+00
-1.453575248257817254e+00
-1.681690027506926643e+00
-3.132374123589574122e-01
-6.887051758050286576e-01
1.959458528749791206e+00
1.552856753787755562e+00
-5.857198156560494695e-02
1.821141448840070343e+00
1.784435161473632014e+00
-1.405892576726551102e+00
-4.373158417537769127e-01
-6.383672247849556669e-01
-1.443609276457962443e+00
-1.335933209912070652e+00
-6.289448326635075359e-01
-5.792739082496787262e-01
-9.802895121572182680e-01
-1.903488098685618635e+00
-9.525353713497928254e-01
-6.085819844843864956e-02
-7.032862728128934648e-01
2.127754128795667832e+00
-7.782896669083616548e-01
4.838843508940914306e-01
-2.026867634652618655e+00
-1.006491701051040799e+00
-4.226956346700435629e-01
-1.265217749053726415e+00
-2.160084613208758775e+00
-6.295557937614015831e-01
-1.119630483140920063e+00
-5.726916682150033910e-01
-1.158836066990525326e+00
-2.148461930660539920e+00
1.737930765894224461e-01
5.963675534985810600e-01
1.594330274654003343e-01
-1.944357437203541039e-01
-8.049660848725596063e-01
-6.408558486045848879e-01
-2.579234242819564926e+00
-2.458550874320702961e-01
-8.269277176269316243e-01
-1.248644299393428803e+00
2.004144052162121437e+00
3.994313860349679723e-01
2.616822490721175676e-01
-2.703064310970748618e-01
-4.768816267598721126e-01
1.100062371324658450e+00
1.387721591203899596e+00
1.578984098963459592e+00
1.662322792342221689e+00
4.940409501081962640e-01
9.150701964208317607e-01
2.255800358762196645e+00
1.694173924012885468e+00
1.488105276767261786e+00
1.176618481920272519e+00
5.185996590583310528e-01
-6.041554377630431460e-02
-1.659409421428098330e+00
-1.051864462672162492e+00
-1.869308908942104885e+00
2.214290590245326484e+00
9.803397814011447498e-01
8.312111425002248755e-01
9.930026357133795445e-01
8.273423378389418437e-01
2.138467678080306023e+00
3.221211975075175538e-01
2.208565838325657893e+00
-1.909748395466808191e-01
1.236634198459017009e+00
-6.447082549036734500e-01
-1.312786838552415736e+00
-8.093502204064719763e-01
-1.730939521703084072e+00
-1.535801521430486538e+00
1.330504385884754281e-01
1.166001447034531013e+00
1.077191594091380988e+00
4.927750913240495079e-01
2.711967509689099387e-01
1.069939916588993567e+00
-7.057890940939850477e-01
7.977920305303980442e-01
1.501395803281008190e-01
1.178363203513839164e+00
7.760806532219233222e-01
-2.150287254480143240e-02
2.323181743746543404e+00
-7.125484917644122618e-01
-1.779766273199425708e-01
4.387908659717031368e-01
1.832477880762799938e+00
1.333589019827589928e+00
6.713069795271924267e-01
2.022464533749855686e+00
-3.619829202429699633e-01
-1.158109472499005976e+00
-8.227619349194443821e-01
-2.520154447182590296e+00
-1.316297318745385914e+00
-2.407366496977449977e-01
6.037120844016174992e-02
3.290757168241449371e-01
-2.198042705861131818e+00
-1.156828639095067723e+00
-3.799062143348757026e-01
-2.074563882824360661e+00
-3.176413135124388498e-01
-2.297900332225849773e+00
-1.874138582367391503e+00
2.011055687446394735e+00
4.385854762029992582e-01
1.375161632144374924e+00
8.951274504967163814e-01
1.533560630953260340e+00
-1.987154481504592951e+00
-1.443750237926113122e+00
-1.727420306080598600e+00
-4.020974317992784819e-01
-1.044159401648484753e+00
-1.397128325100225110e+00
-1.807304481055720391e+00
-2.159460647816252798e+00
-7.204656931253095031e-01
1.166079037421732245e-01
1.100518333464233223e+00
6.541593679475441458e-01
1.615160553927186271e+00
1.183885723550074376e-01
1.249290392839931485e+00
-4.302560396242014473e-01
7.125305122307343808e-01
-9.254711945028718523e-01
-1.874747418536659715e+00
-2.395099100554820559e-01
-2.034698637200207383e+00
-1.829196618399787866e+00
-7.178620669049390335e-01
-6.479266903262727029e-01
-2.756057188444141381e+00
-1.797327931104601761e+00
-7.909368967392562677e-01
-8.372713772601492188e-02
-1.381259256998778939e+00
2.482943667982806524e-02
-1.215312494419247269e+00
-1.061930234015036056e+00
-1.104765778091958417e+00
-4.374565976014599400e-02
-8.143372302323890199e-01
-1.195098487161718737e-01
1.561469672269788722e+00
1.295414243868670434e+00
2.857220069546730024e+00
3.813442052875808397e+00
1.186181086976756172e+00
2.444409775171664023e+00
8.988865878272531695e-01
1.972309385738079346e+00
8.735539942312151585e-01
1.249524278495599550e+00
8.614016721613060312e-01
-1.143192393688746034e+00
1.331580044698390308e+00
2.010052792916920517e+00
-4.878337626430286900e-01
-4.844358789341781657e-01
-2.093295664622846886e+00
-2.900359467999932939e+00
-1.194700683990554513e+00
2.332779374820337370e-01
9.441253123234033540e-01
-1.399202657301417130e-01
2.248095579724374460e+00
1.241143660494027801e+00
1.872398010489080278e+00
4.937544865337307742e-01
8.842795126236393521e-01
2.473860758322544706e-01
1.540556195499309666e+00
-1.987646704992446445e+00
-1.665119780049781006e+00
-1.043307808002412518e+00
-3.825986106494023709e-01
-1.634180843743026301e+00
4.490947500152749905e-01
1.324209363256821481e+00
4.495428649240434948e-01
1.170318708447214640e+00
1.475542081003741401e+00
-7.171042320655618418e-01
-9.161796015907238688e-01
-8.442191373746219529e-01
-2.888006699119680665e+00
1.659912011018720435e-01
2.608181633050903336e-01
-1.378116317370780886e+00
-2.490604885046949768e-01
-2.073149789880096350e+00
-9.947424410861579469e-01
-2.354062672467659212e+00
-1.673126961070718899e+00
-9.888626326722592674e-01
-1.118755585227396931e+00
-1.997664517932334682e+00
-4.079204309170814113e-01
7.737853179547156124e-01
1.764367182341725071e-01
8.199745234772443103e-01
4.476179443593731877e-01
7.876472681009532018e-01
1.186434367745266449e+00
7.040765443078926822e-01
-3.924305479480549863e-02
9.109384688173630673e-01
8.897438666969987864e-01
4.912284117378707959e-01
-2.045041648394207989e-01
2.092614796842341196e+00
1.356508024063074691e+00
-1.918383066349716337e+00
-5.608021729873605699e-01
-1.406133529620242184e+00
-1.802411037051854237e-02
-1.310949663478380378e+00
2.495650204324500798e+00
1.357168913223449902e+00
1.492595837686326865e+00
-1.627367837835733688e-01
6.535433561112704570e-01
2.318187340749197745e+00
1.290855744981204811e+00
6.271125852738408391e-01
1.334171779936544899e-01
1.565930704794051165e+00
-8.472788500408264811e-01
-9.080074774736359711e-01
-1.772506037987063188e+00
-1.681915189849317205e+00
-1.652562808314529619e+00
1.336047784084000156e+00
1.054640931485617772e+00
2.014679871338722172e+00
2.546253293596587586e-01
5.124882635954406407e-01
-1.473573697562627682e+00
-3.345774842665797166e+00
-1.506002370268336721e-01
-1.289769264119799530e+00
-2.098946456099448632e+00
-1.218240036419080630e+00
-6.830965242441475738e-01
-1.877184902237683417e+00
7.322067192208443487e-01
-5.986997202369237492e-02
-1.398812376064123342e+00
-2.382936803442437412e+00
-5.219304215737644581e-01
-8.268612497215324098e-01
-1.776579262167591988e+00
1.707629196998143639e+00
1.946813584497360416e+00
-1.480652779081168546e-01
-7.736161083749886203e-01
-7.844640296940541546e-03
1.733708068847424233e+00
-4.676151343467529475e-01
3.604554057328721584e-01
1.439624732140262875e+00
1.682537252526714600e+00
1.290814500159553235e+00
-5.165679282914874548e-01
8.985230347116335281e-02
1.461801715626509512e-02
1.585486253240578680e+00
-1.359072297322361456e+00
-9.865740307489457850e-01
-7.192639563686995530e-01
-2.250102618526033105e+00
-1.670451726983175567e+00
2.565060359300911585e+00
1.345878070352054312e+00
8.708268615396328460e-01
2.040595937040946772e+00
2.188028840299289790e-01
2.921371161022014995e-01
1.783512390738370090e+00
2.646492075407492095e+00
8.137501274729260770e-01
1.137416464575159436e+00
-7.294143550538245702e-02
-4.298689034460265734e-01
-1.115183811105204814e+00
-2.405019983370063841e+00
-9.519457105790579687e-01
9.616163391772724056e-01
1.810842380997500278e+00
9.555127410580872560e-01
8.088029749441371097e-01
1.596405866832553144e-01
8.222229451266347411e-01
1.050092436756786984e+00
1.497929861711355670e+00
9.482524113121235665e-01
6.475444925264022267e-01
2.269672836681630557e+00
7.732175517327751768e-01
1.443171375030803283e+00
7.983849968449769907e-01
9.374657818529792408e-01
6.090824107288620448e-01
1.520233434141126994e+00
6.417170663536704289e-01
6.187970218223854957e-01
2.413983297126363059e-01
8.084879017113644206e-01
3.248978328275653471e-01
9.063470054268003562e-01
-2.071880938469906841e+00
-1.040006084410576292e-01
-1.792598918709728650e+00
3.893418641133483682e-02
-1.819938207386956108e+00
-2.023198079300424723e+00
-2.032005658217340471e+00
2.393487964724765327e-01
-9.271896141597043561e-01
2.052437295553934948e-01
9.982789082737486552e-01
-3.525639018372600519e-01
5.937211042771668446e-01
1.787695310497329437e+00
6.012129813226305686e-01
1.856343704507938064e+00
1.717513597099816991e+00
-1.356088217185651867e+00
-5.430247127635094984e-01
-2.013793138011287009e+00
-8.259841474439048037e-01
-1.815077873730123859e+00
-1.416471327408606706e+00
-2.311236706501624827e+00
-1.712942117178271939e+00
-1.819765524045238170e+00
-1.658965059166369604e-01
6.860760408555359735e-01
1.284760590594828278e+00
1.010554840538432808e+00
3.082561977418591947e-01
1.154446003168847934e+00
1.023901844534418348e-01
5.739800481281260858e-01
-2.726681175590098816e-01
-2.725810842947316015e-01
-2.499266480070504670e+00
1.137339004173604673e+00
2.332869781326936121e-01
7.688796001096598332e-01
1.376493507086340884e+00
3.099876413399078601e-01
1.293840035404056676e+00
1.601884289947188122e+00
-2.781153904349915607e-01
6.202118681255153199e-02
1.077548784479289257e+00
6.840459772863449750e-01
1.521794255881103286e+00
1.978869578074727409e+00
-2.120762695598739089e-01
1.709600010673624215e+00
-1.887002239358987810e+00
-9.133049715284169423e-04
-7.841668006014994585e-01
-1.492611435856751934e+00
-6.973011328564637790e-01
-8.264449382752353523e-01
-1.845253824835729972e+00
-2.693584461456921542e-01
-2.099346110031278911e+00
-9.921382439105174145e-01
-2.723730128131557349e-01
-1.539482819083818343e-01
-2.064755064212763891e+00
-1.961880175005510374e+00
-6.344736632601535309e-01
1.436002811607845375e+00
4.577876996733920567e-02
5.653867079394563344e-01
5.894436634414299547e-01
4.519983688212153572e-01
-4.010391982897559826e-01
3.249484320879103549e-01
-9.372484110797243417e-01
-1.110358732809301419e+00
-1.111756533343311704e+00
-1.275847402629259220e+00
7.531303057035239057e-01
-1.218555228395246548e+00
-6.858444849540018540e-01
-8.509396056968591138e-01
-3.662906372669032518e-01
1.419314294515056307e+00
1.809571633141451308e-01
1.109414813118244414e+00
1.327417951659924267e+00
-2.031845203724471638e+00
-1.013413177171380797e+00
-5.672664318805947792e-01
-1.444932071144138241e+00
-4.655438347947190580e-01
1.223926325339215193e-01
-3.893308104893229427e-01
-2.434167224547334918e+00
-1.272477131854244270e+00
-4.166024835224081402e-01
-7.882645414906888082e-01
-1.242615341424879949e+00
-1.363932062147071633e+00
-1.355685910526114979e+00
-9.881827323238681071e-01
-7.122959622036377780e-01
-1.136165037800982658e+00
-7.722320333220288324e-01
-8.244359264861392811e-01
-1.882986920046856749e+00
1.458574623461414532e+00
6.372394701226471447e-01
-1.049949747731717231e+00
2.024312544836076810e+00
1.938408871840763936e+00
-1.045977843313337097e-01
1.752343606771642914e+00
-7.212311458823419397e-01
2.187924838704061070e+00
1.864992293565497228e+00
1.182750429747799981e+00
1.491679573979766360e+00
-2.789146685737997622e-02
2.433632443711717386e-01
1.510915632115584550e+00
-2.704886272190559993e+00
2.376764966526678791e-01
-1.024875102622505141e+00
-2.496194157209208342e+00
-2.814650946590178116e-01
1.697272562027670073e+00
1.088520059253453853e-01
-8.214331170834787699e-01
2.033527651750803855e+00
1.007744812004493618e+00
1.667678314901620329e+00
-7.288903965430892917e-02
4.979264366930054031e-01
6.312436399347345350e-01
2.048425279054836290e-01
-7.020713778269631611e-01
-1.808041170362654881e+00
2.562620564404485268e-01
-1.400803383469782171e+00
-2.249356386929100005e-01
1.411298794117115341e+00
2.543908263446555962e-01
1.235534962073117082e+00
2.772421961308318972e-01
8.674187849517245308e-01
9.097084146524968551e-01
-2.748079804014000871e-01
4.510053161634107743e-01
5.812442001454198870e-01
1.373043903619574291e+00
7.361407817389944430e-01
6.036658568830228777e-01
1.071860859314002212e+00
1.034101842168162033e+00
2.890502758529954974e+00
1.248250907685943822e+00
5.054377925899979918e-01
2.043659105829165323e-01
-1.165378282662210996e+00
3.951916483758691756e-01
-1.265624235708848522e+00
-9.221289635465589329e-01
-8.265100339702221577e-01
-1.546050621340411713e+00
-9.353125487158385765e-01
-1.935683586993605321e+00
-1.382500551812662959e+00
-7.399281315092078870e-01
-2.074413848395522564e+00
-2.194904967422997011e-01
-6.431412479421139139e-01
-1.645650101829037038e+00
-1.170076539663334358e+00
-1.333104935753134157e+00
-9.408685957592988203e-02
7.124779528356337543e-01
1.799270104813738280e+00
-2.075239545790117379e-01
9.283263898637904576e-01
1.402804248890011651e+00
-8.326964208656788546e-01
-1.310373828506549820e+00
-1.775008471033178825e+00
-3.484736927467273482e-01
-1.167676021762640293e+00
-1.440584757353386536e+00
8.409233520690673203e-02
-1.595004109487375032e+00
-8.623437745833903989e-01
-9.203652263533570466e-01
1.598882696572131001e+00
6.073812801748352808e-01
1.687403342320127342e+00
1.866649337319377988e+00
1.486258858239836833e+00
-1.085731404755731822e+00
-1.216250517652370799e-01
-1.491666317354773064e+00
-1.077147757951689933e+00
-1.074984819667733627e+00
9.412047019441432960e-01
1.167158951445663284e+00
-1.519668350094047771e-01
2.333317305013711707e+00
9.816342685227904541e-01
9.660673445589741393e-01
-8.029063183059754749e-01
1.589099516098332554e+00
1.306057847536459260e-01
1.091539820097920055e+00
7.978074481911139326e-01
-9.159225194140401261e-01
1.733072395165006885e+00
1.499141901971253077e+00
7.798235193216458416e-01
-1.681819834337847652e+00
3.668517716592152311e-01
7.596859779535813928e-02
-2.341194135069948778e+00
-1.598970532625833663e+00
-1.293025668698703168e+00
-1.248917886596433657e+00
-6.398646799964000653e-01
-4.190187649720461538e-01
-2.256115594984516193e+00
-9.184819114887609048e-01
-1.692617327835354901e+00
-1.933157397936878130e+00
-3.213009370171659995e-01
-2.172989246903158200e+00
-2.249126048235277064e-01
1.124085434350831747e+00
6.226544813516015076e-01
9.313465247801890889e-01
-3.091557817436947353e-01
-4.745030550962630045e-01
-1.531755216311203149e+00
-1.287202336800669533e+00
-6.382874581830220162e-01
-6.313424536481282434e-02
-1.328987982839260340e+00
-5.509017788324952480e-01
-1.424062432823532509e+00
-2.451014251605751149e+00
-1.713317931474144906e+00
2.935061709268470764e+00
1.204276750250160788e+00
2.820714779162325492e-01
5.437238860050583877e-01
3.548317893838870418e-01
-1.153291759542883099e+00
4.002873484460252040e-01
-1.455126650885273154e+00
-1.476837682959665887e+00
-3.835072548424869332e-01
9.917544951270335085e-01
-8.732419143677572215e-02
6.487336268253224292e-01
1.555938728787292114e+00
7.449247635960338787e-01
9.781758429436326896e-02
1.153843448959755325e+00
1.829718867592399656e+00
6.256261956886226550e-01
1.802269074535584270e+00
8.571530038582531041e-01
1.059807779352236246e+00
8.536524131823420847e-01
-4.359447571266219512e-01
8.486287767505009683e-01
-1.252843694229210936e+00
-1.573612935618787567e+00
-2.319813148949638304e+00
-1.859084513826841256e+00
-5.488218736103929185e-01
-8.348033360324634833e-01
-4.886307179484421503e-01
-5.699872316893157542e-01
-9.498157708550771794e-01
-1.882063842452549096e+00
-1.717550044733941128e+00
3.646541149855595521e-01
-1.190817035861101658e+00
-1.233436892926448092e+00
-1.748350327561781992e+00
1.273040636988480134e+00
7.755674049304641660e-01
4.371010934514247825e-01
1.567657709085385598e+00
7.744391565707136049e-01
-5.848319509154158435e-01
-3.536921878817209652e-01
-7.746693453143941310e-01
2.079026386560072215e-01
5.930300432303206026e-01
-3.919167140866863797e-01
3.847548292990161656e-01
-1.274254095235715534e+00
-1.485140258798397506e+00
7.798600062551799272e-01
1.478578138676013509e+00
9.059284482370769664e-01
4.097726913796432280e-01
9.774157359299073811e-01
-8.607087097188459435e-01
-1.517808422312090677e+00
-5.380140277898088907e-01
4.952038661645103979e-01
-7.936259466006694296e-01
-1.059630023108482977e+00
-7.317779967243333017e-01
-1.149897409257523373e+00
-1.949044061379052284e+00
-1.415554472632537752e+00
-2.060235162390606778e+00
-7.807439706824080838e-01
-1.986074091698162292e-01
2.561403328876281638e-01
-1.821027735686082671e-01
-2.291759336620797782e+00
-1.331396088904752251e+00
-2.779582438772987274e+00
4.919834269853939901e-02
8.038097961260566304e-01
-6.538998635868564779e-01
2.203591778707138182e+00
9.080094014630842869e-01
7.067295944421170262e-02
1.505647305105434430e+00
1.966720010025643450e+00
8.554725183840703462e-01
3.665658195917371742e-01
1.013391890231233106e+00
6.564752114794456528e-01
1.102681220342991653e+00
4.035330381282778989e-01
1.364576415060954728e+00
9.245171229698102566e-01
1.281932801223185647e+00
1.758868923215183289e-01
-1.193473185513661550e+00
-1.215027725493997401e+00
-1.388185241430162531e+00
-1.414039347814720848e+00
-1.403052985058719226e-01
2.283309776783950085e+00
-1.289534232422577809e-01
1.944174456918262628e+00
-6.083974116271901877e-01
1.202821338156183861e+00
1.080083434192061098e+00
1.097022931219418185e+00
9.516330994962951539e-01
1.551658847076466952e+00
2.246383914198300857e+00
-1.448761471071079887e+00
-1.687702773008942891e+00
-1.086958950629846266e+00
5.818990624805406853e-01
-3.875601991733207408e-01
4.971031133785747125e-01
4.364232121908460105e-01
2.086685202203508283e+00
3.569684892698283818e-01
1.433288622758570607e+00
