-5.156582941877327908e-01
-1.286762373255609049e+00
-7.503100103533943965e-02
-7.447380037710689127e-01
-2.775066265138833588e-01
-1.121275285711766934e-01
-7.344640767900137979e-01
-1.578052454934798954e+00
-9.766138787446776437e-01
-1.543888003648320240e+00
-1.877224166390369486e+00
-3.577687636923677639e-01
-1.175726832500478825e+00
-1.542788946613088630e+00
-1.548946893167575389e+00
2.200317827456266251e-01
1.524742126597236069e+00
8.370902898019586535e-01
5.425363486014762593e-01
1.212261930196469883e+00
1.259550413158037507e+00
9.708343544214560472e-01
2.471524796612726949e+00
3.434630182141275023e-01
1.448400375088040093e+00
1.296552775964451509e+00
2.841306166309640613e-01
9.120103649867798978e-01
1.786095656452464375e+00
-5.136490239000484070e-01
-3.315495804143693270e-01
-4.695270403668605486e-02
-2.431438428846480093e+00
-3.451628607741565880e-01
-6.683122103460137353e-02
4.892749500828885711e-01
2.149214164632342161e+00
2.519287001164567386e+00
2.158479607010790779e+00
1.428286337060899136e+00
9.188052970847064849e-01
1.185386289180257791e+00
9.608086836648176421e-01
1.223048536039174961e+00
7.175985510137519174e-01
-4.393842208672732452e-01
-3.398431437571654001e-01
-5.642828900054855934e-01
-1.192251723299418753e+00
-1.178285255039499990e+00
1.534457642742500516e+00
2.649655370383681152e-01
9.499048289643481358e-01
1.267689279403423352e+00
9.884570415698400447e-01
2.550210473542549039e-01
8.871638524533328463e-01
8.576191509541172264e-01
-1.958432002759951107e-01
3.206883530421990036e-01
5.189729683021557793e-01
8.219084683015365211e-02
1.605558139351204172e-01
1.724081531354682006e+00
3.177337739164906028e-01
3.025971741285704564e-01
3.466208635093404045e-01
2.760898347191596436e+00
1.472998424451370747e+00
1.622493534131683735e+00
-1.710781426321653642e+00
-2.105550836578192087e+00
-1.930679374425152695e+00
3.502342849346251619e-02
-7.030294103629710634e-01
-8.968277875305381563e-01
3.671064339357543727e-01
-1.097013399792923227e+00
6.300340061368854272e-01
-8.068114184248305065e-01
-5.244507763604858708e-01
-4.726543125266452483e-01
7.550621345988606237e-04
-2.980767700959483513e-01
-9.388018449145596467e-01
2.297923868061389818e+00
1.165259260420226983e+00
3.299639824604182481e-01
1.288642118528906311e+00
4.150764625781667716e-01
5.041242117060449335e-01
-1.980029221471632406e+00
-4.192274061754309722e-01
1.586525435611119139e-01
-2.256832820980285703e+00
-2.857072491382188772e-01
-1.142097382870692845e+00
-5.337064596119207582e-01
-1.887393191134644432e+00
-1.444975095617768712e-01
2.397729318274339771e+00
9.489324241393733983e-01
7.725373036973044449e-01
1.096725763347496718e+00
2.418844535503922533e+00
-2.126857006246389403e+00
8.695073680158715845e-02
-2.423640253530142452e+00
-1.461664415186778587e+00
4.711681064052286594e-01
2.266817582859543823e-01
8.375841586354344503e-01
-5.063778911204619426e-01
-5.334733721974420639e-01
-9.986959695169845830e-01
-2.147636654746285068e+00
-1.265009990094324799e+00
-4.175163135677397719e-01
-1.048994456502900796e+00
-8.636632380466959802e-01
-1.591940070128452511e+00
-1.767061922490905435e+00
1.233698025004872356e-01
6.606580925541256644e-01
-1.603835386681268904e+00
1.045815048043224227e+00
2.060012527053536324e-01
1.915804695738136498e+00
2.659047113880599333e+00
1.331556707877544099e+00
6.071977030282214027e-01
1.697633986811864171e+00
2.739788662623363180e+00
7.270888314996623025e-01
1.919536649001791773e+00
1.311466935921105526e+00
7.907355140064257215e-01
8.930578646367387519e-01
1.285315865898321919e+00
8.441305080220293799e-01
-1.886835398831993027e+00
-9.637967080077416426e-01
-2.317395573288563604e+00
-1.878956527328790038e+00
-1.366511146569461044e+00
1.743517858723864222e+00
2.444475925594526977e-01
2.798618875017255370e+00
-5.149973663503604193e-01
1.247922841866152543e-01
-2.269298231298879642e-01
1.779402093116419614e+00
-1.613795265687599567e+00
1.477543674235658688e+00
6.616253487119549970e-01
5.528196996226892868e-01
-7.230813527559735165e-01
-1.154335150561223822e+00
-3.193285075680272200e-01
-1.715366216606504679e+00
9.473553319649863358e-01
2.767607022684600571e-01
-3.411033019378564290e-01
2.586227205589499256e+00
1.331281691483689356e+00
-4.226411559073079971e-01
-7.327211352746689776e-01
-6.376431692209156843e-01
-6.841320755047595181e-01
-1.313343275248190611e+00
-1.520087198369475034e+00
-1.140959603612367257e+00
-1.392846394241165298e+00
-1.761444908425060962e+00
-5.741923297440332252e-01
-1.926510228921980650e+00
-1.626274412748205389e+00
-1.702779282177114384e+00
-1.600963180363670135e+00
-7.987916295291893620e-01
3.658501997360938951e-01
1.722481401510009835e+00
4.703975819271974945e-01
1.167989229796624562e+00
1.088284468381911507e+00
7.272614253901210635e-01
1.267739322584023887e+00
5.511358855052230776e-01
4.477612179310584972e-01
1.516329941444611418e+00
2.691902711577796481e+00
8.466601835221583272e-01
5.970713848465067919e-01
2.110544587353345047e+00
9.553254654418918967e-03
3.753309153705082224e-01
-7.422440765817841513e-01
2.167835123657511076e-01
-7.009043559418646208e-01
-1.624527378669206268e+00
6.497805546318469183e-01
6.802591417904162441e-01
1.762232167556251339e+00
8.413438864977975662e-01
1.187259059751033963e+00
7.461623676130335614e-01
2.132737261337372736e+00
1.602367612747930492e+00
1.623664081986128327e+00
8.269610916272797096e-01
-1.108658770418276651e+00
-1.769074910515648469e+00
-2.098577494626694850e+00
-3.263510173691142047e-02
-4.770266857319077625e-01
1.027193240903982563e+00
2.194359898221927452e+00
2.056589992278622603e+00
3.878084496660708647e-01
1.857877895755879472e-01
4.909670782731416772e-01
2.020455751229053298e+00
1.007070600334935229e+00
1.871999582642370763e+00
1.978057793692285404e+00
1.626674462370692797e+00
1.323446039154508203e+00
2.432784086997545447e+00
7.216084163131354368e-01
1.626506845256381339e+00
-1.343219205823100726e-01
9.119612824385113781e-01
2.032064483227857821e+00
1.197129284553231532e+00
1.761221734658845683e+00
-1.247894910380495714e+00
-1.293539978450648498e+00
-9.217591453776882160e-01
-2.908333009514237899e-01
-1.150236968190827103e+00
-5.438367048330280396e-01
-1.092799268515404210e+00
-1.280144294679974371e+00
5.223314981521731681e-01
-7.520003049218209057e-01
-1.424200406623053583e+00
-1.525280308029435705e+00
-1.375005666486938782e+00
-2.620665409027385095e-01
9.763877042690733976e-01
1.002805101391799125e+00
2.328573595819370290e+00
9.329119807275354503e-02
1.125841862584460840e+00
1.138647808988511478e+00
-7.555727909743531479e-01
-1.113343338531899818e+00
-7.555080048144253713e-01
-1.414825303516737520e+00
-1.222404315699595179e+00
-1.187723403971133740e-01
-1.722832492892682810e+00
-1.396144827257111309e+00
-3.121129494368019008e-01
-1.656148840167158687e-01
1.213198618599279799e+00
9.760918150569858343e-01
1.682696499602371887e+00
1.003177163974505515e+00
1.765206439671693550e+00
-2.273751164958996540e+00
-1.713112680669334420e+00
8.691483161100448385e-01
-1.917557710705732443e+00
-9.458221142417578831e-01
2.585915641132436882e-01
8.367045601422783418e-01
1.245054120216793958e+00
1.177128267262848693e+00
1.811723113692555787e+00
7.953116981513487227e-01
-1.155079401041216869e-01
1.117480303106501038e+00
2.063795758345468911e+00
3.485929421417476304e-01
8.294114659928136790e-01
2.999611485671172861e+00
1.071995516456431430e+00
1.034398419790530266e+00
8.769668237909660213e-01
-1.341283046186700467e+00
-3.555195383907296947e-01
-4.865577539825804987e-02
-7.620382061267252372e-01
-1.116380766029356542e+00
-8.834260605188857252e-01
-1.030522614812485305e+00
-2.170769133544700580e+00
-2.076971373385083197e+00
-9.468797515088963612e-01
-1.629278033658822178e+00
-1.744553977720384452e+00
-7.413671310638966228e-01
8.128991489691084205e-02
-2.084581076895795526e+00
5.388031031304258978e-01
1.234992628810527071e+00
1.636835615066883909e+00
1.160248293899459160e+00
1.266834972330183273e+00
-9.083365479086249472e-01
-2.157884633818856202e+00
-1.284087560558128782e+00
-2.015305047454232223e+00
-1.119021599262126188e+00
-8.690535710445088657e-01
-2.511793473478273198e-01
-1.613222993921120452e+00
-5.326336394402859664e-01
-1.526673149005119967e-02
3.357710766198358510e-01
2.310770955051149045e+00
-3.509373225246970041e-01
1.580795535477224956e+00
2.012715710165793315e-01
-1.355415064686785742e-01
-1.374421483126345489e+00
-1.268708501877696682e+00
-2.077714355683540681e+00
-2.919135975076264433e+00
-1.678246727787295889e+00
-8.480817965138325309e-01
-4.183824429154270330e-01
4.760997307244105858e-01
-2.161506594193874697e+00
-1.140405652035345385e+00
-2.437771313035102416e+00
-1.256724104813193188e+00
-1.202841652535345807e+00
-1.959347770040284598e+00
-1.829333276122808272e+00
-1.297567797629228803e+00
-1.986836500095198632e+00
-2.060383909711176464e+00
-1.077349274601357987e-01
5.251098237346867315e-01
1.161063496876879597e-02
1.351476881554525278e+00
2.359333699752101943e+00
2.296306618382407905e+00
9.804719611640496657e-01
7.556409254540639164e-01
1.797102648595946706e+00
1.425642772913974010e+00
1.884106026342027507e+00
7.114487697217470874e-01
1.384758163630297911e+00
5.036704253026371703e-01
1.497935333805281433e+00
2.128307365982337052e-01
-1.834073813771970318e+00
-3.371551810875360600e-01
-4.647596142150006715e-01
-1.413650702464385178e+00
-9.018125372981533605e-01
5.706796662999131797e-01
6.615435077278049025e-01
1.359579286336585202e+00
1.064123915078740712e+00
1.262853727628217460e+00
-1.642263778524313267e-01
9.563508000843368162e-01
1.316080487319388759e+00
1.699966653370808878e+00
1.625453211579393376e+00
-1.595071854328590888e+00
-1.318660989083824120e+00
-9.383701648784704696e-01
-8.428843406669799254e-01
-2.066890660114062417e-01
1.682174601953865256e-01
-6.908264403042474466e-01
1.199935263513248085e+00
1.643901725179433448e+00
9.913972776288977329e-01
-5.115383268082218660e-01
-1.879185157130613071e+00
-2.196622813732281188e+00
-5.527713053006224619e-01
-1.398145561582608387e+00
-9.969012975632411955e-01
-3.535982877766060906e+00
-1.401840901366824710e+00
-1.982229027335980831e+00
-2.761179179519994698e-01
-1.264575930313771579e+00
-7.410913669698754314e-01
-1.280551494121910716e+00
-2.477253724982976912e+00
-8.060961465616548471e-01
3.030400885427388946e-01
1.444194193430584194e+00
1.798036789844656980e-01
2.118531587394006932e-01
1.731086764267913969e-01
7.542097827304985458e-01
7.587479025502607000e-01
1.744057566602895015e+00
6.923716174607841278e-02
2.218995121031860585e+00
1.368317356417970476e+00
1.787704169664685150e+00
1.608212124596629433e+00
2.015785699768831485e+00
6.875436403259844731e-01
-2.198657389008328522e+00
-2.177866977978999863e+00
-1.584392525793423268e+00
-1.207900722095808010e+00
-3.399654749943841203e-01
1.603536907846249804e+00
1.515542575249800850e+00
3.293101948454434380e-01
1.237423793206813727e+00
1.601850037357882783e+00
3.788605088617358341e-01
1.636688639438616200e+00
1.964554252995791117e+00
2.269887093433429204e-01
2.531663736442734125e-01
-1.134372930237929733e+00
-7.807241995423059855e-01
-2.267834141121003455e+00
-1.607852887960226962e+00
-9.468996920638855785e-01
1.390875002145331996e+00
2.146768802452839076e+00
1.097870457482030382e+00
2.020147937647697844e+00
5.524132529378074086e-01
-6.371893693073367171e-01
1.265077465704211868e-01
-1.328808298368718166e+00
-1.375182020960247442e+00
-8.861711132073586406e-01
-1.062294046471179421e+00
-4.883289145275907517e-01
-1.437942539120259156e+00
-1.150255828359685983e+00
-1.461290704527415496e+00
-2.498586277335956840e+00
-1.096970478629848200e+00
-1.049028668213429105e+00
-1.122239394453961925e+00
4.421881835649050796e-01
2.142070685047475109e+00
1.362142928022546551e+00
9.827060586813827214e-01
1.609824124385689892e+00
8.767557217920487478e-01
1.338258293957601319e+00
2.612544789814319479e-03
5.460126732814825079e-01
2.015653615735069959e+00
3.353218927366201640e-01
-5.476887244919412812e-01
5.396382721756811662e-01
1.206595500007870969e+00
1.846260581166236037e+00
6.584592151106327673e-01
-1.334985051565550362e+00
-1.477928077374424776e+00
-3.992146811406809270e-01
-1.702070257566258293e-01
-2.632750256367544228e-02
9.421538980440308242e-01
2.436737357083931244e-01
7.971449673454051865e-01
9.547130092812029512e-01
8.737611915014594777e-01
1.605492269693843621e+00
2.153131033744335454e+00
1.327018097477959957e+00
-2.038655474669113232e-01
1.397484466110260337e+00
3.951293131810151849e-02
-1.738638110001915482e+00
-1.383435385945479323e+00
-4.720890068628603720e-01
5.390922622322955604e-01
1.036649413346671933e+00
2.407598971361548656e+00
8.098010105492439159e-01
2.006240805895941115e+00
1.072262730092103267e+00
-1.805963461237076739e-01
3.801988848320390080e-01
1.120043479819421428e+00
1.422540829011609942e+00
-2.042692693442667018e-01
2.096211555656490866e+00
-2.273833856732396796e-01
-4.860804247225816166e-01
-2.441122335265424326e-01
3.128751760153907213e-01
2.792470348457481322e+00
2.136032541657334249e+00
8.176677961719424070e-01
2.267429374903026762e+00
5.834651520053902862e-01
-5.745678544944505806e-01
-3.570685647718614408e-01
-2.246515957585817347e+00
-5.567064276948112678e-01
-7.540221494244172540e-01
8.528889025786035027e-02
-1.559709916417613806e+00
-1.167058811171147736e+00
-1.199690736597770924e+00
-2.026354690568397121e+00
5.289281999668666856e-01
-1.044121579516711140e+00
6.735904059624180373e-01
-1.542524004722313880e+00
-8.460952365752792970e-01
1.097440407795131634e-01
1.285921291623866480e+00
8.417113071347350761e-01
1.557553846171764622e+00
1.722633926144909289e+00
-8.728434840249897908e-01
-1.348047052960867465e+00
-1.280992878779104727e+00
-1.041556748517359132e+00
-2.076453227857300021e-01
3.878218190215076966e-02
-4.972466395783129434e-01
-1.920282219295793791e+00
-1.897629572031833689e+00
-6.934609521277349531e-01
1.862282258434055260e+00
1.307513856746360448e+00
1.349977777104542476e+00
1.624793787320891747e+00
9.815305685100726985e-01
-2.683513309522642665e-01
-1.420408277393812480e+00
-1.641123197762749619e+00
-1.412317484824836100e+00
-1.643695191810498724e+00
1.742308666305706577e+00
1.489768821732348814e+00
-5.165237328223151181e-01
2.545166124466385904e-01
6.419438880523049562e-01
-1.271247788239355803e-01
1.403549391927139789e+00
1.837316251860020788e+00
6.094235165200354576e-01
2.305215781682623088e+00
4.451963303036620134e-01
3.774706703677431552e+00
1.540516675608732955e+00
1.349104883481380801e+00
9.797910907261616620e-01
-3.770759869657707153e-01
-2.054565841765337630e+00
-5.399133964391594764e-01
8.446663549483059974e-01
8.264012834005929342e-02
-2.117435143833911404e+00
-1.291290243755145672e+00
-1.816741538018893820e+00
-8.298629450532892804e-01
-6.379884430480478041e-01
-7.970228905755684101e-01
-8.812121540465287506e-01
-1.670224574202627821e+00
-1.250474159759769499e+00
-2.661913506356401005e+00
1.667883253681448075e+00
1.325288325826737168e+00
-3.697168022023744616e-01
1.374904794360215732e+00
1.756856889882234540e+00
3.655623323459535889e-01
-1.498715003078281427e+00
-1.685583085489332333e+00
-9.757465843682727735e-01
-1.460557686354559737e+00
-8.799647817536948580e-01
-1.180360179353150407e+00
-5.812170295425692634e-01
-3.999492798644785907e-01
-1.970573283671197773e+00
1.200801551058098271e+00
1.205606696532049549e+00
1.828630280134960095e+00
4.852846245669797387e-01
2.198586861394101089e+00
-1.726173277624136304e+00
1.772883886925724628e-01
-2.427371888094041363e+00
-8.420552001423509125e-02
-1.501310120529703918e+00
-2.815480483976791959e+00
-7.454134097011091420e-01
-1.849113908407847839e+00
-4.845845363086529467e-01
-1.400077117256037784e+00
-2.636206879305860173e+00
1.448304883385298503e-01
4.480043024544746455e-01
-1.536106763897931105e+00
2.385846231334138867e-01
-1.410967399679601719e+00
-5.934490284204607669e-01
-2.072504289289479829e+00
9.461541635065540135e-02
1.902547545246346949e-02
6.907952618632704489e-01
6.175447546974555113e-01
1.622366078034945147e+00
-3.981508668770481485e-01
1.192940574023997335e-01
1.021051846863237023e+00
2.505278676298170026e+00
1.265854091033657092e+00
1.213973953376666692e+00
-4.703979715962547381e-02
2.689443497382127291e+00
1.214053260269465584e+00
6.062371543980957789e-01
2.417646428141891235e+00
4.311965897303214890e-01
-8.728680456580047986e-01
-1.390504759163099013e+00
-2.262703313108157310e+00
-1.074043033989463325e+00
-5.210421886547835779e-01
-7.036293107797886304e-01
2.396890153628894460e+00
2.171348946268523150e-01
1.316447847794752990e+00
1.541187522424558143e+00
2.052346569037583057e-01
1.580305886330602316e+00
3.153438987739604293e+00
5.635244549146338766e-01
1.323451750476721811e+00
-7.270929253941625925e-01
-1.308413125499352958e+00
3.394936704342281786e-01
-5.506662953545684580e-01
2.054366743139031115e-01
1.222985785745990039e+00
1.702382093860675294e+00
-4.828707466583797014e-01
-4.952794507062363571e-02
-1.611799904029518338e-01
7.048143426088220309e-01
5.145407532220727109e-01
-8.612338214926662516e-01
8.140353199358053571e-01
1.800166513494839471e+00
5.071322271490833478e-01
1.013625003400771218e+00
8.109301535596559196e-01
2.572265550957554048e+00
7.920210041361126496e-01
-2.184417930454074508e-02
1.347181315371375199e+00
4.457097015273464580e-01
1.957136495594796743e-01
8.483174558150133882e-01
-4.490839921001381629e-01
-2.533779020798106352e+00
-6.058378936041297624e-01
-5.762870478508672623e-01
-7.735774703839055633e-01
8.868203616938779010e-01
-9.187675831743037369e-01
-8.481029748316220029e-01
-1.303442173608643451e+00
-8.188202768759540451e-01
-1.091799133968246460e+00
-2.017460103447329622e+00
-5.741729227681852121e-01
-1.120749431944127128e+00
-1.863732266326652454e+00
1.176925647361636518e+00
-3.079664440891933808e-01
1.583168802709357781e+00
9.260088845383515066e-01
2.012373282713808997e+00
-1.616330320253015485e+00
-7.007234263569059873e-01
-1.492661717476264416e+00
-1.538874929694123539e+00
-1.582511224791709470e+00
-1.095467458174196995e+00
-3.779058756701312305e-01
-6.461058401386409189e-01
9.934578732207444141e-02
-1.325992609772479014e+00
8.433804067117756098e-01
1.392712247101130174e+00
3.625782478354757643e-01
-2.451487124317321964e-01
1.486450969077948825e+00
-7.194366855202050104e-02
-1.318764442191254771e+00
-1.138411836878551187e+00
6.346408560658263198e-01
-2.604783115708362295e-01
-1.274086367256198615e-01
-1.125564948894225648e+00
-1.772080899886633087e+00
-2.213134764028698687e+00
-1.003680412640154174e+00
4.809191276574358298e-01
6.504279276923901065e-01
-2.486683566639314336e+00
3.383320456297611578e-02
-1.862531308157505006e+00
-7.458719893600669337e-01
-2.127729951089412985e+00
-1.525058587241767238e+00
-1.089410699542246341e+00
-4.961929564434249817e-01
1.972336321294201333e+00
1.231070221605684356e+00
1.636539082952882307e+00
1.280843480032488380e+00
1.139564159616787142e-01
2.617190839272731218e+00
1.793296385174498297e+00
1.451762094346265686e+00
1.479489505293754448e+00
1.418483207231163723e+00
3.506731594038400290e-01
1.525593690593192608e+00
-4.652270986960000965e-01
4.491607888187650888e-01
1.268095052806778034e+00
-1.001115432761094937e+00
-3.386148562413213714e-01
-2.583972503176736879e+00
-1.546241456051969720e+00
-3.624880843945594844e-01
7.753191760873072713e-01
1.041008716125973566e+00
1.139474998114265336e+00
4.306816092969409926e-01
-5.829710198625532858e-01
1.450308825496471554e+00
5.108586384371631706e-01
6.791051774588721113e-01
8.083195648668526356e-01
1.813557075110344474e+00
-1.647303995131284893e+00
-1.908266624347522367e+00
-9.893142115445064944e-01
-1.837927684189160082e-01
-8.218667657501759205e-01
1.912784831058618185e+00
-2.648582043542824227e-01
7.052285657923167417e-01
8.756128044584881032e-01
-8.480446985884666500e-01
-1.565874363936179403e-01
3.015742766021833887e-01
-2.363077532529437086e+00
-2.030347542045249476e+00
-1.677053287635428269e-01
7.921030990941320127e-01
-8.637544701333301767e-01
-1.414369610843597025e+00
-1.323238714535344140e-01
-6.435390273808145878e-01
-8.266340086185410829e-01
-1.387180572963587100e+00
-2.678456838139546825e-01
-1.408933697700784471e+00
-1.830990201216553981e+00
1.644460043330565391e+00
5.938604948981573983e-01
1.026256445720768351e+00
-2.641528044886318760e-01
6.481312350255362675e-01
9.478966850145054135e-02
1.203570934840801243e+00
4.700866572527331311e-01
8.228424851836935172e-02
1.211414210060082208e+00
8.950694789856857847e-01
1.119181698195660601e+00
1.718038691260816764e+00
8.177540446815573238e-01
1.088521551724974001e+00
-1.363672608885568405e+00
-9.277743193559605528e-01
-1.313912457302003123e+00
-1.638089401858746630e+00
-1.010146628685046677e+00
7.181262538107782145e-01
9.167231755053191211e-01
8.196570104606865081e-01
6.044421390390706250e-01
1.474769711228479219e+00
1.898085898388864656e+00
-6.941772640177654718e-01
1.507792179865416582e+00
1.141944655451455182e+00
1.155408409578745577e+00
-1.015645761661045032e+00
-1.083089148188526751e+00
-2.030473807067835423e+00
-2.468350480618404674e+00
-1.812237044614784409e+00
-1.278252368567227570e-01
2.414887774954133093e+00
1.509484528253543179e+00
8.912961100822207605e-01
1.578300222155262666e+00
-1.734786356869020274e+00
-8.379007788173937765e-01
-2.352184176122986692e+00
-1.601261695903616555e+00
-2.168287123178324727e+00
-8.849046991175589794e-01
-2.870153482857761063e+00
-3.577233314756537164e-01
-2.363207741861255151e+00
-3.112782329942982429e-01
3.982831365911940757e-01
-2.108261185599529242e+00
-1.998235899534999138e+00
-1.431199283467562200e+00
-3.775629111135097027e-01
1.988650596560211037e+00
2.532917484748633541e-01
6.520996169650308261e-01
3.575109865312220414e-02
1.194108512498149421e+00
1.831837493118370297e+00
1.469836917941602650e-02
1.556787090552944397e+00
-4.035377985069104056e-01
4.828622013507112287e-01
6.114771887852137322e-01
7.015013763203350461e-01
-6.041070359434226322e-01
1.202700119370344822e+00
-4.723167443408038402e-02
-3.199325008875384402e-01
-5.589247646330255392e-01
2.225485613112772043e-01
-2.002180065597527481e-01
-3.743614847450378313e-01
6.347547060037188604e-01
1.099132351038007993e-01
1.430633189690376783e+00
6.824062849582190893e-02
1.253144407249006553e+00
-9.150795255985784138e-01
1.964412263641290846e-01
1.371228135367529521e+00
2.755906818327580332e-02
1.141149678589184369e+00
-1.653830827729267705e+00
-2.019181002771037292e+00
-2.088076719802471004e+00
-3.099145916827572567e-01
-1.793333961775918972e+00
-9.943952780843368089e-03
1.789958057332853514e+00
8.283417309240511672e-01
5.933781417038578310e-01
-3.166719931038610714e-01
-1.296206004167187675e+00
-1.781482748008937023e+00
-7.676473674090974475e-01
6.044262509090669866e-02
-3.198317832185959553e-02
-9.017872045675159320e-01
-7.923255221836104090e-01
-1.374324616156333834e+00
-6.580702513912907170e-01
-2.052392022414028183e+00
-9.010742334664481046e-01
-1.788383329375635489e+00
-5.647793664714408912e-01
-1.432175242585374653e+00
-1.883158410132403482e+00
2.074310107511175838e-01
-4.485149185769188307e-02
5.477874610955935086e-01
1.782097332910677068e+00
1.197871393422378805e+00
1.679967551206652976e+00
1.564575006366489607e+00
-4.643011825126031056e-02
1.815027550479660245e+00
9.818072972555652589e-01
1.487056885104586890e+00
4.853056785989007249e-01
1.523591891512657170e+00
1.736363905692225540e+00
-1.170967285461994134e+00
-4.139575964075926651e-01
-9.398130847655908893e-01
-3.306526999644991971e-01
-2.576730622031490059e-01
-1.927745687857517654e+00
1.285468999337495921e+00
8.242519699857170368e-01
7.818341670758989226e-01
1.474269775536042326e+00
8.582517576504219425e-01
7.693571155756480096e-01
1.886336795704318448e+00
1.384062205909311061e-01
1.380310675151156685e+00
1.276007959008703452e+00
-1.281904841824262231e+00
1.911647950700714471e-01
-1.216822276161886762e+00
-8.083001475979254558e-01
-4.730858753778288683e-01
1.838590410229089978e+00
1.270399639138037884e+00
6.208271976186068297e-01
2.321097865864387266e+00
3.363059745319968430e-01
-4.539591983115576213e-02
5.105737494926516629e-01
-3.836396116080795782e-01
2.438596360015830022e-01
4.489734832357777927e-01
1.370568976266036687e+00
1.065680319241160356e+00
9.525817976725681202e-02
8.717104682800275173e-01
5.239751677231845317e-01
1.313900667459725335e+00
-2.202078693598892301e-01
1.336875245932464429e+00
-2.131309908264962250e-01
8.542044566900441893e-03
-2.425165054290095767e+00
-1.231780207615854383e+00
-2.755988578389660049e+00
1.249608282592988395e+00
-1.660567419741839856e+00
-8.449920326913902269e-01
-1.455025173116668569e-01
-1.648189744924998257e+00
-6.288151346306791734e-02
-7.346755848386092858e-01
-2.005157193760990886e+00
-1.968204296789183738e+00
-2.448872455777726831e+00
-1.249490402813689505e+00
-1.559577671191752390e+00
-2.438029274099267063e-01
2.765670254325260480e+00
5.869694160128999805e-01
2.102288498970164454e+00
3.681052382244111021e-01
-8.160320003268810574e-01
-8.809813080597932444e-01
-1.641811611119664782e+00
-5.499474868966496288e-01
-1.664701614707980060e+00
-1.977512210473755916e+00
-3.824411129294507106e-01
3.434568226218288611e-01
-4.871427270167237866e-01
-5.558122299691841128e-01
4.506509689829755194e-01
-8.948775201611500751e-01
5.257055113387399947e-01
-2.087936736981732544e-02
-1.031200685640023096e+00
7.002826662329431073e-03
-6.083992473381711896e-01
-9.169291853807775006e-01
-5.911930732673169597e-01
-7.294653381872990838e-01
1.603904506130979346e+00
1.102088178896859283e+00
1.549539353469060021e+00
1.986061912840021870e+00
4.505074703597836683e-01
3.289708969654936421e-01
2.878471048490638395e-01
3.360101303235062398e-01
1.525641726015532607e+00
3.202321541637271896e-01
-5.357035245883181585e-01
1.085935677984758430e+00
1.792774493587679707e+00
1.865050065480531760e+00
2.036598376911566532e+00
-3.989638663706046584e-01
-5.182868988325932680e-01
-1.919089590778164212e+00
-4.917906750945729710e-01
-9.840992032592293937e-01
-2.542340358090355856e-01
-2.122618335755330321e+00
-1.477830978494525827e+00
-1.925773664297551591e+00
-1.111300208239698994e+00
-1.002089151573355874e+00
-1.966251149915706264e+00
-1.486007945006580622e+00
-1.124772585483634568e+00
3.369594084519866861e-02
4.971910600889577481e-01
5.421271529414383172e-01
9.647256435229127902e-01
2.811237729565150723e+00
1.881428708287245399e+00
-8.571940301681001406e-01
-1.366817799754979523e+00
-2.190274585361682291e+00
-1.369327957953147434e+00
1.227436619219243408e+00
-1.684970679964794549e+00
-1.667844193736389258e+00
-5.899496468659048976e-01
-2.347873933690665549e+00
3.587533586724744872e-01
1.343827703080087144e+00
1.532763095860325997e+00
1.708730866577820029e-01
3.340730098851527607e-01
1.177358824328150089e+00
-5.958120162887925453e-01
-1.390963338783985037e+00
-1.092802436273622835e+00
-4.189543403188796811e-01
-2.367106121621376236e-02
1.143266047751821501e+00
1.852690898887463522e+00
1.238220359807124415e+00
5.298665365089858525e-01
3.790054611541828766e-01
5.872938284479543025e-01
1.205261555251557759e+00
1.704759481177370528e+00
1.674510485564806750e+00
6.778328672639064578e-01
8.573891221278584496e-01
8.729651299148090127e-01
2.067074620788106110e+00
-1.684991931303412294e-01
-6.302934554470398520e-01
-1.117867592074300864e+00
-9.713667189106278688e-02
-1.337612022320825211e+00
2.931181921937309198e-02
-1.180965023029526328e+00
-1.503964613601380229e+00
-1.626980306258129172e+00
-3.714387060790400596e-01
-1.229993815532876678e+00
-1.571566626066094319e+00
-2.255455057067270008e+00
-6.237791380326165314e-01
7.723384124975085641e-02
-1.261901167627571541e-01
-7.366125505429111930e-01
7.282056521234021584e-01
6.342940042356715047e-02
3.323432943473968448e-01
1.084287281373523149e+00
2.359121026291025602e-01
-1.012673794268195593e+00
-1.538681576425077413e+00
-5.375755505788180066e-01
-4.375014044864277141e-01
-1.031462595486614342e+00
-1.750712880610061806e+00
-6.955223955616689491e-01
-4.243058273201161246e-01
-8.231404633399281856e-01
-5.427645234312684641e-01
1.209215739851484450e+00
2.182734489710042247e+00
9.710795648114647349e-01
2.090645717940833315e-01
-1.038544220805101670e+00
9.294617062227739090e-02
-1.277761282507449359e+00
-2.297260711166740688e+00
-2.603424821343185869e+00
-8.238924327636122369e-01
8.626003289024593013e-01
1.509551736624342499e+00
2.113605116759462277e+00
2.456876195843415545e+00
5.062127432446841269e-01
1.115868959895691015e+00
6.132752694125971349e-01
1.913152249315287268e+00
2.473881847808482526e+00
2.166771172416630975e+00
3.005277971555849081e+00
6.243633713980690780e-01
7.918324031630232795e-01
5.498973375478912740e-01
2.560352427382138529e+00
-6.378927607545625822e-01
-6.055494671186141264e-01
-4.905423616855144608e-01
-1.569262374713715102e+00
-2.685301198571667936e-01
-1.460795918347688183e-01
-2.176426020388295690e+00
-1.128870137162700793e+00
-9.345011102707400097e-01
-8.800985311099547292e-01
3.192954910393250856e-01
-9.941891699398580640e-01
-4.236989058192935920e-01
-5.897875567628729776e-02
-7.889240471148909473e-01
2.599298674459087799e+00
1.814168888664898116e+00
1.262891587695421869e+00
-1.653255908024831022e-02
8.842545516561117758e-01
4.113394841683097880e-01
-2.858284791999290420e-01
-6.082866418453785062e-01
-1.795370574528615482e+00
-2.132151784442974929e-01
-8.493763805129647126e-01
-3.602354943652010810e-01
-1.501555081014925630e+00
-1.627157224243001465e+00
-1.591163637984170709e+00
1.620112654889751536e+00
1.623468963922164665e+00
1.407750259868679743e+00
1.185121100822967177e+00
-1.201089248442801516e-01
-2.022710332131091526e+00
-6.867367145571059428e-01
-2.305254179921885083e+00
3.023465244646805772e-03
-1.580185744881130727e+00
-2.651010249780629824e-01
-1.405282431209676997e+00
-5.708041949452751229e-01
-6.922887482752865251e-01
-1.608707547389084169e+00
-1.790343484243038130e+00
-1.570401032373845984e-01
-9.008527984695220425e-01
-1.481969272087367617e+00
-3.822070250207854070e-01
-5.164666436939864269e-01
-1.080250384219780591e+00
-3.863602841168365387e-01
-1.436680537606897179e+00
-2.161557296068842948e+00
1.221692080507232880e+00
1.281495789952213693e+00
1.019961600481416708e+00
3.084616261006291271e+00
2.690308994709120771e-01
1.417487299310068005e+00
1.012312277825707652e+00
3.115588402344383834e+00
2.053374311023578258e+00
1.266213588937019185e+00
1.527514204854404145e+00
1.191208808074666781e+00
-1.916465339858302031e-01
1.507210740038340102e+00
-3.112428000666449535e-01
-2.014039868704863512e+00
-1.653559858876620936e-01
1.534252631061105987e-03
-7.389083905332178848e-01
-1.138130616250928373e+00
1.441522615131975105e+00
9.085473282569926923e-01
1.172976066105407389e+00
1.747336345480996478e+00
1.242689679225908117e+00
5.628855580229269462e-01
1.700293454665287252e+00
2.106707828003612448e+00
1.663337617108755939e+00
2.254399899786618811e-02
-5.274747861826142303e-01
-1.632411642293273513e+00
-2.401928772182305050e+00
-7.068809672523499454e-01
7.287413070351040911e-01
1.693688995198282754e+00
5.338875834730427705e-01
1.144334272314321721e+00
1.554848838368604103e+00
4.950264538643304180e-01
7.963446043666275731e-01
1.109979994875224696e+00
-1.593530214525993305e-01
9.293533703686464031e-01
9.915761593410362673e-01
1.448782604482068415e-02
3.368117008158050263e-01
7.118333887945411664e-01
3.037283913904098576e-01
4.190119157187126575e-01
4.703247412483629875e-01
1.517751782029654439e+00
1.074932163427898546e+00
-6.854778096498481688e-02
-5.330368511685215083e-01
-1.104806575848896300e+00
-2.858367234515594157e-01
-2.503185618356150499e+00
-1.555291987494564321e+00
-1.704084545103916160e+00
-2.934326481319116553e+00
-1.280824727890254033e+00
-1.799669242963556348e-01
-2.620252498408735864e+00
-1.173732361780978062e+00
-1.555516528182284475e+00
-6.308195383733421480e-01
-1.235246498689392736e+00
-1.204887221166592859e-01
-1.374111713472526031e+00
1.593421025135709490e-01
2.382968655689605697e+00
4.653483725697823425e-01
8.960953693157106548e-01
2.705950962473755439e+00
-2.266989863666835081e-01
-3.245511116742239022e-01
-1.481102391734616663e+00
-4.178491154329592172e-01
-1.757858634544615661e-01
-2.017943728745950960e+00
-2.199199345816114093e-01
-1.093679203519741572e+00
-1.205914575171087577e+00
-9.714820760393831911e-01
5.760996049122184548e-01
2.762345070670085834e-01
9.121726131773669755e-01
1.646107368665391757e+00
7.571972698713086425e-01
-4.108642554719064144e-01
-1.122619242474014900e+00
-2.241369446725455461e+00
7.589459658816766208e-02
-2.744436730739829855e-01
-1.922816081186507375e+00
-1.946935063395789811e+00
-9.574471728339740695e-01
-1.783017414714429538e+00
-1.678172391492850579e+00
2.316231090402460779e-01
-8.907174701177820175e-01
-8.829509544273062005e-02
8.779473758261351346e-01
-1.066243998260133719e+00
-5.529793407491783164e-01
-1.136116980811901600e+00
-7.948892286866411361e-01
-6.338742148157594514e-01
-1.474929015090204354e+00
9.466854201212290265e-01
3.574362444452860998e-04
-4.207377093515975996e-01
1.597123832323252834e-01
2.139813512505511106e+00
1.313156929357755187e+00
1.060897353371790253e+00
1.227399348941822899e+00
1.483115468309161633e+00
2.034526764493866935e+00
7.849483158854161369e-01
1.547127230372123741e+00
9.309124318301773560e-01
1.121751880152346947e+00
-7.273231191024245312e-01
-7.241817687032501283e-01
-1.331451449748609850e+00
-7.475053219207896671e-01
-8.764028499961208363e-01
4.205598223069162422e-02
9.490945370147227944e-01
1.519809367565904346e+00
1.431812094213879671e+00
7.985826561333391194e-01
2.025238412545269373e-01
1.194202847961958192e+00
-3.365704189751079767e-01
1.340533443528723279e+00
1.336122045368113520e+00
2.331528944635818945e+00
-1.130981923615974605e+00
-1.807701217988748166e+00
-1.600111629192550788e+00
-6.888515403816294347e-01
-1.262409688904983618e+00
1.054684419715766985e+00
8.165166936992223068e-01
1.004775934845702157e+00
-2.678170395010748273e-02
-1.775850752086480799e-01
-1.718292005434087777e-01
-1.119278636457347265e+00
-7.973151540482369404e-01
-1.939930659097660826e+00
-5.977027552460060233e-01
-1.213309459674490443e+00
-3.857364798238759329e-01
-5.687991248584730597e-01
-9.084965456721884047e-01
-9.704441997191526337e-01
-2.688076718762087758e+00
-1.082867294409555869e+00
-8.612187396430668329e-01
-1.416501036872803043e+00
-2.231086331731854777e+00
1.235537581517512695e+00
5.565921494592112051e-01
1.316874734359863020e+00
5.471264969102620501e-01
5.374859608473301353e-01
6.268348507634530220e-01
1.064331768640224718e+00
1.351234951114603122e+00
9.507176712290736909e-01
1.560245315977794256e+00
1.518268829506141504e+00
8.299784337293222292e-01
1.747350524824044182e+00
2.172716026114244192e-01
1.334416757270638243e+00
-1.553148193149478162e+00
-3.664308149132726733e-01
-1.923638771885011867e+00
-1.002333023008706636e+00
-3.468349209591892190e-01
-7.160475438049531682e-01
4.286973858242838498e-01
8.981300985940099402e-01
1.725053841256483533e+00
1.583429158583489427e+00
-1.556240029542692582e-01
5.830575891106261066e-01
1.567000821415016620e+00
2.450495878142481931e+00
3.668086672367820711e-02
1.952579194622026115e-01
-2.047244717224996791e+00
3.734065958331207469e-01
-2.406689125020346598e+00
-7.513080678265693368e-01
-2.568931294507079688e-01
4.478860813426185361e-01
1.872814828997513281e-01
1.352138300018088435e+00
2.359363379919422687e+00
2.374919635488767611e+00
1.454653489713513936e+00
1.578503559994871353e+00
1.059273779654138714e+00
7.262037046882779956e-01
6.026343827539524245e-01
1.564379442584406199e+00
2.056918376221534395e+00
1.217951120422292810e+00
1.512703291342634593e+00
2.302741760705854235e-01
7.477365956616610632e-01
-9.993657387932786129e-02
1.543319247222498358e+00
3.647384897229501988e-01
-1.807620408539832191e+00
-2.113976080119924106e+00
-1.162116114240548725e+00
-9.457974571796998742e-01
-1.120718679389861805e+00
-5.668653425472629515e-01
-4.284529162420598336e-01
-1.536474542092847395e+00
-2.063887117925047754e+00
-2.073026320483583262e+00
-1.450756434583021726e+00
-1.233333039440238643e+00
-3.816449541870821083e-01
2.113978319259408600e-01
-1.022244029614633121e+00
5.985231599506291023e-01
1.494166280125741819e+00
1.033960328628207748e+00
1.221272296087806408e+00
1.512284133888722071e+00
-1.402032600045527433e+00
-5.261172486003315996e-01
-4.817104178679387783e-01
-2.235550908026859851e+00
-2.006379832825633258e+00
2.474064181295054787e-02
-4.916927326035099854e-01
-6.694605643479329959e-01
-7.473005979131850385e-01
-5.590700315024665912e-02
6.348663320975318491e-01
1.327321825539072186e+00
-1.839182543282242843e-01
2.018351977836477573e+00
3.596199186235562451e-01
-1.354571157494409483e+00
-7.050524421075772263e-01
-3.994058506012856391e-01
-2.458472957010149340e-01
3.194194145887863101e-01
-2.364043949830594293e-01
1.278121983862590128e-02
2.792026836506809051e-01
-1.883183201236593440e-02
9.507612285524690288e-01
2.491278828300117709e+00
7.205491103976423561e-01
1.173911103435772318e+00
-9.499783833302044567e-01
9.693016979996301741e-01
7.991684604538158432e-01
4.288349406073409531e-01
1.712741595004926953e+00
2.069339174424104755e+00
9.335668821628901881e-01
1.010431733447981539e+00
-9.215349503541552245e-01
-1.678912790780691111e+00
-6.001098082221967278e-01
-1.327569416908265021e+00
-5.633122664178600303e-01
-1.388972976288947780e+00
-2.636400225784920615e+00
-1.685443959165660033e-01
-9.065205522547095107e-01
-2.373270703062596354e+00
-1.885670204655742754e+00
-7.985298743084048301e-01
-1.995894964767675583e+00
-5.528139068519409838e-01
2.421653385334827657e+00
-2.767465314736223814e-01
2.232594237718408259e+00
5.282155102486839615e-01
-4.513975137476409216e-01
-8.641442728611115065e-01
-1.103608292437057603e+00
-5.777963475278403704e-01
-8.043097187140808568e-01
-1.258806157541345172e+00
4.948719038956550520e-03
-3.959682331484766227e-01
-8.788894546679562048e-01
-1.337187091549911111e+00
-3.481308991061989877e-01
2.144138315487206459e+00
1.104071723438911912e+00
1.368311026881804171e+00
3.040487389742487778e-01
9.810150949045592927e-01
-1.899068720534253352e+00
-8.898131687443393556e-01
-8.046565070050265556e-01
-2.383268324975633234e+00
-1.397792182857805043e+00
4.031857072108824269e-02
-1.454401216966447530e+00
-5.243459674268085013e-01
-4.045990081077707190e-01
-1.205521827751469655e+00
-1.788041590353663501e+00
-8.109313060408350760e-01
-7.316604708890628306e-01
-2.613496438668157396e+00
-4.766624299656055941e-01
-9.192365520431782233e-01
-9.362015923759049452e-01
2.976399520036034918e-01
-9.769134405381652009e-02
2.514720265212058159e-01
2.386118826859005004e+00
1.077791054510706559e+00
9.453969678254898756e-01
1.436582645998067731e+00
-5.242826722513180826e-01
2.410824011239014020e+00
-2.412014744958541623e-01
2.369535650692489170e-02
8.558921885125982953e-01
-1.154782126550326193e+00
1.137227637467122854e+00
1.482359025985024115e+00
1.045843063616533675e+00
2.885874129947898048e+00
8.333330751396644809e-01
-1.361322611262640203e+00
-1.193366012926247999e+00
-6.269405208840134192e-01
-1.506111200979828979e+00
-9.032979793668318713e-01
1.171950991143159815e+00
2.075141096123530371e+00
2.020120061646200504e+00
6.395746910034266763e-01
5.394886105119676145e-01
2.125075043373622741e+00
-1.902416671965276862e-01
5.969498893756350899e-01
1.787218840070847303e+00
1.324547591071162378e-01
-1.222733816051339240e+00
-6.467590989525622280e-01
-1.093028017322339673e+00
-8.593742787792074678e-01
-4.070859587800993440e-01
7.064944847069962730e-01
4.235404423742366031e-01
5.980784899177082892e-01
1.164980540987668789e+00
1.579342534984949697e+00
2.272222079417390184e+00
1.074621904093265412e+00
4.487622318007141731e-01
-5.992110131822974139e-01
6.590220113519791312e-01
6.094622722485720789e-02
1.904042292230939903e+00
1.334529477972536071e+00
-8.504831119025646480e-01
1.473824440446318995e+00
7.598894957676977091e-01
2.367826537844742951e+00
7.234613347850937792e-02
-7.034667908693805760e-01
7.354245631486130419e-01
8.191594887811737280e-03
-1.568785316897528315e+00
4.086252993051440185e-01
-1.522249673419290517e+00
3.173975858632243074e-01
-1.758606881621822549e+00
-1.667778459614588815e+00
-1.523245725768736181e+00
-1.249265403569285615e+00
-2.291295394955638276e+00
-1.858487226958666527e+00
-9.658613537614623157e-01
-1.879915843195544278e+00
-1.608222219654572571e-01
1.264301459614050049e-01
6.903094535253211372e-01
1.228209971282461677e+00
2.083247986584804590e+00
1.400024745304251805e+00
9.845012665766040838e-01
-6.963965202428867851e-02
4.165652904508023724e-01
-1.621896071869767031e+00
-3.471075583636702433e-01
-1.485943968496312939e+00
5.478800329934765401e-01
-1.585447303205613334e+00
-2.282657900457241151e-01
-6.070118565672315558e-01
-5.995778001540607027e-01
8.490550583001104101e-01
1.517496135025434789e+00
5.107331288820862181e-01
-1.216436669506018031e-01
7.980281133018646278e-01
-9.993240551693247653e-01
-1.308196927997942849e+00
-7.926470890982975082e-01
-1.214616117603737333e+00
-2.257847324496842667e+00
1.265636084048058274e+00
3.560550408002403966e+00
1.492442887395576845e+00
1.641876465244077821e+00
1.095264532036800853e+00
1.094346141011426132e+00
9.893422799877812368e-01
8.829614956649851631e-01
1.044697555135253753e+00
1.004811368229201252e+00
1.602216966957325184e+00
1.185952458191695591e+00
1.473200353461011858e+00
1.830845831654851485e-01
1.117455443770377643e+00
-2.041818002687441069e-01
-1.092277999133520527e+00
-2.763107592469276952e+00
-1.293164962328927636e+00
-3.359561805378508126e-01
-3.967464775247273590e-01
-1.968567370248924142e+00
-7.870640819415765099e-01
8.047699340312752803e-02
5.516173712073397795e-01
-1.153866987450804960e+00
-1.463914722196912876e+00
-1.129488895237057422e-01
-1.458190838513421905e+00
-5.184948772903181791e-01
2.396601069626214553e+00
3.968302839465162046e-01
1.271408607216042652e+00
-4.530286520694577490e-01
1.376318216188175736e+00
-2.308831094472387768e+00
-5.855743333867471367e-01
-7.542070901465722788e-01
-1.297730080396832131e+00
4.273581107393549239e-01
4.225029710537528960e-01
-4.195147732303620147e-01
-1.437540462750711345e+00
-1.891933123355042046e+00
-1.960828612280291594e+00
9.252789006121410198e-01
6.032558433020575039e-01
8.273636367944755543e-01
-1.107900307729408507e+00
4.066246656280344540e-01
-1.403346915621944690e+00
-2.536945502997818735e+00
-1.383499430345468184e+00
-2.051049563395674014e+00
-1.504243870737751898e+00
3.081089966057660723e-01
-2.216875977358541139e-01
1.966191527885201795e+00
2.083008934451584970e+00
1.761107018326691920e-01
1.201341227525060562e+00
5.137207335997162616e-02
-2.072123643607537424e-02
8.940891050704832255e-01
1.006201625986026693e+00
7.244558686322899455e-02
1.138771428064039304e+00
3.263553748071332805e-01
9.098501870497663901e-01
6.314632678526771459e-01
-1.935563237981722917e+00
8.131528935800353963e-01
-6.485187597209955968e-01
-3.063935846778097494e-01
-1.509072547292449773e+00
-1.897515513102383533e-01
-5.717605653150976686e-01
3.844431663353398143e-02
-1.269293806582368234e+00
-4.042616229528961380e-01
-9.435068767233505405e-01
-5.736667231577508019e-01
2.622300506234795936e-01
-1.633028973701061037e+00
-2.941902951311696768e+00
9.200382721016162613e-01
1.352105001867300871e+00
8.300982779723332650e-01
3.504623208446397964e-01
8.115204080893789751e-02
-1.334160162431442531e+00
-1.151855387782410478e+00
-2.255321495209841043e+00
-4.300893577568017934e-01
-1.322667921585072737e+00
-8.405923491260174352e-01
-1.808637073723100119e+00
-1.598974720144597406e+00
-1.277978081878340610e+00
-5.607808053117853131e-01
-4.938161944866270581e-02
1.362398845195115893e+00
2.011990349414026102e+00
-6.263629390172020805e-02
2.815585946627376046e+00
-2.578082505477859776e+00
-1.113397378616374445e+00
6.391284184350938258e-01
-4.521563979835276914e-01
-1.949131550834470872e+00
-9.923731191385521955e-01
-5.589191924660439348e-01
-6.026214263734124277e-01
-1.401776752055896580e+00
-3.891131888688246221e-01
-4.005205666576817647e-01
-2.090058384127584379e-01
-1.572316303032083029e-01
-1.416677937645510754e+00
2.744581467818423270e-01
-4.429606144994602257e-02
-1.955275798858316927e+00
-1.555290441102803012e+00
-1.220272720216172946e+00
-7.265225650564914872e-01
6.805867975019601612e-01
1.011548594234722653e+00
8.724402854463645385e-01
6.348894462932336280e-01
2.122234841877074896e+00
1.192915144112031367e+00
1.005798070733950667e+00
2.987716157745968770e-01
1.364913995132863711e+00
9.215810559600210450e-01
1.931270000037308421e-01
-8.266179655927152758e-02
3.135088674929624730e-01
1.644957453789382740e+00
1.488421924875863445e-01
-1.084654204147010192e+00
-6.579065032647561928e-01
-1.659168269976287746e+00
4.471878424662423246e-01
-2.263890970303793715e+00
9.758229347249802732e-01
7.444830820366856727e-01
1.422239738235205664e+00
-1.726885524787777904e-01
1.475139378778137722e+00
3.042989700570115641e-01
1.294685328422210624e+00
1.360841785607072030e+00
1.477485103835585178e+00
8.347470032401138607e-02
-1.050475356468646870e+00
-1.058007221236362261e+00
-1.521749305606901359e+00
5.525682921015580007e-01
-2.599760124389282723e+00
6.213259403530206892e-01
4.542413159819024271e-01
-6.054328691759047754e-01
8.424727562878837617e-01
1.009424904506043719e+00
-3.092783146583859555e-01
-5.607654797158054816e-01
-5.970991948902999447e-01
-2.978244172627843023e-01
-1.400797131924562677e+00
-1.198147714991722124e+00
-3.846402714570258397e-01
-1.351166570331106431e+00
-3.899056255887664024e-01
-1.795759522392360363e+00
-1.720175988371077214e+00
-1.188655866309620723e+00
-5.552847030530875250e-01
-1.466846617752729287e+00
-9.660131935516702573e-01
1.438139760710385406e+00
1.359832798221408012e+00
2.604963117516359006e+00
1.450439423580394349e+00
6.558117222225647858e-01
6.857960667690203849e-01
1.490225341236361967e+00
7.160464757141470349e-01
9.627268726383981789e-01
1.637792019681099553e+00
9.766403256890479057e-01
8.501547600628895918e-01
7.867055073025190914e-01
5.272868542575050999e-01
1.359248568047338068e+00
-6.275710888414631761e-01
1.016359193672453642e-01
-7.004641483846942851e-01
6.511563454500028936e-01
-1.402807047134191798e+00
2.811241332930192627e+00
1.656030854124357798e+00
1.300979711011187590e+00
1.107988989983507366e+00
4.011236071143394755e-01
4.464257360735908176e-01
-2.065160760435285070e-01
3.159387885670711382e-01
7.322576927735811037e-01
7.836486110524246707e-01
-4.041208234844159142e-01
-4.905396351171943392e-01
-4.724785369886852493e-02
-1.292193272398264314e+00
-9.786642460227673590e-01
1.148561850398472028e+00
-7.031219567174309404e-01
9.510390744383436790e-01
8.682311126120407785e-01
2.278631370223310526e+00
1.302711054895532738e+00
2.896245104253303282e-01
1.127746588855625065e+00
1.776167090083054401e+00
6.541783692241209813e-01
1.609839513694665047e+00
2.069917421495107712e-01
9.835134692560993930e-01
-4.940685782457550079e-01
2.063785476357907989e+00
7.715479633861441755e-01
1.324370387811848460e+00
4.552637234117581366e-01
5.892902506428583376e-01
-5.144568510708045217e-01
-1.062539358814981627e+00
-1.367301711606919268e+00
1.506455125537966566e-01
-2.370143643258177946e-01
-1.727892827401392495e+00
-1.448493973271424151e+00
-1.903248021247829769e+00
-1.796833925002526700e-01
-2.081876383738798353e+00
-7.283707617443899718e-01
-4.322822388279879968e-01
-1.373985075240832021e+00
-2.316099037634319124e+00
-3.513986217052316174e-01
3.739083474672846297e-01
9.557049636935278647e-01
1.311147738578947175e+00
3.305511253588910847e-02
9.859173248077145457e-01
2.018224710757929863e+00
-2.889480407816875207e+00
-1.072881874941481906e+00
-1.487941726195768144e+00
1.480951942203221350e-01
-1.233355476181156707e+00
-7.962980964851009702e-01
1.759654544635738116e-01
-1.027834090762114627e+00
8.345213153986730248e-02
-9.533850556629218653e-01
1.569592242003402305e+00
2.043332253584687841e+00
7.854365712477200390e-01
6.902679859531556383e-01
1.986668832883983882e+00
-1.940689550367118210e+00
-2.259448672173602013e+00
-8.393292735816872963e-01
3.246796172194377217e-01
1.163277891745793102e-01
1.194558963687748498e+00
1.549880983690080871e+00
-2.318758766676660699e-01
-6.809809486916156285e-01
2.900606079820334804e-01
1.869490999523051977e+00
2.853507814150121336e-01
-9.054089030024456974e-01
8.142362294927174560e-01
1.459593032361035991e+00
1.949123784690613537e+00
2.678491818026758953e+00
1.885624320653640495e-01
7.819389594570598234e-01
1.912450641745842228e+00
-1.255048809085984374e+00
-2.351666030721249356e+00
-1.727873811453748187e+00
-1.799391976604987953e+00
-7.623406203883618115e-01
-6.208630014568534694e-01
-1.315700903342265526e+00
-2.274015741171501181e-01
-8.628542341176261843e-01
-1.378063599691152996e+00
-9.365435026697483956e-01
-1.968763023290072134e+00
-1.777199136550418945e+00
-2.192247809764932054e+00
-5.615063823199484272e-01
-6.193720321998452683e-02
1.082693150056925457e+00
1.259274258308087369e+00
9.257886841698078628e-01
3.712252599521876917e-01
-1.328052807813951741e+00
-8.920125844790500746e-01
-1.489842285688814272e+00
-1.385751209365941872e+00
-1.009090803364256494e+00
-1.504432867723971778e+00
-1.515802281412415908e+00
-2.329509325620502391e-01
6.685939458273459923e-01
3.089535823911315759e-01
9.352551975064452572e-01
1.334044563150307283e+00
1.446118031808702353e+00
1.923836222065706369e+00
2.729457026377026807e-01
-2.065757755744725088e+00
-1.559493354955836519e+00
-3.292527206090052339e-01
-1.004537255638239257e+00
-9.229483594636854749e-01
-2.632513538912501616e+00
-1.455947007916654545e+00
-8.312618270354525940e-01
-8.593090232398608030e-01
-1.090622358440169970e+00
-1.111091176020972959e+00
-1.453970731060407751e+00
-1.874219372037335685e+00
-6.268130582929662964e-01
7.629276770005022357e-02
-2.285612608763947229e-01
-8.611686972224498193e-01
-1.485288890419609764e+00
-2.469831454191198095e+00
-9.208179780605282305e-01
1.523405096101541067e-01
-3.987605789571497805e-01
2.107499980285975294e+00
1.006683634205002953e+00
1.264891568703626401e+00
8.135837770225882171e-01
6.526444250025891236e-01
6.824617614013221978e-01
3.766553195601608506e-01
1.926949839147563903e+00
3.703405036021210073e-01
-5.722431682833373223e-02
1.423831606624342827e+00
5.965931432751501173e-01
-2.811183332415423397e-01
-4.852717377634165885e-01
-1.888551097942568369e+00
-1.741349201142363690e-01
-9.797413182599534753e-01
-1.426089579148917874e+00
4.326798814114763969e-01
1.891686456653316251e+00
1.259688595819472345e+00
1.346249828584148878e+00
1.084920614876114575e+00
1.797440747517876414e+00
-2.560014928509868337e-01
1.728905676886157483e+00
8.495868224251428291e-01
1.057615014487778726e+00
-1.137813920984386273e+00
-2.036512261753242292e+00
-8.701413255448015027e-01
-2.373299159615603893e-01
-3.237253594502935705e-01
1.819761980125618850e+00
1.665133066078529289e+00
1.173532266438711780e+00
7.155466349088612787e-02
1.496212048816665918e+00
1.633829918593963093e+00
8.451191573030181203e-02
8.755623859085446270e-01
1.164394766351751986e+00
9.442493637709540311e-01
2.253799853783566398e+00
4.885984813185185738e-01
1.480369029820457705e+00
1.224705314555968094e+00
1.775810742785882912e+00
2.119523896979223387e+00
2.504108572495838958e-01
1.521204733299824641e-01
1.553250444272135766e+00
1.020583761095958497e+00
-5.461360229883522877e-01
-2.569790164226231077e+00
-1.614056891643199876e+00
-7.099614809503125290e-01
-3.604047963021084211e-01
-1.041655625737297530e+00
-9.449449003463490371e-01
-4.087787721482613046e-01
-7.911466649179900168e-01
-2.277230726545254491e+00
-7.233360773210116834e-01
-1.601704476144556022e+00
-2.056716111471140529e+00
-5.893092339389176537e-01
-4.584605164797925791e-01
1.673182186469772237e+00
2.429669702212853721e+00
1.401344057975350887e+00
1.502391077678235654e+00
9.792663889117138032e-01
-9.313168475184183670e-01
-1.091956415528117841e+00
-1.793499864671931121e+00
1.173350466060358865e-01
-5.744636954420865305e-01
-9.301990785028262376e-01
-2.095827027880881044e-02
-1.516595567622915031e+00
-5.080951513356477545e-01
-1.235507907777433356e+00
3.858922678680651863e-01
-5.966365172311736131e-01
1.000496558073834530e+00
6.573617800884739015e-01
7.064685978301534774e-01
-1.186799405622200432e+00
-1.145044263536799001e+00
9.074988465497946244e-01
-9.780148811111958329e-01
-1.224136488785096510e+00
1.011961078221600641e+00
7.880669131492125112e-01
1.161779685355189162e+00
6.922146369556233525e-01
7.390771270726048670e-02
2.318294174477347092e+00
1.465659766638210293e+00
8.336703696010122622e-01
8.876335538932940139e-01
1.780053436611713114e+00
4.674561923995589341e-01
1.587594065061205262e-01
5.854877357236850655e-01
9.421188721060402838e-01
1.739754917845276694e+00
-1.553186044468854998e-01
-1.209432704733048203e+00
-9.919936918269520731e-01
1.507632220759911323e-01
-2.216507082998990796e+00
-3.843123729008413036e-01
-1.626423926280626819e+00
-1.532653249563677544e+00
-3.130136068793083481e-01
-9.758110608208049319e-01
-4.139787304943346458e-01
-4.588989535218570559e-01
-1.773603403554002256e+00
-5.650667931705166680e-01
-1.074317308528672577e+00
1.218283836902723127e+00
1.598120909834590320e+00
1.654627706496642148e+00
1.032120187118902743e+00
1.056288606778128747e+00
-4.319402034419198566e-01
-1.944752908434131289e+00
-8.779456631786219933e-01
-2.148847293310816919e+00
-1.749032322239783221e+00
-4.789709295371723519e-01
1.044785680432077424e+00
-1.391866956548486245e+00
-1.445638333159492195e+00
-7.534204700288207324e-01
8.985590453941745270e-01
8.647786718360873648e-01
1.886322505263838156e+00
1.446216864836502136e+00
1.966343314541159515e+00
-7.553928142983553640e-01
1.763680318196758634e-01
-2.223921129841443189e+00
-1.349797601082042942e+00
-1.147103382591077692e+00
1.328266079897359120e+00
9.936059906946728137e-01
-1.480726295555208072e-01
3.404050230061832050e+00
2.555219971877509266e+00
5.753216447612359286e-01
1.613605014958155559e+00
8.643751355259109426e-01
6.050079599784783380e-01
1.947708169655055777e-01
7.331271393712447404e-01
1.173165959487619592e+00
2.645400103116128498e+00
1.830873401243821919e+00
2.661711562236347417e-01
-8.911456888411299904e-01
-2.180663698526353222e+00
-8.312663819460878178e-01
-1.502714713907058464e+00
-6.304453642569420868e-01
-8.312904565935808066e-03
-2.032088086510044356e+00
-1.383035897118091384e+00
-1.038569543583475419e+00
-2.098987688713160438e+00
-7.129905175553890029e-01
-1.157645740652776034e+00
-1.950764334914728781e+00
-1.307800407297237122e+00
-1.324739788051543021e+00
3.269024120879066020e-01
8.122950164097901826e-01
5.799660224262337405e-01
2.961829254826843227e-01
-7.949348937237019630e-01
-1.096356287661349960e+00
-1.723795775320859924e+00
-8.701307996728409044e-01
-1.099946682660228658e+00
-1.368366869338442093e+00
-1.144492343713416682e+00
-2.265476258268946275e+00
-3.948738068484131114e-01
-1.282138399644261018e+00
-1.400901652223483840e+00
6.089040795401903239e-01
1.186258975709560515e+00
3.447959161852658383e-01
3.004543336890271865e-01
-3.341842343530969650e-01
9.251540687071768687e-02
1.063563440629995416e-01
-1.106382333544611685e+00
-4.882953124507687370e-01
-2.321990820491568464e+00
1.690939575867446809e+00
4.644123658084248207e-01
1.692133088023206611e+00
2.132064183690524084e-01
1.790655987654097281e+00
-9.331908548532164005e-03
1.170946345794550147e+00
-1.958424793840605194e-01
5.538703222808967208e-01
-6.959250962084315706e-01
-1.084100063581599382e+00
1.641720458894183832e+00
1.167384507958682427e+00
1.691834181642597246e+00
1.492222910908717060e-01
-2.417328355737433654e+00
-8.600533191696674296e-01
-2.043833421631953584e+00
-3.131714073059276293e-01
-1.052280634235321033e+00
-3.508375399280296847e-01
-1.642087465048540196e+00
-1.187876580134665350e+00
-1.157780143764213232e+00
-1.138503347084907524e+00
-1.781049268444909739e+00
-1.354062200231489044e+00
-8.499161010942014594e-01
-8.087854662067265332e-01
-5.603551268596504986e-01
6.455613587880884019e-01
1.415291425087934929e+00
1.265057046569425525e+00
7.813845796995806392e-01
8.955732763109643946e-01
-1.284183874088128396e+00
-1.993883418928970253e+00
-1.332375167909455760e+00
-1.415360734454786495e+00
-1.811750780802892979e+00
-9.301894375187266251e-01
-1.893736496363693789e-01
-4.115884467940226221e-01
-1.690126580289547320e+00
-1.722867028828047431e+00
8.672719596191340585e-01
6.556431984760471288e-01
1.696801178354194972e+00
1.167475937504611760e+00
2.406238569768402336e+00
-2.159669632595302424e+00
-7.288389641165384791e-01
-7.377841575032455523e-01
-2.106663129656766387e+00
-1.824783278933634456e+00
-5.249572389531305117e-01
-7.295093586569689759e-01
-1.600508042254291219e+00
-5.308031890889122195e-01
-4.545117095669806151e-01
-2.647383987462061938e-01
-1.795445461058378545e+00
-3.951823745287714740e-01
-1.225846087256769135e+00
-6.304247477912187092e-01
-1.845555103770799565e+00
-2.351737800464272610e+00
8.374733693472429241e-01
-8.509568653612142874e-01
-1.373689953516574525e+00
-3.731741859948940476e-01
9.487661752119520564e-01
2.228964012199070588e-01
1.722417665781216467e+00
1.744965465377180669e-01
1.561821955955059238e+00
-1.074991051384365459e+00
1.747804828742220984e+00
9.674310810125075211e-01
9.325640016013316824e-01
2.748564496924653433e+00
1.649833672382385208e+00
8.721796453845226393e-01
-2.376955189590490569e-02
-1.025680449007108752e+00
-1.786947582560880043e+00
-1.294510147029954261e+00
1.737030620856050422e-01
-3.085108362899779078e+00
-8.869451664458570805e-01
1.901832968852209316e+00
7.485328796757720893e-01
1.237622041325316724e+00
2.003989542285475878e-01
1.307233556579424416e+00
3.167098512577513070e-01
1.101035076842606708e+00
1.709955819888033801e+00
3.657280933318171279e+00
9.652186887156183337e-01
-1.192191707768034181e+00
-2.386796848796821635e+00
-1.953803204158253815e+00
-9.683494355140989107e-01
-7.501345489072926975e-01
2.212546307468831408e+00
1.136751784413841282e+00
1.326669366186298493e+00
8.381558062779944640e-01
2.241803339146998475e+00
6.158125225869789388e-01
2.357480329842616129e+00
2.156486676252169943e+00
1.177763719002557607e+00
-9.081335133865553466e-02
1.361917268172348372e+00
8.810511825614293357e-01
-1.050445455108792725e-01
1.234093100859755765e+00
-1.852055370593748140e-01
1.036800349720354397e+00
1.054841256786590575e+00
1.692601379062935951e+00
6.059031378027610604e-01
1.289307147256180341e+00
-8.092571760048569152e-01
-1.405003203541521861e+00
-2.165472697856736239e-01
-1.248552817704247975e+00
1.286767870422020899e-01
1.696419910105000373e-01
-8.007317998270303550e-01
9.430231915147468946e-02
-1.558500044738613921e+00
-1.966281214481184758e-01
-2.016706291331746836e-01
-6.789092888430747763e-01
-1.423577079950212543e+00
-1.768382581085490513e+00
-3.906587435705062283e-01
1.869432824736809495e+00
2.956093204202131730e+00
1.400781433168917012e+00
1.475284610973153221e+00
2.725458709262692736e+00
-1.229146763742078985e+00
-1.576278554884847471e+00
-8.238432068697058019e-01
-9.830450574336593306e-01
-8.000350559176033771e-01
-1.473095927610543088e+00
-6.633787247631588446e-01
-5.880534435156823392e-01
-2.813993955956715531e+00
-2.053675952244171654e+00
1.064518796428715275e+00
2.315337584866010268e+00
-3.449540484489124204e-01
3.639260891441731260e-01
5.268266986555237841e-01
-1.379050297170894002e+00
1.155298711950061286e-01
-1.956461716361535430e+00
-2.139979343158874059e+00
-4.851428751328483724e-01
-2.361209758551048310e-01
9.918821101618799929e-01
2.766973709684665383e+00
2.159353461159744247e-01
-1.821104442263841161e-01
1.622621982565771503e+00
3.768563176644434964e-01
9.918372056063509135e-01
9.295270611032401264e-01
6.127418206770887110e-01
1.601165835043829810e+00
1.043995593309231529e+00
-9.544090056316250070e-01
2.753126247086063572e+00
1.505465392119386125e-01
1.232256901768087332e-01
-1.231241507247139433e+00
-2.500335569796733104e+00
-1.392625268052541276e+00
-1.050422114945110952e+00
-1.606585809964029554e+00
-1.904278607161214554e+00
-1.626622739858718303e+00
-1.412833166533641105e+00
-9.439634187680375765e-01
-4.702275155672591689e-01
-4.607672942424545504e-02
1.531449580989514558e-01
-5.147862925504911313e-01
-1.330835178482826286e+00
8.890639661733164001e-01
1.781748502282221036e-01
1.389282556867328600e+00
1.122460699586101285e+00
7.578986723076419629e-01
-7.722576617266599941e-01
-9.660466208419500322e-01
-5.679197230053698586e-01
-1.569229394012465084e+00
2.664914442016237395e-01
-1.214050872485770816e+00
-1.017099469192345174e+00
-1.003477384544981144e+00
-2.251406235061607308e+00
-2.255828417341569914e-01
-7.270205532077489430e-02
1.119108566496731738e+00
1.238874492731550259e+00
5.379626986798671240e-01
3.639068591052625479e-01
-1.320574914709381487e+00
-1.413037846508614415e+00
-6.213579718864573609e-01
-7.603402131126235641e-01
-3.394638133372190891e-01
1.981760191730980836e+00
9.472729560511898850e-01
1.382853647502091166e+00
9.837406012956417811e-02
5.205427414533198016e-01
-2.693982717540388538e-01
1.150267780549118157e+00
-3.785837596828001139e-02
2.711419135678012182e+00
5.810390196243429006e-01
1.324951896420503816e+00
1.105706530120444064e+00
1.145527510476582744e+00
1.253295972286205373e+00
1.146439022020955267e+00
-7.465149282863159375e-02
-1.748824363499792645e+00
-1.133520710748314730e+00
-1.415811360999900126e+00
-3.986010461994109466e-01
-9.448214949540371110e-01
-1.253124284575113601e+00
-8.172811687699482741e-01
-1.377632917681550717e+00
-7.291434640104339504e-01
-6.214615964095577816e-01
-6.142865375480688339e-01
-1.630785231536513447e+00
-7.014615016535907799e-01
-1.620719871747571261e+00
1.600175206851950804e+00
1.814380350446616941e+00
8.293923945807282205e-01
4.994546902143627287e-01
1.525090832231559723e+00
-2.628100096679232056e+00
-2.349282130507617250e+00
-3.855133675663728887e-01
-1.843069931524015992e+00
-9.226146878513173943e-01
-2.074607883836552258e+00
-1.201351746668847920e+00
1.563461615952581596e-01
-8.770207794783900779e-01
-3.717853401529835899e-01
1.158919588633942732e+00
8.163230330473119079e-01
1.270195369959083997e+00
1.798489766422814995e+00
1.562678052028470654e+00
-3.456787601058173287e-01
1.308376317028264069e+00
-8.840132753990685988e-01
2.522977254113274448e-01
-1.706416817175887335e+00
-8.041748176662102399e-01
-2.332585090135496309e+00
-1.833481177554221242e+00
-1.073176504509320894e+00
-2.807098316666801985e+00
-7.914231881268000146e-01
-1.552365152793316438e+00
-1.221353489623731470e+00
-6.640984993318307383e-01
-4.679612051395442007e-01
-1.102175472516253585e-02
-8.145284979920018875e-01
-2.413150463844518701e+00
-8.237534987970872580e-01
-1.515189964587647431e+00
2.115514414883042704e+00
8.230221759482433397e-01
1.431721985841827749e+00
2.538586380323495373e-01
8.128913051971853321e-02
5.552428567676677140e-01
-7.284190932002816421e-01
-2.190127242122286155e-01
3.190309793090695401e-01
2.163878341808280759e+00
2.176857149469282771e+00
9.795276364713988437e-01
9.685705336197996118e-01
1.645332637220362271e+00
1.208466888781805304e+00
-1.057367171176188947e+00
-1.393690929007147306e+00
-1.567117706486528927e+00
4.854718606957009186e-02
-1.594174657473629964e+00
1.476052027347658280e+00
1.328218545077536117e+00
4.039707399763488027e-01
1.995878930514697780e+00
1.705524115716148703e+00
2.034353069017468485e+00
1.603502760727200105e+00
2.200997893918657855e+00
1.400988607603018243e+00
2.282059563333161734e+00
-1.099590809260762025e+00
-1.594983024194899457e+00
-3.899475268667792482e-01
2.547580905818718211e-01
-1.697244250341341854e+00
2.252436195657753881e+00
6.791130885675040751e-01
1.244375693719629083e+00
1.820287296431257307e+00
4.632803316669217297e-01
1.266931872349555066e+00
3.753174741107362378e-01
1.162607178483602066e+00
1.370391153293685882e+00
1.664410380739278272e+00
2.103371985091669671e+00
1.853284973594951701e+00
5.690598729025941882e-01
2.470746895542282218e+00
2.319138079877687275e+00
5.673502288406748750e-01
1.919290251211328791e+00
1.309780728650879356e+00
1.590254785178403907e+00
1.423375213824243701e+00
-8.746614749387252585e-01
-1.691198673341639092e+00
-1.363457414473027152e+00
-1.893796036194034027e+00
-1.109889374789577499e+00
-9.605291103534655539e-01
-1.499370660667847632e+00
-1.059776123127507130e+00
-1.033495707140224651e+00
-8.971061524817749433e-01
-1.218566114726179928e+00
-2.022425868627761858e+00
-9.491597334552895893e-01
-1.371345120505819803e+00
-1.163707432494358152e+00
-4.163688814164379082e-01
4.966186355037657263e-01
-2.763808554532525275e-01
5.099548061996743709e-01
2.084249817755791767e+00
-1.497172421105670725e+00
-7.404313956426137322e-01
-1.111381638993849341e+00
-2.431465553966222881e+00
-2.307034936187143614e+00
4.387659200639770773e-04
-1.305428870193943602e+00
-1.837157798853966684e-01
-2.416637132563760559e+00
2.635951169016943485e-01
1.748825297283634228e+00
1.499127977901281827e+00
5.405678720425799444e-01
1.281535265653497735e+00
2.291702735785921874e+00
-6.417685687896526048e-01
-1.251438380565347508e+00
-6.174566341422168536e-01
-4.714556065139335894e-01
-1.026817471127572823e+00
-1.434188454518126710e+00
-3.026286054579304441e+00
7.132161769220541903e-01
-2.516107943000315039e+00
-1.237865947989703175e+00
-1.159824475512940545e-01
2.356917635922650689e-02
-2.176249693610775804e+00
-1.399771514206817447e+00
-1.907231967197692279e+00
-5.848921379077194338e-01
2.369492014348897335e-01
-4.534157857816705217e-01
-1.814522201821613168e+00
-2.462437868730190438e+00
1.045652833143179139e+00
1.214903181324743064e+00
1.222729202920858071e-02
1.485286479247886593e+00
1.682400644014910629e+00
1.285473880750827691e+00
7.163681331219876602e-01
1.268635929795322248e+00
1.022462481117025757e-01
1.129120788523282126e+00
-2.008867433147787374e-02
1.121059199182873556e+00
1.484178291663421190e+00
9.483414664995588605e-01
1.280577428503266280e+00
-1.299520479580057231e+00
-3.220717751803755302e+00
-1.902966573628540381e+00
-1.009291609340552620e+00
1.184025394630414674e-01
9.858900286222374021e-01
8.567055736073609928e-01
6.041151998021202507e-01
6.521280701457132789e-01
1.768316993976963847e+00
2.158953722983383283e-01
4.702397600154567536e-01
9.787656386262583164e-01
2.354919355913300372e+00
9.287950769067624401e-01
-1.085101431201836553e+00
-1.516541405544384435e+00
-1.496838221673073566e+00
-2.970360449644044110e+00
-5.759799696760243837e-01
9.802838966156846023e-02
1.096210328492646990e+00
1.603160382164702691e+00
-3.355326568196110859e-01
1.674577903758678321e+00
4.923015058510018527e-01
1.440894276450291667e+00
-3.477624163167807314e-01
6.881803559736523468e-01
8.560627603975431432e-01
7.197601769354022849e-01
1.637984744388819802e+00
1.574965331997499884e+00
1.415341208454189426e+00
9.072299971618971171e-01
1.732577164278703563e+00
-6.902638060577821477e-01
1.400814817979075588e+00
6.742231056758033469e-01
-2.126530413210647730e-02
5.901591209329954957e-01
7.550853442737959220e-02
-8.120179748145823773e-01
-4.703637544772948376e-01
7.151792408554236147e-02
-1.962298647002425955e+00
-1.881503861257945553e+00
-1.222340709911794665e+00
-1.452088713764456696e+00
-6.354020758719964856e-01
-6.564675182963333189e-01
-7.176009862063074118e-01
-4.188381463580120867e-01
1.202217160838943144e-01
-1.800726376602417744e+00
1.077225780694040180e+00
1.737524690053045662e+00
1.272857241586047738e+00
4.058443957031834248e-01
1.926783856001808015e-01
1.345464236882900622e-01
2.496388530502606784e-01
-6.117734542201518355e-01
-6.344202866388297668e-01
-2.216451516727219850e+00
-3.114428547040560824e-01
-1.012776251592833798e+00
-1.156197631416878036e+00
-2.437315147320414432e+00
-2.428960821827652605e-02
7.945512002808415852e-01
1.119488861438262539e+00
1.117731401160322324e+00
8.932057833291098259e-01
9.238793718269775468e-01
-3.577965013481870793e-01
4.769557313900523177e-01
-5.578350860645104881e-01
1.193744083739940454e-01
-1.342236917051915279e+00
-2.861221251196377491e-02
-9.287936157332224996e-01
-6.200858049180890674e-02
-3.263039723518030844e-01
-2.642503832538733555e+00
-1.305218401133461104e+00
-1.996541495489668527e+00
-1.210513685808153106e+00
-7.201194775565702422e-01
1.641093850557928668e+00
-1.271648650103359701e+00
-2.124436987377316122e-01
-3.763893305827619162e-01
-1.304081758255639878e+00
-6.206000663254398475e-01
5.587786637796926525e-01
1.267773496501890529e+00
1.368398465598037017e+00
1.665922636222590292e+00
9.630420963391304046e-01
8.451663749666489256e-01
1.332142995112768347e-01
5.924740916705872884e-01
2.145045637449435105e+00
1.881324383154428848e+00
8.288916923316682617e-01
1.374955852214318597e+00
2.090422804551505642e+00
5.919915351194720010e-01
8.754928576684101182e-01
-7.256199982379862856e-01
-1.259080325185456095e+00
-1.834112815951605580e+00
-8.843519366512188062e-01
-9.160452268787582231e-01
8.222268757753490309e-01
1.353928311219906755e+00
8.996605844910857686e-01
1.428685345744428181e+00
2.240644216904897235e+00
1.541070861371142353e+00
1.512638145608316886e+00
1.149227804585095436e+00
-9.957350469549153260e-03
6.064442556877068791e-01
-1.328337312667740022e-01
-3.059948307832507375e-01
-8.271703948918553984e-01
1.711645150039895480e-01
-8.842101563479820570e-02
4.313948154777558219e-01
1.024824005007414218e+00
1.356084097370751085e+00
2.011715880003797086e+00
1.556947374222684921e+00
1.316200172951422998e+00
1.695900204213273366e+00
3.143358424617258562e-01
1.195579871291907237e+00
7.295697632897377716e-01
7.549436209158721933e-01
4.794795733653776093e-01
1.810084848021086934e+00
1.067348487128083612e-03
6.375069372981228000e-01
2.109239696388869323e+00
1.672027461536158111e+00
1.710968292227000642e+00
1.106550049499744892e+00
6.040397800225367764e-01
-7.672555133725454946e-01
9.688619114352148287e-02
-4.557305793087435219e+00
-1.276885505529489873e+00
-1.337159681800015987e+00
-1.255288622238939666e+00
1.456884273672613972e-01
-5.933718654878328280e-01
-1.391028226528723266e+00
-1.227409124662848239e+00
-1.333390695040302720e+00
-1.412267779163836945e+00
-9.027200166506365031e-01
-1.792789346490668123e+00
-7.669797895363155149e-01
9.752407533124697325e-01
1.054933812533743964e+00
1.249309964834503184e+00
2.442826670663695854e-01
-1.454513812947588747e-01
-2.845646887972069994e+00
-8.452396134804583960e-01
-9.485733905500843832e-01
2.938604683946339780e-01
-2.120085492749224532e+00
-2.055446322341031307e-01
-6.011071957765603546e-01
-2.735340300901752730e+00
-7.381795813233643644e-01
-1.423224616926881403e+00
1.242369018228618893e+00
1.568500161405982141e+00
5.497426256221447094e-01
1.282595385271829702e+00
2.625138748676802969e-02
-1.820406765959402540e-01
-9.477313885428750861e-01
1.953824546046869504e-01
-1.782724449840721537e+00
-2.317833619827575076e-01
7.867953992444349787e-01
1.374576448065689460e+00
4.863510994180569869e-01
3.682956857290291541e-01
7.832179012267314056e-01
1.703846563449506579e+00
8.046343344397257624e-01
1.087034977491089904e+00
7.598170936973649425e-01
5.778192061183873296e-01
1.331208526758218547e+00
7.628595131083510950e-01
2.163602803784817841e+00
1.330295514050048755e+00
2.822547105838567605e-01
-1.460009873753858045e-01
-8.922981487151329105e-01
-1.800183197528356427e+00
-2.229973723878885039e+00
-3.745772277656366001e+00
-2.686535580256552258e+00
3.425558245823712156e-01
-9.655935323344041477e-01
-1.185474999587209810e+00
-6.698840137556669738e-01
1.411244374031606075e-01
-1.438653875367888357e+00
-5.394997976955329122e-02
-9.897268139631901773e-01
-7.305704074566734540e-01
-1.314953819433128945e-01
1.081563402287649689e+00
-4.274454806194905032e-01
1.236779546497656534e+00
1.538096243469677660e+00
-1.341292102968243416e+00
-9.146126423213976064e-01
-7.808820540203154081e-01
-2.242731716026125532e+00
-1.707749338072814815e+00
-6.495045726255773699e-01
-3.473538353499776576e-01
-1.052206127435798555e+00
-2.056534415466648724e+00
-4.691939639218111191e-01
3.110438688617598757e+00
5.049608847820835633e-01
1.890602970354332557e-01
2.486731344060571391e+00
1.522648403174022391e+00
-1.340755365001336852e+00
-1.141921130789027128e+00
1.521667939196564845e-01
-1.151916673161303084e+00
-1.896421718569109238e+00
5.611678955162656690e-01
1.135909846056687433e+00
1.054972452583509579e+00
1.024888466748883342e+00
1.247112607204961865e+00
1.302987961998096633e+00
1.304751420690550390e+00
1.073166819376762060e+00
-1.656876664569968405e-01
1.756000259852400269e+00
4.044380422667442909e-01
3.959132654762774761e-01
1.739868756940995409e+00
7.641611328487049049e-01
1.784536246587648867e+00
-4.587868912140498079e-01
-1.396847068975345607e+00
-3.219911926543480574e-01
-4.261470308578622079e-01
-3.730323781546895923e-01
-6.545913911696457088e-01
-1.917711517562628032e-01
6.825664987226234270e-01
-8.739160981557850816e-01
-9.861597298256167266e-01
-4.336007112374501427e-01
-5.150552764405955664e-01
-1.483802779127669336e+00
-1.148787060200511689e+00
-1.771909306247434035e+00
1.288220993961489480e+00
2.226054382980262591e+00
1.052114359324460402e+00
1.852003205876283420e+00
3.036812288108362345e+00
-1.538479210479659631e+00
-8.277147207538141371e-01
-2.025124548474592778e-01
-1.334783837897328906e+00
-6.869220895989236464e-01
-7.758889218920694830e-01
-1.151027003646588831e+00
2.936545464120547955e-01
-6.939723937028252632e-01
-2.593192499660553985e+00
1.395348137973875247e+00
9.107686021993053327e-01
1.065935205561805432e+00
1.191851924020064013e+00
1.595151839771450586e+00
-8.213327758209072460e-01
-1.563474694431264300e+00
1.272606069357190783e+00
-7.462544985437665757e-01
-1.062472710090104577e+00
-1.906234920550026191e-01
-2.117617031628144186e+00
-7.836347780415297004e-01
-1.156830471843037778e-01
-1.684160543065144067e+00
-8.404165875891004278e-01
-1.637410423584807040e+00
-2.397168023388868363e+00
-2.167017150913761014e+00
-1.775596060292749634e+00
-6.521627870582048514e-01
-4.300804445425306932e-01
1.044450968129871260e+00
-8.268338339432861339e-01
-6.040039493094068179e-01
1.683884264249383644e+00
1.427078247170591840e+00
2.501876095411386114e+00
2.507278663795831086e+00
5.154065948399545460e-01
7.663034578544253295e-01
1.301169307562064947e+00
3.099103470244141123e-01
1.505007732742178472e+00
1.157772116150620034e+00
1.716014886174839660e+00
2.714602375305829263e+00
5.992307836107080288e-01
9.303833241105473606e-01
1.239379341248702193e+00
-8.981022713998630946e-01
-1.450795868421785206e+00
-2.897621764726895366e-01
-2.770263768729541276e+00
-6.575620904566201741e-01
7.997187193247199399e-01
9.523581130538485429e-01
9.207541536895128553e-01
-8.281235693612187809e-02
1.440404964463783966e-01
1.768025242789786233e+00
1.280522427924902118e+00
9.222256541687002818e-01
1.503097378736050871e+00
-8.077035765874329698e-02
-9.110720712918033426e-01
-7.789680018448272847e-01
-3.513485226244538184e-01
-1.139960582877427964e+00
-5.055256613313331426e-01
1.043024564530907750e+00
1.326664252475848071e+00
1.635046999415770141e+00
2.098827044198263714e+00
1.090363143711640559e+00
1.567006739065230247e+00
1.203486279681746263e+00
4.074817794764069578e-01
1.929341600180983995e+00
6.592885465024846958e-01
1.404353207371256573e+00
6.736580750993805822e-01
2.821514808445870770e-01
2.261871783828395266e+00
1.077395043317588286e+00
3.032904446174206736e+00
1.924905826960190414e+00
6.884126041805620488e-01
-5.650582088142939163e-01
7.023225482137250841e-01
-1.358858194221415072e+00
1.526123426598933186e-01
8.377144120009003547e-01
-1.085995101927018869e+00
-1.136530977067214510e+00
-8.085124681637466670e-01
-2.031783885657596933e+00
-1.227060616518071967e+00
1.493552168690914783e-01
-5.982909691848108391e-01
-2.049635866910206161e+00
6.901707309951787828e-02
-1.747936259058328501e+00
-1.143670144258595478e+00
-7.762416380554393314e-01
1.262027036113957390e+00
-2.546379135019025686e-01
8.735031797911017026e-01
6.548597959556076153e-01
1.420577357705523625e+00
-5.711073290949812975e-01
-2.293488517372952451e-01
-9.691239575606737100e-01
-1.180026302502430902e+00
-9.684018544314172416e-01
-1.492114454626066067e+00
-1.352167460174246383e+00
-2.422302068809881526e+00
-1.878989748537432281e+00
-1.889434522870877098e+00
-1.669616899801733556e-01
5.520467370012409614e-01
2.835164083051932016e-01
1.401435134989110542e+00
7.376383266687198681e-01
-8.888478917009106084e-01
-7.348625272305842060e-01
-2.775923432698841342e-01
-1.920028416278723782e+00
-2.531204610418106071e+00
6.367078000277675009e-01
1.941933464552175082e+00
1.283588001690241454e+00
1.921094228237019141e+00
1.410282836370645443e-01
7.663949029755481313e-01
-1.222924215094556288e-01
2.204563570004267614e+00
1.292066309654103851e+00
3.441964948718055917e-01
4.401055592220876056e-01
1.304339234243208745e+00
1.377038136171159222e+00
1.400458525864607395e+00
1.162839015480219285e+00
-2.226703230339057704e-01
-5.654082894278325000e-01
8.591151300101773636e-02
-1.807730108975561745e+00
2.966488643234841405e-01
-1.422179234769675338e+00
-3.302227141084714823e-01
5.192090363637449357e-01
-9.555578149004417821e-01
-1.593174429938173375e+00
-1.809532409459035929e+00
-1.149323077856718500e+00
-3.424034615393845016e-01
-7.898926302836468683e-01
-1.041390970379272307e+00
1.877413828295052323e+00
1.370557163179641158e+00
-8.210861738500836449e-01
2.795388747706279986e-01
1.360234331991808432e+00
1.404416208683456624e-02
1.223220638431288254e-01
-9.671845885954367672e-01
-6.309200081614508848e-01
-2.938684161355942237e-01
-2.454903066618723706e+00
-1.574289792502314711e+00
-1.096604728072774648e+00
1.814163765573437725e-01
-1.060465272256809088e+00
1.615109365898485638e+00
1.384835947737090844e+00
1.555739455789436176e+00
-2.723683904168650027e-01
3.846306105900416661e-01
-2.186452321800512522e+00
-3.065004637180559488e+00
-1.765438353604731336e+00
-2.185629735709412547e+00
-1.517962664639761705e+00
-1.393677178098547742e+00
-4.666350066647401151e-01
-1.034770968691244741e+00
-1.399233945933958667e+00
-1.205919548088647542e-01
-3.979766606542757268e-01
-2.282577679950241745e+00
-5.535041274200804828e-01
4.610324022982226211e-02
-2.301753320599124741e+00
-1.790788331319903559e+00
-1.303826582159112846e+00
-2.117912961324858845e+00
-1.289201865331863095e+00
-2.524327297146805371e+00
-3.605542949799089847e-02
7.948467494210282869e-01
6.266159493493292931e-01
-3.671149290701425372e-02
5.576346830661504939e-01
1.040647962797645709e+00
5.768997029187381553e-01
4.355346574556762107e-01
1.969088119207657250e+00
1.315448957537982633e+00
1.190982600001425862e+00
1.001455122288985589e-02
1.216145284901397838e+00
6.817032061865400117e-01
7.420777317027527076e-02
1.470315051037350162e+00
-3.588375984477277791e-01
4.766140909536795700e-01
-1.055127165829191638e+00
-2.644640904994063346e-01
2.809374082341259182e+00
1.519889268201790156e+00
3.987997430353423800e-01
1.837699922095055172e-01
7.169888920363036711e-01
1.306639557787367512e+00
3.688366792288810370e+00
1.805739181578819519e+00
4.513455443621405827e-02
1.214118640187032971e+00
-7.524481605530297657e-01
-3.304820872941394150e-02
-2.029332208038459040e+00
-4.265536926560720143e-01
-8.110050232165827433e-01
5.387774828177456232e-01
1.603168956353692387e+00
1.973000503249988657e+00
1.237657492915624324e+00
-7.256075911612702711e-03
