-1.434994023674202923e+00
-5.484220559250094773e-01
-1.726227994969654622e-01
-9.973653350481762603e-01
-8.804202073804986428e-01
-4.535689371283030402e-01
-1.504391625074843475e+00
-9.337762262711201133e-01
-6.482109446887118764e-01
7.187293580061941967e-01
-5.828625075219098228e-01
-1.435534395103556848e+00
-4.755694797307296051e-01
-1.559608808053491558e+00
-1.595978750650210998e+00
1.100821079674935588e+00
1.679784467429796369e+00
1.038478006701836431e+00
2.280244033547938365e+00
1.352914062530840456e+00
1.854268334971704846e+00
3.001280427806936046e-01
1.433509507893142576e-01
8.221865911608896571e-01
1.367491751428731472e+00
7.016729010644963127e-01
2.044049201925065340e+00
-5.782871559392062100e-01
1.553120239427497440e+00
1.107895704301625761e+00
-1.491810160358073567e+00
-2.591894102963188118e+00
-1.112414764679285017e+00
-2.179318566376540645e+00
-1.184618557117799398e+00
8.479871709862434326e-01
9.750772202347922635e-01
1.608978486164890143e+00
1.430609711762981018e+00
1.061575783583786681e+00
8.113078616352538130e-01
1.138484836763967500e+00
1.390784996328067180e-01
5.711647127325067963e-01
9.557059707630548573e-01
-1.349815523044525012e+00
-1.100263508842608484e+00
-4.508417648395458555e-01
-1.950071911548971748e+00
-4.322161500789489796e-01
6.353713632985558135e-02
-1.114392865316475856e-01
1.861590315645102578e+00
1.015800138532563457e+00
1.073447647399846661e+00
7.515456937743647536e-01
8.801977799507292310e-01
4.526369443619705502e-01
6.080964377118263098e-01
4.192812533204615111e-01
1.076543056173762780e+00
9.862912935171049833e-01
7.212404903598239603e-01
1.055258113418527488e+00
1.056220076717161893e+00
1.102062790929775327e+00
2.856890930022705000e+00
1.108307199722035064e+00
6.982779726810561804e-02
1.557217890814180716e+00
-1.184111575554206430e-01
-2.024219765159974038e+00
8.412904156366629582e-01
-3.744408394640539317e-01
-1.008260294685858094e+00
-6.644104675583979436e-01
-1.252993657546292772e+00
-1.242557504533838397e+00
-1.410487526974186334e+00
-6.810133079647237020e-01
-1.255029897031407771e+00
-2.236335686781141696e+00
-2.363408745078857454e+00
-1.929173978430680503e-01
-7.762061603675218802e-01
7.908270991478335565e-01
2.746833399177153190e-01
1.169449370469509253e+00
2.768858346068305831e-01
6.408137190814113815e-01
-1.627025193682067883e+00
1.698595967754652492e-01
-9.315145703034380942e-01
-4.952526931012266598e-01
-5.667670215022839741e-01
-1.200466010625438340e+00
-1.022191223039032204e+00
-2.557537967019039904e+00
-1.093298202968767896e+00
-2.753965608774711082e-01
-4.926984185389615689e-01
-1.549515719868042041e-01
1.852951479845371896e+00
1.694694795716811253e+00
2.584563012815126459e+00
-8.437945374709155955e-01
-2.149079222611422146e+00
-1.057265981981131642e+00
-1.366091757415307306e+00
-2.037704110841927374e+00
2.170792153132162783e-01
1.058678474788354862e-02
-1.339651185048085225e-03
2.041801218217931257e+00
-5.107924771081091553e-01
2.088512597167420992e+00
-1.794059762596000862e-01
1.758366533840529655e-01
2.680197889152952762e+00
-1.368512307729721211e-01
6.737586984910358678e-01
4.917440520110448743e-01
1.370268761054183937e+00
1.030782430013364115e+00
-1.326547671997539979e-01
-2.942507538978682113e+00
3.472617622770672874e-01
-1.843388702912376553e+00
-6.378067091926413745e-01
2.635594748385061692e-01
-1.971646441560754193e+00
-1.743500719273390676e+00
-1.239441398371541547e+00
-9.450750994880513511e-01
-1.582833038852541119e+00
7.534491118149913014e-01
-1.536814103775663298e-02
4.307376611693976010e-01
5.264279713077517631e-01
-2.864460825247856057e+00
8.800004972790889113e-01
1.245003640938251666e+00
-5.554525940135246476e-01
-5.769170659332640838e-01
1.947355572939320156e+00
-3.945850494884384219e-02
-1.607897070503433001e+00
-1.145640905805164866e+00
-4.387353982667020480e-01
-1.673170644552119946e+00
-7.741050083575723439e-01
-2.327145881846746089e+00
-2.623033666118638862e+00
-8.079550410739203548e-01
-1.374364442200648462e-01
-5.638091594928116290e-01
1.245168606307700987e+00
-3.889451736434992313e-01
1.882587930030921175e+00
1.913690547770159789e+00
-6.713670943674940883e-01
-1.487768548644097244e+00
-5.127222020440151962e-01
-1.505210407925491323e+00
-1.320102564320231098e+00
-1.992292563325547494e+00
4.260926718197000085e-02
-2.000789133595954006e+00
-1.203169751468325721e+00
-2.021043311680574384e+00
-2.280877146346591111e+00
-1.106086714442393149e+00
-2.236580085068541557e+00
-1.755081664175231593e+00
-5.422037202449268012e-01
-1.649611861794421319e+00
-5.415796279166640304e-02
-7.811295696256648213e-01
-1.513026495090048940e+00
-1.340959323569675732e+00
9.304430219548633918e-01
9.238339388402962982e-01
1.515580260279365543e-01
1.396430647195966657e+00
-1.123802138876781154e+00
1.222289315384546216e+00
7.471777056216803992e-01
2.437873918254589434e+00
2.691594207877794354e-01
4.495976867333580929e-01
2.516836745976258172e+00
1.530368592259338412e+00
1.037597419511131935e+00
-7.845348728816756712e-01
2.250720684953099404e+00
-2.684538533965685758e-01
-9.244132247081757736e-01
-7.678835929276648375e-01
-8.916101696268684540e-01
-1.777716582530835421e+00
1.722690652608759310e-01
1.908291040077130241e+00
1.271512668599731555e+00
1.569938693004738095e+00
1.530453165130685633e+00
1.358980777236543647e-01
4.378939621151621830e-01
1.313947952164254307e+00
2.233549160168177838e-01
2.401059635208197207e+00
-4.988851220333863079e-01
-1.994495517364988313e+00
-7.543198909707665711e-01
1.825422628372552758e-02
-4.385996553712716572e-01
1.482028581901951414e+00
6.051346334037263075e-01
1.047192122368956202e+00
1.342893924365747615e+00
-5.287688768423937091e-02
-2.003225492089559356e+00
-1.344703215071923363e+00
-9.114248466720691333e-01
-2.258329430261194481e+00
-8.032737266059426506e-01
-2.201254259129742152e+00
-1.501032039781807548e+00
-1.693257887779429094e-01
-1.782125254350266363e+00
-8.601880110603893348e-01
-2.013429535958859873e+00
-1.667283766953527202e+00
1.016875024347443368e-01
-1.207405417631679967e+00
2.581541270980447500e-02
-1.045275293061709743e+00
1.224348333891077667e+00
1.480934796836857803e+00
-8.403246475598071807e-01
5.538413507464523544e-02
6.753252613205615873e-01
1.869619105172294127e+00
9.691703143735670434e-01
3.055628545338102242e+00
2.105461251998240080e+00
1.012115891236934573e+00
4.677955751447564481e-01
1.381534101237083867e+00
3.774134281956189607e-01
-7.583252751568325678e-01
-9.039311594845594877e-01
-1.114920646067665500e+00
-7.966507996662128832e-01
-1.335206184102677662e+00
-7.986943312842522680e-01
2.805488477631851163e-01
9.895853174651891848e-01
2.170744872330416797e-01
8.259940574455550966e-01
1.157648846509903517e+00
4.930112737306161508e-01
2.632989290710036068e-01
1.709870416703661800e+00
9.078308506551097112e-01
2.001237797551338460e+00
-2.572752685254243721e-01
-7.819165330906110434e-01
2.566499593008586544e-03
-1.250331801444791502e+00
-8.990344980748188330e-01
-6.913960869135455933e-01
1.928747574686104471e+00
4.871928143522074039e-01
1.138442378366793184e+00
1.708461141286861995e+00
-7.997182451041222606e-01
-2.693442774512337934e+00
-1.143254708535713204e+00
-6.547600392195587204e-01
-8.525936422394140290e-01
-8.139142880638232658e-01
-9.123528589712236458e-01
-1.804952128186614324e+00
-9.215064927540601580e-01
-2.717838301157605052e+00
-9.433990854521534519e-01
-7.976566034520157222e-01
-1.223397772590423704e+00
-9.678044543102926056e-01
-6.514222688026742869e-01
3.549192546082658994e-01
7.793495914023161886e-01
1.968151869810482291e+00
1.305810905726292770e+00
1.617472056235318645e+00
1.786436349653465205e-01
1.277616252107326877e+00
1.363770127162865942e+00
7.354381479896732188e-02
9.910546857736867166e-01
1.199545582592590920e+00
-4.272096216111478384e-01
1.862420759251587343e+00
1.358057006906139730e+00
1.937689492753762455e+00
-1.429169522872579368e+00
-8.293150460753079267e-01
-1.008594587928369757e+00
-2.128213758192658567e-01
-2.119655097542801236e+00
7.142954348531734832e-01
-7.667421360452857382e-01
-2.195713239433012554e-01
2.427909486314791199e+00
3.921759300169714857e-01
1.352255382853617238e+00
-3.949856503688398135e-01
-1.126147173806737012e+00
1.449670927803496268e+00
4.447837799373529633e-01
-1.764542030583390986e+00
-1.515685193206516956e+00
-1.844842778671049510e+00
-1.188399637824752997e-01
-1.697497681757641264e+00
-1.412768786282918576e-01
1.991324365393253304e-01
1.793948848558741815e+00
-1.055021147202699350e+00
1.555994595606618791e+00
-2.107422175844697154e+00
-1.699905122111167399e+00
-1.738200523994843039e+00
-1.057398538850016223e+00
-2.074601424190742893e-01
-9.914177729477393619e-01
-1.115040352854177463e+00
-2.128928748472258548e-01
-1.971577103964740285e+00
1.331710835111936220e+00
-6.880245112239378180e-01
1.183600694742040993e+00
-1.130109558351981569e+00
-1.517822339263221965e+00
-2.591079258709536592e-01
2.236266088244202699e+00
2.159762890062184137e+00
1.171505097069088563e+00
3.530702333986316388e-01
9.582397140371977651e-01
8.620710523115218127e-01
8.940634513611349643e-01
1.571338365638693002e+00
1.020679531746924384e+00
6.278496494953815787e-01
1.729000972291533378e+00
1.608347572217632360e+00
7.863782181992902132e-01
6.383920228539561315e-01
8.417577538575439222e-01
1.119362556707873324e+00
-2.288749318730613602e+00
-4.279720761486925928e-01
-5.508785901435586663e-01
-8.383417684486110799e-01
1.663922928914658428e+00
9.494525516469490833e-01
-2.758438772322160393e-01
1.836906131019703903e+00
1.367552045685081596e+00
-1.656367779619170033e-01
9.677854056418871975e-01
9.027990253179751790e-02
6.648217634290010114e-01
1.898028727593867426e+00
-9.961741802840582416e-01
-1.494396559817710912e+00
-1.862521205952947678e+00
-2.461614975884990564e+00
-3.934018093539000116e-01
6.894719878405272118e-01
7.688774404686251618e-01
9.411914617127954408e-01
1.703547937608258511e+00
5.493647590389760804e-02
1.341003687389703547e+00
9.434306216064000106e-01
1.632005538514290865e+00
5.378436658167267126e-01
9.193847542798312400e-01
1.238779757866759201e+00
1.002526864208552082e+00
-1.426340607124216842e-01
1.660354485610944675e+00
6.466716517216419824e-01
1.090854374909644431e+00
1.735699428242350351e+00
2.200328329295262009e+00
-1.121373791570633660e+00
1.188671972066749127e+00
5.704731031292029630e-01
-5.003406705912674113e-01
-1.554336938150309155e+00
-1.601442658161519539e+00
-1.183543716580904182e+00
-8.582149088019997984e-01
-4.808416608738856901e-01
-1.654917039530632739e+00
-8.958331769661638244e-01
-1.665048394259286413e+00
1.874330437840230346e-01
-7.432712220626109811e-01
-2.334126815977727976e+00
-1.004311071568661173e+00
8.782803070184765915e-01
1.161995511992810037e+00
1.084590792544295024e+00
1.875103862951553513e+00
9.703786490257872988e-01
-1.313900524851063789e-01
-1.943045294492449226e+00
-9.447812903216891156e-01
-6.363871614852019132e-01
-1.418027177034812292e+00
-1.246185426392194984e+00
-1.674567304365459197e+00
-1.774306617879371384e+00
-5.248584241327713951e-02
-1.701940694721973291e+00
-2.858279711489335462e-01
1.372385462175825133e+00
6.662464787257150745e-01
9.706154478928039619e-01
7.549428637599147063e-01
1.367775218714665453e+00
-2.873326540734980616e-01
-4.495511505061505764e-01
9.561149320093680348e-01
1.136182052531142794e-02
-8.222452335241523524e-01
-5.650530855698550070e-01
9.762919333290593915e-01
-1.262749019497085845e-01
-1.425240893781602791e+00
-2.439270822605403843e-01
-5.710605100286579860e-01
2.182711615872747757e-01
-9.377263550299241857e-01
-1.613595756948433380e+00
-2.258133998431237632e-01
-1.913103728358927613e+00
-8.727894011484111925e-01
-5.561385963132496890e-01
-9.807160521870128544e-01
-1.354241261668986729e+00
9.997346807087096332e-01
1.761312256068774840e+00
-6.369194136750420121e-01
1.221038161276034151e+00
7.783183653622507414e-01
2.720802478242323463e-02
3.928433559543275111e-01
7.252982313340017306e-01
8.426693999401763113e-01
2.139605283989244322e-01
1.066116463573483664e+00
3.520438728147942120e-01
1.493015279922847993e+00
1.090753933607498283e+00
1.495729676115907125e+00
5.571385747234007813e-01
-1.081046975752900874e+00
-1.423883480721148898e+00
-1.076521356423949971e+00
-1.474910794469555642e+00
2.125788044850666303e+00
9.278071533535117155e-01
3.667537447110650328e-01
6.007729007779420982e-01
1.264863574300569393e+00
9.695942448276526626e-01
1.722961911599841800e+00
2.002101464094676153e+00
-3.289818289917805227e-01
6.167024240553871106e-01
-1.490208100219484910e+00
-2.367378220219651386e+00
-1.111896770018218517e+00
-1.234061127146503622e+00
-1.108114255179982743e+00
1.295296980622886007e+00
1.383731787132517654e+00
-7.968208989436948997e-01
6.338793916262550621e-01
1.668455916461855981e+00
2.978651303238214476e-01
3.207087132119474937e-01
8.255841213977259674e-01
1.061885031307307381e+00
9.058305846042782328e-01
9.276131640535458800e-01
1.225370354566533759e+00
1.389450796059260584e-01
1.255275464372075600e+00
1.311017972694784151e+00
1.636874883478641740e-01
5.195254984569963597e-01
2.464175173424587584e+00
1.121591510498018751e+00
1.716951615856614932e+00
-8.290117926320963448e-01
-8.633271197271993325e-01
-1.285901035785199653e+00
-2.442169407947343274e+00
-2.558846379235556245e+00
-1.532673171435479098e+00
-2.834062846181022444e-01
-1.428965293598452257e+00
-3.045430612262767234e-01
-5.478768586821620712e-01
-1.462655965744920072e+00
-2.087095555534669078e+00
-2.809066242161201155e-01
-1.434729108265692554e+00
-1.240501239371379683e+00
2.364624149940168785e+00
6.123491589090213072e-01
1.492490424246733394e+00
3.345701948734918219e-01
8.432858248046490868e-01
7.096158374533190205e-02
-2.163502115403801440e+00
-8.467434201598900145e-01
-1.007572908831036340e+00
-5.280056526218344093e-01
-2.270209798347167407e+00
-8.560004520237174397e-02
-2.718794761460253673e-01
-2.356412305048840139e+00
-8.116299500115252696e-01
1.102252185424626107e+00
2.051855905001143121e+00
2.550032052798008042e-01
1.429013717248629467e-01
1.226089758825016363e+00
-1.923670258522036658e+00
2.845776499334595755e-03
-1.656657242190373358e+00
-2.997869005490424454e-01
-1.582071439608236929e+00
1.943720236896559594e+00
1.613098078568303784e+00
6.781357638371663388e-01
1.686063569478400526e+00
1.490668701532158913e+00
2.114697656833601780e-01
1.299381860924086141e+00
1.679192532053580100e+00
8.221228494453978186e-01
2.071561804168574827e+00
1.726182953623152105e+00
1.201726735374338828e+00
1.670176728530679888e+00
1.036122331921820461e+00
3.597076074076720476e-01
-3.582352956167296210e-01
-7.613382808945722280e-01
-9.928819704214619790e-01
-1.063126240600152261e+00
-4.570281927076452755e-01
-2.485206395304226934e-01
-8.051316090026428007e-01
-2.702469853015813106e-01
-1.506933387362371146e+00
2.596654081762939104e-01
-1.834687313376299755e-01
9.280110667626868537e-01
-9.824419818708144403e-01
-9.478793433524230760e-01
-2.673582764871410333e+00
4.590993840042859597e-01
5.609093684857524575e-01
1.859162384049691363e+00
1.950362278313275244e+00
1.593359592939195934e+00
-1.672153193892752743e+00
-1.129531234404157702e+00
-1.174236494919592477e+00
-1.767239711263151047e-01
-8.904722464679883931e-01
-2.215902081874338014e-01
-1.326404449984261547e+00
-7.716083237570156017e-01
-1.282094484016483626e+00
-6.291213804558111189e-01
2.286637449672026534e+00
-3.389069815237930605e-01
-4.255263266452751214e-01
1.343509103304062258e+00
1.200687771168407858e+00
-1.215265413742135481e+00
3.496964377695859216e-01
-1.575770338669349124e+00
-7.970880797909882798e-01
-2.614350364121524883e+00
-2.051306104138094000e+00
1.733863510575317513e-02
-2.470876661246318662e+00
-8.163141970997102037e-01
2.071676214620716827e-01
-4.829956638713925887e-01
-7.972108998271654201e-01
-9.258955714541627913e-02
-2.133906543796047828e+00
-1.014603341142257031e+00
-1.426051151064363864e+00
-1.326941081107027909e+00
-2.843625273553707089e-02
-1.146433899669365264e+00
3.328999473860636549e-01
2.439717477298071202e+00
1.968322815742865162e+00
2.060267228259178296e+00
7.491993939436307759e-01
-1.823556707316569270e-01
5.324678363838944994e-01
1.421886713314449491e+00
7.374727845637224499e-01
1.798032544469835070e+00
5.174467089767087469e-01
6.135442861506925638e-01
1.635816760681384485e+00
2.402779311454027678e+00
3.913763312240003955e-01
4.133502709572342004e-01
-6.101026413613961363e-01
7.049856163105356899e-01
-1.110642256305130138e+00
-6.343268210140184937e-01
-2.397276198127251234e+00
-8.322118712865511636e-01
5.702526426755201161e-01
1.982999410116196515e+00
9.870678467648238419e-01
7.748222818721706151e-01
7.212110988680277002e-01
2.035938679221745762e+00
3.054636136840821470e-01
1.270006133828693429e+00
1.873539546486342910e+00
-2.996613307475506360e-01
-2.259436562620660283e+00
-1.473858669062775961e+00
-2.184407247673719743e-01
-1.048468428284007326e+00
5.147937489399032618e-01
7.236872183539576620e-01
1.992319134255450042e+00
1.668255115601746663e+00
1.045277539664295707e+00
1.597183693085235223e+00
-1.416846553367039352e-01
7.172142887481682827e-01
2.092270284153515014e+00
9.802202898577790924e-01
3.713591460684475543e-01
5.136748963430294301e-01
2.007468731053726252e+00
1.111334817358422100e+00
7.117020779881211290e-02
2.236679520511339447e+00
8.807312479207205502e-01
7.513185476942912944e-01
-1.895382681554333981e-01
1.323345441843461145e+00
-1.274176140307082150e+00
9.310263634073168149e-02
1.459645804831543714e+00
-1.762944164903668121e-01
7.245466372869309168e-01
-1.558578531083338881e+00
-1.655235348891927361e+00
4.348323344321174400e-01
-2.511770244815205722e-01
6.841213342648981843e-01
-1.158602462337067429e+00
-6.764866855533373524e-01
-1.281534256707606456e+00
-8.582905343483742122e-01
-1.011728880891021420e+00
1.607099629482287684e+00
1.090779975461021900e+00
-2.356290671972860462e-01
2.256543670976745020e+00
8.307710782977595354e-01
-8.332460610064008621e-01
-1.469247882457869192e+00
-4.386779720911694325e-01
-1.061440342816496019e+00
-1.028017932761457143e+00
9.211190599011653823e-02
-1.333455871178108154e+00
-1.465727808412987221e+00
-1.851363781508074347e+00
-1.736984364829351701e+00
9.404799044415761422e-01
6.161217827321638918e-01
6.145893658351958555e-01
1.168630459960517953e+00
7.073257713947540548e-01
-1.463714132000349721e+00
-1.099206043165571911e+00
-2.054103422724322670e+00
-2.152961798631620738e+00
-1.829556848557665205e+00
-1.566719763895469519e+00
-1.867112584414903020e+00
-1.708319017331031420e-01
-9.374749824472390358e-01
-1.321451500195953033e+00
-1.811114474750810555e+00
-1.039406157848625112e+00
-6.583208609574380255e-01
-8.028263883123065714e-01
-1.690741274503810621e+00
-2.322341158840011133e+00
-1.126360772087870110e+00
-2.468564542270867967e+00
-1.878994280662512395e+00
-3.810239450931039995e-01
2.497871136593697639e+00
1.503143591890729658e+00
1.900803307034602208e+00
2.088274833339948122e-01
-4.257448539060000314e-01
3.388462513980752266e-01
6.454563051617857594e-01
3.815714666254130805e-01
1.259560813019915848e+00
1.964999443541648461e+00
1.829512198341055829e+00
4.663386661613994066e-01
4.108144982479263740e-01
4.224325790447895912e-01
1.675217758788016376e+00
-1.880073567764689368e+00
-1.637252842740083203e+00
-1.493338574495923110e+00
4.042459474228337069e-01
-1.023632274211388360e+00
1.535535464720795940e+00
8.574576415687227282e-01
1.801986595928448676e+00
1.266502865623015506e+00
1.588476327702141866e+00
1.238875331192521356e+00
2.090190965794939792e+00
2.385384380409556471e-01
1.297464601594599642e+00
1.784528117880779252e+00
-5.331338355193768752e-01
-2.253118953853811002e-01
-1.103509082179894740e+00
-2.368026990597940085e+00
-1.150775298756180343e+00
9.041922682114532650e-01
8.196291646855580204e-01
2.137977044660265058e+00
1.757891192490206977e+00
9.113398590866075288e-01
-8.626441435451958073e-01
-8.833558280716220512e-01
-2.266847848405308952e-01
-2.957317707699624876e-02
-1.150473207019892197e+00
-1.509930457948460925e+00
-3.463551117065749585e-01
-1.598507402573556835e+00
-1.140247934562070631e+00
5.140088525852437584e-02
-1.680762050833296328e+00
-2.100077308790950781e-01
-1.232296030696044653e+00
-8.311777819585480787e-01
-8.428895247325463025e-02
6.950381613402172309e-01
2.032015862323623967e-01
1.715706200663333014e+00
8.559913539180539210e-01
1.001960193451333136e+00
1.970007665725198809e+00
4.957673318043874788e-01
2.028405798468158050e+00
1.143069884618038934e+00
1.286944606041170669e+00
1.163364640701171959e+00
1.404164693478254122e+00
1.481328604387034620e+00
1.011547609175875051e+00
4.839172055291136587e-01
-8.139896146186548220e-01
1.070344602673282353e+00
-1.341877857576345923e+00
-7.283700835766087067e-01
-1.889282394977941593e+00
7.058895787410901512e-01
8.788525788560846985e-01
1.748348970531459656e+00
6.044138579670754741e-01
1.062610041438471598e+00
5.396650760640435696e-01
1.401138438067403902e+00
1.333405293425568683e+00
5.338578628388879199e-01
-4.046121841524130680e-01
-9.932675887592534725e-02
-9.542837820102501034e-02
-1.967870169304059669e+00
-7.375418061798129088e-01
-6.880273107106407160e-01
1.045806756388958370e-01
-4.516280195519284391e-02
1.229315551322371025e+00
2.428023907037244022e+00
1.997649498958018466e+00
4.457165967487757285e-01
2.624507125039603928e+00
3.968461491371320093e-01
1.217634782520836234e+00
2.141805175363891145e-01
1.027864737218914026e+00
6.136755627013934511e-02
1.379377927477877241e+00
1.542094916605750043e+00
6.780670375746556955e-01
8.208269440661254412e-01
-2.509907705659184529e-01
6.378327437956841095e-01
1.345094639977369111e+00
1.876985319731180102e+00
-7.956320021047741387e-01
-8.842235388918098238e-01
-1.373433869069350388e+00
-4.325465053536249327e-01
-5.587926170865915587e-01
-1.240630537750332163e+00
-1.881342606096507719e+00
-1.468484223982566395e+00
-1.627361046625440899e+00
-2.129508070359611871e+00
-1.240191752437966199e+00
-1.858386725870336598e+00
-1.570543093986006999e+00
-6.740071735607211512e-01
-7.030638934103516924e-01
1.319539330119717579e+00
9.504280263277055107e-01
2.604081603747042450e+00
2.380809120802709344e+00
1.119601909493483927e-01
-1.554802949682534852e+00
-1.258331453923545729e+00
-6.654203227371650042e-01
-5.278551543011655856e-02
-1.529964905562602340e+00
2.178878728760089700e-01
1.076231717467134974e+00
-2.408495222847704120e+00
-1.273648321394812433e+00
-1.358212494833209938e+00
1.797257501614050845e+00
7.309139037119896098e-01
1.737621656163729211e+00
-9.159414335203277524e-01
2.312594119219673061e+00
-4.427484160335891650e-01
-1.443795354190989810e+00
-1.048688057749650238e+00
-1.973568658094281947e+00
-1.902755918925022716e+00
-1.445574660348147855e-01
-1.866500942691604381e+00
-1.446856431062658377e+00
-7.374368414718047715e-01
-1.807207154415791273e+00
-3.276946667215763220e-02
-1.273893331333750822e-01
-1.619557916564965172e+00
-7.593186332714085829e-02
-8.470207038803230226e-01
-6.419729144244232799e-01
-1.520297994021865051e+00
-9.942684274429534064e-01
-1.193671362338716735e+00
-5.599118073232400850e-01
8.042221819581696352e-03
2.055452085719513988e+00
3.624189767664274253e-01
2.186606870039881301e+00
7.268464107260025342e-01
1.452625307181384384e+00
7.458107107912017586e-01
5.817482115771908102e-01
1.670819163608990188e+00
1.981755131632719547e+00
6.428498760296939007e-01
-1.480410849432949316e-01
1.070848620615671987e+00
1.942514971523170875e+00
1.014651493716480113e+00
-2.217537264954920317e+00
-2.310136199057788886e+00
-2.241141019598348549e+00
-1.517257707158471636e+00
-2.550804799266431111e+00
1.676973385799517935e+00
2.121344645696709108e+00
2.583571576183004481e+00
1.837608261797098574e+00
2.335221983709714344e+00
2.936800996766674388e+00
1.078402105193972949e+00
-1.656597440993798909e-01
8.855363067523310816e-01
2.874775739986440648e+00
-7.842690089244719331e-02
-4.017981706192329527e-01
-1.676833276892215174e+00
-1.506915103642234577e+00
-1.396894092894143125e-01
1.965094502517017894e+00
1.951354672589927119e+00
7.345477811609589791e-01
8.366917851448764099e-01
1.986867459049924900e+00
9.518299725136409872e-01
8.922829832307764830e-01
4.404448937580808243e-01
2.608661799593114949e+00
1.326064248027521320e+00
1.006205741026313438e+00
1.684362821365242180e+00
1.407703235602471903e+00
1.411043867092543369e+00
-3.627352513970216741e-02
1.668126239716456904e+00
1.587056456409215777e+00
1.980987992419498633e+00
2.728418606452592821e-01
1.576277961336801869e+00
-1.037316429113561922e+00
-6.997074113661048145e-01
-3.225328904921209716e-01
-8.481822459127851266e-01
-1.076433276222908964e-01
-1.453904650548020205e+00
-6.498777439542535728e-01
-1.455825674039907591e+00
-2.081966422099180924e+00
-1.418194071067655493e+00
-1.540952935212289265e+00
-2.373747654297332366e-01
-1.350545817037756002e+00
-1.064268784411874114e+00
-1.920512705382861451e+00
6.134417222058904384e-01
3.847386637724758973e-01
1.378217671091381380e+00
1.260338232757401311e+00
1.372617317032052142e-01
8.022455140775974769e-01
-1.845613071518049431e+00
-1.399271841732787847e+00
-5.247001782083118293e-01
-1.172820569236411092e+00
-1.796988232473210267e+00
-3.667182140772073495e+00
-1.032363018309517821e+00
-2.027251577954665152e+00
-3.338052197407525012e-01
1.224175295637952132e+00
3.928051169478056215e-01
1.107812200755660115e+00
5.426886892370793580e-01
1.704185472250527189e+00
-1.207152077693145253e+00
-9.265441358514161507e-01
-2.051643979935112494e+00
3.074742615542245261e-01
-3.186969484056969559e+00
4.376605806945619292e-01
-5.152094784284511064e-02
-4.019286478501733484e-01
-3.108589088334016370e+00
-3.932583935284514887e-01
-2.520136386679208584e+00
-2.023281304006989689e-01
-2.058410633286331226e+00
-6.939406537234610317e-01
-1.069525819532197719e+00
-1.694824648475985907e+00
-2.737531930795432444e+00
-7.905887704146319361e-01
-1.981971778873776735e+00
-3.655782929355066990e-01
-3.033099670610841514e-01
1.709270128534702504e+00
9.309267819318012283e-01
5.638110727976390901e-01
1.414283738594054318e-01
1.276707609284910561e+00
1.789064082944159084e+00
1.855728375723498136e+00
2.527054341140713589e+00
8.003893610865142616e-01
1.834179138292236555e+00
2.087423587993292529e+00
6.170958332481824016e-02
1.611549204053744022e+00
2.079091231370678639e+00
-2.005935781647398386e+00
-1.495640247331400330e+00
-7.764697675645437780e-01
-4.820233915633266308e-01
-1.376270945837640092e+00
2.605350666235243251e-01
1.994597613412824710e+00
1.510230285180400589e+00
7.948446665656461185e-02
2.324559106503864214e+00
1.058649324066537112e+00
-6.862569575632271324e-01
2.237725203338708724e+00
-9.656606732641475066e-01
-7.746699801776451011e-01
-1.834545234533979663e-01
-1.010291157585367694e+00
-1.521203042079519063e+00
-1.946187115140906254e+00
-1.163315916009372231e+00
7.597667229156945812e-01
1.352665004329788312e+00
1.443292129167304427e+00
1.071264956847680638e+00
6.853133197260499188e-01
-1.048012597309211147e+00
-1.301811283149077791e+00
-1.203462692262946332e+00
1.399644921982774459e-01
-9.554336179239968363e-01
-8.838527878175145291e-01
-1.270284031806223624e-01
-4.654709874852742679e-01
-6.430603244287678155e-01
-1.496208081245391508e+00
4.469080270306475811e-01
-1.781530115793954483e+00
-2.920813537442624952e+00
-2.303888036142388351e+00
-8.524224584744602984e-01
2.365515204355772561e-01
1.640593705409602698e+00
2.568860813480121630e-01
1.624838613928656805e+00
5.561541555418481053e-02
1.543360479061079538e+00
1.166317795111192046e+00
1.469740520444827059e+00
1.080027727600324061e+00
1.798369921959718454e+00
5.357422937748261837e-01
-4.968644731929994229e-01
7.044609281973257531e-02
2.494366105373966302e-01
1.227607372149859488e+00
-1.528229463625333739e+00
-1.670015353438783823e+00
-6.602235401374070278e-01
-2.215903607294922750e+00
-7.702803168068226292e-01
-1.499546592797490252e+00
3.948582608214579182e-02
3.352092579417212947e-01
1.507699596437821921e+00
2.416920663243742329e-01
8.189080869448537303e-01
-1.825225471451943360e-01
1.558869506285715190e+00
3.003120476436640374e-01
1.356192114187388942e+00
-6.275976191935370707e-01
-1.277220012865438292e+00
-1.312957977484734862e+00
-2.066392319133403710e+00
-1.468195585452797047e+00
1.724981079226324265e+00
5.139672165340778420e-01
1.964114225210780162e-01
1.391121783262463163e+00
1.203990041628345331e+00
9.626838602311647008e-01
6.796344856905749410e-01
1.911615455257507534e+00
7.135355259790965299e-01
1.354692893856206837e+00
1.558078495435820887e+00
2.766976863843755297e-01
1.157469978946231493e+00
-8.911087458521538274e-02
3.078698344032860801e-01
2.108695106967874544e+00
6.429924249052849650e-01
1.682382297593850051e+00
1.206354073996671383e+00
1.900291953839157166e-01
-1.406310130404731407e+00
-1.495642953743167025e+00
-5.363950962051913240e-01
-4.686576355374890701e-01
-8.259119469506992495e-01
-1.447112867219290111e-01
-6.946803775697762973e-01
2.515548843740196272e-01
-6.388859763142369363e-01
-1.605696906395868151e-01
9.045403904500082248e-01
-1.324424886400370482e+00
-1.339748936191577755e+00
1.070415120608716464e-01
-1.470130998739372696e+00
4.151782069729215152e-03
3.016731790021998538e+00
2.131112070184024709e+00
1.160660425084555136e+00
-1.766025209127020101e-01
-1.541442528353274888e+00
-6.483371247649053482e-01
-5.618365852037869868e-01
-2.793475251329263775e-01
-3.806728175882003740e-01
-4.745724010799907688e-01
-1.116276198159005029e+00
-9.410317127287775030e-01
-1.860725496118456057e+00
5.564501313418590556e-01
4.899209954464622818e-02
8.294428787561851646e-01
1.735000025064031615e+00
1.264011842717410294e+00
1.622940750947714061e+00
-1.333182199173967852e+00
-1.248035057345205256e+00
1.326437923298651178e-01
-5.357544852575926164e-01
-1.184980062353795605e+00
3.133085699874527119e-01
2.669148935075362772e-01
1.244514931507676447e+00
9.565823471042114168e-01
1.577463054075908033e+00
1.987636106415346937e-02
1.087645289765849954e+00
-6.216412146602097177e-01
8.302790371554550353e-01
1.031979810440314616e+00
7.783868943803380347e-01
1.673585607723049762e+00
-2.356491076069326951e-01
7.798016382415104975e-01
1.611227978799667060e+00
-4.251110809748457342e-01
-5.305988008461515193e-01
-5.680242390223138038e-01
-1.327222124613969267e+00
-1.646842729916383696e+00
-8.749525350740718910e-01
-1.244361573458478754e+00
-1.181861406778839996e+00
-3.853574065141490701e-01
-3.985307297652779246e-01
-2.428249057408429223e+00
2.726394879019071738e-01
-8.840242634267665434e-01
1.776600075011069979e-01
-7.461924475745898011e-01
1.584777677326902889e+00
9.942373987008462644e-01
2.116584357728481969e+00
3.711633344243280286e-01
2.465034182608849100e+00
-1.110969831417972120e+00
-1.546095174256521432e+00
-2.225497064094738020e-01
-1.403133468259298855e-02
-5.014619569905467422e-01
-1.982462136918201168e+00
-5.804307382883870936e-01
-9.937763081410843080e-01
7.728475446031324303e-02
-1.120647717657146103e-01
3.350013167404453096e-02
8.432563092629938861e-01
9.334154070919911117e-01
1.531755380224624430e+00
2.075565527171483460e+00
-1.184897844524447352e+00
-1.151561441604973313e+00
-2.098324811162532555e+00
8.128839574275970037e-01
-4.307963010284501237e-01
-1.228271492684757771e+00
-8.954726700686315155e-01
-1.088227280731753233e+00
-7.806593271540069878e-01
1.764534595044908727e-02
-3.074755035923548707e-01
-2.640245093436625723e+00
-6.204401227669009700e-01
-2.006789127757897084e+00
2.243457616607229532e-01
-1.059753215630651280e+00
-1.017882279934428480e+00
-7.042640704237017601e-01
-7.306691270687764028e-01
-2.449086265033544763e+00
6.566284360472989245e-01
-7.566307990384602000e-02
8.986712345487941622e-01
1.904522308915150619e+00
9.082838645169515335e-01
9.703232105486102599e-01
1.402441535264344674e+00
1.894255311740874248e+00
1.109116833205977093e+00
1.551255078468873450e+00
1.938978524649928925e+00
5.694466530271939941e-01
1.980111413799001685e+00
1.083532349335103007e+00
1.038707171465631740e+00
-4.123632616931915962e-02
-1.142727712730566392e+00
-1.427936879092944311e+00
-4.775675616181832561e-01
-3.562301914233562128e-01
7.247143648344378519e-02
2.112108511737099015e+00
3.091674255589057729e+00
8.724653958857415681e-01
1.097761577872142569e+00
5.592127359389131858e-01
2.720453824718261693e+00
1.781770879141241215e-01
1.211168350081073264e+00
1.451877621586725731e-01
-1.594348600653132664e+00
-1.937763761168436183e+00
3.418322340067270204e-01
-6.313498897687611633e-01
-3.565668751336057429e-01
1.810081953798784671e+00
5.078028229446902575e-01
1.634672108480782704e+00
-3.079118043815958217e-01
1.226103575575486104e+00
1.472736602257501914e+00
1.283148482054292217e+00
1.886709956673181532e+00
1.221483865087081400e+00
3.711985154772634576e-02
-3.205923473082501474e-01
4.681973797399687776e-01
5.661131865846871225e-01
1.365601383144916525e+00
4.246390826242274485e-01
2.116315044456411165e+00
1.102402876440315094e+00
1.270449236275104754e+00
4.242797370286447434e-01
1.491146802848538622e+00
-1.466598989445095480e+00
-1.484852395526868873e+00
-1.401019321104992166e+00
-1.541925167293565657e+00
-1.877321875970892506e+00
-4.663626928546138473e-01
-9.438104798028341680e-01
-1.227807552543722425e+00
-3.104626522783249243e-01
-1.142752767020180027e+00
-8.740781692404558934e-01
-5.401717373663719179e-01
-1.357367982284135133e+00
-2.327382570826496355e+00
-1.373676472132337345e+00
8.139505123768345785e-01
1.525060787539965323e+00
1.471805915500756567e+00
2.172793593886035879e+00
1.572810460732231963e+00
-4.726468937060039899e-01
-2.817677810559606755e-01
-3.671129635193837171e-01
-6.588652080852170911e-01
-1.625435236005888573e+00
-1.529232925254441433e+00
-1.093628005522338853e+00
-1.529607768843111337e+00
-3.861222734748784857e-01
3.134452453445217834e-01
1.392487460914930475e+00
1.054997986756159634e+00
7.757459013198224618e-01
1.243383159026962836e-01
2.722208203361534906e+00
-8.513931879042773154e-01
-6.614494089315693381e-01
1.832926191602515242e-01
-1.950239697456989774e+00
-3.687220734125729038e-01
-7.382727694538553376e-01
-1.596949915371354667e+00
-9.385201709136459236e-02
-5.353435926736789252e-01
-4.158148422753149553e-02
-3.895324292209814132e-01
-1.634086881663051383e+00
-8.229399646451083239e-01
-2.397386613784670217e+00
-6.801201487782293498e-02
-2.868811363605023423e+00
-1.956764013782960721e+00
-1.023369429028829547e+00
-7.230303739797565576e-01
-1.423295949745798428e+00
-5.056992430239690695e-01
3.931162343634747591e-01
1.108143093311584559e+00
1.246320413284621065e+00
2.042213261252469714e+00
-2.233842744431631111e-01
5.039300692628785328e-01
4.027431834613831585e-01
1.013813965808021633e+00
-3.371647345237021032e-01
-2.129314110375097879e-01
1.509849883003892224e+00
-5.535210851274752208e-02
1.683298335202709328e+00
1.635681019777484480e+00
-1.681395666982891113e+00
-5.448427125947583605e-01
-1.877448147586300076e+00
-1.467790127089378505e+00
-9.110687737958502730e-01
8.530679585651785857e-01
1.047850225362581877e+00
1.538482876930213017e+00
4.818073306712974402e-01
1.360230489668517562e+00
7.071858069798906410e-01
2.685656106835108581e+00
9.785402265549000278e-01
3.114300093140722314e+00
1.811509869376050741e+00
-8.767708392074746726e-01
-9.571067703730934406e-01
-8.280848258920088245e-01
-9.356278579000009143e-01
-1.840394059762008094e+00
4.817454322459661098e-01
1.132247993948157339e+00
1.912710623920808928e+00
1.194772597340308051e+00
2.049047251937867742e+00
1.654704987636123059e+00
-6.489585114293359158e-01
2.290884818360417352e+00
1.156441178680462922e+00
1.186770374957494711e+00
2.235903441612191678e+00
9.296954765800458098e-01
-4.112517465947873596e-02
1.860447079838809525e+00
7.115087757734586127e-01
8.866608838564428163e-01
1.133660985346293337e+00
1.409594510080738772e+00
1.661776732679262070e+00
1.220097493798896648e+00
-2.183254840094752680e+00
-7.116540538154971784e-01
-1.807122034167000457e+00
-2.568197918029810900e-01
-1.272776715824569749e+00
-2.283910462272917830e+00
1.961116187942073541e-01
-5.483613588965576824e-01
-1.515769577375509325e+00
-1.600524644783950956e+00
6.590335879899513749e-01
-1.501284403901874231e+00
1.705168050527114953e-01
-6.700876800072463890e-01
-3.055722589394158639e+00
8.237595330165849994e-01
1.437175669172017001e+00
1.241799342595464761e+00
8.583563039109838311e-01
1.150080040911483081e-01
-1.920483894484205312e+00
-2.003361914330006321e+00
-1.240902706512622800e+00
-5.986153517465626628e-01
-1.882263713280512007e+00
2.906760298154198452e-01
-1.223771880771723719e+00
-3.527006618430092555e+00
-1.704371092859394032e+00
4.509025382596472120e-01
3.234493370373607846e-01
-4.603365199547220232e-01
1.070150627309416569e+00
3.164378706804591435e-01
1.284321535257560098e+00
-1.395066267128078241e+00
-1.558361219233419082e+00
-2.716691451970430826e+00
-8.606314515945137078e-01
-9.796597303876963814e-01
1.463298889832914007e+00
1.075555305430989428e+00
1.110710504700758161e+00
8.668875686213532994e-01
-2.338311551548837297e-01
2.978986409238765454e+00
2.063941188187049747e+00
7.682378627952469730e-01
4.195933364018651357e-01
-1.936154294644052420e-01
1.039281629504150706e+00
1.395559083396077149e+00
1.882769599485197398e+00
1.602300583692534142e+00
6.822986696022365072e-01
-2.441922479391812617e-01
-8.504416884826164758e-01
-3.465600498297880527e-01
-1.747388308717069405e+00
-1.305670244146914571e+00
-2.143945707275682011e+00
-4.747503550900452618e-01
-1.644339555986851220e-01
-1.277125149810826921e+00
-6.817088419910561914e-01
-4.495141188335036730e-01
-1.415843491208076843e+00
4.050449120858343743e-01
-2.016993519129817169e-02
-1.878089607753622214e+00
1.344932904402577956e+00
2.053116103057734065e+00
2.140725628887976129e-01
1.164348733523993706e+00
3.010812530134930665e+00
-6.465168092424514734e-01
-2.365637186745144227e+00
-5.242795429480093805e-01
-8.770714559228021123e-02
-2.581580489969608205e-01
-2.388888437348596572e+00
-1.133386786770472998e+00
1.259791470720592610e-01
-8.910333340022751347e-01
-4.223562977641112104e-01
8.662048899190120110e-01
1.921736597445367511e+00
1.077541930093089739e+00
8.257581318436932882e-01
2.014126956257945800e+00
-1.811234431527176003e+00
1.829164657468096422e-02
-3.937096394201602401e-01
-1.213382868818193128e+00
-8.118161765512549310e-01
-9.099882000900109125e-01
-8.031949403827838285e-01
-1.236349395992548006e+00
-1.910195945769410208e+00
-2.677486387758065689e+00
-1.098666111622649266e+00
-1.356515055910935352e+00
-2.484325703599208346e-01
-2.355146445552962042e+00
-9.109948520178888787e-01
-1.762645293591815987e+00
-5.783852230635353475e-01
-1.581027488061758079e+00
-2.457234118095343867e+00
-1.627827371376806997e+00
1.386833928325180043e+00
1.914529507411000697e+00
2.742821288859271789e+00
7.321016746491617599e-01
1.081448781589383179e+00
1.529745093745182860e+00
9.613172177064035484e-01
1.223495543112940842e+00
3.784727612864218216e-01
2.006128260082294723e+00
6.538028079069244658e-01
1.385588092248061010e+00
1.784661568325360381e+00
1.209996824005305616e+00
1.685936343587953523e+00
-1.631623183531366372e+00
4.247671292680710309e-02
-2.051369777297630925e+00
-7.319251449738357618e-01
-9.625281117820270183e-01
5.697860315455578473e-01
9.535900700399586594e-01
1.240663543079196796e+00
-1.746400980903055622e-01
5.271701472962508905e-02
6.385792930546567714e-01
1.432019972767333282e+00
-1.241088290786442005e+00
-3.889209642162054781e-01
6.173622842912374065e-02
-1.464731447367040973e+00
-2.942552322946007770e+00
2.027221921792454751e-01
-1.273014049326645303e+00
-2.599715057329296641e+00
1.042326026643301429e+00
2.081966265377122038e+00
2.603036645354066536e+00
1.694139994794108262e+00
1.671386469034704447e+00
1.518609465547992921e+00
1.653836709402444427e+00
9.979492775726238607e-01
-3.922469215893658046e-01
1.343668923537417514e+00
2.028843775771360214e+00
9.886436679269805516e-03
1.704827799655737053e+00
1.064556091481323463e-01
9.514786924727945960e-01
5.848495981188522874e-01
1.137523444270502004e+00
1.383667641568029127e+00
9.101189456268177214e-01
2.443095314968323883e+00
-1.434700843584175711e+00
-2.498445172333475517e-01
-1.090437550305682013e+00
-1.918346308912899811e+00
-1.010662822363858293e+00
-3.982617373876298217e-01
-1.384068008284240703e+00
-9.596261007527104869e-01
-2.084924407967851501e+00
-1.244759861860605277e+00
-1.089636210567731966e+00
-8.266867459527760253e-01
-1.427020589464302880e+00
-7.324065682497968854e-01
-7.839195427599143784e-03
8.209318745893283698e-01
-2.880125625071727757e-01
-2.934004118275914674e-01
3.733503749792088655e-03
7.790584981120004526e-01
-1.836949044606697612e+00
-1.359125135671684026e+00
-1.546965587834098432e+00
-7.952504302347146448e-01
6.501347535659007804e-02
-1.596179440353355794e+00
-1.556153657474584673e+00
-1.614028138824646241e+00
-1.839117323114477287e+00
-2.146212442709717116e+00
1.760482241835264805e+00
2.131638874058677580e+00
1.897353068793616870e+00
2.289712535501604584e+00
2.789589157214689141e-01
-1.068216673921519977e+00
-1.447005903483008282e+00
-2.341644950524162105e+00
5.005033792962729766e-01
-1.910336589814700670e+00
1.011802381065062484e+00
1.249938874804447320e+00
1.602162612720470225e+00
1.296796203199513275e+00
9.352549429719952956e-01
1.591151197871860656e+00
1.344273284860397766e+00
2.550265073701956986e+00
-1.625265851509103410e-01
7.721717559645018270e-01
1.126373313820964173e-01
8.482612320937888972e-01
1.542239287316454766e+00
-1.470260146300677029e-01
1.491726757181654150e+00
-2.203933873129894749e+00
-5.003465855961375386e-01
-1.337414354440229491e+00
-4.255479825029092611e-01
-1.007693290433109512e+00
-4.145797480132454860e-01
-1.354692285568945609e+00
-1.458103634489323897e-01
-8.290049017951197641e-01
-1.914761957202311571e+00
6.809343737876494274e-01
-1.003313395585989865e+00
-1.515176109097769119e+00
-1.207033208290865467e+00
-6.907519966141317802e-01
2.007338013215352213e+00
1.127883679265661465e+00
6.412119508124111134e-01
1.959448494238774652e+00
1.135044239297512858e+00
-6.502855457258426286e-01
-1.278359297331776334e+00
-1.111454702149353713e+00
-9.844913706858816616e-01
-1.102497750811862520e+00
-6.182962423901438020e-01
-1.071246720094028326e+00
-2.657546980802091952e+00
-2.377263635566789546e+00
-8.895612539878199332e-01
1.073707296303845204e-01
4.309244301697512380e-02
7.490619167683948421e-01
8.011980398823341787e-01
1.447045252657175762e+00
-1.307650210078021624e+00
-1.492439243292402740e+00
-4.848837255559438342e-01
-2.357125457280049297e+00
-1.995772774050627696e+00
1.423922538579326602e+00
2.518224537582931077e+00
1.985933512009308011e+00
1.826747780201429139e+00
-6.374580982721278488e-01
1.322801190870083188e+00
4.179446199015296459e-01
1.198615910365675719e+00
1.916872189672204962e+00
9.115846408926937539e-01
2.010296947105820742e+00
1.452756801218810789e-01
-1.379430861930219798e-02
1.272495674505049745e+00
1.668117958001147816e+00
-7.677965142635631013e-01
8.945068645494622661e-01
-1.847518045403762077e+00
-1.259247890976825435e+00
-1.248057718749845169e+00
-2.300712962005357909e+00
-1.206729739903300791e+00
4.064793381845459574e-01
-2.813776504006550994e-01
-1.513882840156381526e+00
-2.007868717501994915e-01
-1.451293140526303649e+00
5.322041706568290120e-01
-1.827426820112251216e+00
-1.181159189770420781e+00
1.649336878049171062e+00
-5.931567181572412473e-01
-4.847702613006701355e-01
9.056406653965638487e-01
1.566627603123712298e+00
-1.006943878204276555e+00
-6.309974102147446473e-01
-1.564352022262387898e+00
-2.645902804336700331e+00
-2.489210027727827956e+00
-4.377842550383769238e-01
-1.260279471057101031e+00
-1.353905203000854041e+00
-7.955358186348033822e-01
-1.592536925716375507e+00
1.539545110550524232e+00
8.175327826282674515e-02
2.894544859295431483e-01
6.852938944701032487e-01
-1.332074869723920418e-01
-3.880557446597080462e-01
-2.664836733416727554e+00
-2.278233691766838875e-01
-1.715426227362312428e+00
-1.233867141846079374e+00
-2.107082720302828172e+00
-2.071455562861179711e+00
-3.179502934060963737e-01
-1.428357640356582081e+00
-1.569371985875480657e+00
-2.287977453725997812e-01
-1.640938656181802013e+00
-1.230674382621297358e+00
-8.333083077619211076e-01
-5.644308112276446021e-01
-2.620040596627359886e-02
-4.866652743489124910e-01
-1.211229781893879531e+00
1.314198467381835211e-01
-8.823542850849913632e-01
1.270511399527201046e-01
2.430989088870423309e+00
8.471931218731069135e-01
1.018872338677340172e-01
5.494663567716687735e-01
-1.605689728825101525e-01
1.316321297054409589e+00
1.663615557368050002e-01
8.349588267271157438e-01
1.014217080851275599e+00
1.342935872936679154e+00
9.906391726129323283e-01
3.110816970584145968e-01
2.379629966054865875e+00
1.377834975666805128e-01
-2.361650754119175133e+00
-1.021922128609292102e+00
-1.570327758967401621e+00
-1.579129301758914750e+00
-1.436742076957681746e+00
-1.291313879826875510e+00
-8.108149975791274500e-01
2.505500482852961230e+00
2.218994237455862883e+00
7.538862109069180972e-01
2.218040726974204180e-01
1.817801157275781510e+00
8.037167381819019241e-01
-1.704100010536622190e-01
1.382026063223656287e+00
-2.392897727428489052e-01
-2.110346991518265991e-01
-2.442151572940058024e+00
-6.302349505904809579e-01
-1.389431133215687897e+00
1.069195416782896091e+00
1.979594496803933623e-01
7.391132599524863345e-01
7.228971817362310759e-01
3.229470336256073937e-01
1.502374566151432056e-02
-1.201798287351310890e+00
5.851794155067588932e-01
-1.642631860753013928e+00
-1.215077725588230351e+00
-1.354003735016743537e+00
-2.269687140175012940e-01
-2.283710294083995507e+00
-1.594529105069557362e+00
-9.764941244152324229e-01
-4.874258646816673757e-01
-1.670684425992428057e+00
-1.189250745719273139e+00
-9.840085223762320421e-01
-1.151554055638115415e-01
1.469757023628839976e+00
2.699418733739356036e+00
1.339360133481878101e+00
5.399283280709483712e-01
6.918228105788342130e-01
1.390176741787271686e+00
4.957753023210452747e-01
8.400769660258919913e-01
9.106480207126516069e-01
-5.822994489863411172e-01
1.569893311645448986e+00
1.866609032375603494e+00
1.977843449334458992e+00
7.387048290836346620e-01
1.677260911554365741e+00
-8.703282071888608362e-01
-9.658597635276262583e-01
-1.027684508862106938e+00
-1.334262014157324705e+00
-1.912784748312453154e+00
2.921103379249186283e+00
1.757292383646129608e+00
1.487228118951258171e+00
1.133621044350237472e+00
6.650623342833305029e-01
8.839397042022609785e-01
1.425496296303418786e+00
-1.039516057401944860e+00
3.935377491055410681e-01
7.831337590288806050e-01
-1.183511633113709660e+00
-1.532257203539649115e+00
-3.459437980079225206e-01
-1.729942333442422875e+00
-2.072432902912266783e+00
-7.665726234286891483e-01
1.282685543713840692e-01
2.030619328640578480e+00
1.374649208910639464e+00
2.762822377060772716e+00
-2.769870651693624453e-01
7.760292430865883828e-01
1.863955176774638289e+00
1.247513104516333904e+00
7.627099830267822789e-01
2.050232170243535101e+00
1.283429899476704161e+00
-5.751940878227306264e-01
1.466877656008128472e+00
3.951073215770577463e-01
8.714929551814165620e-02
1.921331865844043030e+00
-8.649131734702319996e-02
8.073964444664775142e-01
1.867303077764823183e+00
-1.768263901224619961e+00
-2.302270281604516633e+00
-1.706572483303418153e+00
-8.599481614405597441e-01
-1.332602290839577375e+00
-8.371073632151915245e-01
-2.072028764341022899e-01
-4.144668136265539093e-01
-4.266721203552426012e-03
2.289092461281503343e-01
-1.775070864631571155e+00
-2.209480416752895415e+00
-9.014734288522384675e-01
-1.225532734250549094e+00
5.428797361654027487e-01
1.066803130786138087e+00
1.049585397145422760e+00
1.720843005516385471e+00
4.410855393747128428e-01
1.290087143721860841e-01
9.487024675892312686e-01
-6.332856235289102687e-01
-7.315402146603151579e-01
-3.954501185506836825e-01
-1.660168331044706846e+00
-1.435887548620337073e-01
1.576366317875972367e-01
-5.366774441631222414e-01
-9.823286326425593185e-01
-1.135430047889605110e+00
-2.043312904253919982e-01
8.556012148028284692e-01
8.563256035807544908e-01
-1.381364842257049030e-01
-4.173769340296595853e-01
-1.855425569868360824e-01
-4.709593636558426777e-01
4.337513166412025889e-01
-2.356980078162929093e-01
-7.346318862649383608e-01
3.405776428356666052e-02
4.754158253883633556e-01
7.406748327242529406e-03
2.790740042739081606e-01
2.531408521242473064e-01
-1.150085814159322872e-01
1.504477306124621272e+00
1.207418146649471336e+00
9.590659511784431768e-01
9.348759569055952179e-01
1.393650198295358411e+00
1.201471830001993313e+00
2.298836807437467211e+00
1.929818144414473302e+00
7.011410777828909202e-01
-2.344457098620746915e+00
-1.400779710508766929e+00
-1.155619963569972652e+00
-1.562580929101112126e+00
1.169543568959529267e+00
-3.247424560454348352e-03
-1.327394974504838121e+00
-9.681564352157314701e-01
-9.284925335939706592e-01
-1.967189685501444796e+00
-1.426958844972486151e+00
-1.273328170520145575e+00
1.555677205471359681e-01
2.745789653306793809e-01
-1.646019217895418052e-01
-2.236332586260871835e-01
-2.023209166623243238e-01
9.706095267001264570e-01
3.283392968736119855e+00
6.238351176984711088e-01
-1.097094682529039966e+00
-1.261168807435314676e+00
-3.274929268276223215e-01
-8.144066271612067087e-01
5.067660425942031033e-01
-2.188068900160797803e+00
1.924524832737906088e-01
-1.487576238941677564e+00
-6.430854566530597172e-01
2.119342149406249209e-01
1.931004295345591704e+00
1.373437936426607608e+00
1.518275520425608205e+00
1.556713738048179696e+00
9.285569953100567542e-01
-9.460025656668021865e-01
-1.104984667041333690e+00
6.190180824392794712e-01
-1.222292967766477778e+00
-3.494057219899416866e-01
-6.985065903806917387e-01
-1.674317030233455128e+00
1.649358715412596599e-01
-1.355781029089230039e+00
3.459060950395422829e-01
-3.320547355654244193e-01
-2.571665301415781979e+00
-2.397547036468398396e+00
-1.160788513716551673e+00
-7.101162192681516050e-01
1.038479071612674609e-01
-6.479302135105184934e-01
-6.019861138887687702e-01
-9.195246415056492761e-01
-4.575997825071520531e-02
3.736433510287048287e-01
-1.304311678507554806e-01
1.076290008711515256e+00
1.072223770152021638e+00
1.109512079259937778e+00
1.403837480286385553e+00
1.737262761373945752e+00
1.290092464614132961e+00
4.238906782521247862e-01
1.468611927500163006e-01
7.792088984312881550e-01
1.488578235236117209e+00
4.564089124290666710e-01
3.686736618407669974e-01
1.079377227930059968e+00
-2.236884560702312452e-01
-2.477185205652702171e-01
-2.289418729501932148e+00
-7.762272730554281575e-01
-2.988782990436082976e-01
2.187183965142600606e+00
3.985612197438255233e-01
1.765948097316774490e+00
1.623502441775474425e+00
7.259780745923445355e-01
2.043871446130315128e+00
1.724875631675828025e+00
5.807022089826254785e-01
1.912173853536356827e+00
-4.130690098159002233e-01
-1.708777447792365844e+00
7.722770100628613132e-01
-1.049505265328006809e+00
-2.005526950721641111e+00
-1.064528045686718105e+00
2.805661119271507520e-01
1.151534363798384142e+00
-3.613165660192787509e-01
1.665066754782772662e+00
1.967059927954241783e+00
-8.567941171298746328e-01
-1.259403464331931621e+00
2.567853606941579159e-01
-4.184568923395752815e-01
-1.371058285637895890e+00
-1.612002329549436341e+00
1.235016932279464630e-01
8.736302197224032895e-02
-1.207830171266897512e+00
-1.796386242904218777e-01
-1.297413904351840008e+00
-5.407578437258848680e-01
-8.999861127564147134e-01
-2.478589217068961403e+00
-1.641543792043763883e+00
2.556678008347804898e+00
7.496616024449238580e-01
-6.300818647186023913e-01
7.010046739044439867e-01
8.681910753577880557e-01
1.790264469077308407e-01
-3.451255211655501753e-01
6.141053962174438663e-01
-1.304515817802882616e+00
2.035347656183085441e+00
7.272004976661461395e-01
1.881723177100286692e+00
8.970041772068264585e-01
1.701301292783957697e-01
1.067926980445661922e+00
-5.916516550660591012e-01
-6.487696448064155241e-01
6.027417307090641163e-01
-1.276267682848049922e+00
-1.113190549260119955e+00
1.433203447580597256e+00
2.000286173746077090e+00
2.839359800429290814e+00
-2.888394715835285176e-02
2.245020407533332651e+00
1.110721117807665914e+00
1.642241107454636140e+00
-2.940239882644026803e-01
-2.861006339300946610e-01
9.651458410227965468e-01
-1.373772186753952962e+00
-2.417210147407581999e+00
-3.081756129884132278e-01
-8.291851517674916350e-01
-9.423056107421768912e-01
1.300309154806196688e+00
6.911493874732264064e-01
3.470003570978144047e-01
-5.647215202763744557e-02
2.530521931148718373e+00
-1.013028358544219243e+00
-1.111210573535579504e+00
-3.848161538240590929e-01
-4.087254253603874732e-01
3.776380785459374501e-01
-5.023346981386238586e-01
-8.651161368335935631e-02
-8.420889486111358124e-01
-2.671363727093105656e-01
-3.306451437589719156e-01
-4.942581314076311960e-01
-1.515238802454240474e+00
-6.482195190199377954e-01
-1.964901774257378886e+00
-2.317406594984730894e+00
-8.700261670941045189e-02
2.191127135473157850e+00
1.944684552941144950e+00
1.339376762915618357e-01
5.843463103892130306e-01
4.016969787547752802e-01
9.976651946659949033e-01
1.149807998645303142e+00
2.484056339275807490e-01
1.300459562509779454e+00
1.123855509948741282e-01
4.408088789099531279e-01
9.930002059197967634e-01
1.611626021117850804e+00
8.502435540338619813e-01
-1.863537234819062638e-01
-8.043115084552178162e-01
-5.906865864506811725e-01
-5.701952480934221468e-01
5.383594308907864168e-01
1.037748595380653338e+00
9.634173110208418267e-01
1.831228638346674931e+00
1.669392487680988246e+00
1.794115054311344881e+00
1.247868041728272370e+00
1.254978050572577164e+00
6.492913027241977719e-01
1.072654615116470422e+00
4.190821083087931109e-01
1.658586327644717695e-01
-7.581086273979211754e-01
-1.431417496438507575e+00
-2.422720613611202722e+00
-2.190264056406915572e+00
2.352982253628469467e-01
2.038547981053162594e+00
1.940744009451874419e+00
1.046182399489762993e+00
1.000492952863970997e+00
-5.554669388625943505e-01
-4.151220539161171175e-03
-4.510355971597186375e-01
-2.533970248526756786e-01
-1.473109479430638524e+00
-9.178413361442914198e-01
-1.893695349456486987e+00
-5.034719144503897459e-01
-1.431552387041241658e-01
-1.163383944037230666e+00
-1.024551364954427779e+00
-1.594703504782550407e+00
-1.137269080692268508e+00
-4.684215536867732954e-01
-1.195531661687598834e+00
3.286849323363222330e-01
8.368972180273948069e-02
1.561759105726288066e+00
1.919992363527362134e+00
8.852718383515580935e-01
9.301700443938435425e-01
1.173839782605595072e+00
1.309563129329432307e+00
1.421724101574152410e+00
1.667588507229427197e+00
9.516967224263181979e-01
1.471509978469475177e-01
1.890602297820566990e+00
7.695375772955644900e-01
3.063708313102151415e-01
-2.868864868858200801e-01
-5.332943746769176485e-01
-2.050544384106896878e+00
3.654662294551238588e-01
-1.372040188748209655e+00
9.314441652339651156e-01
1.407675473081209105e-01
-1.740010087481171919e-01
7.956508161730474482e-01
-2.184408065462883908e-01
8.870187782507799046e-01
4.188494227837946671e-02
-1.240444012370409688e-01
4.604027171303397559e-01
2.597093840889949323e+00
-3.671565789086972398e-01
-3.656718860022989404e-02
-1.010480288900214685e+00
-6.639890218758315310e-02
3.179514631156452609e-01
1.087482263520666459e+00
1.876825139333062831e+00
5.186100500287074144e-01
1.508038975174179619e-01
1.860502470739453074e+00
2.088883367957981463e+00
1.304495868719197205e+00
1.519894414303926133e+00
2.281342654710839302e+00
3.458094694431363969e-01
1.362297752105106285e+00
1.360766066493553694e+00
3.401645893089960682e-01
5.733789815232186449e-01
1.679177053161220012e+00
1.477491687700745793e+00
1.025228956478927422e+00
2.239907243142205573e+00
1.817123015058249580e+00
2.884002542844056993e+00
-2.137044022021321155e+00
-1.607003673163970525e+00
-3.119394578907781490e-01
-6.952368039099221519e-01
-1.647257157822075602e+00
-1.206485932372454606e+00
-1.255875038546788725e+00
-2.272399905004465648e+00
-9.520726581904079833e-01
-2.708502143580040489e+00
-1.097418341837405498e+00
-1.620517330724373650e-01
-1.051767150152443930e+00
-1.230650983623564620e+00
-9.787730731887583913e-01
3.226493367785709943e-02
9.591040806437920452e-01
3.784192550603354688e-01
1.047144676181896994e+00
2.045990684637420287e+00
-2.041083759375257767e+00
-4.614808494627975488e-01
-1.470486502665004913e+00
1.305170989314834440e+00
-1.579700850466219331e+00
-1.574096805294751711e+00
-8.869117795993429754e-01
-1.481538232227451735e+00
-1.718668229670874847e+00
-1.746391771180486607e-01
2.193028895465657158e+00
1.355209513434279645e+00
1.908058160592753794e-01
1.283092670990738648e+00
1.477819133170445109e+00
-7.765859942251129855e-02
-1.763647226921011502e+00
-1.555519794707401982e+00
-6.475469714489663353e-01
-1.011812035798032694e+00
-1.474800008589351119e+00
-1.181769863051295832e+00
-3.341835200256118021e-01
-1.057968943840485343e+00
-9.246339925905942003e-01
-2.324800369525019228e+00
-9.506554117276575511e-01
-1.040609346051153850e+00
-8.336572532698238724e-01
-8.097754830619152688e-02
-6.821496219874413347e-01
-4.185607465556340223e-02
-1.580410307891486177e+00
4.873093832558783589e-01
-4.641082690015175816e-01
1.587075956715576330e+00
1.869860324914984107e+00
2.095468976085807178e+00
2.676315882202935370e-01
4.988264530804770169e-01
1.855598128908417799e+00
1.197175371542371858e+00
2.227508179869311933e-01
6.889058266903305139e-01
1.896999125445325340e+00
-1.172769068017101013e-01
7.884327232372192462e-01
2.356800373411739091e+00
2.088259907930992032e+00
1.879268076216964900e+00
-3.204224074688699631e-01
-3.481494679663779124e+00
-1.028020219887157971e-01
-7.231736350942696845e-01
-7.682795985643446901e-01
1.727165514318574235e+00
5.655608178406312803e-01
1.526523647370013004e+00
2.408530253290536827e+00
1.448475314669335656e+00
2.200852736633572171e+00
8.314552697936578030e-01
1.980346877301272457e+00
9.117964233135286145e-01
1.359526629395903186e+00
-4.880542735303170510e-01
1.746625261072038970e-01
-1.474946529161806685e+00
-7.336087675878204539e-01
-8.275125522060677863e-01
3.305326585781701576e-01
1.397198994806771344e+00
1.367299983784700634e+00
2.015891031397434752e+00
1.494892313389414307e+00
9.252081918816235095e-01
8.884205217991242298e-01
2.513146273409113673e-01
1.118876262579714620e+00
1.551872900734643235e-01
-7.497972402719126350e-01
6.567472474013067441e-01
1.469994985588101155e+00
2.685016032828850818e+00
5.012975094041148827e-01
1.897519302049182066e+00
9.346247288120494989e-01
-7.304835635359454571e-01
1.642712691143582537e+00
1.116601504741782991e+00
-5.985768672880862340e-01
-2.152352325175810766e+00
-1.337198118169654171e+00
-2.027511794077924812e+00
-1.266374710662254266e+00
-1.885072282143404276e+00
-8.456601081662511454e-01
-7.630910781924129527e-01
-1.212624551292279307e+00
-1.619750524439566020e+00
-2.109193287805156913e+00
-7.381214161553655284e-01
-1.195487981188503523e+00
-4.621423541860403272e-02
-2.091353910051790610e+00
2.086104400178038221e-01
6.399201961551890250e-01
-1.720421686360624758e-01
2.877947409291837122e+00
1.009882020945137127e+00
-1.058742410719370808e+00
-1.479006734196220529e+00
2.344658297966752958e-01
-1.645291944297938347e+00
-2.110775666675819284e-01
-1.653581246533895044e+00
-3.350129050309435641e+00
1.033452114129744803e-01
-8.747859780115041506e-01
-1.712863493885909527e+00
-1.051542305635931651e+00
3.802203633513593362e-01
2.187060992084852273e+00
1.091021309495550540e+00
1.698127874220485722e+00
-5.145872581536408141e-01
4.409693931182407933e-01
-1.483994041163074984e+00
-1.161466461033152431e+00
-3.197853272548685233e-01
5.509084447897123482e-01
7.273659724577319352e-01
1.427123293901386036e+00
8.866725817743820182e-01
7.769699882961763615e-01
7.289175808239038989e-01
3.235362857345567722e+00
-1.228109168755757707e-01
-7.939634732322469191e-01
1.030309400238440087e+00
2.426065954914384371e+00
2.211473903818368392e+00
1.719663692405229982e+00
-6.506163780916196515e-01
1.886081446551062690e+00
-1.307799743189342223e+00
-1.422728056583072886e+00
-9.897744247751539826e-01
-7.900522947883789060e-01
-1.728168130507684364e+00
-7.154548861254208525e-01
9.025856054971748144e-02
-1.523489107754421257e+00
-1.658142838703235089e+00
2.959183525109989610e-01
-8.107070007148517998e-01
-4.663961511087658662e-01
-1.140094561914964943e+00
3.028717548927228886e-01
-1.150263185077664119e+00
1.831812353267530558e+00
1.548371351530528628e+00
9.581551438148409039e-01
4.272969157675717833e-01
1.557303619031761954e+00
-1.049523227482761945e+00
-8.748452940687817536e-01
-1.035956100335962526e+00
-1.981091327504866495e+00
-1.605208274480656394e+00
-1.203734076694411348e+00
-1.184284231098821527e+00
-9.996684301586453714e-01
-8.965272095335102831e-01
1.262847885588731511e-01
1.005661630542078022e+00
1.166084647182928480e+00
8.527263081314242488e-01
3.937067542711716328e-01
6.351830316399489362e-01
-6.589027370540849748e-01
-1.064493914663724228e+00
1.213961202919489057e-01
-4.429844382802327063e-01
-8.749227905937839722e-01
-1.724406166900302129e+00
-7.350924343037759101e-01
-5.673889232442668185e-01
-1.755974447734612864e+00
-1.097965333952396261e+00
-5.331220648160059916e-01
-3.791387751924858440e-01
-9.055893088949023007e-01
-6.872638921883654772e-01
-2.025301436520131837e+00
-7.265308760083719619e-01
-1.564880267460364127e+00
-1.043930033189352402e+00
-3.554901956944960251e-01
-1.896978279915695342e+00
1.108496900247728956e+00
5.956556498504447239e-01
1.882042807455682087e+00
1.447633199600693255e+00
1.460718030141292534e+00
8.791977146428978651e-01
2.114921207894407296e+00
1.928362054526065794e+00
9.009397376767744881e-01
1.140379051099366103e+00
1.102649927202837832e+00
7.343321435971337241e-01
2.248013362856164932e+00
-6.658197789395920996e-01
-9.611079726948041912e-01
7.241646550971396756e-01
5.765253606472089398e-01
-4.325452918648942102e-01
-8.399785513103362744e-01
3.721656726583073560e-01
-8.335517282380244808e-02
4.901463024969531235e-01
1.803341190948180017e+00
1.830933747936737799e+00
2.946964450124741397e+00
1.327141742072239561e+00
1.072582654457440166e+00
-4.964855095484494996e-01
1.147545200929687148e+00
6.604282787070017147e-01
-2.247358862555737691e+00
-2.260223595432336641e+00
-1.372857371278598748e+00
-1.439025689540286868e+00
-7.776209085290435308e-01
1.098362703421829512e+00
1.613617932354928008e+00
2.149867513806968500e+00
6.938767104567900024e-01
8.661502399878908687e-01
1.170138671321968804e+00
7.534477635511904747e-01
1.286982850371805043e+00
6.638368246234840342e-01
4.051417617019256179e-01
3.000489235977659153e-01
6.429055460494418339e-01
1.270817918515207756e+00
6.263435762632409975e-01
1.539275188520000448e+00
-3.508033129745011802e-01
-1.080055352841160055e+00
2.536490010784816729e+00
1.789638471423923072e+00
1.798143727951057924e+00
-1.900591128391889040e+00
-6.613017190432435299e-02
7.437523093956732723e-03
-1.018730445044335742e+00
-1.247773841842351406e+00
-2.190086399813599982e-01
-1.322639525239355240e+00
-5.253290429719615906e-01
-7.456601882811660920e-01
-9.306682621600564920e-01
-2.725392162245393379e+00
-2.257479942567623077e+00
2.987149572677847420e-01
-1.327657169153840133e+00
-1.523656592998535064e+00
9.920203818495917369e-01
8.478861007797602323e-01
1.021166709488076085e+00
8.560796384257776115e-01
1.193339876907703490e+00
-3.929859083168018019e-01
-9.059059694263590368e-01
-8.694764280188987948e-01
-9.028620188126911250e-01
-7.286918258146992677e-01
-9.107914572687721977e-01
-1.928741540269383048e+00
-2.381958382085206161e+00
-1.018302573942795108e+00
-2.519804529503784973e+00
8.607842680586461626e-01
2.113106763056903592e+00
1.247818230138956430e+00
1.937288343784298927e+00
5.447969331408897276e-01
-3.587000115560029512e-01
-3.398258931172412067e-01
-3.032704944606861019e-01
-1.503568552277615211e+00
-3.639636755888990827e-01
1.704941509219800366e+00
1.183080842588162929e+00
1.377887087840698355e+00
2.880041246248026265e-01
1.917309329645763505e+00
-5.163019669147161927e-01
8.780817724821758929e-01
1.629522569600407866e+00
2.885655671338152928e+00
-9.792916378608571559e-01
5.929076551023036989e-01
3.317383959254556203e-01
1.473365435744611096e+00
2.295639504601199032e-02
1.447775512737849768e+00
-1.276067383128793864e-01
-1.118406418400784474e+00
6.706443993369273215e-01
-1.641415119515927667e+00
8.946699702510763075e-02
-2.346389748682925269e+00
-1.167737459391306132e+00
-2.530800989275995061e+00
-1.630047562663783367e+00
-1.539107877268052427e+00
-1.840591439370477866e+00
-1.009627630762629735e+00
-2.039456871336507326e+00
-2.728873836718416435e+00
-1.176902708100982631e+00
4.436130616336659838e-01
9.136208476125504685e-01
3.107290920244042409e-01
3.760449982281555137e-01
7.428370378561084397e-01
4.754753437098138136e-01
7.857239912422557815e-01
-1.711710421618324096e+00
-2.400784227064557630e+00
-1.133489829831285212e+00
-6.627286648366711441e-01
-4.146167809183545216e-01
-2.358959734706151057e+00
2.191428094999408049e-01
-2.110396413353087475e+00
5.505468789629268667e-01
2.042682639154524527e+00
9.102807341875041036e-01
2.096984635010897158e+00
2.916918551878587840e-01
-8.383128969377096062e-01
-1.897321968887960786e+00
-1.577022202539569040e+00
1.018058459020330542e+00
-1.717529417577625450e+00
6.611859964605946161e-01
1.099040263584900812e+00
-2.181685942319921967e-01
-1.099783750719065534e-01
1.369553517916022534e+00
4.572286162805525578e-01
1.091801880732012897e+00
1.259105961213646596e+00
9.017528318852454650e-01
1.321660116246802907e+00
1.600607436147473139e+00
8.086843469008613283e-01
3.731137661250005788e-01
6.938374734890888629e-01
4.880723207923890472e-01
-3.149306271294095572e-01
-8.530744055383281399e-01
-1.241645706588587750e+00
-1.083426839864206404e+00
-8.001334864965586879e-01
-1.275318824992555999e+00
-1.347250868123087031e+00
-2.598064433941298379e-01
-1.676293451567006931e+00
-9.936803698035256982e-02
-4.030310433318251562e-02
-1.533009412098477853e+00
-1.773267289126290169e+00
-1.520520797354627973e+00
2.037514263010180571e-01
1.409807657363524758e+00
5.310261704904143398e-01
7.585742136560685855e-01
1.058641050014463181e+00
1.223119798633315103e+00
-3.677169243404148080e-01
-1.383765698308786929e+00
-4.817268712220326154e-01
-1.921444720991972277e+00
-4.262728473099187676e-01
7.221096887364542027e-01
1.397766830841236096e-01
-2.321312078689341085e+00
-3.613315858067088771e-01
-1.231360327991502635e+00
3.571532743309931979e-01
3.459705327091733285e-02
2.564483766339137993e+00
1.307349073145240625e+00
1.066644183931219514e+00
-2.808009996802802277e+00
-1.699869330459741645e+00
-2.211120207638697099e+00
-4.498504894962481737e-01
-1.450011920026084145e+00
-5.339884717750507104e-01
-1.548647581852433674e+00
-1.467329058238336259e+00
-2.102152589186493614e+00
-1.178090909230292027e+00
-6.578359356424923199e-01
1.567114425103026676e-01
-1.434003905928023626e+00
-6.131683638324474384e-01
4.692822583357150190e-01
-6.158031500958813798e-01
-4.185258500170374596e-03
-1.480638067897501742e+00
-1.426422821094256443e+00
-8.851861361293209551e-01
1.282222574375041058e+00
5.025370986094457315e-03
2.208089825011556595e+00
1.375740074180156647e+00
9.100528015957831673e-02
8.732077635109087854e-01
1.871382409280867742e+00
1.942175590928031603e+00
4.864527917313251626e-01
3.568467959079244523e-01
3.417543743352465802e-01
6.776861511800935656e-01
8.487652220794039692e-01
5.004100563487956510e-02
2.405225943098948882e+00
-6.680365719670493529e-01
-1.155327969237468277e+00
2.669533135408865832e-01
-2.377054891321416008e+00
2.047312837266455077e-01
7.037833294624362690e-01
2.406324844510323580e+00
2.172739942056757023e+00
3.553487501841863239e-01
6.975185789075506460e-01
1.443735277943436257e+00
1.297615587254869363e+00
1.576485494491231432e+00
1.162248389149272976e+00
1.447171387352967020e+00
-4.257049457930733860e-01
-1.271497771516518771e+00
-2.318175791809039321e+00
-1.025560245005700644e+00
-9.276649768041773658e-01
1.479896529898468760e+00
2.186574234082903523e+00
1.628025753714634316e+00
4.646986920769580198e-01
7.129937375497087393e-01
-1.230577255865541231e+00
7.423283907696642814e-02
-1.406039395390943803e+00
-1.839350844380765793e+00
-1.269684083767752547e-01
-2.721250968818023086e-02
-1.558157550692689686e+00
-1.834275046699379574e+00
-1.223824631577811184e+00
-4.809565946686578108e-02
-6.398923767976794075e-03
-1.434842220083770492e+00
1.294325698426537219e-01
-1.117756019115609512e+00
-1.355297757047559948e+00
1.598089863168427271e+00
2.537639882274087988e+00
-5.818695178493373810e-01
1.225153054539851016e+00
1.655140234390868770e+00
3.373370155367405587e-02
1.348141424789216503e+00
-1.469779371752346631e-01
2.307164940790557672e+00
6.465117722757747210e-01
1.394012498657510424e+00
3.144477974587733815e-01
8.602663931217717774e-01
1.881331275962947913e+00
2.736861105351366952e-01
-2.844886701308448451e+00
-1.422241912171656297e+00
-1.460380087706023122e+00
-1.067776569891608407e+00
-9.838958188244864012e-01
1.136466018948646850e+00
3.214395338965011506e-01
1.227066400663301193e+00
8.281767846684870982e-01
1.554732153576868114e+00
4.299997811648175183e-01
6.616728903408537477e-01
7.055950802596238081e-01
9.290781807520942515e-02
9.164928250219084305e-01
-7.448135705700764664e-01
-6.569999292062931318e-01
-2.141526556348177124e+00
-2.597751351967367839e+00
-1.078687432093299980e+00
9.164666863514659978e-01
1.846128276851668470e+00
4.840600862963428952e-01
2.201577311729671749e+00
4.097059836339772554e-01
-7.430173289409827131e-01
-1.276705914340925396e-02
4.814072677097267494e-01
1.491670210341637715e+00
3.383015599844959587e-01
1.204006221870753679e+00
4.678560321578872916e-01
1.219862261426138073e+00
-1.737261551444742036e-01
4.163700634401187983e+00
1.109306156730952564e+00
9.632913018602236033e-01
-3.387157234554845076e-01
1.347890438695627857e+00
-1.007155246445985863e+00
-1.137060002156196070e-01
-3.480213456739075228e-01
-1.988487955211035274e+00
-9.020197195175894134e-01
-5.550769668257558020e-01
-1.192999859243049299e+00
4.462370551421868115e-02
-1.717168676612894629e+00
-1.780884893266154290e+00
-2.460730631388114986e+00
-9.551332710342386179e-01
-9.745416758245795119e-01
-1.399020694341184479e+00
-3.601591394944291258e-01
8.623145719044655877e-03
9.383652110848164085e-01
1.586890385776420942e+00
1.143503568687094907e+00
1.902898854594051503e+00
8.506010132028769544e-01
4.130697407393559839e-01
-8.956193855210979882e-01
-1.610580869710864782e+00
1.238102800617413290e-01
-4.117697937601375591e-01
-5.548394371382019408e-01
-2.193355703485341479e+00
-1.865148548544504736e+00
-1.850484751840064224e+00
-1.097213141822202198e+00
1.903840100557659287e+00
8.945915573344724869e-01
9.716786160431071240e-01
7.999583117625390649e-01
1.787335857240986092e+00
-2.415897125495654940e+00
1.114134418086663025e-01
-1.152634513452779341e-01
-7.778928224752004184e-01
-8.858004501768765859e-01
6.131563863400200098e-01
1.312104664938551490e+00
4.517365092060308118e-01
1.714424087635044724e-01
1.563011410405079626e-02
1.579669204095511148e+00
3.656001988382970858e-01
9.068227567611573114e-01
1.881196759187279577e+00
6.401996393512501271e-01
1.890880918098261088e-01
6.884579908720733776e-01
1.085003634011824758e+00
5.923127576772317937e-01
4.808964290962677302e-01
2.217832087767335203e-02
2.152742138370349334e-01
-1.566801654085768547e+00
-4.546286479443297779e-01
7.147866459009639684e-01
-1.035350476631331285e+00
-4.838556061697121269e-01
-9.350254673176610076e-01
-1.388240548846529476e+00
-6.461151567978813404e-01
-8.750318228877377313e-01
-1.408720680092343525e+00
-1.284957810371134546e+00
-4.332625472125517518e-02
-6.476369884918121711e-01
1.173764681274266142e+00
4.524533498369076590e-02
2.665621881300701546e-01
1.190705833613518783e+00
2.342109904484154459e+00
7.790173729718163909e-01
1.097855149345530190e-01
-4.910283501746199875e-01
-1.617373811822639951e-01
-8.098595459920466810e-01
-1.118875040192528036e+00
-4.608692616200479319e-01
2.785233111938107964e-01
-1.255499073477222893e+00
-9.872045956465300698e-01
1.877975113550555131e+00
1.083580950136568521e+00
1.712596709270920226e+00
7.579338575545103707e-01
2.508015352617587013e+00
-2.360191538975056957e+00
-1.535890693412370389e+00
-4.017360152224036529e-01
-1.107729955454063386e+00
4.034923969279444744e-01
2.353854561951324698e+00
9.337698087402690472e-02
1.499986563556523489e+00
-3.512469860362488205e-01
2.458006513496343803e+00
1.050355132676374037e+00
1.737198386860565158e+00
1.816784383358283073e-01
2.247954885082094290e+00
1.066650542512915356e+00
-8.485853623626282705e-02
1.936007667722015491e+00
7.107872004298609880e-01
1.243719782088206660e+00
1.770555800564526994e+00
-1.020145521375592557e+00
-5.512791429019012757e-01
-1.084959126460354417e+00
-1.423515615846168370e+00
-1.491852881896667427e+00
-2.017204939721029433e+00
-1.058785753988546574e+00
-2.168108620591120861e+00
-9.001731429332603396e-01
-8.705749141943178726e-01
-1.432390736729961311e+00
-1.155915599232151925e+00
-1.641309422470206947e+00
6.051981331758604643e-01
-2.848901418381667661e+00
2.617420579789491164e-01
1.109326915286227289e+00
1.250312539710738857e+00
9.967256200113662201e-01
1.616362833623064876e+00
-8.173744792364964207e-01
-1.532780521507395743e+00
-1.122132070459336273e+00
-1.094592804453894397e+00
-8.235417038792665068e-01
-2.092332151538908391e+00
6.471192687637015162e-01
-1.974550706936759159e+00
-6.698484548846821429e-01
-1.038668369062897945e+00
5.583314300754897985e-01
8.957103609534020627e-01
4.719169348491861760e-01
-4.215476879790267528e-01
1.070879183806285884e+00
-4.945337510746011800e-01
5.385840623287063700e-02
1.222273360887189408e-01
-1.544584846238894027e+00
-2.202070206987675860e+00
2.222083380531258534e+00
1.040240894727971099e+00
1.395982823720462562e+00
1.007498908702290086e+00
1.087578804281388534e+00
1.119748942637579070e+00
1.602866899753339958e+00
7.403472227321798993e-01
1.821459596023301319e+00
1.289695714551580830e+00
1.361511944350948466e+00
7.135729232466179184e-01
-1.128986803877234379e-01
1.614667098807373247e+00
4.484777298010532709e-01
-2.193192508764583604e+00
-9.931267689140873545e-01
-1.370055996251448471e+00
-1.336813723424458811e+00
-2.098940897309261366e+00
-3.723668001907018965e-01
-1.773515125162703043e+00
-9.905960571886097688e-01
-3.071755688818107455e+00
-2.409503310584794722e+00
-9.324421223957034544e-01
-1.082522386652765789e+00
-1.115509500170597912e+00
-1.721011838550453366e+00
-1.725970110172844851e+00
2.034105255224720743e+00
1.526759491039665129e+00
1.166906314552164092e+00
1.232028441230988314e+00
7.800202161116216448e-01
-1.351413675524009816e+00
-7.955211130722662505e-01
-2.391682795106130577e+00
-6.947001258813352287e-01
-7.386331089279034590e-01
2.165222123942787125e-01
-2.469932579054452404e+00
-1.165540796113452515e+00
-2.767927555262859052e+00
-1.117361126850372477e-01
2.157326399841995590e-01
2.278670027203422155e-02
-4.019496289667179312e-01
1.211249486372770301e+00
1.247611279168842735e+00
-1.001694906746535052e+00
8.394395109139638489e-01
-4.622292566711074802e-01
-2.320428052008892683e-01
-1.543096971111902693e+00
-1.815680784302052597e+00
-2.105559705780693847e+00
-1.410198520918414689e+00
-2.033401975846113707e+00
-1.743243349511813811e+00
-1.275587314765534108e+00
-1.701161637525902215e+00
-1.576771389095179554e+00
-1.033190375108647308e+00
-1.424144070730450018e+00
-3.634617783096614207e-01
-4.804206501709884503e-01
-2.678303694054867012e+00
-5.099318126503915583e-01
-1.443643453130853738e+00
1.229152096700571128e+00
8.801949521409411226e-01
1.359237895182816569e+00
1.592433416806570357e+00
-7.655198019490958572e-01
1.358563078964061699e+00
1.067156890076274456e+00
3.906037464883770349e-01
7.606318498721031940e-02
1.290771615797532856e+00
8.585698722570866970e-03
1.649982096427822675e+00
1.753145860579711446e+00
7.193173774144958621e-01
2.411122597808343926e-01
-5.033187514311089350e-01
1.114203272759145324e+00
-1.919152540559112996e+00
-2.257616527464839429e+00
-6.649477336339072453e-01
4.581206322286491828e-01
1.316199732509519160e+00
5.749705925471884083e-01
6.055314069159865031e-01
9.790669761135089022e-01
1.331735871979279340e+00
2.620133250600737984e+00
1.693974261666412406e+00
1.473695968550075674e+00
1.277461108991664540e+00
-8.227139685942314040e-01
-1.450731171921916918e+00
-1.827297274845474107e-01
-1.625112729182608406e+00
-1.487111145294340186e+00
-6.976261125413101283e-01
1.029069057255954434e+00
1.275563811597059782e+00
6.173882525082148298e-01
1.241463804961331352e+00
-1.654318367731274719e+00
-6.151268723115002057e-01
1.583510705343975644e-01
-1.357307461503108881e+00
-2.831610497158517425e+00
-8.979395327886078304e-01
-5.177862772662964463e-01
-3.464832906756449393e+00
-1.377463115547332917e+00
-1.581704305452674042e+00
-6.371008429989966082e-01
-8.261488923954665164e-01
-9.183383387487105143e-01
-1.210994397198398076e+00
-9.937990865202874780e-01
-1.300491576864857279e-01
1.577938954022598539e+00
4.844109420601602212e-01
8.875989445228269492e-01
1.584517874160628725e+00
2.349308328115905731e+00
2.082424020542596566e+00
1.909972449900786629e+00
-1.316269606463447150e-01
4.044138981066288663e-01
1.278395189989769420e-01
1.247088507393512069e+00
-3.513805240529310758e-02
1.019743945685757769e+00
1.352959450095293725e+00
-1.044032135289078012e+00
-8.872370303980502415e-01
-1.462966375258751173e+00
-1.376777406925944414e+00
-1.192603566471697629e+00
1.044896990396013692e+00
1.473418670250146612e+00
1.831985415763936142e+00
1.361106236883848908e+00
9.714715178310903143e-01
2.073763795605195526e+00
1.260048906627190046e+00
1.096894122311301123e+00
2.477676518790927762e-01
4.237810930875008930e-01
5.012003905875630494e-01
-2.403489978743289512e-01
3.368435508102782805e-01
-1.292264740063108430e+00
-1.131990380223381054e+00
-2.539747980986515330e-01
1.500330674762639482e+00
7.408930945843916760e-01
1.930179408055828105e+00
8.277750942737074347e-01
1.128208871085521814e+00
1.204743196369158609e+00
2.486717410202618161e+00
2.638882803242293962e-01
2.031965647735188618e+00
1.669194527491024038e+00
2.880187176887062384e-01
1.310728178326828086e+00
4.395643532164376088e-01
1.835974715182625339e+00
1.109765721223367363e+00
1.322231826610129390e+00
2.310798437236043945e+00
5.089020696500126117e-01
5.217490229675105784e-01
-5.717279742761344208e-01
-2.108661411255916107e+00
-1.388375517331435383e+00
-1.444284648736267274e+00
-1.270343309932336684e+00
-2.817228231740743993e+00
-1.757353400438579127e+00
-1.597545643417983108e+00
-8.367004316875432668e-01
-1.086819177264642722e+00
-6.068008995249054571e-01
-1.303413192408830579e+00
-2.758588544453465907e+00
-1.256997996504583437e+00
-1.244801579648697754e+00
-2.235896841106543853e-02
5.546463055210510973e-01
1.582353827356706155e+00
1.997763452210427282e+00
5.513669961068035086e-01
-1.530066104898506918e+00
-3.309491782072678800e-01
-2.302711822984034207e+00
-3.460607959090250318e+00
-6.627581356827432213e-01
-1.542699847924676737e-01
-9.849021602610403825e-01
-4.504372525008365491e-01
-2.908211511334896082e-01
-1.041522977783700066e+00
1.025330024553330333e+00
-4.245403294116796289e-01
-9.932538375787149931e-01
1.762673761895952929e+00
1.280170195181237869e+00
-1.476597667932298297e+00
-1.692038900153429726e+00
-1.351266769449082528e+00
-2.715337786265915598e-01
-4.173699995592691225e-01
-1.730264623769490306e+00
-2.309105623457354817e-01
-7.268164435696221615e-01
-1.506482483296716968e+00
-1.573976623760664495e+00
-1.850809255955074173e+00
-8.589990046680225921e-01
-1.578539491469090450e+00
2.006396695764820493e-01
-4.195000247856195408e-01
-4.316513811918697430e-01
-1.412006179360773661e+00
-1.524769112992158338e+00
-3.328397026437575068e-01
-1.354742706635790217e+00
-8.510451073254610144e-02
1.438269339643910572e-01
8.986494239388342908e-02
9.795931766058862955e-02
1.525867261608759406e+00
1.110611766726160354e+00
-6.505420680294005109e-02
6.983440363255351002e-01
3.025427933655788770e-01
2.576473415658055988e+00
5.327356985721949378e-01
1.183703495940447326e+00
1.762866544473714603e+00
5.725517989021655652e-01
2.345174535261312698e+00
-1.984259301602673276e-01
-4.506457957383996904e-01
-9.492128144395683975e-01
-1.578792361067644201e+00
-1.315471354764088607e+00
4.251618830872302413e-01
1.147253325910487121e+00
1.837741601585798357e-01
8.916658328127529121e-01
2.095900173020985413e+00
1.200907756753678335e+00
8.228646014781230145e-01
1.516417753857637774e+00
4.874024255363376135e-01
9.693519894568307649e-01
-1.296037968205885127e+00
-7.630320625383198996e-01
9.619579690931203686e-01
-1.240886009910773469e+00
-8.742160750033340921e-01
3.867798026008072432e-01
2.223921709090192600e+00
3.666427816699108222e-01
2.281496011208696828e+00
1.155171430225463869e+00
-1.173443393400359636e+00
8.326918828033424980e-01
-2.063307260237368101e-01
1.751340949028999727e+00
2.114269953079419118e+00
1.795550812443089228e+00
1.973166077554007636e+00
9.892959849979182652e-01
1.188981866066728621e+00
6.333624880701604898e-01
2.424106565129516611e+00
1.070977730263167560e+00
1.497721215692166652e+00
1.437163568063669850e+00
1.141457286889870915e+00
-1.440511105868002240e+00
-2.043362873173610872e+00
-1.341051702040525484e+00
-1.254219027744120973e+00
-1.414435883318953646e+00
-1.662162533858553948e+00
2.698454520392685740e-01
-1.315431176786578948e+00
-2.127536191445279279e+00
-9.215964868091437445e-01
-6.362436617706548336e-01
2.533972031813220838e-01
-2.149488824210835425e+00
-3.088644729660036115e-01
-1.240515905080311398e+00
9.777737165282460730e-01
5.389903356194303274e-02
2.386226802445541306e+00
1.374677150052798558e+00
8.314613963148871356e-01
-9.640038810772381117e-01
-3.083744504591812152e-02
8.760425898901027519e-01
-1.476319931266739660e+00
-1.849663825254139304e+00
-1.570581003317096602e+00
-2.198466340231915783e+00
-1.407787341776618240e+00
5.541474157248016397e-02
-3.134260434433735032e+00
1.768327019341303430e+00
1.395757754362751513e+00
2.103727951967145238e+00
7.740209655504145525e-01
1.884495142933008349e+00
-2.363166445436857721e+00
-1.429977218777750858e+00
-1.093715548155456796e+00
-1.466773348116072517e+00
-9.827188402123953059e-01
1.654336683905057725e+00
1.362732777576148857e+00
3.511284910925616121e-01
-1.484461791096580718e-01
2.672319636507536789e+00
2.604111823450566465e+00
8.976694638283770900e-01
1.008065319372422497e+00
1.449836211811791564e+00
-4.447943814509800475e-01
1.881832316670808858e+00
-2.933334013661497153e-01
7.651320686176061869e-01
3.072712660107514981e+00
1.142536841543505544e+00
-1.275614561049486451e+00
-1.217963598732802355e+00
-2.460463359075335532e-01
-1.708730535261163030e+00
-1.650716603859114340e+00
-1.814041888168812289e+00
-7.446930721325420999e-01
-5.761404021836737943e-01
-1.565251152556831338e+00
-1.501107612166987515e+00
-1.799206901771147837e+00
-6.899462623462035982e-01
-1.093865161292011390e+00
-8.029121976118785975e-01
9.480550621208934103e-01
1.728068057947365510e+00
-6.625447037316634091e-01
1.863095549399908624e+00
2.843999044572992352e-01
7.574361369891485785e-01
-1.379846995273786625e+00
-6.059194032653204554e-01
-1.564568017122331289e+00
-1.028670868998845744e+00
-5.985971738414126442e-01
-1.740207778188312293e+00
5.494003076123608054e-01
-4.191040818849187666e-01
-4.683925051271388140e-01
9.847769942580830715e-02
1.002693459664854680e+00
1.621403989315117755e+00
2.060007781532477544e+00
2.529760558676525495e+00
1.148361847551136350e+00
-3.920574923291833436e+00
-1.130803490193696970e+00
-9.304895105246022702e-01
-2.747244776855483295e+00
-1.052832456388515414e+00
1.324224213660038618e+00
1.461240746303234639e+00
1.027629775745013019e+00
8.250557804608091850e-01
6.407032550905782387e-01
2.675184219675136310e-01
-3.318468768697684368e-01
1.694474164630372925e+00
9.085329632287522106e-01
1.488128607354088917e-02
2.881470650236950259e-02
1.528837713149032718e+00
-1.169304415583291235e+00
9.899144703099825859e-01
1.143844781085927131e+00
-1.752274047379947852e+00
-6.986710803082125665e-01
-1.139978071682766991e+00
-2.191260663666431796e+00
-6.018044566031445219e-01
-1.831421775279449271e+00
4.661118397798160728e-01
-2.603666397043618908e+00
-1.067390328612631833e+00
-2.231742902543000451e+00
-8.713333718293985175e-01
-1.890918049735544892e+00
5.296450099763507779e-01
-1.259537634743726153e+00
-2.279534993262754661e+00
6.982498235499752237e-01
2.176084187374839551e+00
1.221259323950212750e+00
2.291648441262563729e-01
1.004469848919388841e+00
-1.247145682593911564e+00
-1.069514365016166257e+00
-5.647353826503470620e-01
-3.764859049386226619e-01
-6.216900243440884877e-01
5.331096177341199116e-02
-1.786880656837103842e+00
-1.547865573167891196e+00
-1.257388110368148348e-01
-1.449960362980418305e+00
8.440213888778582696e-01
1.548425433921929439e+00
2.168036536982538287e+00
1.254332326596699465e+00
2.134708099166000572e+00
-6.022084792487500948e-01
-1.758042796023596699e+00
-2.960584105323577075e-01
-1.505243027049499860e+00
-1.401837090668127006e+00
-2.691319071152059372e+00
-5.400306576055291519e-01
-9.045695772613002728e-01
-1.004810236184845440e+00
-3.143549393789492719e+00
-1.950390398742149145e+00
-1.808903685794140959e+00
1.363590087544236606e+00
-1.938145593489621898e+00
-8.468262123938280483e-01
-2.644361410959108483e-01
5.794499839537194941e-01
-1.393180696541389318e+00
-2.878978392546349685e+00
-9.416403261947076109e-01
-3.469770947066230793e-01
8.709102462931554989e-01
7.296530604158975031e-01
1.442094072002156002e+00
5.321006097642964061e-01
3.801464999367535347e-01
2.470461720794614457e+00
1.912410406037116317e+00
8.788129294071649333e-01
1.318529394010853784e+00
1.504278545693833458e+00
4.295539669294754503e-01
1.755911996650971973e+00
1.332221065469530341e+00
2.174000483082605406e+00
-1.129535967524142315e+00
-1.053972615314692884e+00
-2.174712628027793748e+00
-1.728017576068102690e-01
-8.302162279564906378e-02
6.434740808297784165e-01
1.570559290723378965e+00
1.339322801230157456e+00
2.187412003913378644e+00
1.138452820025520840e+00
1.229942899213278373e+00
2.131954294467339750e+00
8.189508804646046247e-01
-5.146873822759971961e-01
1.680519299813515666e+00
-1.687124631704833178e+00
-8.148315296947583608e-01
-1.072073222107413848e+00
-6.190726494603377983e-01
-1.092053583585942178e+00
6.731020894832451251e-01
1.847808774366181517e+00
6.638182964081005277e-01
4.490638428641827717e-01
7.438957638841872111e-01
-1.416279728517925607e+00
-7.620373091774919061e-01
-6.348681933184812110e-01
-2.587234487673132355e-01
-2.873904972409906389e-01
-9.184209346742053803e-01
-1.363122712920199930e+00
-1.337246924417710092e+00
-1.128492228763677829e+00
4.712190802742521889e-01
2.437819109285719321e-01
-1.341764388780767980e+00
4.267143827023955893e-02
-1.757476793544053839e-01
-4.838687400591387133e-01
7.464348372324662861e-01
2.137625752166707471e+00
-3.734750800205697274e-01
1.145504717181832000e+00
2.475275654572932638e-01
1.796276424905644209e+00
1.301937928120935339e-01
6.383159685395365379e-01
6.562381957368368379e-01
5.585272059885004747e-01
7.385358258224390404e-01
2.358700401391589097e-02
1.603841662624709841e+00
2.639159516672565431e+00
1.639739394174821729e+00
-6.675096867048978533e-01
-8.883129654373034256e-01
-1.147895863533342498e+00
-2.418561141838933892e+00
9.358553671650393646e-02
-8.223521911337141610e-01
7.934812756313709414e-01
1.361100520539799241e+00
1.691566473103389034e+00
-1.648551063105487824e-01
1.116850582972555017e-01
1.026914242836318714e-01
1.522693097613883495e+00
9.678333164994242788e-01
5.099157432131441459e-01
-1.460299840227277546e+00
-9.985443598295020706e-01
-6.973204586077355049e-01
-1.386716098927249785e+00
-2.444521471892223019e+00
1.906552882458695919e+00
5.134761214268279694e-01
2.273317306600175502e-01
1.816157919102763252e-01
1.669648263573127789e+00
9.571283761817314106e-01
3.933701721902610471e-01
2.115577421664003310e+00
9.262173496184052945e-01
1.334198141151959449e+00
1.411888078335445940e+00
1.090472083984459051e+00
1.788650988223197125e+00
2.054175028456835861e+00
1.070252825405925590e+00
3.048046679039051465e+00
1.364940652596221549e+00
8.558684707286408067e-01
1.608825827119369611e+00
2.825083260690304243e-01
-4.001200632298129722e-01
-1.737522280456831769e+00
3.168128301020909365e-01
-1.176400563653217990e+00
-2.097336628016281068e+00
-2.894017392509491415e-01
-4.166670255928761613e-03
-2.104283857654097201e+00
-1.042655503572136322e+00
-7.643455794581642815e-01
-7.880518248469513543e-01
-1.608641094065860866e+00
-1.440258245654020053e+00
-2.042623924164134408e+00
-1.757523180852495148e+00
5.914445943384623039e-01
1.716613472608092827e+00
1.118001378513836297e+00
1.760857909379648589e+00
1.807228394642998115e+00
-2.156766463456427196e+00
-2.210403682425059024e+00
-4.185032316609061942e-01
-1.322021268610451550e-02
-7.287120611723389985e-01
-5.638465381821893274e-01
-1.266327263870188347e-01
-1.891466753045257132e+00
-2.424758914888732519e+00
-3.698961656147022881e-01
6.671817197033363955e-01
-2.244965293302787490e-01
9.705906885440938048e-01
1.175383293135193963e+00
2.750226037654794897e-01
-1.778816743581339122e+00
-2.306139812357237417e+00
-1.744079526398580438e+00
-1.074534106287671875e+00
-8.081768023359651165e-01
1.221848828721271429e+00
-2.970265143322521340e-01
2.401290564889638546e+00
1.186000495723303905e+00
1.711999515237339953e+00
2.142169179317875649e+00
1.623379885158203972e+00
1.319482785373676581e+00
-3.907376885115256826e-01
6.116566385311965615e-01
3.125250988771075544e-01
9.092446323294487431e-01
9.338601817549415651e-01
1.424140157346468039e+00
1.458946266105080269e+00
-3.095092692690589731e-01
-1.094385742310373999e+00
-5.812112184333577680e-01
-1.831436517902294003e+00
-8.309111322031891289e-01
-2.766703523265352960e+00
-7.364749572378241904e-01
-1.892440563976376389e+00
-2.441161433772363054e-01
-1.623261980292517670e+00
-3.081504651458391919e+00
-2.390144726292052546e+00
-1.964001248835576918e+00
-1.500189427441601442e+00
-1.093405251064668127e+00
1.054755294035558899e+00
1.202096960702467410e+00
1.153962848485460047e+00
3.710152452903874298e-01
1.228448714454932755e+00
-6.214374722588478228e-01
-1.159157541492417121e+00
-2.809201198050083281e+00
-8.862889974363374890e-02
-1.325732579368860131e-01
-7.118016944287774983e-01
-1.653636471199429803e+00
-1.474854409794331467e+00
-7.537044318661134668e-02
-1.113029962034425058e+00
1.093534771954647766e+00
2.196790456633909816e+00
3.888848868925218749e-01
2.188289160927359589e+00
-1.126478774726636711e+00
-7.542489367899488650e-01
-1.548230129097128982e-01
-1.177909697918507526e+00
-2.018451535351645232e-01
-1.420491875106379309e+00
