-2.020763196400753081e+00
-2.390263902670680007e+00
-1.190175713441433247e+00
-2.787311572541017135e+00
-1.301454504447552951e+00
-1.459668710920835055e+00
-9.753190649942996560e-01
2.208697909471202259e-01
-2.395778296433024757e+00
-4.907409949181095188e-01
-4.221025402352297506e-01
-6.129615610690246630e-01
-1.675669616089745961e+00
-1.021989705745730559e+00
-1.320568708275415171e+00
1.039843737026699300e+00
1.470861470868694232e+00
1.367975137142063646e+00
1.474597032085444015e-01
8.973550053807951565e-01
-1.374734617842947593e-01
1.311054282017821260e+00
8.140034806986873317e-01
-2.880821688138608394e-01
-4.372607494155060781e-01
1.610419116762745073e+00
1.703750273526734471e+00
2.078734498694315480e+00
2.447285400641109554e+00
3.605372962815889260e-01
-3.027366126667614399e-01
-1.070134012857839600e+00
-8.334331867646623815e-01
-3.448651011531431720e-01
-4.838251833870987895e-01
5.504890968607019097e-01
9.406890115932926566e-01
1.535138514572760293e+00
1.383962333203047512e+00
1.334680539051009696e+00
-1.268229811078762648e-01
1.690676356057440932e+00
1.440806890342352320e+00
1.840284121719556687e+00
-1.035739948562181656e+00
-1.176226709224244660e+00
-2.359209953000138249e+00
-3.319108096645029704e+00
-4.174281979243921192e-01
-1.201861596100103791e+00
1.468096182912616232e+00
2.199344301462408113e-01
1.722403051846221000e+00
2.543001720365254847e+00
2.509882727255874357e+00
-3.163976085470223687e-01
1.578319625016752159e+00
1.480629472382331668e+00
7.675845389003014274e-01
-6.437471208805491951e-01
-6.536163706430884179e-01
4.177072770864297402e-01
1.058781663977123921e+00
1.550543752615653359e+00
2.517747320010248480e+00
6.301149478505467805e-01
4.358252296857968444e-01
6.949390177645612399e-01
8.301466137496120723e-01
1.252337397712309786e-01
-4.221427505207120401e-01
-2.518028029721191885e+00
-9.456307069334077831e-01
-1.163457125232580491e+00
-6.475944353169202916e-01
-2.952896980334854149e+00
-6.907610711391807268e-01
-1.342926330765817688e+00
1.140005041108911321e+00
-1.285621780322410368e+00
-8.632750001958168218e-01
-3.831659648933177564e+00
-7.834329237316250971e-01
-1.483540604357135084e+00
-1.594473552636629154e+00
9.595373563614668644e-01
3.896293147817028180e-01
1.038159589969976038e+00
1.103892496375100452e+00
9.173031415354325757e-01
-1.362917572739525296e+00
-7.976430088045205480e-01
-1.817271614304041272e+00
-3.116761861097161468e-02
-2.148213760160859742e+00
-1.478704152987657450e+00
-1.697925078889749528e+00
-1.124839852725513678e+00
-1.696649608927818242e+00
-7.597476378041109202e-01
1.385633717877288174e+00
3.809758717148896690e-01
1.980551895169141208e+00
4.416123695760599821e-01
6.449193525159491180e-01
-1.699883321039968864e-01
-2.438593593077070576e+00
-1.465464239114413481e+00
-5.951781959822786128e-01
-2.725290272476640130e+00
1.154063642241615506e+00
1.697373499586660950e+00
1.784670098508491787e+00
6.226149211227083313e-01
7.043897492061161891e-01
5.028742900522407133e-01
2.930354997637905079e-01
3.036063138262497407e+00
1.110952942937963872e+00
-1.405362441310975541e+00
1.581471074202358551e-01
-1.003143682676386206e-01
1.294804053621009032e+00
3.762986790838770412e-01
-8.556545213366033575e-01
-1.138091004626095692e+00
-2.219425626801481144e+00
-1.661742924571778079e+00
-2.915188327103957366e+00
-8.348779352279349641e-01
-1.264353791040727204e+00
-3.098584183147171878e+00
-3.610336545512993212e-01
-1.470058528109581708e+00
-3.718609234851167900e-01
-5.074151465954366280e-01
3.292465823587500395e-01
-8.237893875155494205e-01
-6.704728536485538015e-01
-1.429185467132988885e+00
1.376009343351520586e+00
9.669147519880539887e-01
2.395251259111901287e-01
4.408909985678383103e-01
1.088607778034883289e+00
-2.318125656179667704e+00
-1.828654615320271404e+00
-8.369037748103635987e-01
-1.001190287639716292e+00
-3.213786859209777802e+00
-7.082925150880330367e-01
-1.481005717253077947e+00
-1.283911833909155309e+00
-6.635393602586965311e-01
4.913436079339990048e-01
1.265375425225046868e+00
7.733735881312485683e-01
8.679248220490125565e-01
9.733862746276429334e-01
6.364081601756388373e-03
-1.458788529171538340e+00
-8.336857883069909159e-01
-1.469974312351096657e+00
-1.499365210698669459e+00
-5.614724584834129839e-01
-6.566631329003591588e-03
-7.901179036553916957e-01
-1.148098727122841556e+00
-1.822203240846134165e-01
-1.225117621382620925e+00
-3.456982340203539339e-01
-1.590232703575140460e+00
-1.082543280879086467e+00
-1.790419443714596159e+00
5.184768267336781200e-02
-2.544001342114277087e-01
-5.268586073558028104e-01
-1.476802491487185343e+00
-1.420982940815548323e+00
-3.263395043574274235e-01
1.182883139951439677e+00
1.214682479446667518e+00
1.069169334047124886e+00
1.033518441496463991e+00
2.374310497009839427e-01
1.798161110592448209e+00
6.718600893413346764e-01
5.194875392003537318e-01
3.337343271191361982e-02
1.083741941613866722e+00
1.278743964366641173e+00
1.494390698209528079e+00
2.611445054417090850e-01
1.665281788776776795e+00
1.782619000381567176e+00
-6.437590855516532873e-01
1.068866028626387354e-01
1.060690632125342869e-01
-1.439255648200822302e+00
-1.224061736786076882e+00
1.255231072550490712e+00
6.922195013857779244e-01
2.495588128419734986e+00
1.169209972080480497e+00
2.245493141281404981e+00
1.510391829490928206e+00
4.750347093335145487e-01
3.086813215146169131e-01
1.144280330970112391e+00
2.373483991965640527e+00
-1.173271302996039100e+00
-1.979874069936661485e+00
3.041221462325283120e-02
-4.226231315615490702e-01
-1.238682442400140804e-02
1.511730094150362635e+00
2.039249426910901164e+00
1.247512891223328868e+00
2.858422011956057496e+00
1.682620310963538923e+00
4.646716903270342591e-01
2.356482895918100340e+00
4.399035812454865635e-02
6.420871389666531481e-01
1.013933632263100071e+00
8.818505266873857273e-01
1.102046532212626717e+00
2.131876501792983269e+00
1.411333132055001549e+00
2.219639971277460599e-01
5.283336136781626724e-01
2.626566420652906020e-01
7.929121125347495802e-01
2.111953513802757421e+00
1.056640107560121056e+00
-4.099160288385356177e-01
6.237708391183998113e-01
-1.095013588638369395e+00
-2.352140362473931212e+00
-1.608239778436438172e+00
-6.651100946449688411e-01
-2.488146806120556942e-01
-8.838589512664964953e-01
-1.111728612090295831e+00
-1.008059955692716780e+00
-2.264520900694431127e-01
-9.222805379332633668e-01
-4.738276058476255104e-01
-8.761737828762294900e-01
-1.992639036497661387e+00
9.102388545407915643e-01
1.132889525902497141e+00
5.377751902677858631e-01
2.369185136485582710e+00
1.725230056820983293e+00
-1.309446641269803369e+00
-2.533131037389427576e+00
-1.564678857275100032e+00
2.440080891072828884e-01
-5.446452668698700261e-01
-1.174521490055091988e+00
-9.649484733315634166e-01
-1.040054725058339402e+00
-1.345876002391719339e+00
-4.110225703162283528e-01
4.552939874772284901e-01
1.149220671394763915e+00
1.149953454233898942e+00
1.626673306094380322e+00
-2.334704288054854082e-01
-1.104799542549238955e+00
-1.173280376315905205e+00
-1.753848825681963985e+00
-1.263181221869061677e+00
-3.501081593127993719e-01
-1.066147094573485665e+00
-9.844606289742197092e-01
-1.173630943679668581e+00
-1.390948580943092816e+00
-1.762928188249381467e+00
-1.678856017057031025e+00
-1.651996318182178847e+00
-7.469747090648750643e-01
-1.252917187179211300e+00
-7.803584397443543708e-01
-6.778059745533300262e-01
6.501424265080111287e-01
-1.946978363312776850e-01
-1.902419985656573553e+00
-1.228022825500221238e+00
9.648250931450722545e-01
1.705939654888309676e+00
1.205453612108360772e+00
2.886756672506570531e+00
-2.841996438131277891e-02
2.710760806396605993e-02
1.079148827271028788e+00
1.455601170669185151e+00
1.553862078149938819e+00
-6.304052027526729773e-02
2.239061317536178208e+00
-4.371740177926703996e-01
1.630957059379311014e+00
1.018663517140889541e+00
8.668340786994858105e-01
-8.124788930653117358e-01
1.587562860893116934e-01
-1.510615558662496971e+00
-4.581782499483370019e-01
-1.731275624711320571e+00
-6.912988268278015269e-01
9.979190298073840060e-01
1.987943096747316840e+00
1.068679122987708618e+00
1.447333910944472279e+00
3.830795003663265419e-01
1.184007719549858395e+00
8.231395091707113254e-01
1.218980787885298289e+00
1.464996466036287748e+00
3.580625961611278996e-01
-1.356580498767638199e+00
-3.889056400028584326e-01
-6.063853567770394193e-02
-7.550592651122185472e-01
1.669376784406992664e+00
3.813548722306470129e-01
5.728791304268727735e-01
2.694281765873096646e-01
9.790944121779976417e-02
-1.503462424044838208e+00
-9.819806201935152856e-01
-1.004425965941434296e+00
-1.679151070869460582e+00
3.989202099379118849e-02
-1.343045813261729560e+00
-1.687050130975743967e+00
-1.698402807635397638e+00
-1.681845892771117512e+00
-1.871551222989450203e+00
-2.083182019448242883e+00
-1.788929829750472766e+00
-1.051834445061393897e+00
-1.147222203860682077e+00
-7.872702695984661325e-01
1.734599533667092075e+00
-8.680095898831630130e-02
1.194665397031884124e+00
-6.591325032099566439e-01
2.192722102659779182e+00
-1.215383702888579887e+00
8.202387626244735941e-01
2.532540059358308060e-01
7.667391687219560215e-01
1.838170507401120313e+00
1.157040997056034692e+00
1.015123368311850571e+00
-2.040483296517514589e-03
1.124576657506505040e+00
1.170353631608812561e+00
3.917806209227059355e-01
-9.981145080739597386e-01
-1.756548845849647211e+00
-1.437887372594805147e+00
-1.708658468212056469e+00
4.906968888290008657e-03
1.091788617343827150e+00
7.217493575350946156e-01
1.892326329685221076e-01
3.555416895885445960e-01
-1.716911023099276790e-01
9.417855375034056564e-01
1.212264749594284874e+00
1.201760110657188907e+00
1.625981794812828340e+00
-1.969572802308743764e+00
-1.095644211242047694e+00
-1.484295938315573826e+00
-4.419828993400358730e-01
-1.579059443119128048e+00
1.004178796452701583e+00
2.146686942940770892e-01
1.968659250952664808e+00
-7.744302055281584440e-01
6.699602035830596325e-01
9.092751756671466623e-01
1.405468093105533001e+00
2.129877060137373768e+00
-7.669183943860624630e-02
5.232337832181104265e-01
1.381745181326146987e+00
4.388849027676789971e-01
1.314227655174034615e+00
6.659028725514256619e-01
8.595497772212756793e-01
8.791556529084849636e-01
5.870006229611035575e-01
8.799757569595698659e-01
4.650621906661043248e-01
1.905773141474904619e+00
-7.524690677299654684e-01
-1.386533717125699727e+00
-5.989761102422523908e-01
-1.194261504297187360e+00
2.839040482441008706e-01
-1.650856320329700644e+00
-3.348382183021441083e-01
-6.145503613926350805e-01
-9.023411756672673478e-01
9.674252347947898123e-02
-1.662151229835951094e+00
-1.371664564883624315e+00
-6.295405729692967745e-01
-1.707362112487358807e+00
1.046382698447529069e+00
8.705755492505535820e-01
6.523952617049399993e-01
1.258430500103813854e+00
3.805849181934883863e-01
7.392858759372673561e-01
-7.727892840765184790e-01
-1.336548489808426776e+00
-1.154374763882544119e+00
7.552514669104928302e-01
-2.560370774329848054e+00
-9.996873417312288623e-01
-1.581692433728392189e+00
-5.580481464391309210e-01
-8.410157127093220719e-01
-2.475215008693816721e+00
1.012447302705719476e+00
2.387688346814116791e+00
-1.783104558543253670e-01
1.114965594388529047e+00
1.774483873405492851e+00
-1.407729646588614658e-01
-3.941314925813833581e-01
-1.573827047412762026e+00
-1.330324807222222017e+00
1.401546359905214700e-02
-1.722807872305953669e-02
-1.079425309164298019e-01
-5.330703117560144921e-01
-1.751635353649791504e+00
-1.616606814448049434e+00
-1.902048872666258994e+00
-1.439675471808691043e+00
-1.051737066948614352e+00
-1.194002582947302438e+00
-7.052042497836592538e-01
-1.805987390678725379e+00
2.497962002214162425e-01
-2.137509842332889320e+00
4.863479049176713254e-01
-1.675548580108300545e+00
5.519012314441347211e-01
2.323957195404276810e+00
7.100684315712215700e-01
1.975385460950774164e+00
1.127557605131680241e+00
2.025312761303006859e+00
2.258851351238463367e-01
-1.683599078579121056e-01
8.538756175061977816e-01
1.261317896496457092e+00
9.752244865723849188e-01
1.626327406904808814e+00
3.911668841993479750e-01
8.982843654147892876e-01
1.440579996547566521e+00
-7.816108884270325241e-01
-3.689254179343454121e-01
-8.359950084682918892e-01
-6.762448596056369610e-01
-1.543250727444652970e+00
-1.631934710375320119e-01
1.352662575655096955e+00
8.220912350546929481e-01
-6.788804745564052112e-01
4.639420177993045513e-01
-2.573089997292470343e-01
1.562195019774083704e+00
6.231212745953003118e-01
1.108640710555008013e+00
-3.660369928885283120e-01
-2.476857430287294770e-01
-8.114750351366682990e-01
-1.488845709201142675e+00
-1.275585841942404874e-01
-1.238179657402137313e+00
1.382096778475717658e+00
1.814931643622920809e+00
1.614295973352416702e+00
4.065030112157785869e-01
1.717518342296834977e+00
1.315626037406481208e+00
8.658006496486317927e-01
-1.499737425201952412e-01
9.606725550658381518e-01
1.927509598380465761e-01
1.099744511164799210e+00
2.528076765973827023e+00
9.735627009028727796e-01
2.197842109032716040e-01
6.715814622809820333e-01
1.211403556598055875e+00
2.212286446608159318e-01
2.472367578466404536e-01
1.835612439847697619e+00
1.156227662796111444e+00
-1.226616542774344509e+00
-1.954439424322989449e+00
-4.784376420140096231e-01
-2.243461210988031418e-01
-5.006467012053591459e-01
2.775840022504989513e-01
-3.214915268562699158e+00
-8.063759088264577102e-02
1.246393086167785214e-01
-1.875405933918759205e+00
-1.968968722700376706e+00
-1.555967884079606733e+00
1.588761557351894282e-01
-3.175280599753096400e-01
-2.130281317470635205e+00
1.571086758126253091e+00
7.311836866537613222e-01
5.530113313615985238e-01
7.274148598238352470e-01
8.418087938904432743e-01
5.447193006747010902e-01
-8.480454148338216758e-01
2.697204228104648216e-01
-6.177887783878037720e-01
-1.173971834787365109e+00
-1.009296252730467858e+00
-1.097984557214877643e+00
-1.521688644971108229e+00
3.695818993765676019e-02
-3.373081937663873209e-01
2.296047576449550487e+00
2.237838392279638988e+00
8.127854555099007783e-01
8.474528530524887415e-01
1.394859173692029053e+00
-2.024065629815237521e+00
-1.254681885499301597e+00
-8.291936762639497971e-01
5.073331952471145101e-01
-4.494418375438199442e-01
-1.368471747765409585e+00
-1.431674842396294833e+00
-2.022832331152907059e+00
-1.666448937311028278e+00
3.070372363536479909e-01
-1.288054532527447504e+00
-1.314664288003445147e+00
-1.480874540738222223e+00
-9.090960878511533672e-02
-1.427570975745512172e+00
-1.625371140504811684e+00
-1.947981771956460495e+00
-1.144639201212268587e+00
-1.670790356405471577e+00
-1.534198559190998568e+00
1.005667042912745446e+00
-7.587396836567863456e-01
2.293352615588074572e-01
1.193251834575345782e+00
1.872427635880648200e+00
1.034209838688908478e+00
1.117268690086178351e+00
5.295463899105072869e-01
-8.018959578225328677e-01
1.113303468353142645e+00
-2.582040182286866603e-01
9.454013725397358847e-02
1.840299383999032923e+00
2.770586540132200071e+00
1.145862832877329263e+00
-1.231230174926055021e+00
-5.834638763490207491e-01
-1.750300350556241780e+00
-1.386669928032732813e+00
-1.091311702695325181e+00
1.085865207399572929e+00
6.375804835896552447e-01
2.637954928709072000e+00
5.392402759179757421e-01
6.805991119696543912e-01
1.140597881995776497e+00
3.463282665263101023e-01
2.089132754552152083e-01
2.073643434391378548e+00
3.362202877923033961e-01
-1.628031948492703052e-02
-4.823661790621814882e-01
-2.291281419828367305e+00
-1.277317765314907483e+00
-1.207044434320375004e+00
9.211480085976564425e-02
1.639631023407812638e+00
1.626253664638368956e+00
-5.732424088546781427e-01
1.815060642515983869e+00
3.157043394627871979e-01
1.058721469117965386e+00
1.468217265335054700e+00
1.080540329307142722e+00
-2.390912850459905314e-01
2.899526284217499583e-01
2.034434971072882625e-01
1.967352514205908953e-01
8.154090683208403689e-01
1.758333839236487339e+00
1.440427151658505656e+00
1.161987845510746631e+00
1.204752128094412456e+00
8.784338505314455148e-01
2.373604948424540950e+00
-6.875434564086688738e-01
1.829317525064186878e-01
-1.130822605317849838e+00
-2.448212049962542380e+00
-5.992058293468498498e-01
-1.920339322715856056e-01
4.338501140962076619e-01
-8.350131911283197317e-01
-8.189392691175898520e-01
-8.069559642587267323e-01
-1.044584824201378437e+00
-6.394694897398007782e-01
1.919355360094867624e-01
-1.613313205001465356e-01
-1.834869153967799038e+00
9.780792579283485999e-01
4.673063883965024035e-01
2.133331628516937695e+00
9.078356576072708073e-01
6.826874824027957533e-01
-7.046423548936482373e-01
-5.659336201075979567e-01
-2.848663297587066268e-01
3.374003387373185614e-01
-9.609192847087003608e-01
-7.148197945838898892e-01
-9.483931892190494706e-01
-1.042738664081028999e+00
7.708791180352283501e-01
-6.188538534877967567e-01
2.318709756754686602e+00
5.429977741436127214e-01
1.898662314412356000e+00
1.366717001931414543e-01
5.279100142984866073e-01
-9.365085886476487431e-02
-5.546528049647666547e-01
-2.085763596144944998e+00
-7.189379186797681953e-01
-1.044831270202136508e+00
-1.378437223157399583e+00
-2.662044540909434431e+00
-3.719158102128897747e-01
-1.926536693303202208e+00
-1.800049730590694619e+00
-5.586843867052160295e-01
-1.844198294606497202e-01
-2.312909459591639294e+00
-1.692669789935610680e+00
-2.116304415669201688e+00
-1.296750887011669962e+00
-9.793389848487624727e-01
-1.567984582475371980e+00
-1.689146888657975243e+00
-1.262691065883307928e+00
6.768066907416062650e-01
1.446423049100935998e+00
1.418401673303593125e+00
5.991216633497751243e-01
1.663365144735331036e+00
8.492898816911575999e-01
8.263379533540621269e-01
1.162203418211501527e+00
-2.815165549765499264e-01
1.113792136875086936e+00
2.356963863137360171e+00
-2.735335185523954937e-01
2.265059878404198201e+00
6.638732377631262338e-02
1.379570504022240351e+00
-1.589443121426842298e+00
-4.674590946168634131e-01
-1.146845026433588322e-01
-1.060848861426704648e+00
-2.208294803300689502e+00
5.507663107492966059e-01
1.819956763543032263e+00
1.154514792502436826e+00
1.673813640787360502e+00
3.683833566969039186e-01
6.237580010589387491e-01
-3.223993058602303563e-02
-1.687120875206733484e-01
-3.529939231299463742e-01
5.241099538014788450e-01
-4.714107757011173350e-01
-2.141810235113484673e+00
-1.877577854921484324e+00
-1.350982238751813558e+00
-1.665518406964984655e+00
6.049752453722452294e-01
8.167770464831902721e-01
7.519631333564414932e-01
7.372282146731170549e-01
1.184732877284073949e+00
1.657490295280435344e+00
1.411262414096804196e+00
4.175155839517660228e-01
5.432620934361205300e-01
1.355216840423478786e+00
1.805882221286187583e+00
3.902357688671757030e-01
1.063724165747750305e+00
1.276987342684550608e+00
1.193544099005128256e-02
2.274868323492056810e+00
-8.061794545814704449e-01
-7.314886821464605671e-01
1.558679023443119149e+00
1.053744125947618349e+00
-5.741305221736141551e-01
-1.464524449907889991e+00
-1.785157451039000254e+00
-5.569881642334670868e-01
-1.212601908031017972e-01
-9.848191927050148342e-01
-5.020013831859675424e-01
-4.953805311392759370e-01
-8.052830715102958781e-01
-1.387244531180527485e+00
-1.998401301380145378e+00
1.528206706415251581e-01
-2.086591162511018727e+00
-8.663200547093142800e-01
-1.405069607105338569e+00
8.705429292660264995e-01
1.280154924421395002e+00
4.543678490400595571e-01
1.077494080510358554e+00
8.391141237710196821e-01
-1.901182455413260808e+00
-2.307985644999896557e+00
-4.283070582799411996e-01
-1.278459300594973147e+00
3.151479114689150762e-01
-7.329109240880027354e-01
-2.136183194983244604e+00
-3.240875690233160356e-01
-2.404927151097435711e+00
-3.849079873598539869e-01
1.828017509762345671e+00
1.886772119070241338e+00
1.912676616385641903e+00
7.094870642829540497e-01
1.500585224901410886e+00
-6.756945887629483005e-01
-6.181193647770615307e-01
-1.580967374897103817e+00
-6.914032004177838031e-01
-9.188908546088730978e-01
-1.790509936317474793e+00
2.256906949015520247e-01
6.440340640324269117e-01
-5.283441150088290517e-01
-1.309648409041209938e+00
-1.715739963703007742e+00
1.593572008180403898e-01
1.747968177997976102e-01
-1.112072374222090376e+00
2.779830810330365942e-01
-1.886299854478469928e+00
-7.545832659203418613e-01
-1.886921308662454999e+00
-1.498391516149480518e+00
-1.295555652806162694e+00
1.307149867835533108e-01
1.465068958097683005e+00
1.199980204644715220e+00
1.022873877354822492e+00
1.108279542285238950e+00
1.785725929380936439e+00
1.642500933962971921e+00
1.861207167770895454e+00
5.153327572584929239e-01
2.379290969688860446e+00
5.573151368615112400e-01
1.241878331402958890e+00
1.361375510667482081e+00
8.229746216392400671e-01
1.265757384479484715e+00
2.853303349755047513e-01
-1.674784634723123666e+00
-1.865549700195720195e+00
-2.132784079123267951e+00
-1.442901855126662802e+00
1.152879222626880029e+00
1.405307972831507435e+00
1.707581048400483859e+00
1.444876600607352568e+00
7.062219802485167897e-01
3.785520232538588381e-01
1.246878997429449187e+00
1.511889663175191689e+00
9.157575810354042778e-01
5.596668896958734152e-01
-6.805072666650553437e-01
-1.958992913538084135e+00
-5.374635375999463616e-01
-4.152582395524487824e-01
-1.719444723792156626e+00
6.958427309323000909e-01
6.516519567952014924e-01
8.234575240986676814e-01
1.653862917485996231e+00
1.222868388443062893e+00
-1.412664362465781309e+00
4.221549149715400073e-01
-6.292692939106736549e-02
-2.414992330588194847e+00
-1.079000719857110768e+00
-3.176483034701516051e-01
-7.173789530378622548e-01
-2.668270673390981784e+00
-2.427181628394263768e+00
-7.432179822114516332e-01
-5.062310994208059078e-01
-1.595204447140541326e+00
-2.974605321175586292e-01
-5.123918661159654331e-01
-1.368969006441652869e+00
1.232212904183114244e+00
-1.377994544822209733e-01
-1.283787717983329024e-01
6.316189693721849796e-01
3.687748506906187718e-01
2.803194364416281559e-01
-2.283622044599304957e-01
9.209635272286471608e-01
1.193671078189555201e+00
2.399897937729634778e-01
2.347757339444967783e+00
2.455867294883294694e+00
1.562303243636438133e+00
9.606309888557195142e-01
8.254917184477555958e-01
-3.683369724634870668e-01
-5.513841214974657401e-01
-8.200568850135857568e-01
-8.231632212906736523e-01
-3.866017441552072054e-01
1.146194178064482205e+00
1.678074602943422367e+00
1.093063041889948961e+00
1.119454955306246058e+00
4.862501734223481087e-01
-3.118509759584311425e-01
2.059259458842480850e+00
1.130915190097914635e+00
1.682689320225190244e+00
6.877379138740666864e-01
-2.532646464975432110e+00
-1.398051313912017646e+00
-1.465004104343356373e+00
-2.900892398396205607e+00
-7.198340974956103366e-01
1.147923529451568836e+00
-2.823457761056618054e-01
2.194900717290456882e+00
1.433892885890472702e+00
1.041388491602825095e+00
-1.149492495044523999e+00
-1.246810924010409716e+00
-2.493710913134640883e+00
-1.850058896762609262e+00
-1.090289130144786789e+00
-1.491254147721496892e+00
-6.692365307133362196e-01
-5.584823649871271112e-01
2.225804981589245557e-01
-2.352035136425885575e+00
-1.199346325340235886e+00
-9.645852434794602859e-01
-5.646447728299255342e-01
-1.135926080766978874e+00
-1.080201233869795940e+00
3.662330978750905075e-03
1.285202885907458237e+00
1.517238345827198298e+00
4.081437267663137192e-01
4.317593959235999090e-01
1.526341522041954057e+00
8.603513583965224365e-01
9.033196923595487871e-01
3.192732281305681319e-01
4.502506639500597485e-01
1.017046465393179888e-01
1.847999126739717335e+00
2.144181189951679833e+00
2.891750066944072106e-01
1.111916052109156672e+00
-1.143568888013941853e+00
-1.259317631607941745e+00
-9.162650077777054758e-01
-1.468187164267723999e+00
-1.690652448524756490e+00
2.548281240294214989e+00
-5.988620391986798630e-02
-4.716868229605239993e-01
9.512480100139233397e-01
1.126224650531657545e+00
6.205663141833985819e-01
1.913400890377634056e+00
1.121159016180620194e+00
1.821050070929293163e+00
1.580647532742949002e+00
-1.041326090988181630e+00
-1.840310952482982376e+00
-2.190530863732081945e-01
-4.573448676304721072e-01
-8.714862255834822102e-01
1.707769075626643041e+00
1.213148219413256346e+00
7.395901477029078741e-01
1.690627030131220288e+00
2.606973098608452943e+00
1.872588579029218270e+00
1.445241120818221869e+00
4.422935971291821478e-01
2.074268334197011399e+00
1.221538527815368091e+00
3.649282105881149763e-01
1.047374525342803064e+00
-5.252033986085482553e-01
7.429322308884214188e-01
4.674146815267010702e-02
6.602772570339585645e-01
1.294465095080220784e+00
-1.219692541557581222e+00
3.058764570407899175e-01
1.598699796177818211e+00
-4.124481831089423789e-01
-5.132145214170666936e-01
-8.444651554152127204e-01
-2.522524450033081678e+00
-7.108180730021114169e-01
-1.111249727591580916e+00
-1.256838871599047058e+00
-2.424366835308559009e-01
-4.388042678880923475e-01
-1.677684885716040242e+00
-7.396374356723010024e-01
-2.184355642254470986e+00
3.771276323436187905e-01
4.338342010396933901e-01
-4.907596530764679610e-01
1.482040088326614935e+00
7.279032215952367935e-01
1.565379110759178127e+00
1.205274974649723996e+00
-1.194531625423316701e+00
-1.167735681823023564e+00
-5.669510813111837688e-01
-8.314902346102983621e-01
-1.503549415617736473e-01
-8.110877189011679311e-01
-4.705697156598253050e-01
-8.177469190101743779e-01
-7.431130619608863341e-01
4.957038658489221206e-01
-9.666668940235554341e-01
2.921236291975145782e+00
8.942310752589628375e-01
1.900668194230558106e-01
1.632192240643639547e-01
8.525277577866835488e-01
-1.903384838725568962e+00
-5.708199315173578814e-01
-1.493700781164903235e+00
8.358615279716730129e-01
7.766455872798314619e-01
8.048615166723660508e-01
1.507738838628911004e+00
1.448311246421822851e+00
9.978661000508429746e-01
9.378148251681668324e-01
4.629679708675370486e-01
1.079063177351358149e-01
5.131389166714938055e-01
1.960130543614038157e+00
1.888991742442022392e+00
9.852273606250294691e-01
-3.277485896353256045e-01
1.842702138529243250e+00
1.456800078940088339e+00
2.640193205955796429e-01
-1.364249039033574196e+00
-5.720829164603673522e-01
-1.769913631843591961e+00
-2.099519911172646580e+00
-1.075011569582446036e+00
3.700611888301947872e-01
2.034090943750108682e-01
-1.246416136412596520e+00
-1.606879967618994876e+00
-1.397510684527133229e+00
1.843850205264174758e-01
-2.232046802964854137e+00
-7.367932671941388456e-01
-1.118209385257235011e+00
-3.325342444697335642e-01
6.424935525912144341e-01
5.518991578904928197e-01
-1.189194625579625963e-02
1.398445404810406245e+00
2.034314750770008118e+00
-1.313619538064196401e+00
-1.692367094950067319e+00
-1.580302364693909167e+00
-3.111212721819863747e-01
-1.289241018531964045e+00
4.256892345112903708e-01
-1.168869256919995214e+00
6.165680477753683331e-01
-1.593206927085205393e+00
-4.431066610633497271e-01
1.450724126309193451e+00
3.138111007224381188e-01
6.089895883886008443e-01
1.316825181362114794e+00
1.044354232027844054e+00
-1.540684037438726950e+00
-8.430486879935132905e-01
1.408581843029396818e+00
-1.321233246997681521e+00
-1.875717541868402893e+00
-2.045956098565446801e-01
5.632074349517717238e-01
1.327402371507300227e-01
-8.885224658370708406e-01
-4.206739720405060501e-01
-3.666495828008797808e-02
-2.275912037456073733e+00
-1.809151112117747928e+00
-4.732931828464216339e-01
-1.707634771718074873e+00
-1.332065340807941478e+00
-1.871387749771021625e+00
-1.539284487996687822e+00
-1.819895588848515100e+00
-2.244130166732545284e+00
1.609103708164419722e+00
2.499699982926018027e-01
7.867676738719525664e-01
1.933815664957262204e+00
3.732065050215300772e-01
1.172585074773373925e+00
-8.323384436806158249e-01
6.584852251390977962e-01
1.370305533417991439e+00
4.207828460279753324e-01
4.031413032725976731e-01
4.302588938758349357e-01
1.588732557041083737e+00
8.109203409847858257e-01
-2.894209920188377527e-01
-2.326776714856228168e+00
-4.607180183839496568e-01
1.717480029938407426e-01
-1.640293588706838168e+00
-1.538052425706248894e+00
4.465911610470206794e-01
-5.953464373683077238e-01
7.419878808948656701e-01
9.577725808925842133e-01
9.803741675748284257e-01
2.450275885900989437e+00
-9.527164833942656230e-01
8.052313658305110255e-01
8.486177136119367193e-01
5.618207169602651430e-01
-7.824080841783646045e-01
-4.649377659761156911e-01
-2.067843827257008105e+00
-7.327979719627335520e-01
1.159565519660223920e+00
5.219108441580404545e-01
1.859789899497659604e+00
-3.996590585370425330e-01
9.370828031978597483e-01
-2.021887870722249847e-01
-1.018933469937918224e+00
-9.961372598792773703e-01
-1.534377997249642522e+00
-1.476800642671156183e+00
-1.774336490842000291e+00
-1.941804255923051281e+00
-3.093141214170525011e-02
-2.021616297287523345e+00
-1.830069330504977110e+00
-1.521825024336949550e+00
-1.348420464169040711e+00
-3.486400966885173647e-01
-1.163533766204291275e+00
-1.872438520942873108e+00
-2.258736222786808412e+00
1.094275295665251058e+00
1.814637131431619643e+00
5.128750628709450865e-01
7.062999642146385870e-01
2.523757492253153600e-02
1.161508889556459589e+00
1.209545321222055714e+00
1.944743459386374385e+00
1.403892684825742254e+00
-1.414423078631326103e-01
1.765622664623430538e+00
9.726749341503492241e-01
6.059622095961310073e-01
9.012152927822592030e-02
1.586396934725804453e+00
-3.040240449313175164e-01
-2.663758621809841909e-02
-1.384398285781543114e+00
-9.456540965657316278e-01
-1.149477524685739160e+00
-1.581996654957424919e-01
-3.549719069511758640e-02
3.834918440799590655e-01
1.351436031696336748e+00
2.404838999036412961e+00
8.913370362869083019e-01
8.759372404017246039e-01
1.038331598437153502e+00
2.561123583499081979e-01
5.638953614099950773e-01
-1.640019053273473748e+00
-2.010191689235507173e+00
1.099901049221529981e-02
-1.360439841882166823e+00
-1.740133686460202167e+00
1.291266112454260595e+00
7.040483911730244238e-01
2.079789274454348913e+00
1.289221971871019612e+00
5.023021121786090948e-01
5.691146633304273728e-01
-1.395451495705436695e+00
-4.999598749818634502e-02
-1.192736794480680373e+00
-2.681769116938403918e-01
-7.764359437231533878e-01
4.101964204578822937e-01
-1.326369817601400491e-01
-1.605145160475139665e+00
-9.754410502665948890e-01
3.178028812383966173e-01
-3.962840739458138861e-01
-2.013077340584458863e+00
-6.843279229497896132e-01
-1.081961295584978666e+00
2.646330185188618955e+00
1.304936185415554784e+00
1.035100294336291249e+00
8.023884515979685661e-01
6.500915193169816142e-01
5.909858403587278097e-01
1.212623988630454175e+00
1.525836823883444326e+00
6.591215048085461437e-01
2.008437503237985311e+00
2.915974431290448976e-01
1.489440185579393727e-03
6.360220731567579611e-01
8.336825040178714730e-01
1.796452908445486774e+00
-2.853483224442845412e+00
-4.141869517687218893e-01
-9.017638792221436272e-01
7.720297406478531244e-01
-9.653318444320305725e-01
9.283166978700557737e-01
2.015054937088065490e-01
1.365069879024563226e+00
-4.882249395784601376e-01
2.183162213365982041e+00
1.239362128275554031e+00
1.608504810130107376e+00
1.739470344894801901e+00
4.504182154322183829e-01
1.481934357563137628e+00
-8.714266649417846677e-01
-1.312095383182090291e+00
-1.006959760421167527e+00
-8.451546697823330012e-01
-1.768111802059215698e+00
5.776150483827018345e-01
6.567280438308309432e-01
1.683431354319975259e+00
2.203782591377505540e+00
1.294737407977963661e+00
-1.333727541134871242e+00
-1.334893834606138530e+00
5.866171205743855310e-01
-1.081040548536202239e+00
-2.330236558783784773e+00
8.589253086215387079e-02
-5.147583197137783895e-01
-1.678069967781872673e+00
-4.141504587725016728e-01
-1.148180206011556015e+00
-8.619075658877572987e-01
-1.440530676274982325e+00
-1.300332797136739327e+00
-9.915147416085363652e-01
-1.554097796886772631e+00
1.549630582771314380e+00
1.327692109024478428e+00
1.983031806714378398e+00
1.117262789051974847e+00
4.886001967922931621e-01
1.497474694561369057e+00
4.426524924722651244e-01
2.117844802713948482e-01
1.188581036991078532e+00
1.952373984023407782e-01
4.699935029649847662e-01
1.843920955952593754e+00
1.269719414367120880e+00
2.211620234357265957e+00
-5.862975509189283230e-02
-3.104483778645547032e-01
-8.358988568819292198e-01
-1.347668664721517473e+00
-1.417792676069382418e+00
-1.085063586738731711e+00
1.588900604906092973e+00
1.460723806124890167e+00
1.430039196077572683e+00
7.816098095981410809e-01
4.265968193813194365e-01
2.503161103233939588e+00
1.526062692835914669e+00
1.021263491679931468e+00
8.287206859112369317e-01
1.422740735651568222e+00
-2.014521703778728856e-01
-3.281326050194656174e-01
-1.803823035823822085e+00
1.055001308096858992e-02
-2.414097002908958345e+00
2.428207547999773119e+00
4.570921079184089297e-01
3.319355767829433868e-01
2.040099099017052886e+00
5.294224449460712689e-01
-2.428327012538975538e-01
1.814176501584825907e+00
2.450722871003154779e+00
8.936418211721619542e-02
-1.122827377626696155e-01
1.753387626996201654e+00
1.821889945097003860e+00
1.160545939818639960e+00
7.702716759238503741e-01
6.847364519651399917e-01
2.746514491565095639e+00
1.569291813161437954e+00
-3.649074381587988913e-01
9.265732554714629643e-01
2.289428313919554370e+00
-1.114660499469900312e+00
-7.573404445874499791e-01
-1.466811184955771230e+00
-2.296402155120268462e-01
2.930680460939161236e-01
-5.949488226142831682e-01
-7.990955444773062410e-01
-4.477261264508358707e-01
-1.778655827989381599e-01
-1.908705761232597276e+00
-9.059203268396014419e-01
-1.079134959294953511e+00
2.202772832029211703e-01
-2.581079096240682880e+00
-1.651573808480828021e+00
1.886601863893921038e+00
1.024366972170962065e+00
7.541292299948200162e-01
2.155985124942254139e+00
8.597083949417219095e-01
-1.052747771559368939e+00
-1.376166619105488653e+00
-1.336372117224005507e+00
-3.026728702248915326e-01
-1.040307505830724955e+00
2.533338027564953077e-01
-5.292244580178506741e-01
-1.179418391392017096e+00
-9.139161063685965480e-01
-3.207007896374458600e-01
3.461275836934216699e-01
1.781666155944503505e+00
1.965333121918300119e-02
2.132085601229216643e-02
2.817485398806944374e+00
-8.893477706708189379e-01
-8.880341194346933476e-01
-6.200458973050004818e-01
7.732962588081848665e-02
-1.810503963132398919e+00
-4.130640807475732812e-01
-2.825752910216059455e+00
-2.035807026948977416e+00
-1.044414012547562054e+00
-1.186828818364343618e+00
-1.010993938637475997e+00
1.665001055525405782e-02
-2.266609124746582493e-01
-4.969941474351564636e-01
-1.352511955059917614e+00
-1.764759787204099428e+00
-6.456067058896584054e-01
-9.057393359328691496e-02
2.382658867532088109e-01
-8.001254578401819639e-01
3.555136373925595894e-01
1.856647394482325630e+00
1.229784891133780533e+00
1.196095863516934754e+00
5.176882591841476255e-01
1.281601408231037409e+00
8.007784537778978029e-01
9.296376529554408741e-01
-2.716142702353703253e-01
3.143186643239292977e-01
-5.921156503184430431e-01
2.014902695242298147e+00
8.864158902244588800e-01
-7.638388094464219069e-01
-1.850326657261001095e-01
-2.127026841795482959e+00
-1.432013591746794656e-01
-1.801687413687916406e+00
-1.355554552751614850e+00
-1.147110531299129210e+00
4.127509022112729742e-02
5.290207038553277341e-01
7.733183382539553508e-01
4.971592790440843013e-01
-2.577266232407706692e-01
5.107715774415358956e-01
4.192908889854424226e-01
2.111730032719235872e+00
3.375109018165637353e-01
2.140944533072746125e+00
-1.175644420260490985e-02
-2.433650206025526952e+00
-5.249158337559218790e-01
-1.687252684647285506e+00
-1.282654450356815357e+00
-8.399614430711999091e-02
9.765647195166723415e-01
6.961607551057558130e-01
7.614284792170858962e-01
9.678150519983186317e-01
1.177807762934059532e+00
2.200448635915625006e-01
1.720043003331366283e+00
6.792382352036885340e-02
5.839272699476429906e-01
1.770854539752265921e+00
2.386019251527718765e+00
1.206087022728089098e+00
5.869937490352250542e-01
-3.349758724944844612e-01
1.906036652205604032e+00
1.797443476871085632e-02
2.914739069248426961e+00
1.206809533502595677e+00
9.198748443187346746e-01
-1.729245555872319873e+00
-1.857849361239736874e+00
1.089141267483113573e-01
-2.595426041214748736e+00
-7.159925808891989263e-01
-1.542706748936358396e+00
-1.656864859929230160e+00
-1.214484148779007455e+00
-7.666873707144616912e-01
-1.245674111286997121e+00
-1.255457381837143283e+00
-3.641451344117802025e-01
-1.475207655327610334e+00
-1.800454927062167698e+00
-1.262688189525466020e+00
2.000885542172650133e-01
6.207465469670883085e-01
3.057758344781666970e-01
7.536909109697215170e-01
1.093060858702104898e+00
-2.407759985164067418e-01
-1.835382181494343623e+00
-1.476701236598884082e+00
-1.790799915024199551e+00
3.819728703872429243e-01
-9.008786167567410796e-01
-2.858227116139608892e-01
-9.896223185318023807e-01
5.104886207541041721e-01
-1.209649666851326799e+00
1.662684370693160218e+00
1.695254121838131622e+00
1.250936977612983503e+00
1.846360354584710262e+00
2.663243751297420303e+00
-1.748264446876660827e+00
-4.393075009445327472e-01
-1.270688509965163915e+00
-6.141991402658728560e-01
3.311401466767334156e-01
2.144727417680740711e+00
1.951377654011035911e+00
1.839646585488778019e+00
1.238349137217088725e+00
6.731684097879516715e-01
9.229379778026859382e-01
6.668186474848889489e-01
-8.515696318861842862e-02
2.320524746793308779e-01
1.059776296687816588e-01
-8.343581036448033394e-02
6.998960456133933583e-01
2.074174572150996099e+00
1.477881429584495976e+00
1.874198581163281752e+00
-2.390707265741434107e+00
-1.781931683634526031e+00
-7.450876113442861381e-02
-2.283874498943949227e+00
-2.529878405789234286e+00
-1.262673619124083713e+00
-1.608469044754330834e+00
-7.999801756723853297e-01
-9.152510660445800639e-01
-1.284650362439927251e+00
-3.105576326776027241e-01
-2.314252150098483174e+00
8.575730300326078748e-01
-4.751267146787383489e-01
-4.714326196203734165e-01
8.088136904848077791e-01
-2.183082067538395510e-01
1.827814910720145125e+00
1.797796893915048599e+00
-4.213336538106418061e-01
7.708003905123628208e-02
5.776270850601037399e-01
-1.905876198879216332e+00
-3.664634558226389505e-01
-1.719318498125908423e+00
-1.966407126300508512e+00
3.102115963929295006e-01
1.792019056289406720e-02
-1.433380120505882038e+00
-2.759977197971406060e+00
7.531049647355239074e-01
1.648838534978537274e-01
4.199429655431844433e-01
1.810693771850857114e+00
1.686041460130420777e+00
-9.067498744863955462e-01
-2.473309736345973509e+00
-2.302752179490768825e+00
-7.166645410950578388e-02
-4.149368150793015797e-01
8.318909645628885796e-01
1.632140330126978789e+00
1.155987326999553089e+00
2.176771823217948487e+00
9.176290545167851143e-01
5.663066654951232071e-01
1.951168938712814160e+00
3.880678114673268286e-01
2.632313755616351614e+00
2.503019560900369811e+00
9.452088019545786812e-01
1.092542496517237671e+00
1.107216390464922595e+00
5.269508652018033423e-01
1.098612850668536423e+00
-1.984788071835723589e+00
-8.294243268913354949e-01
-1.921753501432221123e+00
5.993969409305055507e-01
-5.239377177048476497e-01
-4.856667532011549326e-02
-1.515428148079803528e+00
-2.000156027027824024e+00
-6.713188651170540755e-01
-5.732051279285315104e-01
-8.625922627115804042e-01
-1.905829541178090558e+00
-1.516706396048094874e+00
-8.822200336906164120e-01
-1.625198766705960196e+00
3.612582179324778098e-01
1.601799174155520422e+00
4.503787555087065408e-01
1.008315792321740956e+00
6.096952621005656825e-01
-1.727453292739529855e+00
-2.881121969499212954e-01
-1.588698535581681615e+00
-1.081466656525364334e+00
-1.492489511731786456e+00
3.746534540010499903e-01
-2.627926855856831390e-01
-5.378925915592416285e-01
-1.400049230482074414e+00
-2.906933247037856383e+00
-4.167205826045341510e-01
1.273952413400161632e+00
4.557958834030967354e-01
5.676906199033782130e-01
6.753108938149883222e-01
-2.015439266211281666e+00
-9.997647305787544791e-01
-1.268829787739746306e+00
6.861697510484821017e-01
-1.511679668694999812e+00
-2.389062813846829947e+00
-1.183856770397081482e+00
-7.276742919559221479e-01
5.695139685104599891e-01
-1.528217538792790098e+00
-8.784849880869031180e-01
-4.699916628914336814e-01
7.309832401947646829e-02
8.170173979995798419e-02
-1.517987738550129695e+00
-1.309578015545920016e+00
-8.069054750990642955e-01
-1.331142601255513203e+00
-1.304718545261019269e+00
1.273778810642216541e-01
1.097774018960087750e+00
1.591257814552893946e+00
1.401363368028097911e+00
1.388729936440690649e+00
4.722503061677345571e-01
2.800073997560402539e+00
2.301626697339555605e+00
1.506512912423261241e+00
3.464343333884367659e-02
1.067063980125644518e+00
1.670543124365997389e+00
1.317983550277847193e+00
4.319803248141519392e-01
1.645781328050363701e+00
2.356603814185664891e+00
-7.110736328727242928e-01
-2.069136594723543610e+00
-1.327477232301122800e+00
-1.243742750323418189e+00
1.258980781245933045e-02
1.249710917733309667e+00
7.220696500585451760e-01
1.257536594812820763e+00
8.221391028473179485e-02
-1.348309028218104277e-01
1.018928106888326024e+00
1.047262774507464522e+00
1.878052379002503436e+00
8.562377006305211813e-01
2.155661648808028907e+00
-7.406804718314858871e-01
-1.956343279015777981e+00
-1.207427510023024508e+00
-3.098897389472438757e+00
-9.958031042197382776e-01
1.422823879507183031e+00
1.541967700432608446e+00
7.093709133079122431e-01
1.076570458274251463e+00
9.623651723533497293e-01
7.611746278935700438e-01
1.812751857623156049e-01
2.612539157366154940e-01
1.290229818633387149e+00
4.741212515847872400e-01
7.298271814276744429e-01
1.317125729473730633e+00
2.208689776645402780e+00
9.133106044887987496e-01
2.464478754210176703e+00
1.375327103284425423e+00
3.143596733128826148e-01
3.128757938351860446e-01
4.866109988269797793e-01
1.205787092713517694e+00
-2.207731504484668150e+00
-1.211477794838740962e+00
-1.471953362301123169e+00
-7.580095593026444645e-01
-1.139903022972382773e+00
1.649067480863221746e+00
-2.347312104877774530e-01
-1.565659948818453717e+00
-1.293124592007599327e+00
-2.445284508562179049e+00
-1.327279567856699760e+00
1.139368706195722503e+00
-1.469225131782068150e+00
-1.997933936715191816e+00
-1.345162294067955067e+00
1.751385736460171483e+00
-1.749673904741899655e-01
4.343288159266065485e-01
1.556545990892548303e+00
1.949547012238810328e+00
-1.213657821384607205e+00
-1.329182178425366123e+00
-1.016272088006017871e+00
-1.410494804564455862e+00
-1.239928082516742691e+00
-8.430028286088531164e-01
-9.684111631989367197e-01
-1.640656841418580925e+00
-9.145698364358614274e-01
-1.825659878144024084e+00
1.304424094994919514e+00
-4.643361051269931927e-01
-9.493212383191000914e-01
1.079505887695475952e+00
1.848637928105432593e+00
-5.665306450019567119e-01
-1.518863076328179851e+00
-1.486928325588155353e+00
-7.060187557599016950e-01
-2.245921517826847680e+00
2.188798393172802115e+00
2.291226248790190212e-02
9.783203044978856511e-01
1.756755227577795342e+00
7.077067582324940709e-01
2.667844882597194101e+00
1.591729096613093919e+00
-6.452003064538995858e-01
1.665080174712347594e+00
5.928694146359323458e-01
2.344099909619545841e+00
1.032531050672809148e+00
3.114943463460786433e-01
8.491946524192346413e-01
1.027745122960723734e-01
-1.351593674861925498e+00
-2.916149717770817329e-01
-1.588293257004073977e+00
-2.467880567830617711e+00
-8.757705195936307252e-01
-7.144918550861287798e-01
1.069932348819142565e+00
-3.016985117471593369e-01
-1.644828299236571478e+00
-1.818470334969076063e+00
-4.966293604159134345e-01
-9.218109470502586777e-01
-2.888380245927563372e+00
-1.688627811777750898e+00
-9.529370720587450050e-01
9.105239883390677802e-01
2.102678742818514301e+00
1.384896492221165953e+00
1.264962285788139074e+00
2.439771493875926289e+00
-2.537767086320059207e+00
2.662542466641528716e-01
-4.090033846414797836e-02
-1.107940572274130453e+00
-2.274339662412036667e+00
-2.967535462148340741e-04
-4.674923939019445251e-01
-1.850863932709034820e-01
5.210606767719880850e-01
-1.705983273336111328e+00
1.084559027947854748e+00
1.408991723079747072e+00
1.499627421721394294e+00
2.339519107009500054e+00
1.943582023172398809e+00
-2.121519317481818101e-01
-1.456238309247738005e+00
-1.454978676321144970e+00
-1.647478920819839043e+00
-1.102091938446192021e+00
-7.671153391355105544e-01
-1.521556766920000747e+00
-9.469803576618436303e-01
-7.535666730549515080e-01
3.398375851652355450e-01
-6.256449148021567819e-01
7.903882578676122428e-01
-2.066875811839706145e+00
-1.166775692602136649e+00
-8.520422004755618950e-01
-9.185132490841232400e-01
-6.437410107869619980e-01
-1.781121033842939294e+00
-8.375583011030297564e-01
-9.631063744676696681e-01
1.864151844864454510e+00
1.901684059712831498e-01
-2.428184021857118235e-01
1.392576334871341581e+00
1.491233597281812262e+00
7.741682214698630826e-01
1.314298818623492959e+00
-8.787087549321350721e-01
6.886924805885445977e-01
1.007883714088843696e+00
3.046557476640930684e+00
1.597674554158078575e+00
1.734435989452308258e+00
1.137533355633405519e+00
1.098667068472159780e+00
-1.100615806737440083e+00
-5.412177960418946832e-01
-1.049851479387394093e+00
-1.395543883958552334e+00
-6.935887634492878817e-01
5.220649988732974922e-01
4.302263980035690993e-01
7.784076063435854120e-01
1.495340238427572244e+00
1.282666083467477902e+00
8.544181743956862363e-01
-1.949467397943946967e-01
1.495845903458527193e+00
2.196733365207907518e+00
1.403272385082805052e+00
2.479955926378227815e-01
-9.112519268815186813e-01
-1.223181110503976265e+00
-7.477256561005394264e-01
-1.476867438443292047e+00
1.144546516714414652e+00
1.719542117371275491e+00
-4.607157924939124793e-01
1.361483656485614979e+00
1.592143651768574308e+00
-1.027155435038794806e+00
-1.623226846469819407e+00
-9.606735598715712143e-01
3.256880216189224075e-01
-6.278368688966471378e-01
-8.968763852450178931e-02
3.811586694868156489e-01
-1.409663778469494311e+00
-1.222026278009748834e+00
-2.306479012901225367e+00
-2.016551804709733275e+00
-3.579873119336908216e-01
-1.271756119308221633e+00
-5.297045294154876238e-01
1.742502762742315081e-01
-5.107813112017312029e-02
2.109363414046057983e+00
1.379830272652148304e+00
2.181809070809872075e+00
8.739406036448958970e-01
-1.320600842112893414e-01
1.518001276257646470e+00
1.183147950140133187e-01
2.780508994480135332e-01
1.105455702034768839e-01
1.932463969534284454e+00
6.723385560703664110e-01
2.778891893010052572e-01
8.979634722694573856e-01
1.196158681829353920e+00
-4.406262194941185095e-01
1.366912268854336254e+00
-1.290190740133290159e+00
-1.377490921402927171e+00
-1.863678620495536897e+00
5.252504601081398050e-01
4.271321549379379912e-01
1.033927796948473476e+00
1.059142495230465331e+00
1.122387950639107901e+00
-7.006680378736396264e-02
3.007840906401616499e-01
1.668532800532729343e+00
2.030384021462221966e+00
1.035658107987108334e+00
-1.252436474641482000e+00
-1.069477908212437711e+00
-2.438617824125110189e+00
-1.180547108301778225e-01
-1.920358631392828919e-01
-4.777956676738370767e-02
5.313719368431486512e-01
2.923276014682045787e-01
1.072784634598994868e+00
2.365153525831251713e-01
1.219989929698658049e+00
7.028526952634264191e-01
9.526297161342531794e-01
9.215124270666890105e-01
6.622868233845062846e-01
-1.021808984468690618e-01
1.228479223720965408e+00
1.112795015364084428e+00
1.014714622833004176e+00
1.316350288956105619e+00
9.538211962797379373e-01
1.507393766431908810e+00
1.039819252603336519e+00
1.249026492176526837e+00
1.161934368298435327e+00
-1.642129416319332513e+00
-1.268234496467189443e+00
-5.569517983483101009e-01
-1.158908986214271186e+00
-2.000981535786158005e+00
-9.065794554533261884e-01
-1.631833793254915399e+00
-2.463020620139086070e+00
-1.952948362320467979e-01
-8.944514860678748347e-01
2.926451194904426956e-01
-1.270425661744768897e+00
-1.702303073518589560e+00
-7.673985547136157326e-01
-1.555947483129365150e+00
5.064130625230336413e-01
2.272319813969046365e+00
1.571255831023352201e+00
-1.393401178564590559e-02
1.260204573805544292e+00
-4.805406528545090872e-01
-1.220741758404727539e+00
-1.617513908638398723e+00
-1.393449800099191949e+00
-7.774412538029331632e-01
5.727813137422284040e-01
-6.068283226172298539e-01
-1.369597977234334740e+00
-1.329825538786287842e+00
-2.181638952151019772e+00
8.141767083704409824e-02
-2.238540581570678256e-01
1.738906580830817283e+00
4.305511321818854542e-01
1.671710738152781595e+00
-7.603474457908614426e-01
-4.443211178854319376e-01
-1.265202267864904861e+00
-1.562017568823856450e+00
-2.322063817202284497e-01
-1.124002703653470547e-01
1.166066008249354358e+00
8.899492668461288503e-01
7.949513498489547692e-01
1.684618501231846199e+00
4.835884804934502679e-01
9.331109079169375153e-01
1.354957209341059565e+00
1.955737897943782055e+00
2.006844448630857869e-01
2.010159610584568490e+00
7.090714283815866548e-01
-4.120800898180283500e-01
2.280512954049154217e+00
1.705715569028374512e+00
-1.071520446710483743e+00
-1.455112321866399050e+00
-1.463668691762650242e+00
-2.851914537932572991e+00
-1.661953004003712042e+00
-1.229921098454176187e+00
1.676984808472510302e-01
-8.332818175639672420e-01
-1.130484645359873364e+00
1.191192620618153786e+00
-1.223690660115683393e+00
-1.895812777201537402e+00
-9.166222207170513503e-01
-1.104073170482142041e+00
3.936907038156454153e-01
8.203688305556500193e-01
1.279144563877812724e+00
1.874925846796279716e+00
2.815211185788513149e+00
1.082583114355025522e+00
-9.862509888134974867e-01
-1.093178975390080021e+00
-3.415343053044619381e-01
-9.739553455188506570e-01
-9.908565437472482973e-02
-3.381148143963448316e-01
-1.965659106006445001e+00
-1.598740868133228687e+00
-8.388960015931994363e-01
-4.101799492795897839e-01
1.272247093179951438e+00
6.215397174151990889e-01
2.707913638600609296e+00
-8.967543954478889301e-01
1.262474672102735340e+00
-1.493883147580317816e+00
-1.662585787186924735e+00
-1.083746513683902180e+00
-1.512011592868287124e+00
-7.440670710082943895e-01
1.820331423176331231e+00
-5.763672355007098957e-01
5.969745559078740715e-01
8.442742406595595828e-01
-5.700282621183094811e-02
9.894219958451324626e-01
4.291555543957753516e-01
-2.904670984715116422e-01
1.453834659437089449e+00
1.331576284715797254e+00
9.156115505964381729e-01
1.588880032711270207e+00
9.574237660126208027e-01
6.406124504044869994e-01
2.706603021158233702e-01
-5.528935620227715120e-01
-1.332562190152645432e+00
-1.273464584144525347e+00
3.116857778317529970e-01
-1.575537896466630006e+00
-3.858951615372876454e-01
-8.218288866486330724e-01
-1.075957803133442026e+00
-2.321443279744922483e-01
1.611141178217947445e-01
-1.800925516173471630e+00
-2.917390244053774673e-01
-1.222021413059497963e+00
-2.136559225984877575e+00
-2.014714777635230547e+00
4.124528386608793395e-01
7.673701477289358586e-01
2.960557411469920686e-01
2.051537578986523336e+00
6.627169693592001032e-01
-1.088406455972937170e+00
-1.638860248945458231e+00
-4.418553716193801550e-01
-2.033908434348679073e+00
-6.628992490484847400e-01
-7.904275172174223263e-01
-7.183813061318803372e-01
-1.741424860526407992e+00
-1.644831409837335778e+00
-1.937563046391531874e+00
1.385225063750131769e+00
1.265121349552160934e+00
1.125187402547332072e+00
6.504280379134101953e-01
1.342263415179898445e+00
-5.580734931175628244e-01
-1.828090327486878941e+00
-2.076801032716878659e+00
-2.405222346455437865e+00
-4.630852370158183851e-01
-2.061306770438841696e+00
-3.379721824578708622e-01
-1.273815046175718280e+00
-1.612932409169987036e+00
-3.993944654963450525e-01
-1.199373340636467722e+00
-7.631125137116677726e-01
-1.409145086421548232e+00
-1.946044760517217753e+00
-9.697170269915972307e-01
-1.012156225851682079e+00
-1.733152733653868793e+00
-2.106307806568777252e+00
-3.041535219563229031e+00
-1.747850424113849943e+00
-7.300831992386669356e-02
-1.619071662633511099e-01
7.651748546622230140e-01
1.613632466824579392e+00
1.011669407798091891e+00
1.713079138952028568e+00
-1.838069566161277812e-01
6.645071433367716329e-01
1.272980002344391792e+00
2.312719739714706790e+00
1.469189078253381187e+00
1.887682999064774769e-01
4.871161497131291096e-01
2.350661660536754738e-01
2.790101429531473443e+00
-1.270875019599608358e+00
-1.661963057780499131e+00
-1.521536285227962360e+00
-1.104272534910300196e+00
2.658179562017868314e-01
1.969731522590262074e+00
-1.938150820880979452e-01
6.033812535010953937e-01
-8.736857047245405461e-01
1.743523365373718104e+00
1.180709039453519793e+00
-6.219297971282469195e-01
1.752594798671006426e+00
1.002983847732626055e+00
2.068045880763853539e+00
-1.129535750530533234e+00
-1.903600897476912301e+00
-1.306066185977831307e+00
-1.791770524937737363e+00
-8.461381102527396614e-01
1.227829987430817393e+00
4.846617183024388709e-01
-1.492824879062212950e+00
2.252116521390421511e+00
1.632814235911291156e+00
-2.554447757312798828e-01
1.294832245597050013e+00
1.811933704880622553e+00
6.556192675260205105e-01
1.601264726565620800e+00
9.764540209591621167e-01
1.459736848110486873e+00
7.585941448962536526e-01
2.805170830699252882e-01
9.943212242299011017e-01
2.401464900922877233e-01
-1.910318089586162671e-01
-3.579687339938741886e-03
4.857073103235963751e-01
9.812505796727913898e-01
-1.117652230363341159e+00
-2.452037159118801712e-01
-3.043316994367255557e+00
2.762275066448827143e-01
-1.002651295731900927e+00
-8.850163752754284241e-01
4.373391588276058783e-01
6.213233633366188613e-02
2.580889738649494447e-01
-1.327827070009200749e+00
-9.688265690408822683e-01
-2.158645903362080176e+00
-4.724662988771626271e-01
-3.499044009374885356e-01
-1.894099112149377762e-01
1.041920704167161427e+00
1.287195027025779925e+00
6.731409964112179400e-01
2.050305664193325050e+00
1.653610584776177728e+00
-7.397917314797106680e-01
-2.452486216922131756e-01
-1.043250296393905652e+00
-1.544840667745146723e+00
-6.947064611250786115e-02
-6.725757145134492188e-02
-6.483091513702523567e-01
-1.418759937705139862e+00
-6.866357401353944123e-01
-6.587085031168784521e-01
1.993264525337187010e+00
1.380647364697101143e+00
-9.131281193423435028e-03
1.112100157861194205e+00
-4.468117651939740309e-01
-7.216558212020022234e-01
-8.275697519132269031e-01
-1.744834481250948421e+00
-1.689567703950738409e+00
-1.207323712888857647e+00
-9.322706421926507669e-01
-1.745529201161537536e+00
-1.085747408925287205e+00
-9.957314639641265952e-01
7.653657598961127739e-02
3.822225119585309638e-01
-7.971200423429773974e-01
-1.000823129983431370e+00
-2.242636376504155704e-01
-1.952076662989465472e+00
-1.017410643594676589e+00
6.555448274282700272e-01
3.413706785027375012e-01
-2.563764914935947381e+00
1.320756701336340821e-01
7.275826029372443049e-01
-8.647102329242395413e-01
9.004895708806359700e-01
1.335729217172023642e+00
1.511010227579374865e+00
1.683975754851752216e+00
1.245917468132040185e+00
2.322887564833154173e+00
1.236944634211906369e+00
7.593751761421080326e-01
-5.695604428107641226e-01
4.951051778138527704e-01
-4.360196228744026570e-01
-1.897105140940307244e-01
-7.040690652864183274e-01
-9.568224176290351934e-01
-1.108621919818803647e+00
-4.917675544154154199e-02
-1.613627606932357628e+00
-1.361426640383374798e+00
1.004748084679804032e+00
4.852211095238608829e-01
-6.040216527811577141e-01
6.848428290613588487e-01
-2.183817069095335128e-01
1.318425185476330252e+00
1.288431977664889372e+00
6.885889145923624888e-01
2.236903208300559109e-01
1.292073257085080584e+00
-1.601724493992562337e+00
-1.130720480049674626e+00
-2.551709275797283905e+00
-2.205735815610807116e+00
-1.810537749351234016e+00
2.271196509292920496e+00
7.336629006304850042e-01
6.326439657003741779e-01
5.637159900223414066e-01
8.485417179306955493e-01
-2.315711196256005522e+00
-1.482075552809392516e+00
-7.433137029188757738e-01
-1.451584943740300560e-01
-1.631567283321531114e+00
-8.941464447967489848e-01
-5.397682581523025602e-01
-1.892178842279711226e+00
-2.330734561146575068e+00
-1.291934104250707094e-01
-1.215626725470777325e+00
-5.832339728015947244e-01
-2.613712766205960047e-01
-9.023996417683894933e-01
-1.353735909460567655e+00
3.697728162895659310e-01
1.417497326417312964e-01
7.159313820910462312e-01
1.326244226997746134e+00
-3.381358675410117698e-02
-1.878317821955197697e-01
2.529464355302553091e-01
3.700190512174207358e-01
8.085006188652676951e-01
2.672896550550707406e-01
1.441653346413332315e+00
1.768826900371995858e-01
6.415673789294971119e-01
-4.734733852383401498e-01
1.176562017981117814e+00
-1.900548074809861987e+00
-1.993446785986466852e-01
-1.150377468070570064e+00
-8.130259518898463877e-01
-1.429456493754273749e+00
8.453383629945292466e-01
8.094169642093765882e-01
-3.762574535545351040e-01
4.692332536242627139e-01
5.492045589356355784e-01
1.524333201805173399e+00
1.530815804982874617e+00
9.335283589316710762e-01
1.413678332740858856e+00
1.975284552095805335e+00
-1.210525334113826679e+00
-1.724482794578252154e+00
-4.892185518383926901e-01
-6.398438702322860605e-01
-1.728020846984481551e+00
1.166080233726534132e+00
9.504518552163621070e-02
1.889749271779913808e+00
1.218232501150664504e+00
1.733545927783785023e-01
3.210416626947172336e-01
-8.456046822855700640e-01
-1.336627679867322227e+00
-1.238298814014390903e+00
-5.306086782729135809e-02
-6.082217120807149602e-01
-6.321167352899359493e-01
-1.177437243457016836e+00
-1.644296096432601662e+00
-1.954550072903584734e-01
8.294717688562158742e-03
-1.728404025897471108e+00
-1.806182768758031632e+00
-1.083738724996927694e-01
-7.532339310691087420e-01
1.738774311512565784e+00
1.454123927225077662e+00
3.460510473918712027e-01
2.206495125120104817e+00
-5.901697987196752315e-02
1.790179348393815761e+00
2.717979592638125830e+00
2.016889844514184738e+00
4.994156734021566457e-01
-1.406467381149326901e+00
1.125782331175582573e+00
1.331467919833868807e+00
2.367298051704182171e+00
2.002065882335587688e+00
2.019861277392637211e-01
-6.736869078155383050e-01
-2.818362575962557237e+00
7.103652749391611287e-01
-1.688660173013244448e-01
1.608140675100682149e-01
2.867045540561506733e+00
3.847601789685969331e-01
4.996442185981706530e-01
1.767525178856682810e+00
1.604292699827623458e+00
5.212703718260400798e-01
2.121316815803705680e+00
2.015141620410496159e+00
1.984330626251296081e-01
1.303567267914855332e+00
5.175256915408974479e-01
-1.606045217279483683e+00
-3.919671317832499113e+00
-1.384236441417486807e-01
-2.344595342477847844e+00
4.454080958294374115e-01
1.417337440435283202e+00
1.003194801359119426e+00
-1.386585256707555391e-01
-7.949536524988398689e-02
9.657563428414290829e-01
1.353249481609164473e+00
2.797226510060444316e-01
6.562885029020701921e-01
-5.685151371228538419e-01
1.512311272440772569e+00
2.017932117235265110e+00
2.117073734871256718e+00
1.326704706107127318e+00
8.045811259102221280e-01
1.578556770923389418e+00
3.571365590376390786e-01
1.359631559336205608e+00
1.257459187935692224e+00
1.727635765153285874e+00
-7.973462798031576426e-01
-3.443241795436222663e-01
-1.415742954637184248e+00
-2.557290869146841672e+00
1.735770381250918426e-01
-1.642110809951140116e+00
-4.095963997089663300e-01
-2.352911382088668457e+00
-1.554172848191059941e-01
-6.177994027326119131e-01
-1.327172802575081523e+00
-2.145994446381926934e+00
-1.555094169522291070e+00
-1.077829218477320827e+00
-6.022901237178909239e-01
7.814399038776640438e-01
8.776416320670027416e-01
2.097758854859055333e-01
2.026701925204267951e+00
1.286922847683346971e+00
8.739834242147859200e-03
-1.318420436862618228e+00
-9.017900701424852450e-01
-6.644438603111018082e-01
-1.795352749801801817e-01
-1.594919489740660890e+00
-1.694425134669142130e+00
9.380390564978480228e-02
-1.630637838108979221e+00
-7.718179438063587083e-01
6.209533614447384497e-01
-8.821339344854803866e-01
1.314502880903454463e+00
1.695323409748453081e+00
2.911351579371318721e+00
-6.746661070310988606e-01
-8.763809200547806322e-01
-2.317216678258603224e+00
-1.344375009106400398e+00
-1.012209824620571519e+00
1.112628232121022354e+00
1.052970700820790029e-01
4.437744043280870132e-01
4.779882788421041528e-02
2.810134628621384634e-01
8.120199391565607883e-01
9.505180774716603942e-01
8.069003839470484385e-01
1.208604231724747402e+00
5.277404278307384899e-01
4.497663102461051388e-01
1.434467014327650336e+00
1.700469010870113706e+00
1.422434410351018252e+00
1.941307568901555536e+00
-6.519735145660348064e-01
-4.979011227900792536e-01
-9.976689550160637854e-01
-8.892624655601411021e-02
-1.263934409194664932e+00
-1.978267658127659256e-01
-1.101853690399402508e+00
-2.095596650205490130e-01
5.067106949154709383e-02
-2.063711556266656366e+00
-1.524235525822763115e+00
-1.328896404664960063e+00
-3.166554251079245486e+00
-1.603846620196709871e+00
-1.273325456648423115e+00
6.586238722700423764e-01
1.258461322236222202e+00
1.798385131257678626e+00
9.978210634826903958e-01
1.214728430151361671e-01
-1.596428869894871427e-01
-1.659857550669069592e+00
-4.320448147361760638e-01
7.208982672430761518e-01
-9.122839224535979064e-01
-6.081795055944190231e-01
-7.135381289135922511e-01
-1.356288206663240903e+00
-9.792107660616653497e-01
2.565376603707960612e-01
8.894136065363031918e-01
6.213906771830421949e-01
2.030194268362214061e+00
1.037265250967573715e+00
-3.988805807907502832e-02
-1.132092094098960056e+00
-1.353824988385586625e+00
-2.216732153013892592e+00
-1.971432290865826609e+00
-1.096589990772628198e+00
2.314753656249335378e-03
-1.497664510473428523e+00
-9.343642469588581134e-01
-1.742378380963775175e+00
-1.470754790141380219e+00
-1.396852457932571179e+00
-1.134516430127190389e+00
-1.696689345938082738e+00
-7.879220396739139431e-02
-1.974506262576151361e+00
5.810347114733716012e-01
-5.072406833120886027e-01
-2.031961769859997879e+00
-4.698879749198100475e-01
-4.929018021353517298e-01
7.401969294038286407e-01
3.509946158774657210e-01
1.587121062065464550e+00
2.079499738758990857e-01
1.359797106351035234e+00
3.474680457462286931e-02
9.194444465229493213e-01
1.100862851768927619e+00
1.028618794554208016e+00
3.598561571425209493e-01
3.513833731770148461e-01
2.585374393531167492e+00
1.371870374278866045e+00
-1.367810474443220681e-01
1.940479333403247519e+00
-1.623158186377542167e+00
-3.023434669219313697e-01
-7.949207712179928720e-02
-8.807991533532298911e-01
-1.791545384735055535e+00
4.420331673603182798e-01
3.443579805253552673e-01
-4.240785352264422325e-01
1.024886794060816841e+00
-8.783721786997944481e-01
2.820757282191421744e-02
2.090723933922307154e+00
1.273898030005690352e+00
1.014136919200282483e+00
1.060637993097629739e+00
-2.338097542431597731e+00
4.895135586291643470e-02
-1.872425582727715865e+00
-1.715072347018581134e+00
-1.226166271361566196e+00
1.824003058630562224e-01
8.164739539449141770e-01
1.112300380773738162e+00
3.399559204065515150e+00
2.383270700881753967e+00
8.536587330576107524e-01
6.387004711552068947e-02
7.626659464933782662e-01
5.971959543700159356e-01
1.635319879433097867e+00
-1.164068803228086590e-01
7.205002331079117806e-01
5.865360023858821048e-01
1.132813218042562076e+00
8.480578022758444856e-01
-3.574427528143351296e-01
2.161761248807430480e+00
1.835169436355662542e+00
1.533217437075568013e+00
9.810569632326321399e-01
-1.454747607116508190e+00
2.762461513186380557e-01
-1.179845839525567097e+00
-1.423024752648346380e-01
-1.637452448440429364e+00
-6.979900340266234071e-01
-1.296875902309013062e+00
-6.089654626220368794e-01
-5.265577370243751387e-01
-1.604735609611359637e-01
-1.823717361459653130e+00
-4.158052627379408284e-01
-1.941338293515010527e+00
-4.238601236955513718e-01
-1.127514007526515760e+00
9.889997828769698796e-01
1.246147898933778864e+00
1.239053504821913121e+00
-1.954293433091502941e-01
1.906479119640257736e+00
-1.399442981256565188e+00
-2.343633333216838199e+00
-9.702489370874242125e-01
-1.307975777555943742e+00
-1.444088339444503655e+00
-1.596925693937736979e+00
-7.675777911753369764e-01
-1.574387416683540319e+00
-2.608359175757691162e+00
-1.216256923586344074e-01
1.080235374438558216e+00
8.436179868578491670e-01
-8.322337433413586893e-01
-2.106158165189992992e-01
1.186364847652264576e+00
-1.679080295409053569e+00
6.370212777610479993e-01
5.788665026709649553e-01
-1.645227612843817244e+00
-3.083441171122986990e-01
5.002845985630917092e-01
-5.374472757740633710e-01
1.145490277895414133e+00
1.710498039470647713e+00
6.535636961843018788e-01
6.351775031827108231e-01
3.844238798990931016e-01
1.648462872066493778e+00
1.792259232513695677e+00
6.776735084339881032e-01
5.126173015579951198e-01
-6.500403467405968527e-02
4.054774335389298434e-01
2.112831769914434332e+00
4.419861489542253885e-01
-2.594619023050609208e+00
-3.867002419745046993e-02
-1.230979411990106742e+00
-2.088730783553179648e+00
-1.831092096621728338e+00
-1.760860188570510410e+00
-2.013160903802628354e+00
-1.505791262301139355e-01
-5.205372451622334307e-01
-2.394477899313464775e+00
-6.290315091514482315e-01
-1.639552771805404152e+00
-8.157430893237602731e-01
-1.883003700467358765e+00
-5.920017130746937362e-01
-4.396820812644097742e-02
1.238605057422803579e-02
1.133738832806799879e+00
5.069543506159601698e-01
1.544757042888460719e+00
-2.959067121211761631e+00
-3.139782012413723233e+00
-1.039596525733552879e+00
-1.430520035969480741e+00
-1.091971918089790883e+00
-2.114604135187052592e-01
-9.315680830393811007e-01
-1.392183121665577339e+00
-1.841510245758081421e+00
-4.222474252805092920e-01
1.616307252253152082e+00
1.369162582483474111e-01
8.296556352508532850e-01
7.631349988567792675e-01
2.148989493381242788e+00
-1.906525545338835226e+00
-1.728490489898292237e+00
-5.057076677927427877e-01
-1.928432371501578979e+00
-8.753953198961215154e-01
7.731551409983783429e-02
6.024938117240701274e-01
3.476599111682316945e-01
4.807673951725415229e-01
3.162794361531737763e+00
1.065576799838800159e+00
1.916553080008974064e+00
3.825043061044612891e-01
1.340125546521337530e+00
1.143845797301579204e+00
1.080912779409326063e+00
6.029144553137864015e-01
8.715018191668413294e-01
2.959854374812787459e+00
-3.283226782052439674e-02
-1.215641573053881874e+00
-1.016426704731355768e+00
-1.098072112139745204e+00
-8.491201915917627741e-01
-1.799477799678189660e-01
-6.943547270435425078e-01
3.583805970055626844e-01
-1.440153407048863965e+00
-1.396703835172648622e+00
-1.579164015464559867e+00
-1.148944765612962993e+00
8.390533343120247789e-01
-1.710533946765958824e+00
-1.537596440998083569e+00
-2.299843426279459813e+00
-9.943059944920196180e-02
6.469835159086017029e-01
6.629951907098607933e-02
1.166668713454465323e+00
8.113595270918538827e-01
-9.211915755309486586e-01
-1.382082639855489070e+00
-2.794947874102986951e+00
3.794047202050006007e-01
-1.090895214430242621e+00
-1.265111552377040427e+00
-2.759054537664806794e-01
-1.502038200325031880e+00
-7.467632472704318625e-01
1.524863526221964971e+00
2.436121790888720273e+00
2.237075325893252753e+00
2.751306911362991769e-01
1.178498482762444510e+00
2.136243423425242760e+00
4.242376278069321938e-01
-2.241963103067413865e+00
-1.024945435807148808e+00
-1.901882704702707372e+00
-2.249192323334472388e+00
4.091297398787865358e-01
3.824093455108841244e-01
1.876758533423199093e+00
1.902996595574489636e+00
6.029264624773789105e-01
8.856590026813696559e-01
4.418683269003289560e-01
5.078716947438299822e-01
1.196055976598011217e+00
1.358520229239835730e+00
-8.768279575915194357e-03
1.796633573608316103e-01
1.250320012025310845e+00
4.282892413545424937e-01
7.892129344001986846e-01
-1.498006476788840580e+00
-9.477694042583645340e-01
-1.098392930884251051e+00
-1.533838488369581254e+00
-1.387328010589129690e+00
-6.488525428498674863e-01
4.924510157900250373e-01
-1.456181588354561685e+00
-1.044778932066189547e+00
1.586347603088225089e-01
-2.075136040187592901e+00
-1.347074534725536399e+00
-1.054211861824509100e+00
-1.211502487249594529e+00
-1.123356374572388683e+00
8.568244243922430448e-01
2.018479352698330676e+00
3.970035465698535937e-01
4.877357755907727466e-01
2.182715505651677823e+00
-1.341630974189714109e+00
-1.821018276619254639e+00
-4.130712157968350340e-01
-2.207718343168338926e-01
-1.736134982209254218e+00
-8.228481967141638709e-01
-2.856907378487834936e+00
-1.037701151416558387e+00
-1.621786217362530369e+00
-6.793326161035022626e-01
1.163449017599528679e+00
-5.654638936871734245e-01
1.573477453339296783e+00
4.900253240267465893e-01
1.153248416525751718e+00
-1.684279146268229166e+00
1.802448257930817643e-01
-1.874082234930526614e+00
-1.814358024899024979e+00
-3.534971281173645563e-01
